1.284445773110117557e+02 2.359737964022044210e+01 6.747478423624831301e+00
1.285745554746802668e+02 2.378725174170739365e+01 6.903556202557970423e+00
1.284686492669231654e+02 2.378460018716855728e+01 6.760268274929812193e+00
1.283948216699594411e+02 2.366621607569928187e+01 6.771914318394509635e+00
1.280472080690443875e+02 2.354070916086097398e+01 6.706665280232920523e+00
1.279653218259332448e+02 2.337064573151710434e+01 6.505927004263283742e+00
1.275666008110637364e+02 2.295497556410522932e+01 6.363106998024331773e+00
1.273361755225122209e+02 2.276572735780388967e+01 6.290371217635437162e+00
1.266907039617344282e+02 2.229343870229801539e+01 5.822085889570551842e+00
1.265400852656753727e+02 2.206836851408963440e+01 5.774045960278673562e+00
1.267980139336591492e+02 2.222049495684725073e+01 5.790423208900904228e+00
1.271825933243215161e+02 2.252615160653010307e+01 5.891910159093272092e+00
1.271706353332640163e+02 2.251050223562441488e+01 5.721014869501924061e+00
1.268305604658417423e+02 2.223775605698242686e+01 5.573151710512633805e+00
1.270566184880940028e+02 2.230726837891234382e+01 5.542060933763127473e+00
1.269457211188520347e+02 2.235161692835603731e+01 5.563221378808360207e+00
1.266467713424144677e+02 2.212249142144119674e+01 5.576739107829884468e+00
1.265965997712384308e+02 2.206046584173858705e+01 5.459654777997296371e+00
1.265986794218571276e+02 2.218519288759488362e+01 5.581262347925548539e+00
1.264502963502131649e+02 2.191717791411042882e+01 5.535614016845170404e+00
1.264280960798585767e+02 2.194566912758656585e+01 5.494696890922324606e+00
1.266506706873245349e+02 2.219439534158261296e+01 5.586045544348549718e+00
1.268536445877092689e+02 2.235884371425600392e+01 5.577155037953623662e+00
1.271992305292710768e+02 2.225496516585213769e+01 5.478163668503690964e+00
1.272215867734220609e+02 2.218025371737548213e+01 5.457419153582198312e+00
1.273707497140480456e+02 2.231985026515545556e+01 5.271602370801705462e+00
1.275240199646459445e+02 2.232052615160652920e+01 5.462410315067068645e+00
1.273994488925860509e+02 2.214022044296558178e+01 5.442809607985858555e+00
1.272143599875221014e+02 2.214744722886555195e+01 5.425600499116148612e+00
1.274305396693355448e+02 2.247369241967349396e+01 5.573515649370905933e+00
1.275772070292190961e+02 2.254798793802641299e+01 5.755069148383071820e+00
1.272788811479671409e+02 2.236820214204013624e+01 5.616460434646979749e+00
1.269118748050327525e+02 2.220063429343870354e+01 5.471560777789331809e+00
1.270607257980659313e+02 2.226889882499740025e+01 5.601850889050639104e+00
1.269078194863263036e+02 2.209452012061973747e+01 5.649786835811583252e+00
1.267145159613184973e+02 2.190833939898097071e+01 5.488821877924508819e+00
1.266701674118748002e+02 2.191093896225434179e+01 5.395549547675990709e+00
1.267529894977643750e+02 2.197338047208069156e+01 5.517261100135177010e+00
1.266725590100863030e+02 2.206758864510762308e+01 5.375428927940106405e+00
1.270178849953207845e+02 2.234433815119059830e+01 5.585785588021212611e+00
1.270668607673910770e+02 2.235619215971716756e+01 5.535042112925028235e+00
1.273854112509098542e+02 2.261864406779660897e+01 5.624415098263491508e+00
1.272688468337319279e+02 2.253426224394301869e+01 5.610845377976500181e+00
1.269989601746906516e+02 2.236867006342934516e+01 5.786471872725382326e+00
1.270382655713840023e+02 2.246506186960590767e+01 5.811115732556930702e+00
1.275037953623791225e+02 2.267500259956327469e+01 5.871737548091920722e+00
1.273465217843402257e+02 2.261297701986066500e+01 5.941769782676510125e+00
1.270255797026099600e+02 2.226562337527295554e+01 5.647135281272745999e+00
1.267994176978267689e+02 2.209841946552979053e+01 5.381199958406988060e+00
1.269176458354996413e+02 2.204809192055734712e+01 5.272954143703858065e+00
1.267528335239679791e+02 2.203436622647395282e+01 5.300405531870645781e+00
1.266341374649058906e+02 2.185640012477903582e+01 5.337371321617967901e+00
1.264207653114276866e+02 2.176437558490173529e+01 5.322293854632421883e+00
1.265292190911926866e+02 2.195144015805344750e+01 5.406623687220546870e+00
1.263794322553810900e+02 2.190116460434646939e+01 5.321150046792139321e+00
1.259517521056462499e+02 2.162269938650306855e+01 5.318602474784236200e+00
1.258290527191431778e+02 2.159670375376936846e+01 5.154154102110845237e+00
1.257616200478319683e+02 2.157554330872413573e+01 5.222834563793282925e+00
1.261903920141416222e+02 2.187938026411562831e+01 5.361599251325777082e+00
1.265400332744098932e+02 2.207263179785795870e+01 5.345481959030882635e+00
1.261951752105646278e+02 2.179000727877716415e+01 5.494904855984194647e+00
1.261066340854736438e+02 2.175002599563273264e+01 5.273214100031195173e+00
1.261535302069252396e+02 2.183570760112301201e+01 5.393833835915565977e+00
1.262546532182593353e+02 2.182063013413746333e+01 5.304824789435374832e+00
1.265390454403660243e+02 2.200717479463450132e+01 5.353488613912862348e+00
1.266186960590620743e+02 2.213647707185192814e+01 5.461266507226786082e+00
1.266204117708224999e+02 2.225948840594779909e+01 5.449828428823957793e+00
1.263560361859207717e+02 2.215560985754393286e+01 5.430331704273681837e+00
1.266705313507330715e+02 2.248221898721014966e+01 5.441665800145575105e+00
1.268710096703753720e+02 2.247582406155765966e+01 5.415722158677342080e+00
1.264645419569512370e+02 2.232073411666840101e+01 5.325465321825933351e+00
1.261621087657273534e+02 2.210632213788083433e+01 5.203025891650202794e+00
1.261302381199958376e+02 2.202214827908911232e+01 5.176666320058230575e+00
1.257743579078714760e+02 2.198871789539357380e+01 4.958562961422480875e+00
1.256883643547883906e+02 2.187657273578038897e+01 5.035458043048767429e+00
1.257215347821565956e+02 2.186555058750129987e+01 5.050743475096183488e+00
1.256229593428303986e+02 2.176681917437870339e+01 5.062129562233544711e+00
1.257556410523032184e+02 2.206384527399396944e+01 5.092232504939170568e+00
1.261819174378704389e+02 2.233404388062805523e+01 5.150462722262659554e+00
1.261377248622231519e+02 2.245715919725486032e+01 5.118176146407403593e+00
1.262960382655713829e+02 2.267661432879276262e+01 5.081106374129146452e+00
1.265590620775709709e+02 2.281678278049287556e+01 5.119215971716752023e+00
1.262992097327648935e+02 2.279135905167931853e+01 5.144535717999375812e+00
1.262722262659873138e+02 2.276291982946865033e+01 5.238379952168036091e+00
1.264220650930643615e+02 2.281990225642092085e+01 5.219611105334303502e+00
1.264446293022772210e+02 2.283206821254029251e+01 5.231153166268066812e+00
1.260260996152646413e+02 2.265883331600291228e+01 5.247790371217635474e+00
1.258524487886035104e+02 2.235546428200062508e+01 5.203129874181137815e+00
1.256410523032130584e+02 2.211666839970884979e+01 5.054434854944369171e+00
1.255717479463450132e+02 2.201128210460642620e+01 5.096963710096703792e+00
1.256853488613912901e+02 2.198039929291878991e+01 5.000883851512945455e+00
1.260195487158157448e+02 2.214349589269002649e+01 5.149058958095039884e+00
1.266083497972340695e+02 2.262015181449516632e+01 5.081522304252885647e+00
1.268658105438286299e+02 2.292554850785068155e+01 5.368410107102007167e+00
1.270686804616824332e+02 2.311661640844338095e+01 5.566964749922012956e+00
1.273857231985026459e+02 2.368534886139128659e+01 5.617656233752729378e+00
1.278081002391598275e+02 2.394421337215347734e+01 5.772382239783715896e+00
1.275795986274305847e+02 2.380326505147135308e+01 5.757044816470832771e+00
1.271406363730893219e+02 2.359758760528231392e+01 5.559322033898305371e+00
1.270278673182905322e+02 2.343324321513985709e+01 5.559374025163772437e+00
1.275053551003431380e+02 2.362441509826349062e+01 5.665072267858999311e+00
1.274716127690548007e+02 2.358131433919101738e+01 5.571643963814079115e+00
1.270596339814911033e+02 2.313106998024331773e+01 5.478475616096496026e+00
1.265436726629926198e+02 2.290407611521264286e+01 5.304148902984298530e+00
1.270588541125090956e+02 2.316195279193095402e+01 5.191171883123635311e+00
1.269014765519392682e+02 2.309888738691899590e+01 5.192939586149527109e+00
1.265874493085161703e+02 2.289071435998752335e+01 5.077778933139232898e+00
1.267397837163356513e+02 2.311698034730165219e+01 5.194551315379015932e+00
1.269614224810231917e+02 2.340714359987521931e+01 5.257252781532702812e+00
1.265904648019132850e+02 2.336950192367682178e+01 5.252573567640636654e+00
1.264988042008942557e+02 2.340584381823853732e+01 5.187324529479047541e+00
1.269302277217427530e+02 2.370177810127898610e+01 5.295154414058438341e+00
1.269369345949880454e+02 2.374113548923780925e+01 5.458510970157013809e+00
1.267705105542268882e+02 2.356909639180617688e+01 5.450244358947696988e+00
1.269195175210564628e+02 2.365826141208276923e+01 5.487626078818758302e+00
1.270022356244150927e+02 2.380934802953103713e+01 5.471872725382135982e+00
1.269103150670687370e+02 2.369876260788187494e+01 5.412082770094624351e+00
1.266574295518352926e+02 2.333435582822085763e+01 5.358167827804928507e+00
1.267129562233544817e+02 2.331340334823749672e+01 5.119527919309556196e+00
1.268539565353020748e+02 2.335458043048767962e+01 5.275501715711760298e+00
1.266872205469481116e+02 2.306160964957886961e+01 5.315482998856191799e+00
1.266253509410419014e+02 2.310294270562545549e+01 5.149370905687844058e+00
1.268242695227201864e+02 2.331106374129146275e+01 5.343610273474056704e+00
1.269132265779349069e+02 2.347452427992097412e+01 5.419673494852864870e+00
1.270298429863782843e+02 2.344322553810959775e+01 5.380316106894041717e+00
1.271344494124986966e+02 2.347816366850369008e+01 5.452272018300925005e+00
1.269335031714671942e+02 2.343204741603410568e+01 5.291619008006654745e+00
1.264303317042736836e+02 2.309368826037225730e+01 5.371269626702713573e+00
1.259399500883851459e+02 2.298528647187272611e+01 5.222678589996880838e+00
1.257780492877196679e+02 2.271753145471560842e+01 5.112041177082249810e+00
1.256552979099511305e+02 2.268207341166683833e+01 4.985130498076323136e+00
1.258440262035977923e+02 2.283160029115108713e+01 5.159301237392118544e+00
1.255882291774981780e+02 2.270390974316314825e+01 5.105178330040553547e+00
1.256545180409691227e+02 2.277337007382759637e+01 5.070916086097535747e+00
1.256531662680669683e+02 2.279281480711240349e+01 4.966569616304460588e+00
1.255005719039201466e+02 2.263881667879796211e+01 5.025527711344493831e+00
1.254361027347405582e+02 2.269143183945097064e+01 4.800717479463449955e+00
1.254720286991785372e+02 2.279333471976707770e+01 4.911718831236352223e+00
1.256874805032754523e+02 2.284506602890714433e+01 5.111885203285847723e+00
1.250881771862327128e+02 2.265176250389934509e+01 5.063169387542893141e+00
1.246078298845793881e+02 2.227633357595923869e+01 4.939222210668607893e+00
1.246757304772798136e+02 2.248377872517417231e+01 4.784964126026827635e+00
1.249119267962982178e+02 2.259789955287511631e+01 4.972548611833212284e+00
1.251700634293438696e+02 2.283409587189352052e+01 5.041073099719246997e+00
1.256866486430279650e+02 2.313314963086201459e+01 5.157221586773421684e+00
1.262498700218363297e+02 2.366938754289279245e+01 5.345741915358219742e+00
1.267187792450868216e+02 2.397811167723822479e+01 5.493865030674846217e+00
1.266982946864926731e+02 2.392747218467297543e+01 5.270978475616096226e+00
1.268438702298013965e+02 2.396100655089944809e+01 5.257512737860039920e+00
1.267162316730789229e+02 2.379323073723614357e+01 5.131589892897992833e+00
1.267097327648954916e+02 2.368878028491213428e+01 5.240147655193927001e+00
1.263930019756680849e+02 2.346854528439222065e+01 5.102994696890922555e+00
1.263567640636373142e+02 2.344863262971820816e+01 5.119891858167827436e+00
1.260607257980659313e+02 2.315197046896121336e+01 5.013829676614328434e+00
1.257666112093168351e+02 2.295211604450452469e+01 4.848861391286264144e+00
1.258538525527711300e+02 2.300514713528127331e+01 4.929967765415410597e+00
1.260936882603722609e+02 2.307060413850473068e+01 5.009358427784132317e+00
1.257975980035354127e+02 2.311022148279089095e+01 4.912914630342102740e+00
1.256989705729437503e+02 2.292383279609025593e+01 4.944993241135489548e+00
1.256873245294790422e+02 2.304330872413434506e+01 4.940158053447021302e+00
1.256373609233648807e+02 2.306535302069252324e+01 4.974264323593636128e+00
1.259155141936154791e+02 2.324134345429967752e+01 5.018872829364666721e+00
1.258956535302069284e+02 2.339201414162420889e+01 4.997712384319433987e+00
1.258193823437662502e+02 2.343313923260892295e+01 4.946189040241239177e+00
1.259204533638348806e+02 2.356176562337527258e+01 5.009774357907871511e+00
1.258234376624726991e+02 2.354829988561921539e+01 5.025891650202765959e+00
1.249034002287615692e+02 2.304325673286887977e+01 4.865082666112093612e+00
1.244865342622439499e+02 2.261406883643547872e+01 4.696890922325049011e+00
1.244828948736612233e+02 2.260086305500675863e+01 4.703545804304877009e+00
1.243119475928044153e+02 2.240657169595507980e+01 4.629302277217427708e+00
1.234230529271082446e+02 2.186970988873869359e+01 4.461630446085057322e+00
1.231225434127066620e+02 2.155100343142352060e+01 4.364146823333680203e+00
1.234762919829468615e+02 2.166486430279713105e+01 4.429031922636997187e+00
1.241347093688260372e+02 2.191806176562337427e+01 4.532858479775398131e+00
1.243703337839242948e+02 2.219455131537901593e+01 4.466725590100862675e+00
1.247636996984506652e+02 2.222169075595299859e+01 4.483258812519496317e+00
1.247549131745866760e+02 2.239071435998752335e+01 4.476188000415930013e+00
1.250781948632629650e+02 2.256966829572631639e+01 4.576687116564417401e+00
1.251977227825725265e+02 2.264677134241447476e+01 4.722834563793282925e+00
1.250799625662888701e+02 2.265228241655401931e+01 4.789591348653425840e+00
1.252969741083498008e+02 2.273297286055942479e+01 4.792814807112405262e+00
1.253555682645315557e+02 2.278959134865342762e+01 4.919465529790994829e+00
1.247967141520224601e+02 2.261739627742539227e+01 4.783040449204533751e+00
1.246189040241239496e+02 2.256504107309972085e+01 4.634761360091504301e+00
1.242383799521680317e+02 2.247665592180513627e+01 4.694499324113548866e+00
1.238837475304148938e+02 2.224591868566080777e+01 4.474628262451908256e+00
1.237353124675054659e+02 2.226120411770822471e+01 4.367890194447332952e+00
1.234450972236664228e+02 2.201029427056254661e+01 4.352604762399916893e+00
1.233424664656337768e+02 2.200395133617552190e+01 4.308672143079962602e+00
1.234338151190600001e+02 2.203223458458979067e+01 4.363418945617135947e+00
1.234974524279921013e+02 2.211698034730165219e+01 4.389726525943641100e+00
1.236943953415826201e+02 2.228012893833835761e+01 4.458406987626078788e+00
1.234764479567432716e+02 2.216377248622231377e+01 4.423884787355723880e+00
1.235481439118228195e+02 2.216969949048559840e+01 4.379172299053759154e+00
1.242666632005823004e+02 2.249578870749714099e+01 4.596495788707497532e+00
1.245525631693875397e+02 2.260065508994489036e+01 4.637932827285015769e+00
1.243915982115004653e+02 2.261802017261100062e+01 4.489809711968389294e+00
1.243563481335135634e+02 2.258412186752625672e+01 4.491421441197879005e+00
1.246424040761152128e+02 2.281288343558282250e+01 4.491005511074139811e+00
1.247435270874493085e+02 2.301861287303733050e+01 4.580222522616200109e+00
1.246385567224706250e+02 2.322210668607673867e+01 4.612613081002391979e+00
1.244794114588749068e+02 2.314349589269002649e+01 4.604294478527607204e+00
1.250238639908495344e+02 2.317812207549131642e+01 4.633877508578558846e+00
1.253412706665280183e+02 2.326343974212332455e+01 4.788031610689404083e+00
1.253587397317250662e+02 2.346963710096703792e+01 4.610065508994488859e+00
1.254885099303317020e+02 2.339346989705729385e+01 4.741135489237808365e+00
1.251444317354684443e+02 2.329707809088073134e+01 4.682437350525111341e+00
1.246465113860871412e+02 2.301445357179993678e+01 4.564989081834252005e+00
1.247462826245190826e+02 2.320780908807320486e+01 4.502235624415098059e+00
1.246555058750129916e+02 2.317370281792658915e+01 4.578402828324841245e+00
1.243226577934906913e+02 2.301507746698554513e+01 4.513517729021524261e+00
1.241419361547260110e+02 2.286497868358115682e+01 4.380160133097639630e+00
1.243135593220338961e+02 2.262363522928147930e+01 4.410003119475928379e+00
1.247433191223874331e+02 2.281298741811375663e+01 4.411458874909015115e+00
1.249100031194759310e+02 2.289341790579182856e+01 4.444681293542684486e+00
1.245429967765415427e+02 2.269101590932723411e+01 4.423156909639180512e+00
1.244270042632837630e+02 2.258141832172195151e+01 4.449828428823957793e+00
1.244110949360507448e+02 2.256587293334719746e+01 4.491265467401476918e+00
1.239473328480815155e+02 2.229000727877716415e+01 4.404544036601850898e+00
1.236721430799625665e+02 2.209956327337007309e+01 4.319434335031714589e+00
1.233139752521576327e+02 2.197941145887491032e+01 4.183425184568992705e+00
1.236113652906311700e+02 2.220583341998544213e+01 4.259488405947800871e+00
1.236472392638036837e+02 2.212098367474264293e+01 4.189248206301341426e+00
1.233721534782156652e+02 2.199750441925756306e+01 4.134137464905895953e+00
1.229499844026203590e+02 2.180778829156701804e+01 4.007850681085577627e+00
1.233319642300093619e+02 2.198674222730581107e+01 4.206977227825725585e+00
1.236050743475096141e+02 2.205817822605802192e+01 4.261931995424768971e+00
1.236017988977851729e+02 2.202916709992721067e+01 4.265259436414682526e+00
1.235382655713840023e+02 2.198419465529790884e+01 4.196423000935842751e+00
1.238499012165956117e+02 2.195700322345845734e+01 4.155141936154725713e+00
1.234328272850161170e+02 2.179728605594260316e+01 4.195019236768223081e+00
1.233970053031090828e+02 2.180217323489653580e+01 4.175470520952480058e+00
1.238162628678382049e+02 2.212191951752105723e+01 4.224914214411978897e+00
1.239887698866590426e+02 2.220806904440054197e+01 4.226577934906935674e+00
1.244201414162420747e+02 2.218030570864094742e+01 4.314443173546844257e+00
1.242386399084953723e+02 2.211874805032754665e+01 4.388946656961630666e+00
1.241718311323697606e+02 2.204341270666527919e+01 4.316106894041801034e+00
1.240640532390558377e+02 2.209769158781324805e+01 4.221378808360195301e+00
1.247266299261724072e+02 2.249506082978059851e+01 4.586097535614016785e+00
1.255546948112717018e+02 2.297260060309868024e+01 4.621711552459187189e+00
1.260707601123011301e+02 2.343449100551107378e+01 4.637516897161276574e+00
1.260660289071436040e+02 2.332593324321513961e+01 4.761204117708224715e+00
1.261651242591244682e+02 2.344244566912758643e+01 4.834927732141000689e+00
1.258995528751169815e+02 2.331995424768638969e+01 4.892378080482479241e+00
1.259961526463554122e+02 2.337111365290631326e+01 4.881459914734324279e+00
1.255457003223458514e+02 2.313866070500155914e+01 4.877976499948008637e+00
1.250919725486118352e+02 2.279078714775917547e+01 4.788655505875013318e+00
1.248909743163148534e+02 2.253743371113652927e+01 4.665904128106477700e+00
1.245724758240615557e+02 2.246766143287927520e+01 4.640168451700114716e+00
1.243534366226473935e+02 2.233565560985754317e+01 4.427784132265779604e+00
1.240978475616096546e+02 2.221773941977747668e+01 4.471144847665592614e+00
1.238253093480295348e+02 2.210653010294270615e+01 4.358375792866798548e+00
1.239568472496620615e+02 2.199688052407195471e+01 4.371113652906311486e+00
1.240671727149838830e+02 2.213101798897785244e+01 4.364614744722886464e+00
1.243920661328896813e+02 2.230414890298429853e+01 4.420609337631278279e+00
1.242028699178538034e+02 2.223437662472704446e+01 4.465841738587917220e+00
1.242943745450764226e+02 2.213283768326921219e+01 4.485494436934595264e+00
1.243814599147343216e+02 2.216460434646979394e+01 4.439794114588749174e+00
1.244061037745658780e+02 2.210996152646355384e+01 4.431579494644899420e+00
1.241237912030778858e+02 2.195986274305916552e+01 4.378860351460954980e+00
1.238951336175522471e+02 2.179889778517209109e+01 4.217063533326401270e+00
1.243684620983674733e+02 2.217515857335967411e+01 4.371113652906311486e+00
1.243604034522200266e+02 2.211443277529374996e+01 4.275189768118956124e+00
1.241454715607777928e+02 2.183461578454819474e+01 4.220806904440054019e+00
1.243186544660497077e+02 2.168352916709992684e+01 4.435686804616824297e+00
1.246745346781740693e+02 2.206353332640116349e+01 4.507538733492773453e+00
1.243877508578558775e+02 2.191977747738379989e+01 4.479827388998648630e+00
1.239537797649994815e+02 2.172195071228033569e+01 4.450556306540501161e+00
1.238690340022876200e+02 2.176921077259020620e+01 4.311583653946136963e+00
1.239767599043360775e+02 2.185541229073515623e+01 4.433139232608922065e+00
1.238359155661848803e+02 2.184132265779349069e+01 4.463866070500156269e+00
1.241364250805864629e+02 2.182073411666840101e+01 4.455651450556306514e+00
1.242306332536133908e+02 2.184823749610065491e+01 4.537173754809192161e+00
1.242357283976292024e+02 2.169995840698762635e+01 4.508318602474783887e+00
1.240823541645003587e+02 2.165633773526047534e+01 4.438910263075802831e+00
1.244010606218155317e+02 2.171966309659977057e+01 4.475720079026723752e+00
1.246041385047312104e+02 2.190090464801913228e+01 4.465269834667775939e+00
1.244720806904440025e+02 2.150566704793594752e+01 4.480763231777061151e+00
1.243671103254653190e+02 2.159134865342622334e+01 4.335707601123011123e+00
1.251678278049287769e+02 2.195242799209732709e+01 4.585317666632005462e+00
1.259802953103878593e+02 2.239253405427887955e+01 4.712696267027139285e+00
1.263603514609545613e+02 2.246636165124258966e+01 4.860195487158157412e+00
1.264542996776541486e+02 2.254351668919621332e+01 4.827960902568368518e+00
1.265444525319746276e+02 2.260148695019236698e+01 4.736248310283872165e+00
1.262384839346989764e+02 2.240360819382343749e+01 4.656597691587813337e+00
1.258922221066860772e+02 2.235322865758552524e+01 4.494072995736716258e+00
1.259041800977435770e+02 2.234173858791723077e+01 4.623115316626806859e+00
1.254836227513777658e+02 2.208682541333056193e+01 4.593740251637725258e+00
1.252655193927420214e+02 2.193376312779453130e+01 4.524331912238744202e+00
1.252336487470105055e+02 2.184693771446396937e+01 4.680045752313611196e+00
1.253184465009878323e+02 2.186851408963294219e+01 4.607257980659249519e+00
1.250741915358219813e+02 2.172964541956951123e+01 4.543932619319954291e+00
1.253585317666632051e+02 2.196131849849225404e+01 4.488925860455443839e+00
1.256851928875948801e+02 2.221410003119476073e+01 4.659093272330248503e+00
1.256071020068628457e+02 2.194322553810959775e+01 4.551003431423520595e+00
1.254819590308828055e+02 2.200197566808776273e+01 4.444785276073619507e+00
1.285624935010918080e+02 2.373848393469896934e+01 5.239627742539253674e+00
1.286446916917957708e+02 2.387615680565664888e+01 5.104398461058542225e+00
1.281761464074035644e+02 2.370006238951856048e+01 4.967037537693667737e+00
1.280554746802537238e+02 2.356358531766663233e+01 4.848393469897056995e+00
1.284266923156909570e+02 2.349500883851512967e+01 5.135125298949776429e+00
1.282713424144743612e+02 2.352324009566392959e+01 5.058438182385359028e+00
1.278170947280856780e+02 2.322096287823645611e+01 4.921753145471560842e+00
1.276162004783196409e+02 2.304570032234584431e+01 4.898721014869502177e+00
1.279798273889986433e+02 2.320936882603722751e+01 5.046532182593324478e+00
1.280725798065925005e+02 2.322746178641988024e+01 5.073307684309035892e+00
1.284127066652802398e+02 2.351518144951648281e+01 4.948008734532598929e+00
1.285971716751585632e+02 2.380950400332744010e+01 4.986742227305812847e+00
1.284808672143080059e+02 2.373947176874285248e+01 4.952220027035457939e+00
1.285260476239991760e+02 2.386222314651138632e+01 4.912862639076634785e+00
1.282205989393781920e+02 2.378194863262971737e+01 4.774097951544140628e+00
1.283819798273889887e+02 2.386575855256316814e+01 4.814131225954040083e+00
1.285330144535718091e+02 2.392981179161900940e+01 5.086773422065093087e+00
1.284976084017885114e+02 2.365113860871373674e+01 5.184465009878340247e+00
1.281849849225330047e+02 2.336019548715815830e+01 5.266715191847769262e+00
1.284312675470521015e+02 2.348471456795258305e+01 5.233024851824893631e+00
1.295601538941457704e+02 2.439991681397525269e+01 5.348549443693459082e+00
1.300752313611313298e+02 2.468623271290423205e+01 5.501975668087760951e+00
1.297654674014765419e+02 2.444639700530310833e+01 5.511282104606426202e+00
1.296599251325777402e+02 2.434605386295102392e+01 5.354112509098471584e+00
1.295909327233024726e+02 2.435192887594883970e+01 5.358687740459602722e+00
1.298822397837163294e+02 2.457741499428096077e+01 5.402412394717687860e+00
1.299514921493189092e+02 2.462727461786419880e+01 5.416606010190288423e+00
1.295949880420089357e+02 2.421264427576167222e+01 5.387594884059478062e+00
1.295597899552874992e+02 2.408687740459602722e+01 5.397421233232816640e+00
1.297980659249246003e+02 2.427222626598731381e+01 5.371321617968181528e+00
1.298702817926588295e+02 2.420427368202141949e+01 5.501351772902152604e+00
1.294797234064677127e+02 2.408225018196942813e+01 5.388010814183217256e+00
1.295653010294270473e+02 2.411620047831964087e+01 5.534262243943017801e+00
1.293384111469273137e+02 2.418508890506394948e+01 5.460798585837578933e+00
1.295173650826661174e+02 2.416725590100863030e+01 5.483830716439638486e+00
1.293417905791826854e+02 2.423063325361339437e+01 5.528543204741603212e+00
1.297631797857959839e+02 2.423931579494644950e+01 5.491005511074139811e+00
1.298666424040761171e+02 2.413543724654257971e+01 5.440573983570760497e+00
1.298597275657689636e+02 2.416018508890506311e+01 5.421805136737027908e+00
1.299287719663096539e+02 2.423739211812415562e+01 5.406623687220546870e+00
1.298928979931371543e+02 2.406727669751481713e+01 5.406415722158677717e+00
1.298242175314547069e+02 2.413777685348861368e+01 5.333627950504315152e+00
1.294721846729749473e+02 2.401055422688988372e+01 5.310127898513050226e+00
1.295766351252989637e+02 2.395986274305916552e+01 5.270042632837683705e+00
1.293875948840594674e+02 2.406368930019756647e+01 5.235936362691067991e+00
1.293719975044192552e+02 2.399802433191223727e+01 5.318602474784236200e+00
1.297515857335967553e+02 2.422548611833212107e+01 5.410886970988873834e+00
1.298656545700322340e+02 2.440272434231049203e+01 5.444109389622543205e+00
1.297785692003743350e+02 2.415082666112093079e+01 5.438442341686596571e+00
1.298152230425288565e+02 2.411162524695851062e+01 5.434075075387334586e+00
1.301198918581678186e+02 2.423401268586877322e+01 5.550275553706977227e+00
1.299687012581886165e+02 2.421742747218467429e+01 5.492045336383487353e+00
1.300619215971716756e+02 2.435993553083082119e+01 5.450556306540501161e+00
1.301261308100239091e+02 2.444286159925132651e+01 5.350837059374025095e+00
1.302169075595300001e+02 2.461510866174482715e+01 5.437194551315378988e+00
1.300972756576895222e+02 2.448762607881876008e+01 5.384059478007694466e+00
1.298805240719559038e+02 2.425792866798378000e+01 5.333783924300717239e+00
1.299489965685764901e+02 2.404320474160341092e+01 5.324633461578454963e+00
1.297129042320890164e+02 2.396235832380160247e+01 5.338307164396381310e+00
1.295917125922844946e+02 2.382094208173026928e+01 5.194187376520744692e+00
1.297289695331184305e+02 2.397613600915046206e+01 5.265207445149214571e+00
1.296790579182697343e+02 2.406062181553499002e+01 5.311063741291462748e+00
1.293850993033170482e+02 2.367396277425392626e+01 5.249454091712592252e+00
1.287372881355932179e+02 2.348902984298637975e+01 5.098991369449932698e+00
1.281897681189560103e+02 2.320812103566600726e+01 5.249662056774462293e+00
1.280563065405011969e+02 2.325278153270250669e+01 5.270718519288759119e+00
1.286588333160028981e+02 2.364063637308932186e+01 5.182905271914318490e+00
1.292017261100135102e+02 2.372855360299469751e+01 5.292658833316003175e+00
1.294322553810959846e+02 2.393891026307580461e+01 5.313559322033897914e+00
1.294415618176146268e+02 2.382078610793386630e+01 5.383591556618488205e+00
1.292282416554018880e+02 2.361240511594052194e+01 5.312779453051887479e+00
1.292469065197046802e+02 2.373999168139752669e+01 5.227149838827076955e+00
1.297356764063637229e+02 2.406998024331912234e+01 5.343246334615784576e+00
1.298867110325465433e+02 2.419122387438910238e+01 5.343610273474056704e+00
1.297714463970052918e+02 2.406056982426952118e+01 5.334303836955391454e+00
1.294554434854944418e+02 2.390230841218675195e+01 5.274201934075075648e+00
1.290330144535718091e+02 2.354835187688468423e+01 5.154933971092856559e+00
1.290345741915358246e+02 2.350161172922948793e+01 5.104658417385879332e+00
1.292251741707393080e+02 2.378215659769158918e+01 5.278881147967141807e+00
1.291764583549963561e+02 2.385182489341790557e+01 5.199022564209212938e+00
1.285750233960694686e+02 2.355162732660912894e+01 5.031610689404179659e+00
1.283155349901216482e+02 2.351954871581574125e+01 5.015233440781948993e+00
1.285381615888530860e+02 2.369715087865238701e+01 5.119943849433295391e+00
1.283701258188624195e+02 2.345315586981386957e+01 5.110741395445565161e+00
1.279445773110117557e+02 2.308313403348237358e+01 5.030050951440157903e+00
1.277958822917749870e+02 2.299890818342518628e+01 4.928771966309660080e+00
1.282444109389622611e+02 2.316242071332016295e+01 5.034834147863159082e+00
1.283454299677654262e+02 2.319179577830924543e+01 5.031922636996984721e+00
1.284848185504835101e+02 2.321202038057606387e+01 5.108453779764999148e+00
1.282712384319434307e+02 2.311042944785275921e+01 5.086045544348549718e+00
1.282633357595923940e+02 2.324227929707809182e+01 4.979775397733180675e+00
1.284044400540709034e+02 2.331735468441301862e+01 5.086773422065093087e+00
1.289557034418217825e+02 2.365566184880940170e+01 5.122491421441197623e+00
1.291189040241239354e+02 2.386019548715815830e+01 5.214983882707705298e+00
1.291766663200582173e+02 2.395351980867214436e+01 5.241707393157949646e+00
1.290173650826661174e+02 2.382562129562233721e+01 5.174378704377664562e+00
1.284202973900384848e+02 2.348856192159717082e+01 5.229905375896849229e+00
1.280983674742643359e+02 2.339024643859831443e+01 5.080482478943537217e+00
1.281294582510138298e+02 2.333685140896329457e+01 5.098835395653530611e+00
1.275951440158053458e+02 2.308604554434855061e+01 4.933087241343454110e+00
1.270030154933971147e+02 2.276895081626286910e+01 4.855880212124363382e+00
1.272174794634501467e+02 2.272746178641988024e+01 4.948580638452740210e+00
1.274042840802745076e+02 2.282478943537485705e+01 4.902152438390350753e+00
1.275207965061869544e+02 2.300041593012374008e+01 4.946033066444837090e+00
1.278722054694811305e+02 2.314957887074971410e+01 5.077934906935634984e+00
1.282287095767910898e+02 2.339908495372777253e+01 5.018456899240927527e+00
1.282015181449516490e+02 2.336664240407611359e+01 4.975824061557657885e+00
1.289007486742227400e+02 2.369491525423728717e+01 5.108193823437662040e+00
1.299922533014453450e+02 2.424545076427160240e+01 5.454559633981491018e+00
1.309051679317874459e+02 2.488140792346885632e+01 5.626494748882187480e+00
1.312985338463138305e+02 2.519080794426536229e+01 5.781064781116772799e+00
1.309782156597691483e+02 2.502022460226681844e+01 5.644639700530310833e+00
1.305614536757824737e+02 2.482265779349069490e+01 5.524643859831548376e+00
1.304865342622439357e+02 2.487064573151710434e+01 5.500311947592804174e+00
1.306758864510762237e+02 2.500670687324529595e+01 5.488145991473432517e+00
1.310922325049391759e+02 2.529442653634189497e+01 5.572319850265155416e+00
1.315477279816990688e+02 2.557367162316730713e+01 5.646303421025267610e+00
1.313565560985754530e+02 2.564162420713320145e+01 5.737756056982426855e+00
1.311779141104294411e+02 2.547192471664760305e+01 5.555318706457315514e+00
1.309604346469793086e+02 2.514313195383175525e+01 5.691899760840178679e+00
1.305501195799105858e+02 2.485842778413226739e+01 5.550119579910575141e+00
1.304022044296558249e+02 2.465878132473744344e+01 5.495476759904335928e+00
1.301861807216387774e+02 2.468623271290423205e+01 5.466153686180721394e+00
1.299887698866590426e+02 2.463871269626702798e+01 5.435946760944161404e+00
1.302975980035353984e+02 2.480045752313611374e+01 5.467869397941146126e+00
1.306500987834043883e+02 2.526676718311323810e+01 5.508162628678381800e+00
1.309879380264115696e+02 2.530680045752313490e+01 5.573359675574503846e+00
1.309003847353644687e+02 2.507450348341478730e+01 5.589632941665800381e+00
1.308197462826245214e+02 2.494540917125922874e+01 5.773266091296662239e+00
1.308738171987106114e+02 2.511432879276281582e+01 5.616304460850576774e+00
1.308346677758136707e+02 2.508651346573775598e+01 5.592700426328376828e+00
1.305956119371945476e+02 2.508282208588957118e+01 5.518664864302797568e+00
1.307561089736924202e+02 2.536284704169699467e+01 5.654206093376313191e+00
1.303249974004367289e+02 2.550093584277841430e+01 5.787043776645523607e+00
1.299864302797130051e+02 2.515810543828636625e+01 5.672611001351772764e+00
1.293302485182489363e+02 2.475746074659457108e+01 5.447332848081522627e+00
1.291598211500467812e+02 2.436367890194447483e+01 5.410055110741395445e+00
1.287054694811271816e+02 2.416450036393885981e+01 5.241291463034210452e+00
1.284682333367994147e+02 2.391774981803057187e+01 5.212956223354476393e+00
1.282593844234168614e+02 2.367739419777477394e+01 5.285536029946968917e+00
1.286458874909015151e+02 2.392606842050535576e+01 5.224394301757304682e+00
1.293223458458978996e+02 2.413179785795986376e+01 5.346625766871166086e+00
1.295445565145055582e+02 2.421779141104294553e+01 5.479983362795050716e+00
1.302438910263075798e+02 2.476453155869813827e+01 5.678226058022252332e+00
1.309429655817822606e+02 2.508547364042840755e+01 5.930279713008214770e+00
1.309629302277217562e+02 2.513023811999584112e+01 5.803317042736820142e+00
1.303461578454819687e+02 2.500462722262659909e+01 5.679525839658936981e+00
1.299719767079130577e+02 2.477451388166787893e+01 5.628626390766351406e+00
1.293960174690651854e+02 2.474966205677446140e+01 5.470416969949048358e+00
1.294948008734532721e+02 2.483778725174170887e+01 5.556254549235728035e+00
1.293814599147343358e+02 2.503998128314443150e+01 5.582770094624103230e+00
1.296845689924092824e+02 2.499251325777269273e+01 5.511698034730165396e+00
1.295581262347925531e+02 2.459202453987730053e+01 5.408755329104710796e+00
1.293767807008422608e+02 2.438182385359259641e+01 5.327077051055423063e+00
1.299831548299885640e+02 2.463366954351668880e+01 5.553862951024227890e+00
1.301154726006031126e+02 2.467796610169491700e+01 5.485390454403660243e+00
1.295250597899552929e+02 2.459758760528231392e+01 5.398461058542165070e+00
1.294422896953311977e+02 2.474482686908599405e+01 5.563689300197566467e+00
1.296920037433711173e+02 2.493256732868877990e+01 5.694603306644483887e+00
1.295576063221378718e+02 2.477867318290527265e+01 5.735156493709056669e+00
1.292623999168139619e+02 2.458188624311115689e+01 5.608817718623271276e+00
1.288245294790475270e+02 2.429135905167931853e+01 5.324165540189247814e+00
1.289326713112197069e+02 2.428860351460954448e+01 5.268326921077258973e+00
1.290389414578350795e+02 2.437059374025163905e+01 5.270302589165019924e+00
1.288716335655609839e+02 2.403628990329624671e+01 5.216179681813454927e+00
1.282984818550483510e+02 2.380555266715191820e+01 5.075283352396797731e+00
1.286028907143600009e+02 2.391166683997088427e+01 5.152126442757616331e+00
1.288574399500883771e+02 2.393579078714775932e+01 5.216179681813454927e+00
1.285014037641676339e+02 2.366787979619423865e+01 5.089476967869398294e+00
1.286596131849849201e+02 2.374586669439534248e+01 5.095559945929084122e+00
1.288676302381200003e+02 2.396391806176562511e+01 5.019808672143080130e+00
1.289844546116252388e+02 2.400155973796402264e+01 5.145783508370593395e+00
1.291815534990121535e+02 2.410772590204845756e+01 5.246230633253613718e+00
1.287322449828428717e+02 2.385265675366538574e+01 5.183893105958198966e+00
1.283245294790475270e+02 2.355370697722782580e+01 5.157273578038889639e+00
1.281228033690339885e+02 2.347135281272746354e+01 4.985338463138193177e+00
1.280939482166996015e+02 2.355963398149111043e+01 5.114796714152022084e+00
1.278637828844754125e+02 2.356285743995008986e+01 4.966517625038993522e+00
1.278898305084745743e+02 2.373146511386087099e+01 4.981699074555474560e+00
1.278672662992617290e+02 2.361396485390454458e+01 4.914942289695330757e+00
1.275490797546012232e+02 2.352864718727253646e+01 4.945617136321097895e+00
1.279224290319226327e+02 2.379000727877716415e+01 5.016169283560361514e+00
1.287022980139336710e+02 2.422548611833212107e+01 5.056254549235728035e+00
1.287790891130290163e+02 2.433430383695539234e+01 5.155713840074866994e+00
1.287628678382031922e+02 2.406093376312779597e+01 5.183373193303524751e+00
1.282332328168867548e+02 2.381142768014973399e+01 5.123843194343350227e+00
1.284841946552978982e+02 2.410325465321825789e+01 5.180721638764687498e+00
1.296876364770718624e+02 2.491156285743995014e+01 5.359155661848808982e+00
1.303630550067588558e+02 2.538572319850265302e+01 5.671623167307892288e+00
1.299919933451180327e+02 2.516143287927628336e+01 5.608661744826869189e+00
1.296168243735052386e+02 2.491109493605074476e+01 5.409691171883123317e+00
1.296144327752937500e+02 2.502776333575959100e+01 5.403868150150774596e+00
1.296707913070604263e+02 2.523214100031194818e+01 5.598939378184464744e+00
1.297003223458459047e+02 2.542258500571903923e+01 5.668711656441717928e+00
1.297619839866902396e+02 2.534792554850784896e+01 5.623895185608817293e+00
1.298216699594468082e+02 2.547935946760944148e+01 5.570916086097535747e+00
1.293040449204533502e+02 2.537293334719766946e+01 5.527399396901320650e+00
1.289614744722886428e+02 2.511032546532182508e+01 5.416865966517624642e+00
1.283703337839243090e+02 2.487064573151710434e+01 5.172974940210044892e+00
1.281360611417281916e+02 2.477368202142040232e+01 5.010190288031610706e+00
1.284195175210564628e+02 2.496397005303109040e+01 5.209264843506290710e+00
1.288546324217531378e+02 2.508500571903920218e+01 5.257980659249246180e+00
1.285730477279817023e+02 2.466179681813455460e+01 5.130290111261308184e+00
1.285069148383071536e+02 2.462165956119372012e+01 5.133513569720286718e+00
1.288707497140480314e+02 2.489778517209108699e+01 5.305396693355516113e+00
1.291304460850577129e+02 2.498242695227201793e+01 5.116148487054174687e+00
1.292489341790579260e+02 2.519444733284808180e+01 5.358479775397733569e+00
1.292215347821565956e+02 2.535629614224810169e+01 5.570448164708328598e+00
1.289158781324737504e+02 2.546090256836851395e+01 5.465945721118852241e+00
1.287560569824269407e+02 2.532156597691587763e+01 5.456275345741915750e+00
1.287883955495476869e+02 2.541941353852552865e+01 5.513985650410731409e+00
1.284994280960798676e+02 2.523437662472704446e+01 5.286575855256317347e+00
1.286201518144951592e+02 2.538723094520120682e+01 5.332276177602162548e+00
1.283774565872933238e+02 2.544946448996568478e+01 5.264895497556410398e+00
1.283083082042217029e+02 2.530991993345118019e+01 5.324477487782052876e+00
1.282172195071227918e+02 2.531808256212956110e+01 5.125038993449100744e+00
1.281750545908287506e+02 2.525642092128522265e+01 5.224862223146510942e+00
1.281614848705417558e+02 2.515904128106478055e+01 5.232141000311947288e+00
1.284242487262139889e+02 2.522096287823645611e+01 5.440158053447021302e+00
1.285131017988977931e+02 2.529317874597067828e+01 5.403764167619839576e+00
1.281962150358739621e+02 2.500712280336903248e+01 5.348653426224394103e+00
1.280787147759176321e+02 2.491114692731621005e+01 5.227409795154414063e+00
1.282374441093896280e+02 2.488421545180409566e+01 5.249402100447125186e+00
1.286683997088489093e+02 2.514235208484974393e+01 5.304460850577102704e+00
1.287574087553290951e+02 2.527513777685348728e+01 5.517105126338774923e+00
1.283915462202350000e+02 2.496963710096703792e+01 5.378236456275345745e+00
1.281922636996984579e+02 2.499126546740147603e+01 5.211292502859519615e+00
1.281972028699178452e+02 2.511401684517000987e+01 5.256888842674430684e+00
1.283815638972652664e+02 2.535624415098263640e+01 5.206197358843714262e+00
1.283893625870853725e+02 2.538561921597171533e+01 5.189456171363210579e+00
1.279739003847353587e+02 2.527300613496932513e+01 4.977227825725278443e+00
1.275408651346573805e+02 2.499474888218779256e+01 4.999168139752521611e+00
1.272386918997608376e+02 2.496818134553394941e+01 4.841790579182696952e+00
1.269488405947800800e+02 2.478246854528439158e+01 4.926276385567224914e+00
1.267452427992097341e+02 2.475413330560465752e+01 4.966361651242591435e+00
1.265075907247582450e+02 2.456712072371841415e+01 5.038317562649474723e+00
1.264394301757304788e+02 2.423338879068316487e+01 4.927784132265779604e+00
1.264709368826037235e+02 2.431220754913174531e+01 4.850369137984818835e+00
1.270918685660809047e+02 2.463533326401164558e+01 4.665956119371945654e+00
1.274500883851512896e+02 2.475922844962046199e+01 4.775189768118956124e+00
1.266236872205469410e+02 2.436929395861495351e+01 4.685192887594884503e+00
1.255637412914630318e+02 2.373188104398461107e+01 4.534626182801289040e+00
1.250614016845169942e+02 2.360372257460746681e+01 4.458147031298741680e+00
1.259111469273162101e+02 2.410055110741395623e+01 4.595403972132682036e+00
1.261754185296870077e+02 2.419169179577830775e+01 4.729229489445772927e+00
1.261980867214307978e+02 2.424108349797234041e+01 4.712696267027139285e+00
1.263659145263595747e+02 2.432156597691587763e+01 4.558386191119891961e+00
1.262078090880732049e+02 2.423047727981699140e+01 4.740667567848601216e+00
1.259603826557138433e+02 2.407185192887594738e+01 4.645835499636061350e+00
1.257606322137880852e+02 2.410445045232400929e+01 4.601746906519704972e+00
1.256550379536237898e+02 2.418129354268483056e+01 4.521004471248829759e+00
1.257414474368306117e+02 2.398845793906623669e+01 4.561661640844338450e+00
1.258324841426640290e+02 2.406961630446085110e+01 4.608453779764999148e+00
1.259942809607985907e+02 2.411495268794842417e+01 4.510658209420816966e+00
1.258775085785588033e+02 2.411001351772902268e+01 4.473536445877092760e+00
1.256603410627014625e+02 2.382229385463242011e+01 4.498284288239576156e+00
1.254151502547571937e+02 2.390979515441405923e+01 4.241759384423416712e+00
1.255911406883643480e+02 2.406956431319538225e+01 4.466309659977123481e+00
1.260253717375480988e+02 2.428480815223042555e+01 4.414110429447852368e+00
1.257611521264427523e+02 2.412597483622751326e+01 4.348445461162524950e+00
1.253789643339918882e+02 2.385660808984090764e+01 4.326869085993553021e+00
1.249914734324633514e+02 2.382276177602162903e+01 4.239471768742851587e+00
1.250839139024643885e+02 2.373177706145367694e+01 4.339866902360403067e+00
1.251597171675158506e+02 2.391660601019028931e+01 4.473068524487885611e+00
1.252118124155141885e+02 2.387979619423936839e+01 4.428979931371529233e+00
1.249749402100447071e+02 2.373583238016013297e+01 4.441249870021835910e+00
1.252772174274721806e+02 2.389118228137672872e+01 4.596495788707497532e+00
1.257840802745138831e+02 2.412301133409587095e+01 4.716543620671727055e+00
1.259628782364562767e+02 2.419663096599771279e+01 4.808256212956223408e+00
1.257535614016845216e+02 2.420245398773005974e+01 4.805188728293646960e+00
1.262687948424664626e+02 2.443958614952687824e+01 4.943797442029739031e+00
1.264982842882395744e+02 2.466632005823021601e+01 4.978683581158365179e+00
1.263751689716127657e+02 2.449417697826764950e+01 4.883487574087553185e+00
1.257818966413642556e+02 2.397608401788499677e+01 4.709420817302692797e+00
1.258005095144015826e+02 2.403571799937610365e+01 4.669283560361859209e+00
1.261272746178642024e+02 2.426811895601538893e+01 4.696734948528646925e+00
1.258854632421753195e+02 2.419751481751065825e+01 4.584953727773734222e+00
1.253467297494021011e+02 2.391416242071332121e+01 4.510918165748154074e+00
1.252185192887594951e+02 2.396734948528647280e+01 4.519496724550275957e+00
1.255128418425704524e+02 2.412254341270666558e+01 4.564573151710512811e+00
1.254139024643859841e+02 2.403675782468545208e+01 4.517729021524384159e+00
1.251138088801081381e+02 2.377108245814703125e+01 4.463606114172819161e+00
1.247949464489965692e+02 2.368144951648122998e+01 4.355568264531558320e+00
1.243895705521472337e+02 2.361588853072683847e+01 4.360923364874700781e+00
1.241834251845689892e+02 2.359379224290319144e+01 4.251741707393158265e+00
1.246838411146927257e+02 2.387568888426744351e+01 4.421389206613288714e+00
1.243680461682437368e+02 2.378137672870957786e+01 4.341374649058957758e+00
1.241031506706873273e+02 2.358365394613704780e+01 4.236092336487470078e+00
1.239540397213268221e+02 2.356249350109181506e+01 4.042216907559529560e+00
1.239442653634189497e+02 2.355261516065300853e+01 4.200062389518560479e+00
1.239154622023499996e+02 2.340329624623063154e+01 4.111833212020380657e+00
1.241121971508786572e+02 2.353665384215451795e+01 4.207029219091192651e+00
1.239529479047520084e+02 2.352599563273370009e+01 4.194655297909950953e+00
1.238420505355100403e+02 2.337314131225954128e+01 4.138712696267027091e+00
1.238817718623271276e+02 2.338660705001559847e+01 4.225694083393990219e+00
1.240241239471768750e+02 2.343454299677654262e+01 4.178434023084121485e+00
1.240868774045960237e+02 2.348008734532598396e+01 4.205417489861702940e+00
1.238753769366746411e+02 2.335936362691067814e+01 4.166216075699282761e+00
1.233455339502963568e+02 2.300223562441509984e+01 4.086045544348549718e+00
1.230188208380992023e+02 2.269387542892793874e+01 4.040813143391909890e+00
1.230328064885099337e+02 2.278589996880523927e+01 3.887906831652282236e+00
1.231321098055526733e+02 2.279936570656129646e+01 4.018820838099199655e+00
1.231394405739835776e+02 2.281745866694395275e+01 4.081314339191015605e+00
1.231845170011438029e+02 2.268841634605386304e+01 4.027087449308516476e+00
1.238308724134345482e+02 2.294098991369449791e+01 4.400748674222730195e+00
1.239189456171363162e+02 2.310044712488301855e+01 4.308776125610897623e+00
1.232067692627638564e+02 2.263236976188000327e+01 4.137308932099407421e+00
1.224434335031714625e+02 2.232478943537485705e+01 3.973952376000831954e+00
1.226134449412498668e+02 2.247987938026411570e+01 3.976447956743267120e+00
1.226831132369761832e+02 2.254117708225018291e+01 3.950244358947696988e+00
1.224700010398253056e+02 2.241660601019028931e+01 3.851460954559633887e+00
1.225030674846625800e+02 2.224066756784860033e+01 3.837995216803577136e+00
1.226957471144847602e+02 2.243350317146719419e+01 3.935790787147759318e+00
1.229706769262763828e+02 2.266195279193095402e+01 3.902152438390350309e+00
1.226315379016325267e+02 2.247192471664760305e+01 3.955235520432567320e+00
1.224546116252469545e+02 2.230123739211812506e+01 3.917541852968701388e+00
1.224806072579806653e+02 2.231709472808568151e+01 4.133617552251221738e+00
1.225344702090048941e+02 2.245663928460018610e+01 4.093324321513986064e+00
1.224421337215347876e+02 2.242586045544348394e+01 3.983986690236040129e+00
1.221713112197150934e+02 2.224487886035145934e+01 3.860507434750962030e+00
1.222869397941145877e+02 2.211037745658729392e+01 3.960590620775709780e+00
1.226241031506706918e+02 2.219049599667255990e+01 3.972860559426016458e+00
1.229905895809503988e+02 2.230352500779869018e+01 3.970209004887178761e+00
1.231078818758448534e+02 2.236716231673078781e+01 3.905323905583861777e+00
1.229653738171987101e+02 2.221435998752209784e+01 3.915878132473744611e+00
1.230264635541229126e+02 2.211100135177290227e+01 3.914578350837059517e+00
1.229045960278673135e+02 2.212628678382031922e+01 3.924352708744931029e+00
1.226973588437142553e+02 2.209997920349381317e+01 3.845170011438078461e+00
1.226798377872517420e+02 2.225257356764063488e+01 3.924716647603202713e+00
1.230474680253717423e+02 2.243017573047728064e+01 4.112561089736924025e+00
1.231249870021836301e+02 2.249157741499428198e+01 3.985494436934594820e+00
1.230167931787459707e+02 2.231303940937922548e+01 4.074035562025579260e+00
1.228186024747842424e+02 2.227451388166787893e+01 4.162316730789227037e+00
1.229337111365290696e+02 2.242658833316002998e+01 3.979255485078506904e+00
1.229997920349381246e+02 2.235406051783300541e+01 3.832588125194967166e+00
1.225881251949672475e+02 2.205235520432567498e+01 3.818862431111573308e+00
1.224576791099095345e+02 2.210663408547364028e+01 3.877508578558801933e+00
1.228468857231984970e+02 2.250296350213164231e+01 4.036341894561713772e+00
1.228048247894353722e+02 2.260393053966933508e+01 4.087709264843506496e+00
1.226861807216387632e+02 2.248091920557346413e+01 4.019756680877612176e+00
1.225204845585941626e+02 2.241130290111261303e+01 4.047156077778932826e+00
1.222083290007278720e+02 2.205433087241343415e+01 3.896121451596131990e+00
1.217286055942601593e+02 2.173926380368098066e+01 3.896953311843610379e+00
1.220395133617552261e+02 2.181023188104398614e+01 3.864198814599147269e+00
1.224510762191951727e+02 2.214235208484974393e+01 3.865342622439430276e+00
1.222480503275449735e+02 2.195429967765415569e+01 3.903244254965165805e+00
1.217140480399292954e+02 2.158406987626078788e+01 3.854008526567536563e+00
1.214665696163044544e+02 2.138275969637101070e+01 3.750753873349277345e+00
1.216098575439326197e+02 2.150889050639492694e+01 3.680929603826557095e+00
1.219284600187168621e+02 2.157881875844858044e+01 3.744047000103982725e+00
1.222521576375169019e+02 2.174368306124571149e+01 3.763751689716127835e+00
1.221028907143599866e+02 2.172907351564937173e+01 3.753821358011853793e+00
1.224227929707809039e+02 2.193589476967869345e+01 3.711708432983258810e+00
1.230043672662992549e+02 2.216902360403452121e+01 3.997972340646771539e+00
1.240323905583861972e+02 2.274285120099823132e+01 4.030830820422169225e+00
1.240475720079026729e+02 2.289107829884579459e+01 4.094780076947072800e+00
1.239747322449828459e+02 2.274576271186440835e+01 4.129250285951959754e+00
1.239300197566808777e+02 2.260497036497868351e+01 4.219143183945097242e+00
1.235549547675990425e+02 2.249240927524175859e+01 4.174950608297805843e+00
1.231537381719871007e+02 2.226208796922117017e+01 4.106218155349901089e+00
1.232002183633149599e+02 2.218805240719559180e+01 4.019236768222938849e+00
1.236184361027347336e+02 2.238894665696162889e+01 4.143183945097224097e+00
1.235547468025371671e+02 2.247135281272746354e+01 4.058074243527087788e+00
1.231239991681397470e+02 2.223006134969325132e+01 4.096027867318290383e+00
1.230299989601746944e+02 2.206556098575439151e+01 4.049287719663096752e+00
1.230802745138816618e+02 2.222839762919829454e+01 3.978943537485702286e+00
1.230503795362379122e+02 2.195253197462826122e+01 3.889466569616304437e+00
1.229841946552979124e+02 2.190740355620255642e+01 3.894145783508370595e+00
1.229702090048871810e+02 2.193173546844130328e+01 3.865966517625039067e+00
1.229210252677550130e+02 2.191645003639388634e+01 3.902880316106894121e+00
1.227979619423936839e+02 2.193376312779453130e+01 3.798481855048351896e+00
1.230693043568680451e+02 2.185879172299053863e+01 3.951648123115316658e+00
1.231626286783820348e+02 2.187277737340127004e+01 4.074919413538525603e+00
1.234801393365914493e+02 2.190568784444213435e+01 4.174846625766870822e+00
1.233274929811791623e+02 2.158323801601331127e+01 4.158053447020900073e+00
1.230555266715191891e+02 2.144494124987002337e+01 4.016377248622231555e+00
1.225286991785380053e+02 2.128101278985130662e+01 3.969845066028907077e+00
1.224209212852240825e+02 2.137901632525735707e+01 3.953155869813871348e+00
1.226163564521160509e+02 2.147098887386918875e+01 3.835603618592076547e+00
1.226181761464074071e+02 2.158739731725070143e+01 3.836487470105022446e+00
1.227812727461786437e+02 2.168290527191431849e+01 3.976863886867006315e+00
1.229836227513777658e+02 2.178969533118436175e+01 3.787719663096599909e+00
1.234312675470521015e+02 2.194332952064053188e+01 3.952687948424664643e+00
1.234991161484870474e+02 2.194109389622543560e+01 3.908495372777373245e+00
1.231976707913070612e+02 2.185114900696682838e+01 3.944317354684412802e+00
1.232988977851720875e+02 2.199838827077051207e+01 3.774201934075075204e+00
1.234305396693355448e+02 2.193568680461682519e+01 4.064417177914110724e+00
1.235007278777165425e+02 2.197156077778933181e+01 4.030414890298430031e+00
1.232563689300197609e+02 2.177149838827077133e+01 4.025163772486222591e+00
1.233312883435582847e+02 2.187548091920557169e+01 4.025891650202765959e+00
1.234397941145887501e+02 2.199506082978059851e+01 3.961058542164916485e+00
1.235499116148487104e+02 2.186253509410419227e+01 3.904803992929188006e+00
1.234785276073619684e+02 2.171877924508682511e+01 3.898097119683892942e+00
1.235673286887802789e+02 2.182156597691587763e+01 3.894873661224914407e+00
1.238386711032546543e+02 2.194644899656857717e+01 3.993137152958302849e+00
1.237665072267859045e+02 2.193683061245710775e+01 4.109701570136216731e+00
1.236839450972236705e+02 2.175449724446292876e+01 4.024435894769678335e+00
1.234826349173338826e+02 2.158084641780180846e+01 4.042424872621399601e+00
1.239809192055734570e+02 2.181761464074035572e+01 4.133669543516688805e+00
1.241568576479151460e+02 2.202038057606322141e+01 4.215555786627846580e+00
1.242757616720390956e+02 2.209951128210460780e+01 4.259592388478735892e+00
1.241418841634605457e+02 2.209181657481543226e+01 4.265883331600290873e+00
1.240217323489653722e+02 2.212046376208796872e+01 4.084537797649995028e+00
1.239519080794426600e+02 2.187449308516169211e+01 4.100395133617552368e+00
1.238880628054486834e+02 2.198097119683892942e+01 4.060777789331392107e+00
1.240400852656753727e+02 2.183731933035249995e+01 4.004887178953935312e+00
1.239217011542060902e+02 2.169507122803369015e+01 4.025111781220754636e+00
1.238992409275241755e+02 2.147270458562961437e+01 4.025735676406363872e+00
1.241317978579598673e+02 2.161256108973692491e+01 4.071799937610481201e+00
1.238756888842674471e+02 2.140646771342414567e+01 4.216491629406259989e+00
1.240183529167099863e+02 2.138385151294582442e+01 4.094208173026931519e+00
1.236810855776229658e+02 2.125012997816366678e+01 4.034886139128626148e+00
1.233094520120619677e+02 2.120843298325881321e+01 3.870333783924300608e+00
1.230577103046688165e+02 2.103847353644587770e+01 3.878080482478943658e+00
1.225183009254445210e+02 2.068919621503587436e+01 3.754549235728397605e+00
1.221170843298325934e+02 2.061620047831964087e+01 3.807944265363418790e+00
1.223405947800769411e+02 2.070900488717895271e+01 3.864146823333679759e+00
1.225123739211812364e+02 2.098107517936986710e+01 3.845170011438078461e+00
1.225075387334927797e+02 2.091255069148382972e+01 3.738691899760840265e+00
1.217878756368930055e+02 2.078371633565560828e+01 3.643391910159093250e+00
1.213392430071748009e+02 2.046734948528647280e+01 3.610637412914630140e+00
1.217270978475616090e+02 2.051320578142872009e+01 3.513361755225122174e+00
1.224978683581158379e+02 2.064541956951232038e+01 3.654570032234584431e+00
1.227893313923260905e+02 2.086529063117396277e+01 3.682645315586981383e+00
1.227525735676406384e+02 2.056966829572631639e+01 3.776437558490173707e+00
1.226394925652490429e+02 2.038457939066237046e+01 3.626338775085785393e+00
1.223953935738795877e+02 2.056753665384215424e+01 3.714775917645835701e+00
1.225987314131225929e+02 2.074903816158885306e+01 3.728397629198294538e+00
1.222267858999688031e+02 2.071326817094728057e+01 3.664396381407923453e+00
1.220389414578350795e+02 2.058235416450036226e+01 3.559426016429239947e+00
1.222196111053343088e+02 2.063803680981595079e+01 3.659977123843194402e+00
1.222528855152334444e+02 2.055297909951128332e+01 3.650618696059062085e+00
1.221015389414578323e+02 2.026032026619527926e+01 3.682229385463242188e+00
1.222140480399292954e+02 2.027856920037433852e+01 3.699126546740147514e+00
1.224558594156181783e+02 2.021228033690340098e+01 3.683321202038057685e+00
1.223940937922428986e+02 2.020027035458042874e+01 3.604346469793074714e+00
1.223751689716127657e+02 2.025096183841114694e+01 3.707341166683997269e+00
1.223104398461058508e+02 2.023089320994073148e+01 3.697254861183321140e+00
1.223762087969221142e+02 2.030846417801809167e+01 3.754861183321202223e+00
1.226604450452324073e+02 2.053109077674950456e+01 3.704741603410627082e+00
1.231907039617344282e+02 2.072933347197670884e+01 3.983466777581366358e+00
1.238833835915566226e+02 2.099812831444317496e+01 4.011022148279089095e+00
1.243041489029842950e+02 2.115774149942809501e+01 3.937350525111781074e+00
1.243221378808360242e+02 2.105932203389830448e+01 3.968389310595819897e+00
1.241279505043152795e+02 2.101419361547259967e+01 4.034678174066756995e+00
1.243766247270458507e+02 2.110507434750961764e+01 3.966933555162732716e+00
1.244674014765519416e+02 2.134563793282728383e+01 3.966413642508058501e+00
1.244800353540605187e+02 2.143417905791827138e+01 3.884683373193303701e+00
1.245191327856920083e+02 2.155349901216595754e+01 3.986690236040345336e+00
1.244541437038577527e+02 2.160127898513049871e+01 3.898409067276697559e+00
1.245288031610689359e+02 2.153904544036601720e+01 3.923052927108245935e+00
1.242087449308516227e+02 2.162982218987210103e+01 3.860351460954559499e+00
1.243829156701674066e+02 2.189019444733284914e+01 4.012841842570447959e+00
1.242901112613080983e+02 2.180498076323177870e+01 4.072943745450764652e+00
1.242021420401372609e+02 2.189554954767599071e+01 4.136996984506603248e+00
1.240080586461474468e+02 2.182296974108349730e+01 4.056254549235728035e+00
1.240842258500571944e+02 2.190329624623063154e+01 4.030466881563897097e+00
1.242985858375792816e+02 2.173198502651554520e+01 4.066080898409067501e+00
1.244919413538525532e+02 2.170791307060413899e+01 4.235676406363730884e+00
1.247611521264427523e+02 2.191463034210252658e+01 4.291099095351980530e+00
1.250894769678694018e+02 2.189237808048248013e+01 4.261308100239159735e+00
1.250617656233752797e+02 2.187698866590412905e+01 4.346157845481958937e+00
1.250637932827284970e+02 2.195840698762608056e+01 4.388166787979619343e+00
1.237153478215659703e+02 2.125574503483414901e+01 4.182593324321514316e+00
1.225332744098991355e+02 2.060049911614848739e+01 3.781480711240511550e+00
1.221966309659977128e+02 2.056363730893210118e+01 3.900852656753665215e+00
1.225425288551523408e+02 2.087984818550483368e+01 3.899136944993240927e+00
1.227940106062181513e+02 2.117073931579494683e+01 3.885827181033586264e+00
1.225189768118955982e+02 2.104705209524799869e+01 3.872829364666735774e+00
1.222661952791930986e+02 2.097083290007278933e+01 3.843506290943121684e+00
1.221243631069980182e+02 2.100410730997192488e+01 3.797234064677134313e+00
1.227287615680565693e+02 2.115295830300509650e+01 3.804616824373505235e+00
1.231431319538317553e+02 2.119923052927108387e+01 3.942913590516793132e+00
1.237130602058854123e+02 2.157835083705937507e+01 4.143703857751897424e+00
1.242286575855256388e+02 2.195970676926276255e+01 4.227617760216284104e+00
1.249490485598419411e+02 2.226905479879380323e+01 4.259644379744202958e+00
1.251394925652490429e+02 2.248466257668711776e+01 4.265571384007486699e+00
1.244249766039305456e+02 2.201486950192367686e+01 4.182541333056046362e+00
1.237008942497660371e+02 2.163122595403972070e+01 4.126858687740459608e+00
1.234515961318498540e+02 2.164349589269002649e+01 3.978995528751169797e+00
1.233755849017365023e+02 2.160055110741395623e+01 4.053239055838619542e+00
1.229785276073619684e+02 2.142357283976291882e+01 4.043568680461682163e+00
1.227713944057398407e+02 2.126255589061037909e+01 3.992773214100031165e+00
1.228896745346781785e+02 2.151684517001143959e+01 4.023604034522199946e+00
1.230050431527503321e+02 2.166969949048559840e+01 4.106790059270042370e+00
1.228939378184465028e+02 2.169756680877612709e+01 4.003743371113652749e+00
1.228391390246438561e+02 2.140511594052199129e+01 3.999792034938130403e+00
1.228987730061349737e+02 2.116091296662160914e+01 4.035614016845170404e+00
1.230154933971092817e+02 2.110138296766143284e+01 4.110481439118228053e+00
1.229206093376312765e+02 2.093230737236144279e+01 4.074815431007590583e+00
1.223432463346157846e+02 2.054835187688468423e+01 3.982582926068420459e+00
1.216519704689612098e+02 2.020312987418113693e+01 3.870021836331496434e+00
1.214166060101902929e+02 2.003982530934802853e+01 3.815586981387126819e+00
1.211758344598107584e+02 2.003291047104086431e+01 3.681293542684828779e+00
1.213783404388062763e+02 2.013512529894977732e+01 3.768638868670063591e+00
1.211234792554850799e+02 2.022475824061557503e+01 3.738795882291774841e+00
1.210105022356244149e+02 2.015602578766767294e+01 3.822137880836019352e+00
1.215364978683581114e+02 2.034693771446396937e+01 3.732400956639284395e+00
1.216654881979827394e+02 2.048305084745762628e+01 3.826661120931683424e+00
1.214049599667255848e+02 2.037688468337319492e+01 3.787303732972860715e+00
1.212360923364874736e+02 2.021565976915877982e+01 3.839814911094936001e+00
1.212217947384839363e+02 2.014817510658209443e+01 3.880784028283248421e+00
1.212210148695019285e+02 2.026026827492981042e+01 3.815275033794322646e+00
1.208992929187896408e+02 2.003753769366746340e+01 3.733648747010502422e+00
1.206016949152542423e+02 1.994868462098367345e+01 3.653270250597899338e+00
1.207769054798793746e+02 2.000930643651866347e+01 3.682489341790579296e+00
1.210801705313507313e+02 2.015405011957991022e+01 3.657273578038889639e+00
1.215596339814911033e+02 2.027524175938442497e+01 3.671987106166163972e+00
1.217525735676406384e+02 2.037355724238328136e+01 3.769366746386606959e+00
1.219561713632109843e+02 2.045128418425704453e+01 3.858167827804928951e+00
1.216741187480503328e+02 2.034527399396901259e+01 3.622803369034002241e+00
1.219490485598419411e+02 2.037917229905376004e+01 3.719143183945097242e+00
1.224535717999376061e+02 2.064827908911302856e+01 3.858895705521472319e+00
1.229856504107309974e+02 2.092201310179889617e+01 3.956067380680045709e+00
1.225149734844546145e+02 2.051429759800353381e+01 3.872413434542996580e+00
1.219813351356972078e+02 2.032723302485182515e+01 3.743683061245710597e+00
1.216630446085057713e+02 2.007637516897161234e+01 3.689352188832276003e+00
1.217347925548507845e+02 2.007736300301549193e+01 3.696526983466777772e+00
1.219469169179577790e+02 2.008329000727877656e+01 3.719611105334303947e+00
1.218296246230633244e+02 2.002973900384735373e+01 3.834199854424456877e+00
1.218401788499532046e+02 2.002001663720495017e+01 3.732868878028491100e+00
1.218918581678278059e+02 2.014890298429863691e+01 3.769418737652074469e+00
1.222436830612457044e+02 2.013855672247062500e+01 3.835187688468337353e+00
1.227659353228657579e+02 2.046849329312675536e+01 3.921961110533430439e+00
1.229097431631485904e+02 2.050457523136113025e+01 3.899760840178850163e+00
1.225319746282624465e+02 2.040298429863782914e+01 3.930903608193823562e+00
1.218983570760112372e+02 2.015093064365186493e+01 3.873401268586877499e+00
1.214420297390038428e+02 2.026713112197150934e+01 3.770510554226889965e+00
1.218291047104086573e+02 2.047670791307060512e+01 3.790683165228241780e+00
1.219548715815742952e+02 2.069231569096391965e+01 3.785951960070708111e+00
1.218744410938962233e+02 2.062212748258292550e+01 3.816418841634605208e+00
1.217379120307788298e+02 2.050285951960070818e+01 3.704117708225018291e+00
1.217625038993449067e+02 2.058256212956223408e+01 3.756316938754289403e+00
1.219822709784756114e+02 2.060179889778517293e+01 3.805812623479255308e+00
1.215814183217219551e+02 2.051024227929707777e+01 3.712072371841530494e+00
1.213706977227825661e+02 2.040937922429031914e+01 3.684932931267546952e+00
1.220752313611313298e+02 2.054564833108037902e+01 3.830820422169075812e+00
1.223484974524279920e+02 2.064599147343246344e+01 3.857699906415722246e+00
1.226987106166164097e+02 2.063340958718935170e+01 3.936466673598835175e+00
1.224987002183633109e+02 2.030019756680877663e+01 3.963190184049079967e+00
1.224394821669959441e+02 2.017323489653738022e+01 3.965581782260580113e+00
1.219128106478111704e+02 2.011188520328584772e+01 3.798429863782884386e+00
1.214036601850889099e+02 2.010741395445565161e+01 3.808724134345430112e+00
1.208452739939690161e+02 1.990100863055006641e+01 3.753509410419049619e+00
1.206625246958510900e+02 1.993017573047728064e+01 3.916190080066548784e+00
1.206014349589269017e+02 1.992471664760320138e+01 3.782260580222522428e+00
1.208174066756784839e+02 1.979837787251741688e+01 3.775345741915358211e+00
1.209535717999376061e+02 1.957907871477591755e+01 3.676926276385567238e+00
1.212027659353228728e+02 1.951330976395965422e+01 3.763179785795986110e+00
1.212666632005823004e+02 1.969356348133513634e+01 3.667047935946761150e+00
1.213862951024227925e+02 1.968446500987834114e+01 3.494540917125922963e+00
1.208917541852968753e+02 1.947421233232816817e+01 3.508474576271186418e+00
1.204121867526255585e+02 1.932369761880004333e+01 3.502599563273370187e+00
1.199232089009046547e+02 1.919153582198190833e+01 3.471872725382135982e+00
1.199676614328792823e+02 1.923973172507018958e+01 3.426588333160029087e+00
1.200420609337631248e+02 1.928808360195487026e+01 3.515285432047416059e+00
1.197119163980451333e+02 1.919631901840490684e+01 3.442289695331184340e+00
1.194619423936778588e+02 1.923801601330976396e+01 3.355620255797026275e+00
1.195767391078298800e+02 1.932858479775397598e+01 3.415150254757200798e+00
1.196680357699906381e+02 1.941244670895289559e+01 3.457107205989393695e+00
1.196589892897993082e+02 1.936789019444733384e+01 3.323385671207237380e+00
1.197328688780284978e+02 1.959691171883123673e+01 3.402672351045024524e+00
1.194161900800665421e+02 1.956722470624935184e+01 3.358531766663200635e+00
1.195115940521992286e+02 1.939357387958822798e+01 3.425132577726941907e+00
1.192478943537485634e+02 1.941322657793490691e+01 3.372309452012062003e+00
1.193331080378496409e+02 1.934724966205677532e+01 3.390610377456587443e+00
1.192609961526463564e+02 1.909420817302693152e+01 3.404180097743579214e+00
1.189458251013829653e+02 1.891946552979099394e+01 3.390194447332848249e+00
1.182758656545700262e+02 1.846506186960590767e+01 3.249506082978059762e+00
1.181533222418633642e+02 1.841442237704065832e+01 3.267962982218987289e+00
1.179773318082562099e+02 1.839653738171987030e+01 3.265831340334823807e+00
1.178813039409379257e+02 1.826905479879380323e+01 3.301445357179993767e+00
1.176074659457211169e+02 1.823250493917021942e+01 3.176770302589165151e+00
1.179799313715295881e+02 1.850093584277841430e+01 3.367838203181865442e+00
1.183588957055214763e+02 1.883108037849641292e+01 3.392846001871685502e+00
1.182676510346261836e+02 1.879848185504835101e+01 3.270666528023292052e+00
1.183588437142560110e+02 1.862566288863471087e+01 3.351668919621503484e+00
1.183407507538733512e+02 1.858022252261620011e+01 3.360975356140168291e+00
1.187170635333263959e+02 1.876229593428304199e+01 3.398773006134969243e+00
1.185099823229697478e+02 1.870053031090776585e+01 3.300977435790787062e+00
1.183780284912134704e+02 1.857564729125506986e+01 3.314079234688572129e+00
1.182219507122803321e+02 1.851226993865030579e+01 3.252365602578766612e+00
1.179670375376936704e+02 1.842840802745138973e+01 3.278465217843402169e+00
1.180741395445565161e+02 1.849188936258708438e+01 3.258240615576583288e+00
1.182139960486638302e+02 1.852531974628262290e+01 3.238016013309763963e+00
1.180982634917333911e+02 1.840662368722054865e+01 3.324997400436726647e+00
1.179054278881148008e+02 1.831730269314754977e+01 3.311583653946136963e+00
1.180617656233752797e+02 1.843339918893626006e+01 3.296038265571383796e+00
1.184494644899656919e+02 1.863554122907351740e+01 3.387750857855880149e+00
1.185825101382967688e+02 1.865815742955183509e+01 3.318082562129562429e+00
1.183560881771862370e+02 1.847941145887491032e+01 3.344130186128730475e+00
1.180844858063845209e+02 1.820380576063221412e+01 3.255381095975875994e+00
1.180008318602474731e+02 1.809311635645211780e+01 3.196474992201310261e+00
1.179245606738067949e+02 1.812571487990017616e+01 3.127742539253405507e+00
1.178239055838619151e+02 1.794254965165852056e+01 3.154726006030986962e+00
1.179136425080586434e+02 1.801325777269418893e+01 3.215347821565976982e+00
1.178420505355100403e+02 1.802651554538837431e+01 3.291982946864926873e+00
1.178173026931475533e+02 1.815269834667775939e+01 3.230165332224186336e+00
1.178416865966517690e+02 1.818144951648122998e+01 3.188364354788395527e+00
1.180146095455963433e+02 1.832718103358635631e+01 3.310855776229593594e+00
1.184264843506290958e+02 1.851216595611937166e+01 3.391546220235000408e+00
1.185375376936674598e+02 1.855365498596235696e+01 3.387490901528543041e+00
1.181829052719143220e+02 1.830253717375481060e+01 3.371893521888322809e+00
1.176551419361547204e+02 1.813398149110949475e+01 3.348393469897057440e+00
1.177346365810543887e+02 1.811776021628366351e+01 3.236924196734948467e+00
1.178262451908079385e+02 1.829894977643755993e+01 3.200998232296973889e+00
1.177694187376520745e+02 1.815301029427056179e+01 3.186492669231569153e+00
1.176070500155973804e+02 1.802048455859415554e+01 3.230893209940730149e+00
1.173522408235416492e+02 1.781017988977851729e+01 3.176146407403556360e+00
1.173653946137048933e+02 1.787334927732140955e+01 3.176666320058230131e+00
1.173292606842050532e+02 1.787652074451492012e+01 3.216959550795466249e+00
1.172325569304356918e+02 1.795518352916710114e+01 3.189716127690548131e+00
1.165984194655297870e+02 1.779868982011022283e+01 3.244774877820526093e+00
1.160183009254445210e+02 1.755100343142352060e+01 3.135541229073515623e+00
1.161679837787251728e+02 1.764167619839867029e+01 3.000675886451076302e+00
1.164095871893521945e+02 1.765815742955183509e+01 2.983622751377768445e+00
1.160767910990953453e+02 1.733071643963814168e+01 3.080274513881668064e+00
1.154978683581158379e+02 1.710850577103046533e+01 2.924248726213996008e+00
1.155038993449100531e+02 1.697753977331808173e+01 2.900124779037121847e+00
1.154686492669231512e+02 1.694811271706353395e+01 2.906727669751481891e+00
1.155790267235104523e+02 1.702859519600707117e+01 2.899812831444317229e+00
1.154584589788915423e+02 1.708588957055214763e+01 2.886867006342934250e+00
1.151276905479879389e+02 1.687943225538109715e+01 2.954455651450556442e+00
1.150364458770926461e+02 1.683222418633669548e+01 2.908131433919101561e+00
1.153346677758136565e+02 1.690677966101694807e+01 3.002859519600707294e+00
1.157015181449516490e+02 1.709192055734636639e+01 3.014713528127274778e+00
1.158886347093688300e+02 1.720203805760632321e+01 2.941457835083705952e+00
1.155050431527503321e+02 1.692336487470105055e+01 2.893677862119163890e+00
1.153463138192783646e+02 1.677794530518872662e+01 2.923936778621191834e+00
1.159461370489757712e+02 1.713803680981595079e+01 2.989029842986378416e+00
1.167058854112509039e+02 1.753369034002287563e+01 3.096079858583757893e+00
1.164368826037225801e+02 1.733851512945825135e+01 3.081834251845689820e+00
1.160933243215139896e+02 1.722559010086305520e+01 2.974368306124571149e+00
1.158373193303524999e+02 1.705037953623791225e+01 3.041852968701258320e+00
1.160358739731725137e+02 1.713756888842674542e+01 2.968233336799417810e+00
1.162158157429551864e+02 1.720775709680773602e+01 3.058334199854424451e+00
1.165608817718623271e+02 1.739523760008318476e+01 3.186960590620775857e+00
1.166847769574711435e+02 1.743137152958302849e+01 3.047987938026411658e+00
1.163286887802849066e+02 1.727071851928876001e+01 3.067120723718415487e+00
1.160233960694603326e+02 1.711391286263907574e+01 3.013985650410730965e+00
1.158423104918373667e+02 1.705937402516377333e+01 2.989809711968389294e+00
1.156926796298221944e+02 1.677836123531246670e+01 3.002235624415098059e+00
1.154375064989081778e+02 1.665883331600291228e+01 2.973900384735364444e+00
1.152243423104918350e+02 1.651887282936466761e+01 3.002963502131641871e+00
1.149179057918269677e+02 1.631444317354684514e+01 2.873141312259540392e+00
1.148745450764271538e+02 1.636487470105022268e+01 2.824217531454715768e+00
1.147639076635125264e+02 1.648175106582094074e+01 2.816314859103670631e+00
1.147244982842882450e+02 1.664178018092960443e+01 2.822085889570552286e+00
1.151596131849849201e+02 1.679661016949152597e+01 2.982582926068420459e+00
1.152166995944681247e+02 1.703400228761568158e+01 3.015597379640220232e+00
1.153890506394925666e+02 1.708531766663200457e+01 2.980815223042528661e+00
1.155074347509618349e+02 1.709446812935426863e+01 3.047104086513465759e+00
1.151506186960590554e+02 1.678189664136425208e+01 2.965165852136840918e+00
1.146489549755641093e+02 1.654148902984298530e+01 2.946760944161380902e+00
1.147249662056774469e+02 1.651097015701362025e+01 2.889258604554434839e+00
1.155012477903712238e+02 1.680388894665696142e+01 3.074971404803993114e+00
1.152569408339398933e+02 1.667214307996256650e+01 3.129302277217427264e+00
1.151472912550691490e+02 1.670978475616096404e+01 2.925184568992409417e+00
1.152083809919933515e+02 1.679000727877716415e+01 2.885515233440782090e+00
1.155920765311427658e+02 1.710330664448372673e+01 2.899292918789643458e+00
1.159925652490381651e+02 1.724201934075075471e+01 3.080430487678070151e+00
1.160661328896745346e+02 1.716964749922012956e+01 3.104398461058542225e+00
1.158741291463034173e+02 1.716803576999064163e+01 3.126650722678590011e+00
1.158964853904544015e+02 1.711869605906207781e+01 2.989809711968389294e+00
1.158348237496100666e+02 1.693906623687220403e+01 2.964126026827492932e+00
1.156907039617344282e+02 1.687636477071852070e+01 3.078038889466569561e+00
1.154081314339190953e+02 1.680165332224186514e+01 2.958978891546220069e+00
1.148685140896329386e+02 1.647348445461162569e+01 2.908079442653634050e+00
1.143300925444525262e+02 1.624799833627950463e+01 2.880680045752313401e+00
1.141147447228865559e+02 1.602823125714879993e+01 2.831288343558282072e+00
1.143692939586149464e+02 1.631225954039721415e+01 2.855464282000623744e+00
1.144797234064677127e+02 1.637002183633149599e+01 2.769834667775813664e+00
1.139341790579182714e+02 1.608141832172195151e+01 2.739523760008318654e+00
1.136916398045128460e+02 1.597182073411666892e+01 2.654570032234584431e+00
1.142274617864198802e+02 1.615940521992305179e+01 2.802537173754809263e+00
1.145831860247478460e+02 1.632520536549859713e+01 2.894093792242903085e+00
1.145027555370697740e+02 1.627071851928876001e+01 2.941145887490901334e+00
1.144924092752417550e+02 1.613008214619943814e+01 2.935998752209628915e+00
1.145774669855464225e+02 1.623136113132993685e+01 2.961942393677861940e+00
1.147968701258188560e+02 1.627451388166787893e+01 2.974108349797234041e+00
1.147756576895081650e+02 1.648975772070292223e+01 2.963346157845482054e+00
1.146182801289383377e+02 1.633591556618488028e+01 2.795050431527503321e+00
1.145683165228241620e+02 1.630872413434542878e+01 2.828064885099303538e+00
1.147595403972132715e+02 1.634220650930643615e+01 2.897265259436414553e+00
1.148784444213372211e+02 1.640802745138816832e+01 2.848861391286263700e+00
1.151090256836851466e+02 1.644431735468441147e+01 2.978839554954767710e+00
1.149049599667255848e+02 1.652131641884163571e+01 2.984038681501507639e+00
1.152079130706041354e+02 1.668378912342726395e+01 2.850317146719351324e+00
1.153979931371529517e+02 1.678335239679733704e+01 2.958043048767807104e+00
1.152347925548507845e+02 1.676328376832692157e+01 2.963970053031090846e+00
1.147270978475616090e+02 1.653114276801497340e+01 2.861911198918581700e+00
1.146731829052719149e+02 1.646890922325049544e+01 3.021472392638036908e+00
1.144903296246230582e+02 1.632068212540293217e+01 2.821981907039617266e+00
1.139290839139024598e+02 1.609987522096287904e+01 2.741811375688884223e+00
1.136420401372569415e+02 1.588790683165228224e+01 2.703909743163148693e+00
1.138887906831652259e+02 1.606389726525943473e+01 2.802485182489341753e+00
1.138996568576479120e+02 1.606654881979827465e+01 2.794842466465633724e+00
1.134406779661016884e+02 1.575096183841114694e+01 2.677550171571176030e+00
1.129238847873557177e+02 1.544161380888010804e+01 2.628158469377144701e+00
1.131369969845066095e+02 1.562935426848289566e+01 2.602942705625455044e+00
1.136030466881563967e+02 1.589560153894145778e+01 2.733440781948632825e+00
1.134327233024851864e+02 1.562789851304980715e+01 2.703233856712072392e+00
1.129377664552355185e+02 1.531428719975044217e+01 2.634917333887906832e+00
1.128752729541437105e+02 1.527357803888946641e+01 2.650930643651866703e+00
1.128558282208588963e+02 1.528413226577934836e+01 2.574503483414786409e+00
1.128439742123323271e+02 1.528252053654986042e+01 2.643027971300821566e+00
1.124579910575023405e+02 1.522725382135801198e+01 2.553914942289695400e+00
1.119546116252469545e+02 1.494301757304772771e+01 2.582874077155037806e+00
1.117777373401268619e+02 1.491806176562337605e+01 2.513881667879796389e+00
1.118892586045544419e+02 1.494431735468441325e+01 2.571487990017677028e+00
1.125754393261932051e+02 1.518139752521576291e+01 2.652542372881355970e+00
1.124540917125922874e+02 1.526666320058230220e+01 2.590984714567952540e+00
1.119860143495892686e+02 1.509644379744202958e+01 2.582042216907559418e+00
1.121891442237704126e+02 1.526692315690963930e+01 2.441665800145575549e+00
1.126259748362275133e+02 1.549771238431943488e+01 2.552927108245814924e+00
1.132541333056046540e+02 1.580815223042528928e+01 2.600655089944889475e+00
1.136881563897265295e+02 1.599506082978059673e+01 2.749350109181657675e+00
1.136349173338879126e+02 1.598331080378496338e+01 2.663564521160445064e+00
1.134518040969117152e+02 1.584922533014453627e+01 2.709472808568160751e+00
1.133846833731932975e+02 1.579816990745554683e+01 2.751637724862223244e+00
1.136074659457211169e+02 1.588879068316522769e+01 2.780700842258500671e+00
1.133573359675574466e+02 1.574227929707809004e+01 2.832744098991369253e+00
1.130594780076947075e+02 1.567962982218987200e+01 2.684672974940209844e+00
1.127817406675678455e+02 1.558911302901112528e+01 2.673286887802849066e+00
1.136689716127690559e+02 1.574196734948528587e+01 2.964230009358427953e+00
1.138371633565561041e+02 1.594889258604554350e+01 2.788551523344078298e+00
1.134085473640428461e+02 1.592539253405427857e+01 2.862743059166060089e+00
1.132595403972132715e+02 1.594873661224914230e+01 2.706925236560258075e+00
1.135617656233752797e+02 1.606982426952271936e+01 2.772174274721846743e+00
1.137086929395861432e+02 1.617115524591868692e+01 2.833212020380575957e+00
1.136886243111157313e+02 1.618009774357907915e+01 2.748570240199646353e+00
1.135148175106582045e+02 1.608978891546220069e+01 2.758656545700322482e+00
1.131337215347821541e+02 1.587678070084225901e+01 2.770874493085161649e+00
1.126517105126338834e+02 1.565966517625039067e+01 2.570604138504731129e+00
1.128528127274617816e+02 1.563164188416346079e+01 2.652282416554018862e+00
1.129423936778621140e+02 1.571508786523864032e+01 2.683997088489133986e+00
1.124150462722262631e+02 1.551835291670999339e+01 2.626234792554850817e+00
1.121719351149006911e+02 1.542799209732764965e+01 2.621607569928252168e+00
1.120267755017157185e+02 1.544041800977435841e+01 2.535717999376104981e+00
1.118789123427264229e+02 1.541177082250182018e+01 2.506758864510762130e+00
1.118319122387438966e+02 1.538088801081418389e+01 2.546896121451596162e+00
1.114675574503483375e+02 1.525132577726941818e+01 2.455131537901632743e+00
1.111460954559634047e+02 1.510231881043984536e+01 2.440573983570760053e+00
1.112457107205989359e+02 1.518269730685244845e+01 2.461838411146927363e+00
1.108766247270458507e+02 1.497873557242383313e+01 2.476032026619527926e+00
1.106561297701986035e+02 1.490797546012269947e+01 2.370541748986170205e+00
1.111809815950920211e+02 1.502277217427472245e+01 2.471508786523863854e+00
1.117778933139232578e+02 1.500348341478631653e+01 2.667983778725174115e+00
1.116258708536965827e+02 1.479489445773110035e+01 2.595455963398149102e+00
1.113947176874285105e+02 1.469247166476032085e+01 2.493969013205781238e+00
1.111661640844338166e+02 1.457653114276801531e+01 2.575387334927732308e+00
1.107192991577415029e+02 1.444249766039305349e+01 2.544972444629302277e+00
1.102077051055422743e+02 1.428465217843402257e+01 2.590672766975148367e+00
1.095655089944889227e+02 1.406452116044504486e+01 2.479099511282104817e+00
1.094356348133513563e+02 1.404102110845377993e+01 2.404752001663720495e+00
1.095910367058334174e+02 1.417479463450140464e+01 2.484610585421649365e+00
1.093822917749818089e+02 1.423021732348965429e+01 2.382863678901944393e+00
1.095323385671207177e+02 1.428844754081314328e+01 2.311531662680669452e+00
1.097208588957055184e+02 1.429515441405843745e+01 2.340438806280544792e+00
1.091662160756992819e+02 1.409457211188520276e+01 2.267495060829780584e+00
1.089557034418217683e+02 1.396958510970157086e+01 2.269314755121139449e+00
1.093881147967141487e+02 1.411495268794842417e+01 2.315171051263387625e+00
1.095492877196630985e+02 1.420032234584589759e+01 2.286419881459914816e+00
1.088997088489133773e+02 1.400759072475824141e+01 2.287927628158469506e+00
1.087738379952168088e+02 1.398029531038785400e+01 2.191171883123635311e+00
1.090224082354164494e+02 1.405667047935946812e+01 2.238275969637101070e+00
1.094533118436102797e+02 1.435114900696683016e+01 2.299937610481439076e+00
1.093606114172819019e+02 1.429499844026203625e+01 2.279401060621815578e+00
1.093010294270562497e+02 1.432161796818134469e+01 2.265935322865758383e+00
1.093197462826245214e+02 1.436716231673078958e+01 2.235208484974524179e+00
1.092897473224498270e+02 1.438239575751273769e+01 2.131173962774254083e+00
1.094175938442341618e+02 1.430965997712384308e+01 2.333212020380575957e+00
1.094043360715399871e+02 1.429931371529583117e+01 2.440470001039825476e+00
1.090090984714567952e+02 1.423676822293854549e+01 2.529479047520016621e+00
1.088810959758760504e+02 1.401908079442653587e+01 2.595299989601747015e+00
1.092119683893105986e+02 1.421467193511490024e+01 2.623791203077882717e+00
1.090752833523967951e+02 1.405464282000623832e+01 2.408443381511906178e+00
1.083210980555266758e+02 1.380591660601018944e+01 2.319226369969844992e+00
1.079155661848809444e+02 1.365763751689716088e+01 2.210772590204845400e+00
1.080148175106582045e+02 1.370557346365810503e+01 2.068368514089633070e+00
1.077709784756160900e+02 1.358349797234064660e+01 2.037641676198398866e+00
1.075421649162940696e+02 1.346230633253613362e+01 2.025475720079026765e+00
1.073084121867526193e+02 1.336742227305812669e+01 2.042736820214204219e+00
1.072532494540917156e+02 1.338021212436310670e+01 2.023967973380472074e+00
1.074342830404492020e+02 1.344650098783404424e+01 2.223562441509826293e+00
1.081602370801705320e+02 1.378584797753977398e+01 2.283352396797337924e+00
1.084776437558490159e+02 1.394275761672039060e+01 2.231205157533534322e+00
1.083777165436206786e+02 1.389924092752417550e+01 2.154466049703649855e+00
1.078425184568992421e+02 1.358781324737444152e+01 2.180721638764687498e+00
1.082319330352500799e+02 1.388405947800769447e+01 2.222054694811271602e+00
1.085269834667775797e+02 1.393610273474056349e+01 2.290007278777165478e+00
1.085741915358219813e+02 1.397598003535406086e+01 2.216803576999064163e+00
1.083436622647395211e+02 1.399308516169283578e+01 2.271914318394509635e+00
1.085685244878860374e+02 1.414531558698138625e+01 2.134917333887906832e+00
1.085133617552251195e+02 1.410642612041177024e+01 2.299053758968493177e+00
1.082170635333263959e+02 1.414146823333680025e+01 2.280648850993033161e+00
1.082801289383383647e+02 1.412810647811167719e+01 2.287095767910991118e+00
1.086782260580222470e+02 1.427685348861391290e+01 2.271862327129042125e+00
1.091280024955807448e+02 1.438431943433503157e+01 2.349641260268275023e+00
1.092583965893729783e+02 1.440100863055006819e+01 2.331964230009358374e+00
1.093564001247790429e+02 1.440589580950400261e+01 2.378028491213476148e+00
1.096948112717063566e+02 1.452344806072579786e+01 2.433815119059997922e+00
1.102061973588437098e+02 1.486570656129770285e+01 2.398461058542165070e+00
1.101593532286575794e+02 1.493766247270458614e+01 2.423832796090256814e+00
1.102821046064261168e+02 1.495575543308724065e+01 2.447956743267130975e+00
1.100011438078402790e+02 1.483534366226473900e+01 2.478943537485702286e+00
1.101707913070604121e+02 1.474477487782052698e+01 2.585265675366538396e+00
1.102904752001663695e+02 1.493943017573047705e+01 2.523136113132993685e+00
1.131069460330664498e+02 1.621020068628470412e+01 2.887646875324945572e+00
1.145118020172611040e+02 1.704039721326817158e+01 3.071695955079546625e+00
1.147433711136529126e+02 1.715321825933243360e+01 3.106998024331912411e+00
1.158087761256108905e+02 1.759306436518664896e+01 3.216751585733596652e+00
1.173215139856504123e+02 1.820219403140272263e+01 3.400540709160861041e+00
1.174851824893417955e+02 1.833690340022875986e+01 3.419205573463658165e+00
1.175793906623687235e+02 1.840054070916086104e+01 3.376520744514921457e+00
1.173357595923884844e+02 1.830295310387854713e+01 3.261100135177290138e+00
1.172107725902048401e+02 1.813736092336487360e+01 3.362171155245918808e+00
1.170450764271602395e+02 1.811957991057502326e+01 3.337735260476240029e+00
1.166319018404907979e+02 1.806732868878028597e+01 3.290527191431839249e+00
1.163386711032546543e+02 1.781896641364250655e+01 3.269106790059269851e+00
1.162055214723926326e+02 1.762509098471456781e+01 3.219143183945097242e+00
1.161628366434438959e+02 1.781517105126338762e+01 3.229333471976707948e+00
1.162377040657169545e+02 1.789612145159613021e+01 3.240667567848601216e+00
1.161338255173130847e+02 1.796630965997712437e+01 3.211916398045128407e+00
1.160797546012269947e+02 1.787652074451492012e+01 3.241187480503275431e+00
1.162106686076739095e+02 1.791234272642196146e+01 3.245658729333471992e+00
1.164096911718831251e+02 1.806764063637308837e+01 3.269366746386606959e+00
1.168296246230633244e+02 1.824415098263491686e+01 3.382291774981803112e+00
1.166216595611937237e+02 1.804679213892066159e+01 3.371997504419257385e+00
1.163934698970573010e+02 1.795123219299157569e+01 3.315586981387126819e+00
1.164161900800665421e+02 1.796641364250805850e+01 3.386451076219195055e+00
1.163791722990537636e+02 1.795320786107933841e+01 3.427940106062181691e+00
1.157200270354580454e+02 1.761380888010814161e+01 3.217739419777477572e+00
1.149378704377664491e+02 1.713444941249870013e+01 3.118488094000207766e+00
1.147117084329832579e+02 1.704570032234584431e+01 3.027243423104918563e+00
1.153475616096495742e+02 1.733877508578558846e+01 3.191795778309244103e+00
1.170294270562545478e+02 1.813834875740875674e+01 3.366746386607049946e+00
1.172592804408859308e+02 1.825673286887802860e+01 3.508422585005718908e+00
1.168362275137776862e+02 1.795736716231673213e+01 3.429187896433399274e+00
1.167591764583550002e+02 1.802958303005095075e+01 3.451128210460642443e+00
1.172344286159925133e+02 1.813309763959654930e+01 3.421181241551419561e+00
1.178124675054590824e+02 1.863933659145263633e+01 3.439066236872205362e+00
1.179309555994592955e+02 1.864396381407923542e+01 3.474108349797234041e+00
1.176696474992201331e+02 1.862181553499012310e+01 3.452168035769990428e+00
1.176505667047935901e+02 1.862644275761671864e+01 3.409951128210460425e+00
1.175449204533638294e+02 1.858474576271186507e+01 3.364198814599147269e+00
1.175915046272226334e+02 1.852220027035458116e+01 3.431423520848497333e+00
1.178361235312467556e+02 1.850883851512945810e+01 3.459966725590100989e+00
1.179308516169283507e+02 1.862852240823541550e+01 3.398305084745762539e+00
1.176595092024539895e+02 1.847499220131017950e+01 3.365914526359571557e+00
1.176440677966101731e+02 1.852859519600707117e+01 3.419829468649266957e+00
1.176218155349901195e+02 1.866907559529999006e+01 3.382707705105542306e+00
1.176324217531454650e+02 1.865581782260580113e+01 3.378912342726422047e+00
1.176500987834043883e+02 1.861916398045128318e+01 3.348497452427992016e+00
1.176117292294894412e+02 1.869912654674014618e+01 3.354736404284080376e+00
1.170988353956535235e+02 1.826312779453051860e+01 3.429759800353540555e+00
1.170523552043256785e+02 1.826629926172402918e+01 3.429031922636997187e+00
1.174811271706353324e+02 1.851757304772798207e+01 3.318238535925964516e+00
1.173662784652178459e+02 1.842794010606218080e+01 3.300405531870645781e+00
1.169062597483622739e+02 1.819600707081210444e+01 3.273006134969325132e+00
1.162999376104814360e+02 1.783503171467193482e+01 3.197826765103462421e+00
1.156731309140064496e+02 1.748071124051159231e+01 3.219663096599771457e+00
1.154823749610065562e+02 1.760637412914630318e+01 3.051679317874596897e+00
1.157364042840802796e+02 1.769231569096391965e+01 3.154777997296454028e+00
1.158087761256108905e+02 1.768831236352292891e+01 3.230529271082458020e+00
1.156499428096079924e+02 1.771815534990121677e+01 3.116616408443381392e+00
1.158607673910782978e+02 1.785759592388478723e+01 3.098939378184465188e+00
1.156905999792034976e+02 1.796760944161380991e+01 3.140896329416658084e+00
1.152982218987210103e+02 1.777539773318082439e+01 3.134813351356971811e+00
1.153787563689300129e+02 1.788775085785588104e+01 3.098315482998856396e+00
1.153945097223666494e+02 1.781459914734324457e+01 3.177810127898513137e+00
1.153096599771238431e+02 1.766351252989497667e+01 3.058178226058022364e+00
1.152535094104190563e+02 1.765004679213891947e+01 3.098263491733388886e+00
1.150999272122283514e+02 1.766715191847769617e+01 3.120723718415306269e+00
1.153005615056670479e+02 1.781725070188208448e+01 3.167567848601434921e+00
1.154803992929187899e+02 1.792554850785068155e+01 3.101434958926900354e+00
1.151686596651762500e+02 1.768035769990641626e+01 3.132681709472808773e+00
1.153014453571800004e+02 1.765976915878132303e+01 3.135177290215243939e+00
1.155809504003327390e+02 1.775376936674638628e+01 3.200894249766039312e+00
1.158033690340022872e+02 1.789679733804720740e+01 3.319954247686388804e+00
1.158014453571800004e+02 1.790085265675366699e+01 3.211500467921389212e+00
1.158561921597171676e+02 1.793703857751897601e+01 3.246958510970157086e+00
1.159138504731205188e+02 1.800738275969636959e+01 3.125662888634709535e+00
1.160630654050119546e+02 1.814463970053031261e+01 3.192887594884059599e+00
1.160876052823125661e+02 1.814739523760008311e+01 3.176874285120099728e+00
1.158919101590932712e+02 1.800431527503379314e+01 3.127482582926068400e+00
1.151277945305188695e+02 1.777394197774773943e+01 3.053551003431423716e+00
1.149533638348757449e+02 1.768914422377040552e+01 3.055526671519184667e+00
1.149256524903816228e+02 1.756472912550691490e+01 3.072683789123427101e+00
1.148598835395653595e+02 1.759613184984922540e+01 3.117084329832588097e+00
1.143116876364770746e+02 1.737698866590412905e+01 3.162472704585629568e+00
1.137560569824269550e+02 1.703592596443797547e+01 2.947124883019652586e+00
1.136747426432359305e+02 1.693802641156285915e+01 2.992773214100031165e+00
1.138276489549755581e+02 1.704528439222210778e+01 2.967869397941145682e+00
1.140970676926276326e+02 1.711209316834771599e+01 3.017261100135177454e+00
1.141767183113236968e+02 1.719034002287615692e+01 2.983310803784964271e+00
1.141833212020380586e+02 1.717536653842154593e+01 2.995788707497140546e+00
1.140246958510970217e+02 1.710808984090672880e+01 2.957835083705937507e+00
1.143243215139856517e+02 1.714838307164396269e+01 2.987834043880627899e+00
1.144201414162420747e+02 1.720656129770198461e+01 3.018508890506395037e+00
1.146054382863678853e+02 1.733123635229281589e+01 3.018352916709992506e+00
1.146667359883539632e+02 1.733513569720286895e+01 2.972340646771342243e+00
