1.213072942235313434e+02 3.700278186876125375e+01 1.482011945671739461e+01
1.213004418262150210e+02 3.689457535591556336e+01 1.485669284896088982e+01
1.215339347079037822e+02 3.683605383734249727e+01 1.483607429225985896e+01
1.217038127965962957e+02 3.684219031255113919e+01 1.487594092619865904e+01
1.220673375879561462e+02 3.690120274914089293e+01 1.481453526427753253e+01
1.223409425625920477e+02 3.688058419243986208e+01 1.469190803469154005e+01
1.226378865979381487e+02 3.680289641629848063e+01 1.449447717231222299e+01
1.229350351824578667e+02 3.666701440026182013e+01 1.441529618720340444e+01
1.233071510391097974e+02 3.667417362133856784e+01 1.461397479954180945e+01
1.235649034527900483e+02 3.672089265259368318e+01 1.456191703485517941e+01
1.236448412698412653e+02 3.673995663557519009e+01 1.451577074128620559e+01
1.237201971854033644e+02 3.673586565210276689e+01 1.455970790378006896e+01
1.233222263132056895e+02 3.710194730813287833e+01 1.453233922434953307e+01
1.228822614956635562e+02 3.733809932907870888e+01 1.425787514318442106e+01
1.224668016691212529e+02 3.722950417280313928e+01 1.425405007363770338e+01
1.219276100474554028e+02 3.717333496972672435e+01 1.414764359351988254e+01
1.214788496154475581e+02 3.708071510391098258e+01 1.423437244313532979e+01
1.219122484045164470e+02 3.667871461299296243e+01 1.450871379479626988e+01
1.223027327769595871e+02 3.641018245786287366e+01 1.459306987399770961e+01
1.227532114220258563e+02 3.628814842088038262e+01 1.462242268041237025e+01
1.230352029127802354e+02 3.627626411389297800e+01 1.472782686957944698e+01
1.230959540173457754e+02 3.630602601865488310e+01 1.474862952053673659e+01
1.222585092456226477e+02 3.684180166912125998e+01 1.455942153493699820e+01
1.215770536737031620e+02 3.720248322696776455e+01 1.449459990181639668e+01
1.213135943380788717e+02 3.734057437407953017e+01 1.442006218294878117e+01
1.210661716576665015e+02 3.738741613483881565e+01 1.428792341678939692e+01
1.209441785305187409e+02 3.750018409425626231e+01 1.429086892488954419e+01
1.209332351497299953e+02 3.741740304369170644e+01 1.435129275077728650e+01
1.210573760432007901e+02 3.734216985763377750e+01 1.431007609229258648e+01
1.212529455081001544e+02 3.729594174439534982e+01 1.432065128456881098e+01
1.215849492718049447e+02 3.724406807396498209e+01 1.433940844378988722e+01
1.216833987890688888e+02 3.737144084437898783e+01 1.451212976599574489e+01
1.214864792996236247e+02 3.753291196203567637e+01 1.456598756341024448e+01
1.215176116838487985e+02 3.755320324005891308e+01 1.452875961381116099e+01
1.215093478972344911e+02 3.758490836197021423e+01 1.450570692194403577e+01
1.214513172966781269e+02 3.771731304205530932e+01 1.445853788250695438e+01
1.214962976599574489e+02 3.780995336278841279e+01 1.451722304041891753e+01
1.217285427916871186e+02 3.780128047782687162e+01 1.453512109311078326e+01
1.218051464572083091e+02 3.781338978890525482e+01 1.450247504500081774e+01
1.219466740304369239e+02 3.790132547864506307e+01 1.461303387334315218e+01
1.218076828669612155e+02 3.791566437571592019e+01 1.459883816069383045e+01
1.215662534773359482e+02 3.777833006054655840e+01 1.446596301750940938e+01
1.212182948780886989e+02 3.745767877597774742e+01 1.453741204385534225e+01
1.210491940762559295e+02 3.728622565864834115e+01 1.436262477499590950e+01
1.211304614629356848e+02 3.720534691539846506e+01 1.437667730322369586e+01
1.212282359679266932e+02 3.728775977745049630e+01 1.442775323187694347e+01
1.212490590738013481e+02 3.725959335624283852e+01 1.433531746031746046e+01
1.212906439207985585e+02 3.724275895925380553e+01 1.429851906398298134e+01
1.214465922107674629e+02 3.737819096710849465e+01 1.446119702176403266e+01
1.215532236949762677e+02 3.755040091638029764e+01 1.454281214203894557e+01
1.214668221240386146e+02 3.761665439371624586e+01 1.446759941089838009e+01
1.213620111274750428e+02 3.765189821633120459e+01 1.442063492063492092e+01
1.212768368515791195e+02 3.772211994763541298e+01 1.464189576174112339e+01
1.212036491572574022e+02 3.783595156275568883e+01 1.468106692848960826e+01
1.213124284077892270e+02 3.785685648829979044e+01 1.463095238095238138e+01
1.214364056619211283e+02 3.782779005072819700e+01 1.461368843069874046e+01
1.215788127965962957e+02 3.783582883325151158e+01 1.468331696939944386e+01
1.214768654884634316e+02 3.796264932089674460e+01 1.472574046800850844e+01
1.214536900670921256e+02 3.813847979054164483e+01 1.461444526264113897e+01
1.212835869743086192e+02 3.817384634266077370e+01 1.455424644084437880e+01
1.212658321060382889e+02 3.821371297659957378e+01 1.462876370479463262e+01
1.213575724104074567e+02 3.827425953199148978e+01 1.448922025855015505e+01
1.215186548846342731e+02 3.818928980526918338e+01 1.460119047619047628e+01
1.216108042873506747e+02 3.822709049255441016e+01 1.464228440517100260e+01
1.216703280968744849e+02 3.836867943053510288e+01 1.468568973981345138e+01
1.216208476517754917e+02 3.848562019309441951e+01 1.472389952544591729e+01
1.216453935526100452e+02 3.843552610047455431e+01 1.475480690558010188e+01
1.215639829815087580e+02 3.839567992145311592e+01 1.470745377188676173e+01
1.212022377679594172e+02 3.828894616265750273e+01 1.467124856815578404e+01
1.209600924562264765e+02 3.807711503845524703e+01 1.461892488954344671e+01
1.208412698412698347e+02 3.777978235967926679e+01 1.457967190312551153e+01
1.208382425135002478e+02 3.767435771559483015e+01 1.450028636884307076e+01
1.209728358697430792e+02 3.766423253150057349e+01 1.450362052037309724e+01
1.210079160530191444e+02 3.775760922925871199e+01 1.446350842742595333e+01
1.209832065128456833e+02 3.781625347733594822e+01 1.458042873506791004e+01
1.210500327278677730e+02 3.786651120929471404e+01 1.458899934544264454e+01
1.212138357061037510e+02 3.787473408607429093e+01 1.451170021273114052e+01
1.213811160202912731e+02 3.790568237604320245e+01 1.447443135329733188e+01
1.214183439698903584e+02 3.786178612338406424e+01 1.446273114056619136e+01
1.214468376697758174e+02 3.781015791196203679e+01 1.441959171984945165e+01
1.213960890198003568e+02 3.781124202258222766e+01 1.445524464081165128e+01
1.214566969399443650e+02 3.781633529700540208e+01 1.445270823105874669e+01
1.215877515954835530e+02 3.774259531991490491e+01 1.443806251022745890e+01
1.216945058091965279e+02 3.777202994599901587e+01 1.456431026018654862e+01
1.218754090983472480e+02 3.780970790378006541e+01 1.453673703158239228e+01
1.219908157421044024e+02 3.786841351660939381e+01 1.446721076746849910e+01
1.221206635575192223e+02 3.782067173948617267e+01 1.448562019309441951e+01
1.226619211258386457e+02 3.771262886597938291e+01 1.468890116183930594e+01
1.229857838324333130e+02 3.764995499918180144e+01 1.475572737686139746e+01
1.231637211585665170e+02 3.760078137784323360e+01 1.486055882834233266e+01
1.233521927671412186e+02 3.760462690230731653e+01 1.484118802160039330e+01
1.234402102765504878e+02 3.765420962199312527e+01 1.493311242022582164e+01
1.233224513172966823e+02 3.787890688921616800e+01 1.483247422680412342e+01
1.229994681721485819e+02 3.782500818196694325e+01 1.474316805760104643e+01
1.226062223858615567e+02 3.774748404516445532e+01 1.467178039600720041e+01
1.222067173948617267e+02 3.756825805923744355e+01 1.456713303878252397e+01
1.219348101783668739e+02 3.740746195385370498e+01 1.451360252004581852e+01
1.218445426280477761e+02 3.736982490590737882e+01 1.441922353133693413e+01
1.218559564719358548e+02 3.738670021273114230e+01 1.443319423989527017e+01
1.217978645066273913e+02 3.741089837997054701e+01 1.448823842251677263e+01
1.217730731467844834e+02 3.761268613974799280e+01 1.448862706594665362e+01
1.218184626084110675e+02 3.765085501554573710e+01 1.452211176566846618e+01
1.220507895598101840e+02 3.763500245459008653e+01 1.444301260022909439e+01
1.220070569464899393e+02 3.768206921944035059e+01 1.433210603829160590e+01
1.219630379643266309e+02 3.770364915725740218e+01 1.443724431353297355e+01
1.219458558337424279e+02 3.775476599574538028e+01 1.439707085583374280e+01
1.219291032564228487e+02 3.763015463917525949e+01 1.432762641138929816e+01
1.218764113892979850e+02 3.757776959581083531e+01 1.433961299296350766e+01
1.219706471935853358e+02 3.769000572737686383e+01 1.440249140893470781e+01
1.218942480772377621e+02 3.774619538537064045e+01 1.442754868270332125e+01
1.219888520700376375e+02 3.780310096547209753e+01 1.438074783177875915e+01
1.220386802487317937e+02 3.776055473735885926e+01 1.433507200130911485e+01
1.220773400425462256e+02 3.784264032073310347e+01 1.444403534609720197e+01
1.221003722794959856e+02 3.791024382261495873e+01 1.447277450499099949e+01
1.221930535100638195e+02 3.804076665030273574e+01 1.451454344624447756e+01
1.221755236458844678e+02 3.804547128129602385e+01 1.447164948453608169e+01
1.221589347079037822e+02 3.811244068073965252e+01 1.452137538864342936e+01
1.223335174275895980e+02 3.813150466372115943e+01 1.460736786123383979e+01
1.222741777123220430e+02 3.814226395025364269e+01 1.452790050728195048e+01
1.222892734413352969e+02 3.792859188348879229e+01 1.441300523645884546e+01
1.220975904107347390e+02 3.766584846997218250e+01 1.436213385697921829e+01
1.217913393879888702e+02 3.747283586974308633e+01 1.434133120602192690e+01
1.214925135002454653e+02 3.732324905907380241e+01 1.439715267550319133e+01
1.212777573228604098e+02 3.728661430207822036e+01 1.426834806087383356e+01
1.213414743904434658e+02 3.730156684666994238e+01 1.420027409589265233e+01
1.213484086074292208e+02 3.729847815414825618e+01 1.423120193094419861e+01
1.214105301914580224e+02 3.734775405007363958e+01 1.432746277205040109e+01
1.214900589101620056e+02 3.734714040255277467e+01 1.425247504500081774e+01
1.215867902143675394e+02 3.730385779741450136e+01 1.432529455081001402e+01
1.215715308460153778e+02 3.739907543773523457e+01 1.429573719522173114e+01
1.214475331369661291e+02 3.741687121584028830e+01 1.429332351497300024e+01
1.214111029291441639e+02 3.729692358042873224e+01 1.421469481263295620e+01
1.213379356897398083e+02 3.728103010963835828e+01 1.416891670757650168e+01
1.212012968417607652e+02 3.746575846833578538e+01 1.420250368188512446e+01
1.210675012272950397e+02 3.760266323024055168e+01 1.420074455899198185e+01
1.210125388643429858e+02 3.759943135329733366e+01 1.417231222385861500e+01
1.211601006381934269e+02 3.761765668466699708e+01 1.419673539518900363e+01
1.212327974144984495e+02 3.765740058910161991e+01 1.430451235477008609e+01
1.212563001145475425e+02 3.772704958271968678e+01 1.434137211585665206e+01
1.212223449517263987e+02 3.775073637702503504e+01 1.432791278023236714e+01
1.212331246931762365e+02 3.775049091801669476e+01 1.439772541318933108e+01
1.212876575028636950e+02 3.787350679103256113e+01 1.439066846669939537e+01
1.213951480936017049e+02 3.796160612011127711e+01 1.445356733758795542e+01
1.215035182457862817e+02 3.790247095401734612e+01 1.441836442480772362e+01
1.215807969235804222e+02 3.780520782196040130e+01 1.438303878252331813e+01
1.214585992472590448e+02 3.771653575519555091e+01 1.428235967926689653e+01
1.210883038782523329e+02 3.756381934216985741e+01 1.429665766650302672e+01
1.207703526427753218e+02 3.727229585992472494e+01 1.430426689576174049e+01
1.205862379315987596e+02 3.709587219767632149e+01 1.424290214367533913e+01
1.205851333660611999e+02 3.707946735395189108e+01 1.444241940762559295e+01
1.204767018491245238e+02 3.711188839797087269e+01 1.429935771559482838e+01
1.207612706594665326e+02 3.695759695630829356e+01 1.424907952871870442e+01
1.214471240386188811e+02 3.673173375879561320e+01 1.431948535427916802e+01
1.217143879888725309e+02 3.675087956144657397e+01 1.434797905416462172e+01
1.218362174766813979e+02 3.673615202094583765e+01 1.441036655211912887e+01
1.218218172148584557e+02 3.675267959417443819e+01 1.445861970217640291e+01
1.218601497299950864e+02 3.665625511372934398e+01 1.432920144002618201e+01
1.222026264113893035e+02 3.646416298478153806e+01 1.445551055473735858e+01
1.225141957126493253e+02 3.627237767959417170e+01 1.454723040418916646e+01
1.226726190476190510e+02 3.630344869906725336e+01 1.452213222058582964e+01
1.227298519063982951e+02 3.630815333006054857e+01 1.451384797905416413e+01
1.227369088528882344e+02 3.637671821305841746e+01 1.459971772214040264e+01
1.224168303060055649e+02 3.651793896252659266e+01 1.454264850270004850e+01
1.222172721322205859e+02 3.677225495009000156e+01 1.451266159384716126e+01
1.220525486827033177e+02 3.695735149729995328e+01 1.448382016036655173e+01
1.221693462608411096e+02 3.692986008836524547e+01 1.447711094747177185e+01
1.222255768286696167e+02 3.685290868924889196e+01 1.451288659793814517e+01
1.220470667648502712e+02 3.711415889379806998e+01 1.452108901980036038e+01
1.216431230567828550e+02 3.740048682703321958e+01 1.449177712322042133e+01
1.214416421207658345e+02 3.749073392243495562e+01 1.449973408607429270e+01
1.212371543118965747e+02 3.730680330551464863e+01 1.441331206021927613e+01
1.210804491899852735e+02 3.710841106201930728e+01 1.428330060546555380e+01
1.208283014236622535e+02 3.685217231222385692e+01 1.427182539682539719e+01
1.206060792014400249e+02 3.668759204712812760e+01 1.421984945180821391e+01
1.207744027164130216e+02 3.651869579446898939e+01 1.417930780559646564e+01
1.209651039109802042e+02 3.645888561610210843e+01 1.419307396498118123e+01
1.210775855015545801e+02 3.650206594665357329e+01 1.426215022091310836e+01
1.215124979545082624e+02 3.640447553591883434e+01 1.431531255113729273e+01
1.217802119129438694e+02 3.631439207985599893e+01 1.434709949271804952e+01
1.219772132220585803e+02 3.627526182294223389e+01 1.431721485845197250e+01
1.221728849615447530e+02 3.617947144493535916e+01 1.446755850106365493e+01
1.220874243168057660e+02 3.621328342333497119e+01 1.443881934216985741e+01
1.222080674194076266e+02 3.612902961872033814e+01 1.436289068892161680e+01
1.223935117002127271e+02 3.607736049746358731e+01 1.444284896089019732e+01
1.225567623956799252e+02 3.616220749468172357e+01 1.440537555228276823e+01
1.226932171494027131e+02 3.624067255768286344e+01 1.446136066110292973e+01
1.228198126329569675e+02 3.635820651284569038e+01 1.458439698903616488e+01
1.219169939453444584e+02 3.684630175094092408e+01 1.434644493536246124e+01
1.214470831287841577e+02 3.707402634593356083e+01 1.436704303714613040e+01
1.213361561119293128e+02 3.719123302241858653e+01 1.419108983799705470e+01
1.212416543937162459e+02 3.726824578628702511e+01 1.414473899525445866e+01
1.212529045982654168e+02 3.737686139747995639e+01 1.416981672394043557e+01
1.219438307969235780e+02 3.717006218294878295e+01 1.430788741613483950e+01
1.224692562592047125e+02 3.704252577319587658e+01 1.446823351333660668e+01
1.227108288332515116e+02 3.681314432989690744e+01 1.449239077074128623e+01
1.226528391425298707e+02 3.662305678285059685e+01 1.445778105056455587e+01
1.223677385043364438e+02 3.639580265095729317e+01 1.456005563737522479e+01
1.221462526591392503e+02 3.613780477826869486e+01 1.432856733758795542e+01
1.221753190967108509e+02 3.588297741777122951e+01 1.428242104401898160e+01
1.222825028636884355e+02 3.575429553264604721e+01 1.415011863852070029e+01
1.224438921616756630e+02 3.571688348879070674e+01 1.429567583046964430e+01
1.225826583210603786e+02 3.568290787105220119e+01 1.424623629520536738e+01
1.222147561773850413e+02 3.586550891834396992e+01 1.413072737686139746e+01
1.218835297005400093e+02 3.613580019636720664e+01 1.409333578792341690e+01
1.217342701685485196e+02 3.628655293732613529e+01 1.406709212894779881e+01
1.217094992636229733e+02 3.631801260022909617e+01 1.408106283750613663e+01
1.215804287350679118e+02 3.632680821469481458e+01 1.405340778923253175e+01
1.220714694812632928e+02 3.611747259041073477e+01 1.418382834233349676e+01
1.223824046800850880e+02 3.595847651775486753e+01 1.434953362788414388e+01
1.228835706103747327e+02 3.572453362788414211e+01 1.428518245786287011e+01
1.231638234331533255e+02 3.568059646539028051e+01 1.436726804123711254e+01
1.232560751104565497e+02 3.580526918671248637e+01 1.447639502536409672e+01
1.233161307478317781e+02 3.585583374243167754e+01 1.436403616429389629e+01
1.233614179348715396e+02 3.583411062019309412e+01 1.427004581901489111e+01
1.233926730486008836e+02 3.586808623793159967e+01 1.429152348224513247e+01
1.235145229913271123e+02 3.593867615774832558e+01 1.424875225004091028e+01
1.236031746031746081e+02 3.600186139747995639e+01 1.426540255277368630e+01
1.236068564882997833e+02 3.597079037800687473e+01 1.424159302896416257e+01
1.237325724104074567e+02 3.600004090983472338e+01 1.433028555064637466e+01
1.237742799869088515e+02 3.593593519882179521e+01 1.431130338733431451e+01
1.236071224022254995e+02 3.576546391752577136e+01 1.418114874815905679e+01
1.232013172966781269e+02 3.550286368843070051e+01 1.413549337260677419e+01
1.228473244968090370e+02 3.533120602192767024e+01 1.411822942235313327e+01
1.225607511045655400e+02 3.520657421044018776e+01 1.411518163966617578e+01
1.224279168712158423e+02 3.509587219767632149e+01 1.405328505972835806e+01
1.224929839633447841e+02 3.502333906071019243e+01 1.400580919653084599e+01
1.226367820324005891e+02 3.496616756668303339e+01 1.405310096547209930e+01
1.227111765668466745e+02 3.504747586319751207e+01 1.399318851251840989e+01
1.226336728849615412e+02 3.514052528227785643e+01 1.398314514809360176e+01
1.227285223367697569e+02 3.526605711012927458e+01 1.397504500081819678e+01
1.226815169366715708e+02 3.532885370643102618e+01 1.396295614465717527e+01
1.224691335297005423e+02 3.539962772050400730e+01 1.403542791687121571e+01
1.225099001800032710e+02 3.535669284896088982e+01 1.402184585174275888e+01
1.225252618229422410e+02 3.524556128293241386e+01 1.396442889870724890e+01
1.226491572574046813e+02 3.528581656030109315e+01 1.397273359515627611e+01
1.226045041728031464e+02 3.531134429716903611e+01 1.400372279495990924e+01
1.226201112747504567e+02 3.544025118638520411e+01 1.399001800032727871e+01
1.216255113729340565e+02 3.603084601538209597e+01 1.402751186385206950e+01
1.211867738504336387e+02 3.627018900343642827e+01 1.400239322533136921e+01
1.210368802160039223e+02 3.645706512845688252e+01 1.380815333006054679e+01
1.207119333987890712e+02 3.654536900670921540e+01 1.402589592538046226e+01
1.206447799050891803e+02 3.670096956308296399e+01 1.401092292587138033e+01
1.217195835378825137e+02 3.626722304041891931e+01 1.405465553919162147e+01
1.221988831615120290e+02 3.607114220258549864e+01 1.424779086892488955e+01
1.225155457371952252e+02 3.591948944526264142e+01 1.423782932416952995e+01
1.225925994108983730e+02 3.572326542300768892e+01 1.426546391752577314e+01
1.225517713958435593e+02 3.543894207167402755e+01 1.424554082801505395e+01
1.218316764850270033e+02 3.532956962853869953e+01 1.414130256913762018e+01
1.214977499590901715e+02 3.526910489281623029e+01 1.395913107511045581e+01
1.214655948289968848e+02 3.528041646211749338e+01 1.391611438389788979e+01
1.213234331533300576e+02 3.539228440517100438e+01 1.372220176730485974e+01
1.213331287841597117e+02 3.537068401243659110e+01 1.374288168875797744e+01
1.215445508100147265e+02 3.534503354606447090e+01 1.385994518082146953e+01
1.216824987727049603e+02 3.534544264441171890e+01 1.393847160857470158e+01
1.217009695630829640e+02 3.538721158566519165e+01 1.392542137129765933e+01
1.216391138929798785e+02 3.530907380134184592e+01 1.398574292259859320e+01
1.216555187367043089e+02 3.521209703812796477e+01 1.394880134184257869e+01
1.218367697594501777e+02 3.516995990836196739e+01 1.387815005727376949e+01
1.217985190639829796e+02 3.507599001800032568e+01 1.384247668139420639e+01
1.219390034364261197e+02 3.492630093274423331e+01 1.381003518245786310e+01
1.221255522827687798e+02 3.497678366879397771e+01 1.387150220913107468e+01
1.221711462935689809e+02 3.513786614302077993e+01 1.395559237440680711e+01
1.222699639993454497e+02 3.518178285059728694e+01 1.391811896579937802e+01
1.223834887907052860e+02 3.507382179675994394e+01 1.382932416953035570e+01
1.224917771232204160e+02 3.510771559482899562e+01 1.385972017673048562e+01
1.225452667321223998e+02 3.519775814105710765e+01 1.398496563573883122e+01
1.226121134020618513e+02 3.522283586974308633e+01 1.399470217640320691e+01
1.222883938798887300e+02 3.537311814760268192e+01 1.385301096383570574e+01
1.220985927016854902e+02 3.552090492554410162e+01 1.389259122893143505e+01
1.220589715267550304e+02 3.562334315169366761e+01 1.393071919489445243e+01
1.218633816069383045e+02 3.551640484372443041e+01 1.386446571755850066e+01
1.215797332678776002e+02 3.538667975781378061e+01 1.377677548682703268e+01
1.216330796923580380e+02 3.505623056782850711e+01 1.383337424316805730e+01
1.217257609229258719e+02 3.474672721322205859e+01 1.388537064310260227e+01
1.218274218622156724e+02 3.458906071019472961e+01 1.387677957781050608e+01
1.219524218622156724e+02 3.444070119456717549e+01 1.388827524136802438e+01
1.221974308623793206e+02 3.436953853706430806e+01 1.393791932580592352e+01
1.221748077237767944e+02 3.454782359679266790e+01 1.384810178366879363e+01
1.221597529045982640e+02 3.460063819342170177e+01 1.383994027164130181e+01
1.223258263786614322e+02 3.447608820160366605e+01 1.391016200294550842e+01
1.224166257568319480e+02 3.445015136638848219e+01 1.379420307641957066e+01
1.224060914743904505e+02 3.454023482245131760e+01 1.383863115693012524e+01
1.222691253477335920e+02 3.459928816887579472e+01 1.390433235149730073e+01
1.220844174439535266e+02 3.447817460317460103e+01 1.383171739486172491e+01
1.221487481590574333e+02 3.443935117002127555e+01 1.389097529045982604e+01
1.222989895270823126e+02 3.454692358042873224e+01 1.386888397970872155e+01
1.223101374570446751e+02 3.457443544428080173e+01 1.385294959908361889e+01
1.223005441008018295e+02 3.465633693339879073e+01 1.382969235804287322e+01
1.221352683685157956e+02 3.484634266077564746e+01 1.374973408607429270e+01
1.220576419571264921e+02 3.498345197185403066e+01 1.371074701358206482e+01
1.220530600556373741e+02 3.509595401734576825e+01 1.377031173294059840e+01
1.220217435771559451e+02 3.510204958271968678e+01 1.383310832924235001e+01
1.223116102110947452e+02 3.509538127965962673e+01 1.380332596956308322e+01
1.225264686630665949e+02 3.500781377843233599e+01 1.385084274259532044e+01
1.227430248731795075e+02 3.490069137620684359e+01 1.383996072655866527e+01
1.228907502863688421e+02 3.477448453608247547e+01 1.378925298641793518e+01
1.228605997381770578e+02 3.462213631156929949e+01 1.373206103747340912e+01
1.222225290459826539e+02 3.462700458190148822e+01 1.361524300441826263e+01
1.216343069873997678e+02 3.452700049091802015e+01 1.346674030436916958e+01
1.214695221731304144e+02 3.435409507445589838e+01 1.333431516936671635e+01
1.213742431680576033e+02 3.421518573064965096e+01 1.341394616265750273e+01
1.213814432989690744e+02 3.422700867288496340e+01 1.328730976926853202e+01
1.216594051710031152e+02 3.422267223040418571e+01 1.337289314351169978e+01
1.219163598429062318e+02 3.410217231222385692e+01 1.350728195058091963e+01
1.221879602356406451e+02 3.420872197676321491e+01 1.354905089183439770e+01
1.222615570283096105e+02 3.426779577810505373e+01 1.359073801341842547e+01
1.221984740631647810e+02 3.427376861397480212e+01 1.354187121584028830e+01
1.213680862379315926e+02 3.452076174112256268e+01 1.342163721158566503e+01
1.208734045164457598e+02 3.454950090001636198e+01 1.313436835215185816e+01
1.206131566028473259e+02 3.460339960726558672e+01 1.308108329242349832e+01
1.204457331042382577e+02 3.468926935035182169e+01 1.312252495499918226e+01
1.204378170512191133e+02 3.466979626902307388e+01 1.306784896089019732e+01
1.210157911962035655e+02 3.443073964981181234e+01 1.305526918671248637e+01
1.215615283914252984e+02 3.427444362624775209e+01 1.312379315987563366e+01
1.217955735558828394e+02 3.427898461790214668e+01 1.320522418589428959e+01
1.219356488299787316e+02 3.427976190476190510e+01 1.321541073474063133e+01
1.221413230240549836e+02 3.428655293732613529e+01 1.326712076583210553e+01
1.220808173784977839e+02 3.431766486663394033e+01 1.323905661921125798e+01
1.222879029618720352e+02 3.437553182785141814e+01 1.322516773032236870e+01
1.223458312878415910e+02 3.455592374406807465e+01 1.320816969399443686e+01
1.224318851251840954e+02 3.459734495172639157e+01 1.333214694812632928e+01
1.224581287841597117e+02 3.468348060873834271e+01 1.331461708394698107e+01
1.218630952380952408e+02 3.497173130420553377e+01 1.321191294387170601e+01
1.213945344460808400e+02 3.509628129602356239e+01 1.321792668957617423e+01
1.208567746686303366e+02 3.505692603501881877e+01 1.324529536900670834e+01
1.203734249713631215e+02 3.496050155457371744e+01 1.315717558501063600e+01
1.200895311732940627e+02 3.472739731631484261e+01 1.308134920634920562e+01
1.207144084437898925e+02 3.432956962853869953e+01 1.312610456553755611e+01
1.211784077892325371e+02 3.406948535427916624e+01 1.323022009491081619e+01
1.214630584192439926e+02 3.400272050400916157e+01 1.329166666666666607e+01
1.217693912616593082e+02 3.389770495827196584e+01 1.332977417771232176e+01
1.219328465063001090e+02 3.393084192439862790e+01 1.339197758141057193e+01
1.220987563410243837e+02 3.393781705121911330e+01 1.331600801832760617e+01
1.221889216167566730e+02 3.387246359024709363e+01 1.324819996727213223e+01
1.223101988217967602e+02 3.392810096547209753e+01 1.328227785959744800e+01
1.222956758304696478e+02 3.394205121911307543e+01 1.333742431680576068e+01
1.221740099819996743e+02 3.389048437244313305e+01 1.334192439862543011e+01
1.214473490427098739e+02 3.436857715594828733e+01 1.308437653411880142e+01
1.211498527245949930e+02 3.458570610374734144e+01 1.303035509736540654e+01
1.209273441335297008e+02 3.476190476190475920e+01 1.300466372115856650e+01
1.209209417443953498e+02 3.493693748977253932e+01 1.299580674194076302e+01
1.208354197349042778e+02 3.508136966126657086e+01 1.296432662412043868e+01
1.208557314678448762e+02 3.520684012436589683e+01 1.312749549991818121e+01
1.207261086565210206e+02 3.522439044346261028e+01 1.303917116674848664e+01
1.207686548846342731e+02 3.522273359515627789e+01 1.314954590083456054e+01
1.207463999345442573e+02 3.533987890688921851e+01 1.322684503354606456e+01
1.207914621174930403e+02 3.541779168712158565e+01 1.321183112420225747e+01
1.214737154311896603e+02 3.507805596465390607e+01 1.319601947308132850e+01
1.221305841924398692e+02 3.486338160693830446e+01 1.326063655702830957e+01
1.223850638193421645e+02 3.481840124365897537e+01 1.334664948453608169e+01
1.225709990181639597e+02 3.453692112583865281e+01 1.331829896907216515e+01
1.224161552937326150e+02 3.434329487808869175e+01 1.328892570774014104e+01
1.220632261495663613e+02 3.396731304205530932e+01 1.319162166584846929e+01
1.219186098838160746e+02 3.378859842906234690e+01 1.316204385534282473e+01
1.218947594501718186e+02 3.374740222549500857e+01 1.315390279823269459e+01
1.220534077892325371e+02 3.379273032236950058e+01 1.311880216003927302e+01
1.221558051055473726e+02 3.369135575192276377e+01 1.317016445753559140e+01
1.217976395025364127e+02 3.399451808214694637e+01 1.302560955653739150e+01
1.215327892325314991e+02 3.422469726722304273e+01 1.298267468499427224e+01
1.214050687285223376e+02 3.429230076910489089e+01 1.284920634920634974e+01
1.212166993945344444e+02 3.444434216985763442e+01 1.281224431353297355e+01
1.211748895434462412e+02 3.446119702176402910e+01 1.277211176566846618e+01
1.213711749304532788e+02 3.433507200130911485e+01 1.287266813942071586e+01
1.215654761904761898e+02 3.423559973817705782e+01 1.292364179348715503e+01
1.216313205694649042e+02 3.407361724758631993e+01 1.300421371297660045e+01
1.218513132056946517e+02 3.411250204549173759e+01 1.291478481426934977e+01
1.218985436098838164e+02 3.413884797905416235e+01 1.299852724594992637e+01
1.223006872852233613e+02 3.408349697267222922e+01 1.308893798069055769e+01
1.225522623138602540e+02 3.403260513827524392e+01 1.306737849779086957e+01
1.227453567337587970e+02 3.398600883652429872e+01 1.301474799541809801e+01
1.229514809360170204e+02 3.399687039764359042e+01 1.301147520864015661e+01
1.230367165766650288e+02 3.399981590574373769e+01 1.307525364097529064e+01
1.222898666339388001e+02 3.449840451644575268e+01 1.298193830796923542e+01
1.219299009981999689e+02 3.472784732449680689e+01 1.285493372606774720e+01
1.216829692358042934e+02 3.493153739158893956e+01 1.288629111438389785e+01
1.216026836851579134e+02 3.506383979708721910e+01 1.288320242186221520e+01
1.214217190312551082e+02 3.507044673539518698e+01 1.282343315333006117e+01
1.218158648339060761e+02 3.462516363933890062e+01 1.275388643429880631e+01
1.218186876125020461e+02 3.440752331860579005e+01 1.282018082146948146e+01
1.216975945017182141e+02 3.437473408607429093e+01 1.287792505318278558e+01
1.216168589428898770e+02 3.411884306987399640e+01 1.285319505809196450e+01
1.216762600229095028e+02 3.399320896743576981e+01 1.285192685321551309e+01
1.212766118474881409e+02 3.424310669284896136e+01 1.291355751922762174e+01
1.209057232858779258e+02 3.458660612011127711e+01 1.299161348388152426e+01
1.206744395352642840e+02 3.476534118802160123e+01 1.295070364915725669e+01
1.206163884797905439e+02 3.482351497299951149e+01 1.299656357388316152e+01
1.206387661593847156e+02 3.491548028145966498e+01 1.297250859106529219e+01
1.211181066928489543e+02 3.467740549828178587e+01 1.304827360497463573e+01
1.214126575028636950e+02 3.441026427753232042e+01 1.300936835215185816e+01
1.216095156275568598e+02 3.437252495499917870e+01 1.304076665030273219e+01
1.217152675503190977e+02 3.444724676812305830e+01 1.298983390607101995e+01
1.216578096874488608e+02 3.445186957944689965e+01 1.299474308623793206e+01
1.217798846342660823e+02 3.442335542464408604e+01 1.314854360988381643e+01
1.217934257895598051e+02 3.440171412207494939e+01 1.318526018654884702e+01
1.219092619865815692e+02 3.439091392570774275e+01 1.326016609392898005e+01
1.219982817869415754e+02 3.432824005891016128e+01 1.325981836033382422e+01
1.219446899034527831e+02 3.436203158239240452e+01 1.326632302405498365e+01
1.218813410243822659e+02 3.456874897725413120e+01 1.328407789232531577e+01
1.218065373915889325e+02 3.462798641793487064e+01 1.318560792014400285e+01
1.218333333333333286e+02 3.461872034036982626e+01 1.316983717885779726e+01
1.218800523645884510e+02 3.466102110947471715e+01 1.320796514482081463e+01
1.219648175421371263e+02 3.477792096219931040e+01 1.314001390934380709e+01
1.221534527900507214e+02 3.473324742268041376e+01 1.310387007036491624e+01
1.220425257731958766e+02 3.462714776632302716e+01 1.298281786941580762e+01
1.217198699067255774e+02 3.435963835706103708e+01 1.299359761086565257e+01
1.215526509572901261e+02 3.398834069710358108e+01 1.286237931598756390e+01
1.214219849451808244e+02 3.381731713303878450e+01 1.281422844051710008e+01
1.213827728685976126e+02 3.375938880706922163e+01 1.282875143184421596e+01
1.214609106529209583e+02 3.372884961544755100e+01 1.282909916543937179e+01
1.215232572410407528e+02 3.368808296514482237e+01 1.281701030927835028e+01
1.216771804941908073e+02 3.381926035018818766e+01 1.280105547373588593e+01
1.216643348060873819e+02 3.387700458190148822e+01 1.286336115202094632e+01
1.215046432662412030e+02 3.397398134511536227e+01 1.284358124693176251e+01
1.214063369333987907e+02 3.404180985108820323e+01 1.269076255931926056e+01
1.212517386679757863e+02 3.406619211258386315e+01 1.274410898379970547e+01
1.210517100310914742e+02 3.406418753068237493e+01 1.282347406316478455e+01
1.209437489772541312e+02 3.412101129111438524e+01 1.281441253477335884e+01
1.208818319423989465e+02 3.420939698903616488e+01 1.273357470135820613e+01
1.208173580428735079e+02 3.418092374406807465e+01 1.272109720176730541e+01
1.208863933889707027e+02 3.422126084110620070e+01 1.269221485845197250e+01
1.209905498281787004e+02 3.432101947308132850e+01 1.282275814105710943e+01
1.209287759777450475e+02 3.442102356406480368e+01 1.279293487154311926e+01
1.211584028800523640e+02 3.425957290132547683e+01 1.285538373424971326e+01
1.213438471608574645e+02 3.423046555391916002e+01 1.278170512191130825e+01
1.214800360006545503e+02 3.419878088692521345e+01 1.278158239240713456e+01
1.216016813942071622e+02 3.424905907380134096e+01 1.281782850597283563e+01
1.217372770414007590e+02 3.424212485681557894e+01 1.279759859270168576e+01
1.209524014072983107e+02 3.461526345933562254e+01 1.275642284405171090e+01
1.205188798887252517e+02 3.484423580428735079e+01 1.271412207494681645e+01
1.201998649975454043e+02 3.490015954835542544e+01 1.268765341188021623e+01
1.196135861561119356e+02 3.479729176894125686e+01 1.250971608574701399e+01
1.192507977417771201e+02 3.445591965308459947e+01 1.250081819669448535e+01
1.197320405825560528e+02 3.395679921453117345e+01 1.241687121584028830e+01
1.201721894943544413e+02 3.381686712485681312e+01 1.253722794959908349e+01
1.204376125020454964e+02 3.378990754377352346e+01 1.260331778759613819e+01
1.205811855670103085e+02 3.375550237277041532e+01 1.263608656521027740e+01
1.207368270332187876e+02 3.384928816887579472e+01 1.269117165766650324e+01
1.210591147111765622e+02 3.388508427425953329e+01 1.267038946162657531e+01
1.211001881852397304e+02 3.385685648829979044e+01 1.267106447389952528e+01
1.211471526755031931e+02 3.384579037800687473e+01 1.261653166421207573e+01
1.211389911634756942e+02 3.383719931271477321e+01 1.259145393552610059e+01
1.211047087219767633e+02 3.373122238586156385e+01 1.267263950253640914e+01
1.210075478645066340e+02 3.362219767632138456e+01 1.269407625593192535e+01
1.211109474717722208e+02 3.373940435280641736e+01 1.270679921453117345e+01
1.210967108492881721e+02 3.376065701194567481e+01 1.272672230404189087e+01
1.211714940271641296e+02 3.378933480608738193e+01 1.270483554246440860e+01
1.212917280314187565e+02 3.386493618065782840e+01 1.270694239895270883e+01
1.212540705285550615e+02 3.394194894452626698e+01 1.269802405498281850e+01
1.213081328751431869e+02 3.389310260186548618e+01 1.267016445753559140e+01
1.214195508100147265e+02 3.384423580428735079e+01 1.271469481263295620e+01
1.215431803305514649e+02 3.397224267713958312e+01 1.271491981672394012e+01
1.216603665521191289e+02 3.395184912452953796e+01 1.280778514154802750e+01
1.218188717067583013e+02 3.403898707249222610e+01 1.280443053510063756e+01
1.219547946326296852e+02 3.402996645393552910e+01 1.278454835542464352e+01
1.219955817378497755e+02 3.397940189821633084e+01 1.282750368188512446e+01
1.217291155293732601e+02 3.376566846669939537e+01 1.278143920798559918e+01
1.214953362788414353e+02 3.352299132711503660e+01 1.273625429553264610e+01
1.209247463590247094e+02 3.348030191458026650e+01 1.264465717558501012e+01
1.206159793814432959e+02 3.354878497790868863e+01 1.260526100474554134e+01
1.204285100638193455e+02 3.366570528555064357e+01 1.254909180166912108e+01
1.204697471772214072e+02 3.366877352315496807e+01 1.261149975454099170e+01
1.205230322369497600e+02 3.377366633938798657e+01 1.268370561282932485e+01
1.207586115202094561e+02 3.379876452299132694e+01 1.269777859597447289e+01
1.209436057928325994e+02 3.378123465881197518e+01 1.272342906234658777e+01
1.212452340042546268e+02 3.376474799541809801e+01 1.277491408934707984e+01
1.212640116183930559e+02 3.384372443135329434e+01 1.288989117983963339e+01
1.211772214040255307e+02 3.386845442644411719e+01 1.291515300278186906e+01
1.212809482899689044e+02 3.375773195876288924e+01 1.293427835051546460e+01
1.213309196530846066e+02 3.360847242677139235e+01 1.281081246931762330e+01
1.215337710685648887e+02 3.358102192767141503e+01 1.285509736540664427e+01
1.216097406316478526e+02 3.369757404680085244e+01 1.283589019800360020e+01
1.217158811978399626e+02 3.376605711012927458e+01 1.283942889870724890e+01
1.218248036327933193e+02 3.372494272623138301e+01 1.281269432171493960e+01
1.220681148748159046e+02 3.376270250368188641e+01 1.287360906561937490e+01
1.222338201603665482e+02 3.379620765832105889e+01 1.295546964490263520e+01
1.222557682866961244e+02 3.385832924234986052e+01 1.295919243986254266e+01
1.223114465717558517e+02 3.380451235477008964e+01 1.292836687939780660e+01
1.221947103583701590e+02 3.403923253150057349e+01 1.286814760268368474e+01
1.220330346915398394e+02 3.435775650466371900e+01 1.298416789396170756e+01
1.218366061201112700e+02 3.432398543609883745e+01 1.292047128129602385e+01
1.215917198494518061e+02 3.409873588610702200e+01 1.290535509736540654e+01
1.211713099329078744e+02 3.385675421371297489e+01 1.277685730649648121e+01
1.211200294550809957e+02 3.362403861888397927e+01 1.278868024873179543e+01
1.210970381279659591e+02 3.342421453117329122e+01 1.274228849615447601e+01
1.213346219931271435e+02 3.333638111602029142e+01 1.279072574046800881e+01
1.213864956635575254e+02 3.349480445099001713e+01 1.276307069219440393e+01
1.214278350515463956e+02 3.346027655048273886e+01 1.282509000163639357e+01
1.215808582883325215e+02 3.344068073964981380e+01 1.286254295532646097e+01
1.217960644738995200e+02 3.333824251350024781e+01 1.288831615120274954e+01
1.220313573883161524e+02 3.342407134675175939e+01 1.292936917034855249e+01
1.220399689085256085e+02 3.338835706103747469e+01 1.290318687612502124e+01
1.219726108656521006e+02 3.339087301587301937e+01 1.294460808378334171e+01
1.220245049909998301e+02 3.337978645066274197e+01 1.283636066110292973e+01
1.220394370806741904e+02 3.336739077074128801e+01 1.283552200949108091e+01
1.220348347242677107e+02 3.337403861888397927e+01 1.280498281786941561e+01
1.221180044182621458e+02 3.335941335297005139e+01 1.282860824742268058e+01
1.222824414989363504e+02 3.339355261004745756e+01 1.282406725576828599e+01
1.220910448371788561e+02 3.354416216658484728e+01 1.281645802650957222e+01
1.219100597283587035e+02 3.365011863852070206e+01 1.268153739158893778e+01
1.218603338242513558e+02 3.377311405661921384e+01 1.273670430371461215e+01
1.219575355915562085e+02 3.387604320078546749e+01 1.274181803305514649e+01
1.219196735395188966e+02 3.386867943053510288e+01 1.269376943217149467e+01
1.222314064801178262e+02 3.386542709867452317e+01 1.276791850760922920e+01
1.224320896743577123e+02 3.383971526755031789e+01 1.288537064310260227e+01
1.225216003927344133e+02 3.375889788905252686e+01 1.281631484208803862e+01
1.224071755850106342e+02 3.353354606447390296e+01 1.274793405334642493e+01
1.222764072983145098e+02 3.329334396989035838e+01 1.279313942071673971e+01
1.218912207494681752e+02 3.308096056291932285e+01 1.275192276223204146e+01
1.218355629193258096e+02 3.293624202258222766e+01 1.270158321060382889e+01
1.219022459499263675e+02 3.296665848469972104e+01 1.271586074292259916e+01
1.220377188676157800e+02 3.298793159875634018e+01 1.278266650302732721e+01
1.221076133202421801e+02 3.291372115856651703e+01 1.277055719194894401e+01
1.222623138602520072e+02 3.290840288005236403e+01 1.275613647520864014e+01
1.223056782850597273e+02 3.299770904925544102e+01 1.281797169039437101e+01
1.223138193421698645e+02 3.314553673703158410e+01 1.284108574701358130e+01
1.223487972508591071e+02 3.322956553755523146e+01 1.286626575028636843e+01
1.222159630175094094e+02 3.321704712812960025e+01 1.288451153657339177e+01
1.221588119783996120e+02 3.320898789068892398e+01 1.280594419898543634e+01
1.220835787923416831e+02 3.314252986417935176e+01 1.289927998690885325e+01
1.220153002781868707e+02 3.312792505318278558e+01 1.287710685648830022e+01
1.221945671739486130e+02 3.325026591392570907e+01 1.293824660448371766e+01
1.221252250040909786e+02 3.330232367861233911e+01 1.278878252331860566e+01
1.217909098347242747e+02 3.347582228767795698e+01 1.275644329896907259e+01
1.215057478317787627e+02 3.357306496481754010e+01 1.277317542137129713e+01
1.214752495499918155e+02 3.369123302241858653e+01 1.271706758304696372e+01
1.214062346588119823e+02 3.387528636884307076e+01 1.259930862379315997e+01
1.214669653084601606e+02 3.390304369170348764e+01 1.260078137784323360e+01
1.219073596792668894e+02 3.376585256095565057e+01 1.273463835706103708e+01
1.222268041237113465e+02 3.362236131566028519e+01 1.282772868597610838e+01
1.224568605792832585e+02 3.338704794632629813e+01 1.277685730649648121e+01
1.225110661102929157e+02 3.311644984454262897e+01 1.267210767468499455e+01
1.221369456717394826e+02 3.287935689739813228e+01 1.263958435607920094e+01
1.215637579774177652e+02 3.285718376697758458e+01 1.252358451971853981e+01
1.211188021600392801e+02 3.280974881361479589e+01 1.234014482081492403e+01
1.210631238749795386e+02 3.268462608411061865e+01 1.225930698739977132e+01
1.210320937653411875e+02 3.281179430535100749e+01 1.235331778759613819e+01
1.210551260022909474e+02 3.289463672066764843e+01 1.242353951890034303e+01
1.214522786777941405e+02 3.269884225167730563e+01 1.246743577155948302e+01
1.217712935689739879e+02 3.257873097692685604e+01 1.248132466044837230e+01
1.219160121093110831e+02 3.257736049746358731e+01 1.257406725576828599e+01
1.220941744395352657e+02 3.254174848633611816e+01 1.269063982981508687e+01
1.220146048109965591e+02 3.242578955981017685e+01 1.255976926853215581e+01
1.216847283586974271e+02 3.255809196530846350e+01 1.240416871215840366e+01
1.213868024873179507e+02 3.278274832269677574e+01 1.237984781541482526e+01
1.210647398134511548e+02 3.294354442808050720e+01 1.230334642448044491e+01
1.211387866143020773e+02 3.296224022254950370e+01 1.217020536737031655e+01
1.210535305187367072e+02 3.305087137947962361e+01 1.222707003763704847e+01
1.208661839306169270e+02 3.323842251677303494e+01 1.232695139911634818e+01
1.206704917362133926e+02 3.332106038291605188e+01 1.222929962362952061e+01
1.206827442317133006e+02 3.335311323842251596e+01 1.221048109965635753e+01
1.206048519063982951e+02 3.355758059237440705e+01 1.229995090819833159e+01
1.205548805432826072e+02 3.361653166421207573e+01 1.227035264277532356e+01
1.211226885943380722e+02 3.329827360497463928e+01 1.242756913762068471e+01
1.215742308951071777e+02 3.313807069219440393e+01 1.250028636884307076e+01
1.217569955817378542e+02 3.296809032891506774e+01 1.261644984454262719e+01
1.216953853706431090e+02 3.275556373752250039e+01 1.247445180821469535e+01
1.214703403698249105e+02 3.251675257731958624e+01 1.245949926362297511e+01
1.213504950090001699e+02 3.217433726067746846e+01 1.235186548846342625e+01
1.211846465390279803e+02 3.193626247749958935e+01 1.232934462444771739e+01
1.212099288168875830e+02 3.198768613974799635e+01 1.232979463262968345e+01
1.211677916871215785e+02 3.200351824578628879e+01 1.230741695303550998e+01
1.212360497463590292e+02 3.194264441171657509e+01 1.228677794141711743e+01
1.213115897561773835e+02 3.199576583210603786e+01 1.238573883161511979e+01
1.214654720994927146e+02 3.209507445589920138e+01 1.238625020454917447e+01
1.214502331860579289e+02 3.207711503845524703e+01 1.238123874979545036e+01
1.214732858779250506e+02 3.212545000818196428e+01 1.236100883652430049e+01
1.214867861233840642e+02 3.212819096710849465e+01 1.235902470954017396e+01
1.213753272786778012e+02 3.212281132384224946e+01 1.233728113238422530e+01
1.212935280641466278e+02 3.210119047619047450e+01 1.233544018982163237e+01
1.213210194730813356e+02 3.207478317787596467e+01 1.235859515627556782e+01
1.213852479135984339e+02 3.204616674848633551e+01 1.232378088692521700e+01
1.214042914416625791e+02 3.211342251677303494e+01 1.238858206512845683e+01
1.215326665030273290e+02 3.226566846669939537e+01 1.232304450990018019e+01
1.216381934216985741e+02 3.223422925871379618e+01 1.234020618556701088e+01
1.217528841433480551e+02 3.219749222713140568e+01 1.224912043855342780e+01
1.218837751595483496e+02 3.219370806741940783e+01 1.227366633938798834e+01
1.219565742104401949e+02 3.227880052364588437e+01 1.231324660448371766e+01
1.217647479954181051e+02 3.246655621011291259e+01 1.237538864342988099e+01
1.214455490099820025e+02 3.262825233186057972e+01 1.230518736704303784e+01
1.214141711667484884e+02 3.270769923089510911e+01 1.228342333496972749e+01
1.213375470463099361e+02 3.279074619538537405e+01 1.238811160202912731e+01
1.211961012927507824e+02 3.270671739486172669e+01 1.221819260350188152e+01
1.206649689085256085e+02 3.261796350842742243e+01 1.214187530682375993e+01
1.201840738013418388e+02 3.255535100638193313e+01 1.204303714612992948e+01
1.198403698249059062e+02 3.230829651448208040e+01 1.199830224185894245e+01
1.197698208149239036e+02 3.218834887907053144e+01 1.193542382588774409e+01
1.197824210440189887e+02 3.220514236622484106e+01 1.190952790050728183e+01
1.201400139093438071e+02 3.208730158730158877e+01 1.202996645393552555e+01
1.204649198167239348e+02 3.207644002618229706e+01 1.210417689412534692e+01
1.206070405825560528e+02 3.207813778432335283e+01 1.215378006872852268e+01
1.208000327278677730e+02 3.192990099819996885e+01 1.207261495663557582e+01
1.208658361970217641e+02 3.196712894779905056e+01 1.205168957617411252e+01
1.210476599574537744e+02 3.201435935198821880e+01 1.213944117165766734e+01
1.210576215022091304e+02 3.193065783014236558e+01 1.205434871543118902e+01
1.210228685976108665e+02 3.184362215676648589e+01 1.203618474881361422e+01
1.210861561119293128e+02 3.179860088365242987e+01 1.194215349369988566e+01
1.211106201930944195e+02 3.180557601047291882e+01 1.198324742268041199e+01
1.212021559482899704e+02 3.185865652102765466e+01 1.207161266568482993e+01
1.211284364261168349e+02 3.192977826869579516e+01 1.202687776141384468e+01
1.210948494518082157e+02 3.190656193748977287e+01 1.203514154802814673e+01
1.212773277695958143e+02 3.198500654557355460e+01 1.211931353297332592e+01
1.213343560792014415e+02 3.199494763541155251e+01 1.202830960562919316e+01
1.214621584028800498e+02 3.192644411716576514e+01 1.204923498609065646e+01
1.215683398789068832e+02 3.190420962199312882e+01 1.206138520700376304e+01
1.217445999018164002e+02 3.192550319096710965e+01 1.212825233186057972e+01
1.218164989363443027e+02 3.196064473899525282e+01 1.211344297169039486e+01
1.219398216331206015e+02 3.202632547864506307e+01 1.218470790378006896e+01
1.213794182621502245e+02 3.241278023236785799e+01 1.205596465390279803e+01
1.208877434135166027e+02 3.257570364915725492e+01 1.193110783832433341e+01
1.205228685976108665e+02 3.245518327605956443e+01 1.189359351988217917e+01
1.201000040909834752e+02 3.223825887743413432e+01 1.175090001636393389e+01
1.196518368515791195e+02 3.207572410407461660e+01 1.174122484045164505e+01
1.198409425625920477e+02 3.167703730976926835e+01 1.176761168384879674e+01
1.202910939289805299e+02 3.132936507936507908e+01 1.177773686794305341e+01
1.204959090165275768e+02 3.129874406807396525e+01 1.195612420225822348e+01
1.207228563246604551e+02 3.131392161675666941e+01 1.201350024545900830e+01
1.207099288168875830e+02 3.130618965799378017e+01 1.204630993290787089e+01
1.203973981345115334e+02 3.145866061201112629e+01 1.192544182621502280e+01
1.201802078219603942e+02 3.159131075110456521e+01 1.181431026018654862e+01
1.201519186712485663e+02 3.177000490918016595e+01 1.184178121420389473e+01
1.199382261495663613e+02 3.181864670266732276e+01 1.181363524791359865e+01
1.196776305023727645e+02 3.177221404025527818e+01 1.183372197676321314e+01
1.194203280968744849e+02 3.194585583374243143e+01 1.175617738504336529e+01
1.192042218949435437e+02 3.206962853870070518e+01 1.168953526427753253e+01
1.190350801832760652e+02 3.216820078546882655e+01 1.149335215185730696e+01
1.190379438717067586e+02 3.224944771723122017e+01 1.150130911471117656e+01
1.190080183276059529e+02 3.229453035509736480e+01 1.148116102110947523e+01
1.192386679757813823e+02 3.230146457208312682e+01 1.153767795778105132e+01
1.194509491081656023e+02 3.224018163966617578e+01 1.154925544100801815e+01
1.197247586319751207e+02 3.227900507281950837e+01 1.169716494845360799e+01
1.197680412371134082e+02 3.221483799705449513e+01 1.176364342988054368e+01
1.198887457044673539e+02 3.229230076910489089e+01 1.173255195549010033e+01
1.203169898543609833e+02 3.208885616102111271e+01 1.175351824578628701e+01
1.206193544428080457e+02 3.197404270986745090e+01 1.171076746849942651e+01
1.209092415316642075e+02 3.197152675503190977e+01 1.171686303387334327e+01
1.209616879397807168e+02 3.197764277532318644e+01 1.182877188676157765e+01
1.208555473735886068e+02 3.189175257731958624e+01 1.184302896416298445e+01
1.197684503354606420e+02 3.208881525118638223e+01 1.175433644248077236e+01
1.188630747831778791e+02 3.197516773032236870e+01 1.159934953362788335e+01
1.184913475699558205e+02 3.198484290623465753e+01 1.138647520864015661e+01
1.182833824251350023e+02 3.194454671903125487e+01 1.134505400098183614e+01
1.182433930616920321e+02 3.194180576010472805e+01 1.128473244968090405e+01
1.182062469317623936e+02 3.197111765668466532e+01 1.133627884143348119e+01
1.181648870888561618e+02 3.206619211258386315e+01 1.136119293078055925e+01
1.181716781214203849e+02 3.206287841597119836e+01 1.141280068728522323e+01
1.182003763704794608e+02 3.204710767468499455e+01 1.130164866633938736e+01
1.183067419407625636e+02 3.207241040746195182e+01 1.136287023400425511e+01
1.187580796923580380e+02 3.193315333006054502e+01 1.136509981999672725e+01
1.190617738504336387e+02 3.173339060710194559e+01 1.139355261004745579e+01
1.191017427589592472e+02 3.168440108001963651e+01 1.147009491081655952e+01
1.192501636393388935e+02 3.162512272950417369e+01 1.142981917853051854e+01
1.193770864015709350e+02 3.159323351333660668e+01 1.141343478972344982e+01
1.195769104892816301e+02 3.158364015709376460e+01 1.150977745049910084e+01
1.197149402716412965e+02 3.159155621011291259e+01 1.161597938144329945e+01
1.198443585337915209e+02 3.160974063164784909e+01 1.168699885452462794e+01
1.199183030600556350e+02 3.161636802487317865e+01 1.178908934707903811e+01
1.201609597447226321e+02 3.157449680903289035e+01 1.183349697267223100e+01
1.196159589265259342e+02 3.183018327605956443e+01 1.168016691212567437e+01
1.192012354770086660e+02 3.214455490099820167e+01 1.149584765177548640e+01
1.190277573228604098e+02 3.225161593847160901e+01 1.148813614792996241e+01
1.188452585501554637e+02 3.235031091474390763e+01 1.162317951235477054e+01
1.188333128784159669e+02 3.239426853215513091e+01 1.143141466208476587e+01
1.196596506300114555e+02 3.216607347406316819e+01 1.152409589265259449e+01
1.198519473081328783e+02 3.193755113729340422e+01 1.157999918180330567e+01
1.199351579119620368e+02 3.175431598756340890e+01 1.153536655211912887e+01
1.196803714612993019e+02 3.144671494027164016e+01 1.163040009818360332e+01
1.195047250859106498e+02 3.123580428735067827e+01 1.157404680085092430e+01
1.193273604974635873e+02 3.104500081819669433e+01 1.143399198167239383e+01
1.193744272623138585e+02 3.102115038455244544e+01 1.146870397643593442e+01
1.194870724922271279e+02 3.105676239567992170e+01 1.149666584846997175e+01
1.196184748813614789e+02 3.109239486172475964e+01 1.157519227622320379e+01
1.196438185239731666e+02 3.115958926525936690e+01 1.161072246768122973e+01
1.196953444608083714e+02 3.116777123220422041e+01 1.161739077074128623e+01
1.197942235313369395e+02 3.120508100147275243e+01 1.163954344624447756e+01
1.198737522500409085e+02 3.131324660448371944e+01 1.170980608738340756e+01
1.197930780559646564e+02 3.137467272132220586e+01 1.175983881525118591e+01
1.197054491899852735e+02 3.134822451317296554e+01 1.170755604647357195e+01
1.195898175421371263e+02 3.149705449189985274e+01 1.159214940271641225e+01
1.194768450335460699e+02 3.160785877925053100e+01 1.160573146784486909e+01
1.194385534282441483e+02 3.167384634266077725e+01 1.171164702994599871e+01
1.195121297659957520e+02 3.168433971526755144e+01 1.173715431189657998e+01
1.194413762068401184e+02 3.173627475045000779e+01 1.167090083456062821e+01
1.196284568810341966e+02 3.173746113565701066e+01 1.168976026836851645e+01
1.197506136475208649e+02 3.167368270332188018e+01 1.170111274750449937e+01
1.199603379152348168e+02 3.165386188839796944e+01 1.175439780723285921e+01
1.199870724922271279e+02 3.173122238586156030e+01 1.170735149729995150e+01
1.201942194403534643e+02 3.179328260513827686e+01 1.177299132711503837e+01
1.200154025527736934e+02 3.191284159711994661e+01 1.170990836197021778e+01
1.200427507772868552e+02 3.207271723122238427e+01 1.167507363770250350e+01
1.200679103256422877e+02 3.216691212567501168e+01 1.167133038782523258e+01
1.198979708721976749e+02 3.209857224676812137e+01 1.161430207821960359e+01
1.196632302405498223e+02 3.198545655375552244e+01 1.166016200294550842e+01
1.194517468499427224e+02 3.166818033055146486e+01 1.162635002454590172e+01
1.193664293896252673e+02 3.146283341515300336e+01 1.168906480117820301e+01
1.193846956308296541e+02 3.134382670594010634e+01 1.167173948617247525e+01
1.194456512845688110e+02 3.125517509409262118e+01 1.173729749631811536e+01
1.195145434462444740e+02 3.129641220749468289e+01 1.175656602847324450e+01
1.189218826705940160e+02 3.166071428571428470e+01 1.162997054491899895e+01
1.185940721649484573e+02 3.192793732613320401e+01 1.154072574046800881e+01
1.184587424316805766e+02 3.201581165112092719e+01 1.151464572083128779e+01
1.183195058091965279e+02 3.215281868761250195e+01 1.148439289805269148e+01
1.182840983472426757e+02 3.225161593847160901e+01 1.152567092128947834e+01
1.188838978890525340e+02 3.194436262477499611e+01 1.165733922434953307e+01
1.194139461626575098e+02 3.166764850270005027e+01 1.176006381934216982e+01
1.196111929307805610e+02 3.150646375388643605e+01 1.174842497136311614e+01
1.199021845851742825e+02 3.138665930289641537e+01 1.173441335297005317e+01
1.200400098183603319e+02 3.139905498281786933e+01 1.174525445917198496e+01
1.201002290950744538e+02 3.160511782032400419e+01 1.182044673539518875e+01
1.201035223367697569e+02 3.160685648829978689e+01 1.189694812632956911e+01
1.201190067092128970e+02 3.160149729995090695e+01 1.191642120765832047e+01
1.201812510227458688e+02 3.166353706431026183e+01 1.188252740958926523e+01
1.202080878743249883e+02 3.174392488954344671e+01 1.194405580101456366e+01
1.202399157257404738e+02 3.182909916543937001e+01 1.197034036982490512e+01
1.203505359188348933e+02 3.179365079365079438e+01 1.194597856324660512e+01
1.204135779741449852e+02 3.184820405825560385e+01 1.184844951726394946e+01
1.205218253968253919e+02 3.185931107838324294e+01 1.186935444280805108e+01
1.204596833578792285e+02 3.185356324660448379e+01 1.178505972835869819e+01
1.202613115693012560e+02 3.170156275568646720e+01 1.168926935035182524e+01
1.198471608574701293e+02 3.148541564392079906e+01 1.158474472263132071e+01
1.196282318769432180e+02 3.121119702176403266e+01 1.158634020618556626e+01
1.196166748486336076e+02 3.096142202585501479e+01 1.149339306169203034e+01
1.195650261822942184e+02 3.082793323514972883e+01 1.145074455899198185e+01
1.195533055146457144e+02 3.087874324987727093e+01 1.148913843888070652e+01
1.196476640484372496e+02 3.099210440189821725e+01 1.158687203403698263e+01
1.197389338897070843e+02 3.112426362297496141e+01 1.159673130420553022e+01
1.197916053019145863e+02 3.118814432989690744e+01 1.158077646866306587e+01
1.197988872524955042e+02 3.122645639011618357e+01 1.155929880543282628e+01
1.196125634102438227e+02 3.137563410243822659e+01 1.150701603665521233e+01
1.194745949926362272e+02 3.150061364752086490e+01 1.153986663393879830e+01
1.193678203240058906e+02 3.166468253968254132e+01 1.149811814760268369e+01
1.192397111765668427e+02 3.171727213222058595e+01 1.150574783177875915e+01
1.191445958108329251e+02 3.170567419407625565e+01 1.154360988381606923e+01
1.196866715758468303e+02 3.155713058419243922e+01 1.159313123874979468e+01
1.200707331042382577e+02 3.146183112420225925e+01 1.161213385697921829e+01
1.202583865161184775e+02 3.146463344788087113e+01 1.164774586810669277e+01
1.204816110292914431e+02 3.147989281623302205e+01 1.168933071510391031e+01
1.206180453280968692e+02 3.148369743086237804e+01 1.169190803469154005e+01
1.204439126165930247e+02 3.152110947471772207e+01 1.163046146293569016e+01
1.203376697758141063e+02 3.164277532318769559e+01 1.156465799378170445e+01
1.203150466372115801e+02 3.167777368679430694e+01 1.158998118147602696e+01
1.202144902634593393e+02 3.168849206349206327e+01 1.150470463099329166e+01
1.203453608247422721e+02 3.177712322042219029e+01 1.158838569792177964e+01
1.205864424807723765e+02 3.174251350024545815e+01 1.165429144166257558e+01
1.205743740795287238e+02 3.154649402716412965e+01 1.164647766323024136e+01
1.203014032073310489e+02 3.126487072492227171e+01 1.160507691048928081e+01
1.200451644575355914e+02 3.101544346260840967e+01 1.158869252168221209e+01
1.199399034527900483e+02 3.084149484536082397e+01 1.155704876452299068e+01
1.198583701521845910e+02 3.078843478972344982e+01 1.149251350024545815e+01
1.198923866797578199e+02 3.073169284896088982e+01 1.163085010636557115e+01
1.199709949271804987e+02 3.081514891179839566e+01 1.170434462444771739e+01
1.200618556701030997e+02 3.085055637375225146e+01 1.178643020782195983e+01
1.201210112911143852e+02 3.091408934707903811e+01 1.173662248404516362e+01
1.202411430207821894e+02 3.096674030436917135e+01 1.167529864179348742e+01
1.203473858615611221e+02 3.107466044837178742e+01 1.164637538864342936e+01
1.203294264441171606e+02 3.124151120929471404e+01 1.167045082637866216e+01
1.203837956144657113e+02 3.133901980036000623e+01 1.165746195385370676e+01
1.203705612829324139e+02 3.132343315333006117e+01 1.168808296514482059e+01
1.204383079692358081e+02 3.125630011454753898e+01 1.165232776959581074e+01
1.205277164130256864e+02 3.119151939126166084e+01 1.164308214694812627e+01
1.207545819014891180e+02 3.111452708231058750e+01 1.160436098838160746e+01
1.208443789887088826e+02 3.115173457699230752e+01 1.158274014072983071e+01
1.210799787268859404e+02 3.111579528718704069e+01 1.165187776141384468e+01
1.205802037309769332e+02 3.130905334642448068e+01 1.161622484045164505e+01
1.202343110783832429e+02 3.153150057273768780e+01 1.159671084928816853e+01
1.201021927671412186e+02 3.157881279659630280e+01 1.152677548682703268e+01
1.200601783668793985e+02 3.164271395843560697e+01 1.137109311078383200e+01
1.200049705449190043e+02 3.171283341515300336e+01 1.134908361970217605e+01
1.203226354115529375e+02 3.173877025036818722e+01 1.150445917198494605e+01
1.204583128784159669e+02 3.166488708885616177e+01 1.147584274259532044e+01
1.203585951562755696e+02 3.144121256750122839e+01 1.138776386843397148e+01
1.201335092456226477e+02 3.123649975454098993e+01 1.143528064146620871e+01
1.198957412862052081e+02 3.089815496645393722e+01 1.134120847651775499e+01
1.198550564555719262e+02 3.062180903289150535e+01 1.136849533627884057e+01
1.199301055473735858e+02 3.059280396007200054e+01 1.134910407461953774e+01
1.202207085583374209e+02 3.053045737195221676e+01 1.141971444935362534e+01
1.203209785632465980e+02 3.044906725576828777e+01 1.139203894616265700e+01
1.203087056128293284e+02 3.042654639175257714e+01 1.142192358042873579e+01
1.200138070692194390e+02 3.068433971526755144e+01 1.129637129765995773e+01
1.199328874161348324e+02 3.074322942235313505e+01 1.115437326133202411e+01
1.197703321878579601e+02 3.090363688430698730e+01 1.112651366388479879e+01
1.195270209458353747e+02 3.097692685321551309e+01 1.110315414825724112e+01
1.194501513663884822e+02 3.096631075110456521e+01 1.110509736540664427e+01
1.195858083783341499e+02 3.086665439371624942e+01 1.114291850760922920e+01
1.197987849779086957e+02 3.079823269513991235e+01 1.118161921125838631e+01
1.200561487481590603e+02 3.079827360497463573e+01 1.124860906561937490e+01
1.202602274586810722e+02 3.076163884797905368e+01 1.125157502863688386e+01
1.202693298969072231e+02 3.083194239895270883e+01 1.122848142693503526e+01
1.201413639338897070e+02 3.087698412698412653e+01 1.118859433807887349e+01
1.200935607920144008e+02 3.096543118965799479e+01 1.107038537064310191e+01
1.199818564882997833e+02 3.086524300441826085e+01 1.103006872852233755e+01
1.200455735558828394e+02 3.094170348551791960e+01 1.108676975945017240e+01
1.201155702830960621e+02 3.102518000327278713e+01 1.104956226476845060e+01
1.204033505154639130e+02 3.105954426444117189e+01 1.112463181148748070e+01
1.206248977254131916e+02 3.105811242022582164e+01 1.127352315496645474e+01
1.205719399443626259e+02 3.088217967599410940e+01 1.119205121911307543e+01
1.203677998690885289e+02 3.069362624774995751e+01 1.116768941253477365e+01
1.200623874979545036e+02 3.050507281950580918e+01 1.105706921944035415e+01
1.198813819342169893e+02 3.017462362952053567e+01 1.103088692521682290e+01
1.198933889707085569e+02 3.000118638520700287e+01 1.100883652430044179e+01
1.199123506791032554e+02 2.990425053182785220e+01 1.102961872034036972e+01
1.199809360170184931e+02 3.001928898707249260e+01 1.106134429716903966e+01
1.199312919325805922e+02 2.998322696776304852e+01 1.107016036655211977e+01
1.198776182294223531e+02 2.996733349697267101e+01 1.110276550482736013e+01
1.199799541809851036e+02 2.998934298805432874e+01 1.103546882670594087e+01
1.200725740468008524e+02 3.008928571428571530e+01 1.113150466372115943e+01
1.199466126656848246e+02 3.013805023727704224e+01 1.106447389952544569e+01
1.198559973817705782e+02 3.007791278023236714e+01 1.103606201930944231e+01
1.201097815414825760e+02 2.996041973490427068e+01 1.100286368843069873e+01
1.202246972672230356e+02 2.997893143511700131e+01 1.102984372443135364e+01
1.203627884143348012e+02 2.992838733431516829e+01 1.115437326133202411e+01
1.204531786941580691e+02 2.996136066110292973e+01 1.103428244149893622e+01
1.204000368188512482e+02 2.998463835706103708e+01 1.103841433480608814e+01
1.201796964490263520e+02 3.023639747995418148e+01 1.109673130420553022e+01
1.200316437571592161e+02 3.031770577646866371e+01 1.112698412698412653e+01
1.200481099656357458e+02 3.036681803305514649e+01 1.116715758468335729e+01
1.200359188348879087e+02 3.054678039600720041e+01 1.120352642775323204e+01
1.198928366879397771e+02 3.064134347897234534e+01 1.126319342169857585e+01
1.200945017182130528e+02 3.068116920307641848e+01 1.120260595647193647e+01
1.203649566355751972e+02 3.064332760595647187e+01 1.127002536409752942e+01
1.204778882343315303e+02 3.068736704303714546e+01 1.137139993454426445e+01
1.203767795778105096e+02 3.067304860088365359e+01 1.119601947308132850e+01
1.201415480281459622e+02 3.047580183276059529e+01 1.106394207167403110e+01
1.196350842742595262e+02 3.027493454426443975e+01 1.106964899361806509e+01
1.193843888070692145e+02 3.020524464081164950e+01 1.107860824742268058e+01
1.191956717394861727e+02 3.013220013091147109e+01 1.115560055637375214e+01
1.191921944035346144e+02 3.017963508427425978e+01 1.106557846506300180e+01
1.192576092292587191e+02 3.014539355261004872e+01 1.100431598756341067e+01
1.192339837997054559e+02 3.024042709867451961e+01 1.104995090819833159e+01
1.191736008836524263e+02 3.039408443789887215e+01 1.108216740304369097e+01
1.191909875634102463e+02 3.045424234986090539e+01 1.108382425135002514e+01
1.191505277368679430e+02 3.045105138275241430e+01 1.103980526918671323e+01
1.190742513500245394e+02 3.050274095892652682e+01 1.098079283259695593e+01
1.186066519391261664e+02 3.070933562428407626e+01 1.098960890198003604e+01
1.183568769432171450e+02 3.089572083128784286e+01 1.104187121584028830e+01
1.182234086074292208e+02 3.101534118802160123e+01 1.099345442644411719e+01
1.182592865324824061e+02 3.103172557682866994e+01 1.097486090656193802e+01
1.182567501227294997e+02 3.109990181639666318e+01 1.098930207821960359e+01
1.184353829160530154e+02 3.108654475535918849e+01 1.109245622647684471e+01
1.184936385207003724e+02 3.112667730322369408e+01 1.109613811160202879e+01
1.187495090819833052e+02 3.106156930126002180e+01 1.111591801669121260e+01
1.188300400916380255e+02 3.107418998527245790e+01 1.122236540664375681e+01
1.188661430207821894e+02 3.124860906561937313e+01 1.126245704467353903e+01
1.193285877925053171e+02 3.111393388970708429e+01 1.119894452626411407e+01
1.196322819505809179e+02 3.102415725740468133e+01 1.126501390934380709e+01
1.199967067583046969e+02 3.111250204549173759e+01 1.132779005072819523e+01
1.200142366224840487e+02 3.107320814923907548e+01 1.137516363933889707e+01
1.198889297987236091e+02 3.088412289314351256e+01 1.132386270659466554e+01
1.191589142529864205e+02 3.089803223694976353e+01 1.118253968253968189e+01
1.185428530518736636e+02 3.098944526264113719e+01 1.106228522336769693e+01
1.181751759122893191e+02 3.090758468335787867e+01 1.105645557191948924e+01
1.179894861724758641e+02 3.091439617083947056e+01 1.103051873670430361e+01
1.180354483717885756e+02 3.096424480445098837e+01 1.100736377025036816e+01
1.185575192276223220e+02 3.092597365406643917e+01 1.107856733758795542e+01
1.189428898707249260e+02 3.075924562264768625e+01 1.108484699721813094e+01
1.191879397807232834e+02 3.064455490099820167e+01 1.106056701030927769e+01
1.195434871543118902e+02 3.060157911962035726e+01 1.113111602029127845e+01
1.196170225822287705e+02 3.077853460972017530e+01 1.123582474226804173e+01
1.195838242513500234e+02 3.081600801832760439e+01 1.132924234986090717e+01
1.197364383897889013e+02 3.073285877925053100e+01 1.123289968908525616e+01
1.198009941089838009e+02 3.062088856161021155e+01 1.124950908198330879e+01
1.199044755359188343e+02 3.060710194730813427e+01 1.122330633284241586e+01
1.199147234495172683e+02 3.054256668303059996e+01 1.122762232040582475e+01
1.197980076910489231e+02 3.064435035182457767e+01 1.124983636066110293e+01
1.196698167239404285e+02 3.075304778268695927e+01 1.126045246277205081e+01
1.196333046964490308e+02 3.086912943871706716e+01 1.131656030109638422e+01
1.195001022745868084e+02 3.094246031746031633e+01 1.128479381443298912e+01
1.194490263459335608e+02 3.099793405334642316e+01 1.134499263622974929e+01
1.195945221731304144e+02 3.120309687448862590e+01 1.134055391916216671e+01
1.196701849124529531e+02 3.121725167730322426e+01 1.138397970872197718e+01
1.197548478154148199e+02 3.123449517263950170e+01 1.139893225331369742e+01
1.198380788741613543e+02 3.136192930780559607e+01 1.141912125675012213e+01
1.196967149402716473e+02 3.135794059891998131e+01 1.153722794959908349e+01
1.183857183766977528e+02 3.166609392898052633e+01 1.127080265095728961e+01
1.175219072164948386e+02 3.161217476681394345e+01 1.118386925216822192e+01
1.168934094256259186e+02 3.156727622320405757e+01 1.109865406643757169e+01
1.166054860088365217e+02 3.151710031091474562e+01 1.101777532318769381e+01
1.164717517591228955e+02 3.150380461462935600e+01 1.097572001309114675e+01
1.174407421044018918e+02 3.104784405171002959e+01 1.094315578465062977e+01
1.181401775486827006e+02 3.091392570774014104e+01 1.107907871052201010e+01
1.184473694976272355e+02 3.080774423171330412e+01 1.104508263786614286e+01
1.187268654884634316e+02 3.072743822614956599e+01 1.109928816887579828e+01
1.189063369333987907e+02 3.069509900180003115e+01 1.109619947635411563e+01
1.190547782686957987e+02 3.070160366552119058e+01 1.116222794959908349e+01
1.190802650957290183e+02 3.063346833578792427e+01 1.110947471772214001e+01
1.192154107347406296e+02 3.051141384388807154e+01 1.119790132547864481e+01
1.192204221894943572e+02 3.052495499918180499e+01 1.114958681066928570e+01
1.192884347897234534e+02 3.050722058582883278e+01 1.121148339060710164e+01
1.191241408934707948e+02 3.066562346588119681e+01 1.121514482081492403e+01
1.189132302405498223e+02 3.064220258550155407e+01 1.112131811487481592e+01
1.190401734576992254e+02 3.076515709376534247e+01 1.113800932744231709e+01
1.190242390770741281e+02 3.092877597774505105e+01 1.118429880543282628e+01
1.190459621993127115e+02 3.105324414989363291e+01 1.113449108165603008e+01
1.190856447389952564e+02 3.094499672721322270e+01 1.126540255277368630e+01
1.192017877597774458e+02 3.093229422353133629e+01 1.137383406971035882e+01
1.193831410571101230e+02 3.099380216003927302e+01 1.139101620029455120e+01
1.194410489281623313e+02 3.113512518409425667e+01 1.149124529536900674e+01
1.193830592374406763e+02 3.105794878088692457e+01 1.149040664375715970e+01
1.192080674194076266e+02 3.076802078219603942e+01 1.137729095074455898e+01
1.189303100965472169e+02 3.050308869252168265e+01 1.125971608574701399e+01
1.187280314187530621e+02 3.026051382752413588e+01 1.117867370315823905e+01
1.188614792996236247e+02 3.011708394698085556e+01 1.117730322369497564e+01
1.188510472917689356e+02 3.016498936344297022e+01 1.115648011782032434e+01
1.179291441662575721e+02 3.059685403370970391e+01 1.098768613974799457e+01
1.174301873670430325e+02 3.082680821469481103e+01 1.096240386188839722e+01
1.172523523154966512e+02 3.097979054164621004e+01 1.093726476845033524e+01
1.171687735231549681e+02 3.106175339551628056e+01 1.094025118638520766e+01
1.170217026673212217e+02 3.119352397316314907e+01 1.093086237931598781e+01
1.171907421044018918e+02 3.117959417443953640e+01 1.096052200949108091e+01
1.172551341842578978e+02 3.119806496481754365e+01 1.094233758795614442e+01
1.172963099329078744e+02 3.111655211912943741e+01 1.090259368352151803e+01
1.174035346097201824e+02 3.103487563410243766e+01 1.092654639175257714e+01
1.174347079037800654e+02 3.101395025364097435e+01 1.093360333824251285e+01
1.181470913107511080e+02 3.080862379315987454e+01 1.104827360497463573e+01
1.185870152184585180e+02 3.065079365079365203e+01 1.109501309114711098e+01
1.189059073801341810e+02 3.057271723122238427e+01 1.121322205858288257e+01
1.190789355261004800e+02 3.059120847651775321e+01 1.121561528391425355e+01
1.191050769104892879e+02 3.058740386188839722e+01 1.129943953526427691e+01
1.184840860742922644e+02 3.104684176075928548e+01 1.109480854197349053e+01
1.181410775650466434e+02 3.118057601047291882e+01 1.103027327769595800e+01
1.179878906889216097e+02 3.139443217149402798e+01 1.101808214694812627e+01
1.178902798232695091e+02 3.154383488790705314e+01 1.102209131075110449e+01
1.177546023564064797e+02 3.157576501390934354e+01 1.099449762722958646e+01
1.178721772214040300e+02 3.121029700540009699e+01 1.105952380952381020e+01
1.178850024545900794e+02 3.090048682703321958e+01 1.094243986254295464e+01
1.177262109311078433e+02 3.056132384225167797e+01 1.089561855670103085e+01
1.177314064801178262e+02 3.039070937653411875e+01 1.086092701685485196e+01
1.176837056128293284e+02 3.027368679430535181e+01 1.086769759450171868e+01
1.181608370152184619e+02 3.010027000490918070e+01 1.092014400261822971e+01
1.183121624938635250e+02 3.002178448699067204e+01 1.093100556373752319e+01
1.184268123056782827e+02 3.005610783832433341e+01 1.091529618720340444e+01
1.185904925544100763e+02 2.993669203076419549e+01 1.087002945508100105e+01
1.188600883652430014e+02 2.998625429553264610e+01 1.091130747831778791e+01
1.188383652430044179e+02 3.002115038455244544e+01 1.095141957126493182e+01
1.187875756831942340e+02 3.004348715431189731e+01 1.097218131238749805e+01
1.186093110783832429e+02 3.004540991654393878e+01 1.097778595974472182e+01
1.185860333824251285e+02 3.004369170348551776e+01 1.094243986254295464e+01
1.186319137620684074e+02 3.008828342333497119e+01 1.097293814432989656e+01
1.186849533627884199e+02 2.997700867288495985e+01 1.104882588774341379e+01
1.190004704630993331e+02 3.002409589265259271e+01 1.104778268695794452e+01
1.190201071837669815e+02 3.006400343642611617e+01 1.113897070855833782e+01
1.191230976926853202e+02 2.999057028309605499e+01 1.116617574864997486e+01
1.192163107511045723e+02 2.998056782850597202e+01 1.107153084601538140e+01
1.193233922434953342e+02 3.015044591719849620e+01 1.105293732613320223e+01
1.193313082965144787e+02 3.019176485027000467e+01 1.108492881688757947e+01
1.193024464081165092e+02 3.027624365897561631e+01 1.106858533791523413e+01
1.194692153493699891e+02 3.037506136475208507e+01 1.104675994108983872e+01
1.194222917689412498e+02 3.037191130747831735e+01 1.107126493208967410e+01
1.189431557846506280e+02 3.048838160693830801e+01 1.103714612992963495e+01
1.184249099983636029e+02 3.037765913925707650e+01 1.097434953362788335e+01
1.178600065455735546e+02 3.023760432007854604e+01 1.089504581901489111e+01
1.175839265259368318e+02 3.008016282114220274e+01 1.089715267550319133e+01
1.174662698412698347e+02 2.996144248077237648e+01 1.074361806578301426e+01
1.178156602847324450e+02 2.977329815087546905e+01 1.081836033382425200e+01
1.179058664702994577e+02 2.962109311078383200e+01 1.080150548191785376e+01
1.180230117820323983e+02 2.968108738340697172e+01 1.083996072655866527e+01
1.182168630338733379e+02 2.965946653575519676e+01 1.081386025200458256e+01
1.182645229913271123e+02 2.961753395516281984e+01 1.077063901161839254e+01
1.182807232858779258e+02 2.965607101947308166e+01 1.076000245459008298e+01
1.182107265586647031e+02 2.965623465881197873e+01 1.077335951562755767e+01
1.181311569301259965e+02 2.972778595974472182e+01 1.077847324496809023e+01
1.180875675012272978e+02 2.973032236949762819e+01 1.084231304205530932e+01
1.180971404025527676e+02 2.975830469644902720e+01 1.080426689576174049e+01
1.174301669121256708e+02 3.004794632629684159e+01 1.075153411880216048e+01
1.169502945508100140e+02 3.039189576174112162e+01 1.070096956308296576e+01
1.168902593683521474e+02 3.052427998690885147e+01 1.062630911471117656e+01
1.166804328260513870e+02 3.057531500572737571e+01 1.070283096056291861e+01
1.165996768123056739e+02 3.071616756668302983e+01 1.064081165112092897e+01
1.173964776632302431e+02 3.045146048109965520e+01 1.078876206840124397e+01
1.178566723940435281e+02 3.034644493536245946e+01 1.084088119783996085e+01
1.180498486336115178e+02 3.024768859433807933e+01 1.084251759122893155e+01
1.182965349369988530e+02 3.018151693667157431e+01 1.085292914416625720e+01
1.184730404189167103e+02 3.023778841433480480e+01 1.087639093438062510e+01
1.175991040746195324e+02 3.069487399770904901e+01 1.085002454590083509e+01
1.169415398461790261e+02 3.079097119947635264e+01 1.067071674030436945e+01
1.163520904925544102e+02 3.071031746031745868e+01 1.054817133038782551e+01
1.158692317133038756e+02 3.061530436917034947e+01 1.053888479790541588e+01
1.154408239240713527e+02 3.037970463099329166e+01 1.046526755031909595e+01
1.154404557355588281e+02 3.026675257731958624e+01 1.039428898707249260e+01
1.154941703485517905e+02 3.017425544100801815e+01 1.044149893634429738e+01
1.156799623629520539e+02 3.014318442153493649e+01 1.049138847979054212e+01
1.156804532809687487e+02 3.012954099165439459e+01 1.045256504663721131e+01
1.157468294878088670e+02 3.015455735558828465e+01 1.041881443298969145e+01
1.159751472754050070e+02 3.011219522173130514e+01 1.049059073801341846e+01
1.160313369333987907e+02 3.005160775650466221e+01 1.043440108001963651e+01
1.161484617902143697e+02 2.999744313532973194e+01 1.039942317133038863e+01
1.161746849942726243e+02 3.001969808541973350e+01 1.044000572737686205e+01
1.162077605956471871e+02 3.005091228931435055e+01 1.050362052037309724e+01
1.167645229913271123e+02 2.983376288659793829e+01 1.059349942726231397e+01
1.171609597447226321e+02 2.960434053346424577e+01 1.065300278186876071e+01
1.173900139093438071e+02 2.949230895107183770e+01 1.066292341678939692e+01
1.175056251022745926e+02 2.948877025036818722e+01 1.072271314023891264e+01
1.176930944198985429e+02 2.948913843888070829e+01 1.076509572901325562e+01
1.168508631975126804e+02 2.987209540173457611e+01 1.061442480772377728e+01
1.163239649811814758e+02 3.023144738995254599e+01 1.057948780886925277e+01
1.159912657502863738e+02 3.050169775814105577e+01 1.051288659793814517e+01
1.158662452953690121e+02 3.063788659793814517e+01 1.057412862052037283e+01
1.159054164621174863e+02 3.069579446899034636e+01 1.054017345769923075e+01
1.166001268204876453e+02 3.044503763704794608e+01 1.063882752413680244e+01
1.170501145475372340e+02 3.031518982163311904e+01 1.079277123220422219e+01
1.173505154639175316e+02 3.025402961872034169e+01 1.080811242022582164e+01
1.172296269023073165e+02 3.001350024545901007e+01 1.075900016363933887e+01
1.170632875143184464e+02 2.980436917034855071e+01 1.078606201930944231e+01
1.171158361970217641e+02 2.947899279986908994e+01 1.080629193258059217e+01
1.170167934871543167e+02 2.929479626902307388e+01 1.068059646539028051e+01
1.170921494027164158e+02 2.906453526427753076e+01 1.063434789723449470e+01
1.172173539518900327e+02 2.897659957453771895e+01 1.054463262968417681e+01
1.172875552282768723e+02 2.903242104401898160e+01 1.059673130420553022e+01
1.173661839306169270e+02 2.904453035509736480e+01 1.059452217313041977e+01
1.175420553100965435e+02 2.899149075437735235e+01 1.054588037964326652e+01
1.175756013745704536e+02 2.905226231386025049e+01 1.062115447553591885e+01
1.176244477172312202e+02 2.919415807560137566e+01 1.067006218294878117e+01
1.175264686630665949e+02 2.922162902961872177e+01 1.063467517591228884e+01
1.171997013582065108e+02 2.934419489445262741e+01 1.058623793159875603e+01
1.170180207821960465e+02 2.944475126820487532e+01 1.061125429553264610e+01
1.169022050400916442e+02 2.950104320078546749e+01 1.047715185730649701e+01
1.168863320242186177e+02 2.949077483226967900e+01 1.057877188676157765e+01
1.168649770904925589e+02 2.950895925380461549e+01 1.057382179675994038e+01
1.165932335133365996e+02 2.977788005236458702e+01 1.044550810014727560e+01
1.165524259531991476e+02 2.984069710358370031e+01 1.043010554737358930e+01
1.164912452953690121e+02 2.996980854197348876e+01 1.041550073637702489e+01
1.165548805432826072e+02 3.003440517100310814e+01 1.057905825560464663e+01
1.165915153002781892e+02 3.012250450008182057e+01 1.053516200294550842e+01
1.166538823433153311e+02 3.018695794468990456e+01 1.056030109638357040e+01
1.166907421044018918e+02 3.026294796269023024e+01 1.061792259859270082e+01
1.167635002454590136e+02 3.028790296187203523e+01 1.063543200785468912e+01
1.169112052037309724e+02 3.040754377352315529e+01 1.076865488463426601e+01
1.169662902961871964e+02 3.055913516609392744e+01 1.081619211258386493e+01
1.172749959090165248e+02 3.014179348715431317e+01 1.072823596792668965e+01
1.173790909834724232e+02 2.969421944035346073e+01 1.061448617247586235e+01
1.173418016691212529e+02 2.942806005563737415e+01 1.060356324660448379e+01
1.173266241204385523e+02 2.933760841106201767e+01 1.070309687448862768e+01
1.172964531173294063e+02 2.918593519882179521e+01 1.065052773686794296e+01
1.171329569628538678e+02 2.914733676975945187e+01 1.067730322369497564e+01
1.171212362952053638e+02 2.924009981999672547e+01 1.070679921453117345e+01
1.170889788905252828e+02 2.935789968908525438e+01 1.073907707412861967e+01
1.170493372606774614e+02 2.938490018000327453e+01 1.068243740795287167e+01
1.171491572574046813e+02 2.934900180003272752e+01 1.068521927671412186e+01
1.173136557028309568e+02 2.940157093765341045e+01 1.072496318114874825e+01
1.172584478808705626e+02 2.939602765504827531e+01 1.072369497627229507e+01
1.172603092783505190e+02 2.932110129275077881e+01 1.071168793978072387e+01
1.172025445917198425e+02 2.925188185239731808e+01 1.070301505481917914e+01
1.174024300441826227e+02 2.920941744395352657e+01 1.070681966944853514e+01
1.165085910652920944e+02 2.980171003109147421e+01 1.068767386679757792e+01
1.160921903125511392e+02 3.007805596465390252e+01 1.047240631647848197e+01
1.157737481590574333e+02 3.022040173457699197e+01 1.034108574701358130e+01
1.156441253477335920e+02 3.032177630502372878e+01 1.048521109474717683e+01
1.156430821469481316e+02 3.039117983963344827e+01 1.043855342824415011e+01
1.159995704467353903e+02 3.021019473081328854e+01 1.055191458026509643e+01
1.163639952544591694e+02 3.008411062019309412e+01 1.055072819505809179e+01
1.166073883161512015e+02 3.013704794632629813e+01 1.067523727704140057e+01
1.167812755686467057e+02 3.024513172966781127e+01 1.074012027491408894e+01
1.168654884634266011e+02 3.028516200294550842e+01 1.078953935526100416e+01
1.171557232858779258e+02 3.035830878743249883e+01 1.083202421862215736e+01
1.173037146129929624e+02 3.035344051710031010e+01 1.082519227622320379e+01
1.170891834396988997e+02 3.016750531827851489e+01 1.088138193421698574e+01
1.168215308460153778e+02 3.000341597119947679e+01 1.071365161184748871e+01
1.166254500081819714e+02 2.977483226967763130e+01 1.069804450990018019e+01
1.162226517754868240e+02 2.987692276223204146e+01 1.065375961381116099e+01
1.159029209621993175e+02 2.997181312387498053e+01 1.053213467517591262e+01
1.156866920307641919e+02 3.010237686139748092e+01 1.044718540337096968e+01
1.155405416462117500e+02 3.006298069055801037e+01 1.048881116020291238e+01
1.156378456881034253e+02 3.014563901161839254e+01 1.045009000163639357e+01
1.162369497627229578e+02 2.991543937162493805e+01 1.059979954180985118e+01
1.168009736540664392e+02 2.978305514645720820e+01 1.059662902961872000e+01
1.170671534936998910e+02 2.963508427425953329e+01 1.074474308623793206e+01
1.172458476517754917e+02 2.964837997054491936e+01 1.094127393225331346e+01
1.173016486663393891e+02 2.958306741940762663e+01 1.094295123547700932e+01
1.166822533136966058e+02 2.992623956799214469e+01 1.072942235313369252e+01
1.162205858288332507e+02 3.016320978563246769e+01 1.056353297332678842e+01
1.160344256259204769e+02 3.028960072001309101e+01 1.052826869579446978e+01
1.158875593192603475e+02 3.037653411880215870e+01 1.049940680739649856e+01
1.158632588774341343e+02 3.039105711012927458e+01 1.036010882016036661e+01
1.165147889052528285e+02 3.015562101129111383e+01 1.041390525282277935e+01
1.169918384879725153e+02 3.012054082801505572e+01 1.055498281786941561e+01
1.172424930453281036e+02 3.012600229095074411e+01 1.061064064801178120e+01
1.174660652920962178e+02 3.001908443789887215e+01 1.062917280314187529e+01
1.175960767468499455e+02 3.000783423334969768e+01 1.062851824578628701e+01
1.174952340042546268e+02 3.015357551955490223e+01 1.058515382097856339e+01
1.173955367370315770e+02 3.027548682703321958e+01 1.053045737195221676e+01
1.174036982490590759e+02 3.033251513663884680e+01 1.060863606611029297e+01
1.171483186057928378e+02 3.041314842088037906e+01 1.063911389297987320e+01
1.170391916216658501e+02 3.022328587792505417e+01 1.062765913925707828e+01
1.166222181312387534e+02 3.008439698903616488e+01 1.043998527245949859e+01
1.162963099329078744e+02 2.983290378006872956e+01 1.033118556701030855e+01
1.161084519718540378e+02 2.963158648339060619e+01 1.027403452790050764e+01
1.161274136802487362e+02 2.963888888888888928e+01 1.028287105220094944e+01
1.161013336606120134e+02 2.962125675012272907e+01 1.019280805105547394e+01
1.161496481754213761e+02 2.961839306169203212e+01 1.025758877434135208e+01
1.162542341678939550e+02 2.960534282441498988e+01 1.031606938307969301e+01
1.164656561937489840e+02 2.974703403698249105e+01 1.038880706921944075e+01
1.164173416789396214e+02 2.971264932089674460e+01 1.036035427916871221e+01
1.163788455244640829e+02 2.965328915071183147e+01 1.035992472590410785e+01
1.158778023236786083e+02 2.996510391098020065e+01 1.028514154802814673e+01
1.154267918507609210e+02 3.015171412207494583e+01 1.029757813778432407e+01
1.153096874488627037e+02 3.025996154475535960e+01 1.026998445426280426e+01
1.151749509081983263e+02 3.032654230076910551e+01 1.017771232204221832e+01
1.152164130256913808e+02 3.039154802814596579e+01 1.023733840615283874e+01
1.156420184912452953e+02 3.033042873506791182e+01 1.030136229749631838e+01
1.158770864015709350e+02 3.042165766650302672e+01 1.032862870234004227e+01
1.160898379970544880e+02 3.039387988872524815e+01 1.038592292587138033e+01
1.161404025527736934e+02 3.031062837506136631e+01 1.028575519554900985e+01
1.162588365243004489e+02 3.027016854851906302e+01 1.027579365079365026e+01
1.164288987072492176e+02 3.038064555719195070e+01 1.035462690230731475e+01
1.162984576992308945e+02 3.044041482572410473e+01 1.039506627393225280e+01
1.164367329405989153e+02 3.044344215349369875e+01 1.036123384061528441e+01
1.164814269350351879e+02 3.044419898543609904e+01 1.025654557355588281e+01
1.165260595647193611e+02 3.049044755359188485e+01 1.027462772050400908e+01
1.165043364424807777e+02 3.041429389625265856e+01 1.037256586483390564e+01
1.162000081819669504e+02 3.028665521191294374e+01 1.034666993945344515e+01
1.157627638684339786e+02 3.008936753395516206e+01 1.029804860088365182e+01
1.154371011291114399e+02 2.980657830142366294e+01 1.026012518409425667e+01
1.153473654066437604e+02 2.968176239567992170e+01 1.019008754704631059e+01
1.158390607101947296e+02 2.950499099983636242e+01 1.021338569792177964e+01
1.161985354279168661e+02 2.941239158893798233e+01 1.033977663230240474e+01
1.163121215840288016e+02 2.932189903452789892e+01 1.036260432007854604e+01
1.165491327115038445e+02 2.930686467026673370e+01 1.033515382097856339e+01
1.166695712649320882e+02 2.930052364588447134e+01 1.036964081165112006e+01
1.161746849942726243e+02 2.960976108656521077e+01 1.028180739649811848e+01
1.158870888561610144e+02 2.975509327442317087e+01 1.026855261004745579e+01
1.156701849124529531e+02 2.981052610047455431e+01 1.029788496154475474e+01
1.154536287023400405e+02 2.980391916216658643e+01 1.029663721158566503e+01
1.154038209785632461e+02 2.984489036164293907e+01 1.022553591883488799e+01
1.153285673375879554e+02 2.997191539846178898e+01 1.012266813942071586e+01
1.154009981999672760e+02 3.000949108165603008e+01 1.020432416953035570e+01
1.153042873506791040e+02 3.008075601374570596e+01 1.017517591228931373e+01
1.154641629847815381e+02 3.016329160530191444e+01 1.029763950253640914e+01
1.155024954999181830e+02 3.016635984290623540e+01 1.030801014563901141e+01
1.156437367043037199e+02 3.021275159548355305e+01 1.020771968581246902e+01
1.156662780232367851e+02 3.021741531664212133e+01 1.018386925216822192e+01
1.157594092619865762e+02 3.022529045982654239e+01 1.019041482572410473e+01
1.158120193094419932e+02 3.037473408607429093e+01 1.025278186876125019e+01
1.159131279659630138e+02 3.038688430698740106e+01 1.027835051546391831e+01
1.159209212894779881e+02 3.055571919489445420e+01 1.025045000818196783e+01
1.158778227785959700e+02 3.064279577810505728e+01 1.027992554410080217e+01
1.156715963017509381e+02 3.061381116020291415e+01 1.025885697921780348e+01
1.154241736213385678e+02 3.046103338242513558e+01 1.021577892325315062e+01
1.151306046473572309e+02 3.019644902634593464e+01 1.007245131729667875e+01
1.153239854360988375e+02 2.976769350351824528e+01 1.011988627065946567e+01
1.154513172966781269e+02 2.945671739486172314e+01 1.013170921289477988e+01
1.155446326296841733e+02 2.944581492390770805e+01 1.022731549664539408e+01
1.159362215676648731e+02 2.945512191130747937e+01 1.034114711176566814e+01
1.159797496318114867e+02 2.942871461299296243e+01 1.030113729340533446e+01
1.159135575192276235e+02 2.947641548028146019e+01 1.030708967435771584e+01
1.160165275732286005e+02 2.953669612174766712e+01 1.033942889870724890e+01
1.161102520045818949e+02 2.961186794305351100e+01 1.033008100147275421e+01
1.159802814596629048e+02 2.964322533136965987e+01 1.028115283914253020e+01
1.158793364424807777e+02 2.961033382425134874e+01 1.033206512845688074e+01
1.155679716903943728e+02 2.972772459499263675e+01 1.032030355097365337e+01
1.152408157421044024e+02 2.986959990181639668e+01 1.026247749959090250e+01
1.150632466044837230e+02 2.992507363770250350e+01 1.026906398298150869e+01
1.150542464408443806e+02 3.003188921616756701e+01 1.019360579283259760e+01
1.151076542300769034e+02 3.006799214531173448e+01 1.019669448535427847e+01
1.152296882670594016e+02 3.011440435280641381e+01 1.028383243331697017e+01
1.152856733758795684e+02 3.008883570610374747e+01 1.026564801178203190e+01
1.153410652920962178e+02 3.003898707249222610e+01 1.028303469153984651e+01
1.154550400916380255e+02 3.001237522500409227e+01 1.022543364424807777e+01
1.156227090492554339e+02 3.013735477008673058e+01 1.027925053182785220e+01
1.153373834069710426e+02 3.034716085747013636e+01 1.022927916871215892e+01
1.152461749304532788e+02 3.044980363279332281e+01 1.018170103092783485e+01
1.152668753068237635e+02 3.051793896252659266e+01 1.021041973490427068e+01
1.151532686957944662e+02 3.057388316151202901e+01 1.023240877106856495e+01
1.150166707576501324e+02 3.051037064310260050e+01 1.011325887743413432e+01
1.149403534609720197e+02 3.021825396825396837e+01 1.006433071510391031e+01
1.147744027164130216e+02 2.994945589919816697e+01 1.004154393716249416e+01
1.147535796105383668e+02 2.968579201440026338e+01 1.008991981672394012e+01
1.147707821960399315e+02 2.953244149893634329e+01 1.011149975454099170e+01
1.147596751759122924e+02 2.951667075765013948e+01 1.004988954344624474e+01
1.149921248568155789e+02 2.944248077237767802e+01 9.978297332678776499e+00
1.153014850270004956e+02 2.941721894943544413e+01 1.011505891016200209e+01
1.154214122074946829e+02 2.948670430371461393e+01 1.011677712322042133e+01
1.155500531827851347e+02 2.941014154802814673e+01 1.018135329733267902e+01
1.156715963017509381e+02 2.946612665684830645e+01 1.017623956799214469e+01
1.152181107838324294e+02 2.958613565701194403e+01 1.014686630666012057e+01
1.150291891670757707e+02 2.964032073310423954e+01 1.018137375225004071e+01
1.148457085583374209e+02 2.974136802487317865e+01 1.013228195058091963e+01
1.146430821469481316e+02 2.974171575846833449e+01 1.005275323187694347e+01
1.147358247422680364e+02 2.977372770414007519e+01 1.013753886434298757e+01
1.150995949926362272e+02 2.973191785305187196e+01 1.022273359515627611e+01
1.154042096219931324e+02 2.968830796923580451e+01 1.023249059073801348e+01
1.155015545737195168e+02 2.967458271968581229e+01 1.026787759777450582e+01
1.155816969399443650e+02 2.960184503354606278e+01 1.026368433971526706e+01
1.157943053510063862e+02 2.972291768941253309e+01 1.023326787759777368e+01
1.165188594338078900e+02 2.956643757159221053e+01 1.035638602520045737e+01
1.168740999836360714e+02 2.941455981017836763e+01 1.031778759613811225e+01
1.172078833251513714e+02 2.933089919816723778e+01 1.037268859433807933e+01
1.173780273277696011e+02 2.937992963508427380e+01 1.047412452953690121e+01
1.174537309769268489e+02 2.941912125675012391e+01 1.051853215513009410e+01
1.165200458190148964e+02 2.978015054819178431e+01 1.038222058582883278e+01
1.156677916871215785e+02 2.981756259204712833e+01 1.028100965472099482e+01
1.150163843888070687e+02 2.989158893798068917e+01 1.027640729831451516e+01
1.146626165930289574e+02 2.982110129275077881e+01 1.018875797741777056e+01
1.144121665848470002e+02 2.966012109311078504e+01 1.012845688103420017e+01
1.142245131729667804e+02 2.966822124038618824e+01 1.003906889216167642e+01
1.141002290950744538e+02 2.976505481917853047e+01 1.005199639993454497e+01
1.140119047619047592e+02 2.983357879234167953e+01 1.008364015709376460e+01
1.141111315660284760e+02 3.000202503681884991e+01 1.017243495336278869e+01
1.141312182948780958e+02 3.001628211422026027e+01 1.009122893143511668e+01
1.143354606447390012e+02 3.005158730158730052e+01 1.009270168548519031e+01
