3.316713776419658899e+01 6.826355996944232452e+00 2.037611408199643481e+00
3.300529666412019481e+01 6.851247771836007416e+00 2.014807741278329623e+00
3.300714285714285978e+01 6.886618283677107044e+00 2.040781767252355383e+00
3.304770817417876572e+01 6.883957219251336745e+00 2.017939903234021060e+00
3.291544435956200942e+01 6.867366946778711068e+00 1.988846447669976980e+00
3.297817672523554933e+01 6.901044053985230242e+00 1.939814107461166337e+00
3.298966131907308608e+01 6.899096002037178543e+00 1.919786096256684393e+00
3.309616755793226162e+01 6.851515151515151558e+00 1.912554112554112562e+00
3.330509294626941852e+01 6.784173669467786993e+00 1.869111280875986658e+00
3.348270944741533128e+01 6.733460656990068571e+00 1.853959765724471520e+00
3.363048128342246201e+01 6.745416348357524683e+00 1.854239877769289446e+00
3.368920295390883979e+01 6.747797300738477055e+00 1.869862490450725723e+00
3.326717596129360999e+01 6.868512859689330341e+00 1.854239877769289446e+00
3.298177998472116457e+01 6.931754519989814511e+00 1.854838298955945985e+00
3.277205245734657524e+01 6.937624140565317177e+00 1.847364400305576693e+00
3.273017570664629261e+01 6.981920040743569977e+00 1.847733638910109555e+00
3.277094474153297909e+01 7.026088617265087599e+00 1.856646294881588943e+00
3.277102113572701825e+01 7.028176725235549149e+00 1.849516170104405388e+00
3.268184364654953100e+01 6.996078431372549034e+00 1.851260504201680757e+00
3.265383244206773838e+01 6.994410491469315261e+00 1.855334861217214248e+00
3.267154316271963665e+01 7.044588744588744511e+00 1.850827603768780305e+00
3.265544945250827880e+01 7.070486376368728898e+00 1.861904761904761951e+00
3.265366692131397741e+01 7.067175961293608033e+00 1.839444868856633608e+00
3.255425261013496652e+01 7.047377132671249989e+00 1.833880825057295549e+00
3.251042780748662864e+01 7.001247771836006883e+00 1.809472880061115285e+00
3.243866819455054440e+01 6.960071301247771736e+00 1.825668449197860976e+00
3.240124777183600457e+01 6.931168831168831090e+00 1.817035905271199292e+00
3.239152024446141809e+01 6.906608097784568301e+00 1.818347338935574209e+00
3.240996944232238519e+01 6.858607079195314427e+00 1.816781257957728490e+00
3.250870893812070506e+01 6.875655716832187458e+00 1.817494270435446868e+00
3.252745098039216032e+01 6.899567099567099682e+00 1.833664374840845435e+00
3.251623376623376771e+01 6.918780239368474305e+00 1.818996689584924775e+00
3.255080213903743669e+01 6.905946014769543950e+00 1.828240387063916561e+00
3.248593073593073655e+01 6.870753756047873750e+00 1.827043544690603483e+00
3.249533995416348375e+01 6.887662337662337819e+00 1.835714285714285632e+00
3.251256684491978888e+01 6.878113063407180761e+00 1.820588235294117618e+00
3.253675833969951725e+01 6.906862745098039547e+00 1.811191749427043529e+00
3.251124267888973662e+01 6.921122994652406213e+00 1.824548001018589272e+00
3.253365164247517072e+01 6.912375859434683356e+00 1.777565571683218826e+00
3.256986249045072412e+01 6.924764451235039253e+00 1.778991596638655359e+00
3.249209320091672737e+01 6.941316526610644466e+00 1.810058568882098262e+00
3.250499108734403109e+01 6.948026483320600910e+00 1.805474917239623167e+00
3.262663610898904665e+01 6.946715049656225993e+00 1.823720397249809055e+00
3.264840845429080929e+01 6.950445632798573747e+00 1.823262032085561479e+00
3.269761904761904958e+01 6.945607333842628073e+00 1.839050165520753843e+00
3.279652406417112331e+01 6.972561751973517019e+00 1.840947288006111515e+00
3.287205245734657666e+01 6.990132416603004550e+00 1.867188693659281862e+00
3.281420932009167046e+01 7.011089890501654764e+00 1.869913419913419972e+00
3.277517188693659023e+01 7.031754519989814156e+00 1.831792717086834665e+00
3.273298955946015099e+01 7.024357015533485793e+00 1.826343264578558667e+00
3.270381970970205998e+01 7.037815126050420034e+00 1.824879042526101447e+00
3.266911128087598826e+01 7.018754774637127269e+00 1.838107970460911567e+00
3.251991341991342210e+01 6.942436974789916171e+00 1.830443086325439284e+00
3.239535268652915789e+01 6.903985230455818467e+00 1.836236312706901019e+00
3.232538833715304349e+01 6.858594346829640642e+00 1.819696969696969591e+00
3.233770053475935669e+01 6.882645785586961829e+00 1.815457091927680233e+00
3.240825057295645450e+01 6.896511331805449174e+00 1.825948561242678903e+00
3.247923351158645033e+01 6.921454036159918388e+00 1.822650878533231378e+00
3.237289279348102866e+01 6.922689075630252376e+00 1.841049146931499791e+00
3.237881334351922646e+01 6.927349121466768622e+00 1.794244970715558996e+00
3.249069264069264307e+01 6.945938375350140248e+00 1.831321619556913749e+00
3.251182836771072004e+01 6.944805194805194759e+00 1.861408199643493688e+00
3.240882352941176237e+01 6.938655462184874168e+00 1.825451998981410640e+00
3.224866310160427929e+01 6.913827349121466348e+00 1.777310924369747802e+00
3.216564807741278287e+01 6.913037942449706819e+00 1.767239623121976022e+00
3.216187929717341376e+01 6.942182327476444925e+00 1.747771836007130153e+00
3.217280366692131111e+01 6.975133689839572604e+00 1.753603259485612353e+00
3.235252100840336453e+01 6.945098039215686470e+00 1.802266361089890578e+00
3.240902724726254291e+01 6.957512095747389935e+00 1.836325439266615733e+00
3.245721925133690178e+01 6.962286732874968465e+00 1.833231474407944983e+00
3.250286478227654641e+01 6.963305322128851671e+00 1.838884644766997756e+00
3.249823020117137418e+01 6.973287496816908515e+00 1.837407690348866751e+00
3.267033358798065024e+01 6.944614209320091547e+00 1.854583651642475184e+00
3.274222052457346877e+01 6.940896358543417577e+00 1.851897122485357761e+00
3.285924369747899476e+01 6.955882352941176627e+00 1.850522026992615254e+00
3.296333078686019746e+01 6.982072829131652725e+00 1.874509803921568629e+00
3.292398777692895351e+01 6.993430099312452519e+00 1.854698242933537022e+00
3.273864272981919754e+01 6.956480774127832944e+00 1.842780748663101598e+00
3.257434428316781094e+01 6.919034886681945551e+00 1.836389101094983545e+00
3.238376623376623087e+01 6.906200662083015196e+00 1.820868347338935544e+00
3.228992869875222738e+01 6.877476445123503979e+00 1.819251336898395799e+00
3.217243442831678379e+01 6.849210593328240115e+00 1.782811306340718049e+00
3.213983957219251408e+01 6.846664120193532099e+00 1.783244206773618501e+00
3.214130379424496908e+01 6.874535268652915754e+00 1.781436210847975543e+00
3.215706646294881921e+01 6.870970206264323643e+00 1.773898650369238661e+00
3.220747389865037036e+01 6.866908581614463714e+00 1.789992360580595854e+00
3.227635599694423263e+01 6.883740769034886853e+00 1.801922587216704841e+00
3.244376114081996576e+01 6.807142857142856940e+00 1.805245734657499268e+00
3.259969442322383770e+01 6.762655971479500927e+00 1.814565826330532206e+00
3.263949579831933079e+01 6.721695951107715672e+00 1.806442577030812346e+00
3.276853832442067471e+01 6.724395212630506435e+00 1.796931499872676419e+00
3.277387318563788909e+01 6.704851031321619637e+00 1.831525337407690301e+00
3.275818691112808523e+01 6.713470842882607315e+00 1.802622867328749656e+00
3.281567354214413257e+01 6.728736949325184291e+00 1.802597402597402532e+00
3.280793226381461380e+01 6.772714540361599589e+00 1.839483065953654295e+00
3.275649350649350566e+01 6.759294626941685813e+00 1.834262796027501974e+00
3.279293353705118363e+01 6.742857142857142883e+00 1.842742551566080911e+00
3.258575248281130854e+01 6.810924369747898943e+00 1.827234530175706695e+00
3.241795263559969698e+01 6.853997962821492429e+00 1.836058059587471369e+00
3.245653170359052808e+01 6.860300483829895768e+00 1.826610644257703031e+00
3.249865036923860373e+01 6.902304558186910910e+00 1.833256939139292108e+00
3.243724216959510898e+01 6.916080977845683542e+00 1.813661828367710616e+00
3.303062133944487044e+01 6.786401833460656619e+00 1.835064935064935066e+00
3.350744843391902350e+01 6.630901451489687126e+00 1.882251082251082286e+00
3.373109243697479087e+01 6.605474917239622989e+00 1.888642729819200339e+00
3.374921059332824314e+01 6.546524064171123314e+00 1.898523045581869129e+00
3.373041762159409274e+01 6.455118411000763778e+00 1.881283422459893107e+00
3.381977336389100941e+01 6.388235294117647456e+00 1.899248790425261069e+00
3.386198115609879977e+01 6.382696715049656078e+00 1.919837025719378643e+00
3.389073083778966122e+01 6.380112044817927597e+00 1.924751718869365913e+00
3.394670231729055132e+01 6.335039470333588163e+00 1.946562261268143690e+00
3.399747899159663689e+01 6.349032340208810687e+00 1.937916984975808443e+00
3.338031576266870104e+01 6.526992615227909411e+00 1.867494270435446913e+00
3.289665138782785903e+01 6.643633817163228983e+00 1.823733129615482618e+00
3.264367201426024678e+01 6.689177489177489555e+00 1.811892029539088345e+00
3.247568118156353734e+01 6.745250827603769039e+00 1.791825821237585936e+00
3.238875732111026196e+01 6.775197351667939571e+00 1.803081232492997232e+00
3.225595874713521738e+01 6.756684491978609763e+00 1.815749936338171722e+00
3.219446142093200791e+01 6.747377132671250166e+00 1.794843391902215535e+00
3.219192768016297634e+01 6.784899414311179378e+00 1.797517188693659174e+00
3.232388591800356181e+01 6.781601731601731409e+00 1.845429080723198334e+00
3.231874204227145242e+01 6.797033358798064917e+00 1.835956200662083093e+00
3.259696969696969404e+01 6.753412274000509363e+00 1.828049401578813349e+00
3.270067481538070098e+01 6.712528647822765038e+00 1.845594601476954422e+00
3.279968169085816498e+01 6.721836007130124635e+00 1.820588235294117618e+00
3.290827603768780563e+01 6.722918258212375875e+00 1.879220779220779125e+00
3.292491723962312022e+01 6.730213903743315740e+00 1.881156098803157706e+00
3.270612426788897409e+01 6.800522026992615210e+00 1.844983447924624320e+00
3.251628469569646285e+01 6.818996689584924553e+00 1.845772854596384072e+00
3.241972243442831569e+01 6.854010695187166213e+00 1.847109752992105891e+00
3.231990068754774370e+01 6.820104405398523362e+00 1.828278584160937026e+00
3.219518716577540118e+01 6.777158135981665055e+00 1.798433919022154326e+00
3.214059078176725137e+01 6.743557422969187698e+00 1.773949579831932688e+00
3.206524064171122745e+01 6.696142093200916356e+00 1.787687802393684855e+00
3.201893302775656025e+01 6.630990578049401840e+00 1.794626941685765198e+00
3.209555640437993418e+01 6.615202444614209476e+00 1.783065953654188851e+00
3.216660300483830071e+01 6.632174688057040690e+00 1.785128596893302833e+00
3.218022663610899059e+01 6.645785586962057678e+00 1.769365928189457593e+00
3.221422205245734460e+01 6.676636108989050022e+00 1.766921313980137409e+00
3.225142602495543542e+01 6.666144639674051575e+00 1.745085306850012730e+00
3.218343519225872029e+01 6.641571173924115001e+00 1.767914438502673713e+00
3.217625413801884093e+01 6.628915202444614074e+00 1.756990068754774592e+00
3.220277565571683454e+01 6.624675324675324717e+00 1.756799083269671602e+00
3.219675324675324646e+01 6.616284695696460716e+00 1.764413037942449636e+00
3.223705118411000825e+01 6.641596638655462570e+00 1.794932518461930249e+00
3.223840081487140452e+01 6.637713267125032068e+00 1.781996434937611395e+00
3.223114336643748601e+01 6.639572192513369053e+00 1.776941685765215162e+00
3.225968933027756691e+01 6.688986503692386343e+00 1.779373567608861784e+00
3.226667939903234128e+01 6.687025719378660860e+00 1.801871657754010592e+00
3.227788388082505833e+01 6.695008912655971756e+00 1.781588999236058068e+00
3.230113318054494442e+01 6.739890501655207977e+00 1.757868601986249057e+00
3.226454036159918815e+01 6.760682454800101659e+00 1.758950853068500075e+00
3.231690858161446300e+01 6.733206009676598214e+00 1.786898395721925104e+00
3.239573465749936076e+01 6.768232747644512770e+00 1.788362617774382546e+00
3.240166793990323413e+01 6.782098293863000116e+00 1.817379679144385030e+00
3.232081741787624196e+01 6.771797810033103993e+00 1.822141583906289775e+00
3.218987776928953082e+01 6.722536287242169450e+00 1.774280621339444863e+00
3.289517443340972846e+01 6.467214158390628853e+00 1.794614209320091636e+00
3.325998217468805507e+01 6.309676597911892060e+00 1.834262796027501974e+00
3.348123249299720072e+01 6.243773873185637591e+00 1.835777947542653443e+00
3.362253628724216981e+01 6.218716577540106982e+00 1.832836771072065218e+00
3.370718105423987510e+01 6.235510567863508768e+00 1.839024700789406719e+00
3.314963076139546416e+01 6.368270944741532880e+00 1.817481538069773306e+00
3.274984721161191459e+01 6.519238604532722192e+00 1.816093710211357237e+00
3.252818945760122205e+01 6.578877005347593787e+00 1.806709956709956710e+00
3.237424242424242493e+01 6.600865800865800992e+00 1.806162464985994420e+00
3.231303794244970362e+01 6.613941940412528808e+00 1.791673032849503411e+00
3.294919786096256331e+01 6.484988540870893381e+00 1.787025719378660504e+00
3.335140056022409283e+01 6.390921823274764435e+00 1.829628214922332630e+00
3.357375859434682752e+01 6.315877259994906900e+00 1.841112808759867603e+00
3.365567863509039626e+01 6.284211866564807458e+00 1.834211866564807725e+00
3.379358288770053775e+01 6.306213394448688447e+00 1.852890247007894065e+00
3.319066717596129479e+01 6.454367201426024714e+00 1.845008912655971445e+00
3.279346829640947192e+01 6.550903997962821634e+00 1.818894830659536499e+00
3.258649096002037027e+01 6.639533995416348588e+00 1.816793990323402053e+00
3.253151260504201758e+01 6.702457346574993480e+00 1.813318054494525100e+00
3.253099057804940486e+01 6.718971224853578228e+00 1.819684237331296250e+00
3.295259740259740511e+01 6.610567863509039910e+00 1.864234784823020075e+00
3.314281894576011922e+01 6.615889992360580507e+00 1.855576776165011488e+00
3.331355996944232345e+01 6.578011204481792440e+00 1.881321619556913571e+00
3.348225108225108215e+01 6.562821492233257281e+00 1.914667685255920571e+00
3.343469569646040185e+01 6.556264323911382697e+00 1.906900942195059789e+00
3.323698752228163755e+01 6.521886936592818707e+00 1.894015788133435185e+00
3.309600203717850775e+01 6.468805704099821696e+00 1.846307613954672799e+00
3.298888464476699767e+01 6.416959511077157785e+00 1.803348612172141596e+00
3.291694677871148400e+01 6.396625923096511457e+00 1.831767252355487541e+00
3.291785077667430670e+01 6.405194805194804886e+00 1.850127323656735490e+00
3.283986503692386094e+01 6.448382989559459766e+00 1.873962312197606339e+00
3.277715813598166505e+01 6.467850776674306523e+00 1.868601986249045055e+00
3.272514642220524905e+01 6.519060351413292764e+00 1.892475171886936591e+00
3.272657244716068448e+01 6.520932009167303534e+00 1.879309905780494061e+00
3.271256684491978461e+01 6.526470588235294024e+00 1.910733384262796042e+00
3.244154570919276637e+01 6.570613700025464965e+00 1.853157626687038428e+00
3.222252355487649567e+01 6.572905525846702623e+00 1.851285968933027659e+00
3.212254901960784537e+01 6.540336134453781369e+00 1.838540870893812018e+00
3.206669213139801400e+01 6.573529411764705621e+00 1.822561751973516664e+00
3.208852813852814023e+01 6.633180544945251000e+00 1.817430608607079279e+00
3.233665648077413124e+01 6.572676343264578946e+00 1.839317545199898207e+00
3.246762159409217929e+01 6.601209574738986063e+00 1.835345047109752992e+00
3.249251336898395692e+01 6.576597911892029913e+00 1.853934300993124618e+00
3.254834479246243717e+01 6.547733638910109732e+00 1.840056022408963488e+00
3.267242169595110823e+01 6.526572447160682522e+00 1.840896358543417266e+00
3.294834479246244285e+01 6.529348102877514215e+00 1.858314234784822938e+00
3.324565826330532303e+01 6.525783040488922992e+00 1.875184619302266320e+00
3.332769289533995760e+01 6.490425261013496261e+00 1.873338426279602675e+00
3.331842373312961314e+01 6.471976063152533598e+00 1.864362108479755475e+00
3.320981665393430404e+01 6.449261522790934897e+00 1.881283422459893107e+00
3.274830659536542043e+01 6.517125031830913962e+00 1.859689330277565666e+00
3.233062133944486760e+01 6.516093710211356971e+00 1.843328240387063888e+00
3.200696460402343035e+01 6.482633053221288577e+00 1.820970206264323821e+00
3.184084542908072279e+01 6.509065444359562136e+00 1.834568372803667025e+00
3.185353959765724596e+01 6.518360071301247949e+00 1.823949579831932732e+00
3.193500127323656912e+01 6.534377387318563990e+00 1.811828367710720755e+00
3.192888973771326633e+01 6.543506493506493271e+00 1.827985739750445537e+00
3.203063407181053890e+01 6.585905271199388622e+00 1.831385281385281338e+00
3.215925642984466748e+01 6.590348866819454976e+00 1.834059078176725199e+00
3.213041762159409132e+01 6.577450980392156588e+00 1.854698242933537022e+00
3.269474153297682761e+01 6.428902470078941001e+00 1.876521517697988362e+00
3.317024446142093552e+01 6.361370002546473224e+00 1.916946778711484667e+00
3.339414311179017147e+01 6.280290297937356492e+00 1.893837535014005535e+00
3.344606569900687276e+01 6.260109498344792023e+00 1.918589253883371537e+00
3.347117392411509940e+01 6.287955182072828997e+00 1.886911128087598755e+00
3.288183091418385828e+01 6.394372294372294263e+00 1.876648841354723762e+00
3.245816144639674405e+01 6.516692131398014176e+00 1.816883116883116989e+00
3.221890756302521197e+01 6.575095492742551784e+00 1.825273745861981212e+00
3.209008148714030995e+01 6.605245734657499312e+00 1.838464476699770866e+00
3.206932773109243584e+01 6.647695441813088912e+00 1.822689075630252065e+00
3.209796282149223146e+01 6.681041507512095912e+00 1.835230455818691153e+00
3.205588235294117538e+01 6.701820728291316698e+00 1.818818436465495347e+00
3.202074102368219854e+01 6.700216450216450070e+00 1.827565571683218648e+00
3.208777692895340294e+01 6.682442067736185543e+00 1.820588235294117618e+00
3.206857652151769855e+01 6.707295645530940043e+00 1.819620575502928439e+00
3.189909600203717943e+01 6.649796282149223359e+00 1.828176725235548750e+00
3.185966386554621721e+01 6.614744079449962122e+00 1.838375350140055930e+00
3.180261013496307498e+01 6.585001273236567698e+00 1.834797555385790702e+00
3.180501655207537581e+01 6.598026483320601265e+00 1.853221288515406240e+00
3.180268652915711769e+01 6.584899414311179200e+00 1.832964094728800619e+00
3.188627450980392197e+01 6.592424242424242742e+00 1.826852559205500492e+00
3.191550802139037302e+01 6.648586707410236940e+00 1.844970715558950758e+00
3.194512350394703404e+01 6.679933791698497991e+00 1.878902470078940734e+00
3.192784568372803733e+01 6.670206264323911505e+00 1.898777692895339930e+00
3.198253119429590186e+01 6.670982938629997250e+00 1.863394448688566296e+00
3.272210338680926611e+01 6.558976317799847244e+00 1.897326203208556050e+00
3.313747135217723638e+01 6.486872930990577935e+00 1.930366692131397999e+00
3.333752228163992726e+01 6.376305067481538025e+00 1.937242169595110752e+00
3.341352177234530529e+01 6.345454545454545681e+00 1.967074102368220112e+00
3.357478991596638451e+01 6.395836516424751927e+00 1.953297682709447480e+00
3.297883880825057190e+01 6.489597657244716267e+00 1.935536032594856071e+00
3.260813598166539151e+01 6.638859180035650454e+00 1.859931245225362906e+00
3.234009421950598551e+01 6.714374840845429127e+00 1.876024955436720099e+00
3.220902724726254007e+01 6.724255156608097472e+00 1.860847975553857836e+00
3.212202699261522554e+01 6.722396231219760487e+00 1.865049656226126729e+00
3.212810033104150875e+01 6.775222816399287140e+00 1.877832951362363056e+00
3.206928953399541626e+01 6.800700280112044638e+00 1.873809523809523814e+00
3.203026483320601159e+01 6.813878278584160952e+00 1.884873949579831898e+00
3.206431117901706074e+01 6.821250318309141747e+00 1.897478991596638576e+00
3.205425261013496652e+01 6.819862490450725900e+00 1.873491214667685201e+00
3.191754519989813943e+01 6.817736185383243885e+00 1.872319837025719469e+00
3.180197351667939998e+01 6.745747389865036858e+00 1.889126559714795039e+00
3.177578304048892122e+01 6.713458110516934418e+00 1.864578558696205812e+00
3.169378660555130978e+01 6.667366946778711778e+00 1.897619047619047539e+00
3.164104914693150050e+01 6.667799847211611564e+00 1.888248026483320574e+00
3.211824548001018798e+01 6.584810287751464486e+00 1.867443340972752663e+00
3.249145658263305592e+01 6.599452508276037577e+00 1.896358543417366871e+00
3.265462184873949525e+01 6.633880825057295816e+00 1.929666412019353183e+00
3.266958237840590584e+01 6.614616755793226055e+00 1.913292589763178064e+00
3.276476954418130560e+01 6.559460147695442167e+00 1.909434682964094687e+00
3.266352177234530529e+01 6.592895339954163880e+00 1.942105933282403774e+00
3.260162974280621029e+01 6.607995925642984325e+00 2.002877514642220635e+00
3.261316526610644217e+01 6.594423223834988690e+00 1.988757321110262266e+00
3.258955946014769722e+01 6.592475171886936991e+00 1.987713267125031935e+00
3.256217214158390760e+01 6.638884644766998022e+00 2.001909854851031234e+00
3.228641456582633396e+01 6.700216450216450070e+00 1.983829895594601433e+00
3.222841864018334945e+01 6.745925642984466286e+00 1.947160682454800007e+00
3.210631525337407766e+01 6.810236822001527912e+00 1.966131907308377835e+00
3.207981920040743518e+01 6.864629488158899839e+00 1.947389865036923906e+00
3.216753246753246742e+01 6.897619047619047983e+00 1.961306340718105501e+00
3.221329258976317789e+01 6.985879806468041409e+00 2.011751973516679559e+00
3.213167812579577287e+01 7.010364145658263269e+00 2.052393684746625979e+00
3.204877769289534228e+01 6.988973771326712381e+00 2.024853577794754056e+00
3.209839572192513657e+01 6.977794754265342902e+00 1.998433919022154281e+00
3.211002037178507607e+01 7.029933791698497636e+00 2.032849503437738736e+00
3.210920550038196808e+01 7.052775655716832404e+00 2.072536287242169539e+00
3.212846956964604317e+01 7.010440539852304198e+00 2.074115100585689042e+00
3.197055003819709640e+01 6.947784568372803449e+00 2.019124013241660354e+00
3.186606824548001171e+01 6.898446651387827977e+00 2.022001527883880989e+00
3.187258721670486494e+01 6.852431881843646266e+00 2.020218996689584934e+00
3.192564298446651350e+01 6.868029029793735418e+00 2.006391647568118053e+00
3.197594856124267793e+01 6.893710211357269912e+00 2.019467787114845869e+00
3.193590527119938827e+01 6.857040998217469152e+00 1.998459383753501406e+00
3.190926916221033949e+01 6.880175706646294742e+00 1.979399032340208864e+00
3.193933027756557053e+01 6.926101349630761739e+00 1.967914438502673891e+00
3.195513114336643667e+01 6.919442322383498656e+00 1.991329258976317851e+00
3.192285459638400980e+01 6.895696460402342964e+00 1.986898395721925059e+00
3.182551566080977778e+01 6.886949325184619219e+00 2.012350394703335876e+00
3.188121976063152374e+01 6.878800611153552680e+00 2.000700280112044815e+00
3.192346574993633723e+01 6.853883371530430146e+00 1.991214667685256012e+00
3.187930990578049517e+01 6.865113318054494762e+00 1.960516934046345749e+00
3.182286732874968038e+01 6.862057550292844255e+00 1.964591291061879241e+00
3.182606315253374163e+01 6.893812070282658411e+00 1.955156608097784465e+00
3.194680417621594160e+01 6.916564807741278464e+00 1.998739495798319332e+00
3.187289279348102866e+01 6.932683982683983004e+00 1.992093200916730256e+00
3.255974025974025921e+01 6.765889992360580862e+00 2.038961038961038863e+00
3.305729564553094235e+01 6.682378405907817509e+00 2.044104914693150032e+00
3.317007894066717455e+01 6.656837280366691978e+00 2.073058314234784927e+00
3.336959511077158425e+01 6.666844919786096391e+00 2.075070028011204659e+00
3.346443850267379361e+01 6.675222816399286607e+00 2.066921313980137676e+00
3.298815889992360439e+01 6.812783295136235928e+00 2.076597911892029469e+00
3.259781003310415315e+01 6.904901960784314063e+00 2.019977081741787472e+00
3.235299210593328212e+01 6.914489432136490699e+00 1.989928698752228220e+00
3.211054239877769589e+01 6.899656226126814396e+00 1.979577285459638292e+00
3.194238604532722192e+01 6.865953654188948541e+00 1.983791698497580747e+00
3.187552839317545050e+01 6.802406417112299764e+00 1.969595110771581448e+00
3.177630506748153749e+01 6.837191240132416858e+00 1.958008658008657976e+00
3.178969951617010281e+01 6.882085561497325976e+00 1.990578049401578786e+00
3.182261268143621180e+01 6.888069773363890924e+00 1.987967914438502737e+00
3.190359052711993826e+01 6.895059842118665294e+00 1.973605805958747128e+00
3.192408963585434023e+01 6.908696205755028963e+00 2.021976063152533865e+00
3.195819964349376008e+01 6.939826839826840121e+00 2.019251336898395532e+00
3.198605805958747084e+01 6.898026483320601088e+00 1.997606315253374065e+00
3.195261013496307712e+01 6.916870384517443071e+00 1.993735676088617348e+00
3.190052202699261485e+01 6.930353959765724881e+00 2.041583906289788697e+00
3.200198624904507483e+01 6.939890501655207267e+00 2.022892793481028573e+00
3.208362617774382386e+01 6.944525082760376833e+00 1.970919276801629705e+00
3.211920040743569871e+01 6.972319837025719558e+00 1.998714031066972208e+00
3.209409218232747918e+01 7.012655971479500927e+00 1.983524318818436383e+00
3.216380188439011789e+01 7.003666921313979721e+00 1.978011204481792795e+00
3.218152533740769172e+01 7.036936592818945790e+00 1.990323402088107985e+00
3.216368729309905916e+01 7.121415839062898101e+00 2.022689075630252020e+00
3.221306340718105332e+01 7.146358543417367315e+00 2.064960529666412192e+00
3.229653679653679887e+01 7.123121976063152339e+00 2.049528902470079128e+00
3.229241151005857091e+01 7.118118156353450132e+00 2.056098803157626609e+00
3.224713521772345359e+01 7.146906035141329383e+00 2.040921823274764346e+00
3.225379424497071312e+01 7.166564807741278464e+00 2.040972752737458595e+00
3.217428062133944167e+01 7.183587980646803928e+00 2.045785586962057589e+00
3.212361853832442193e+01 7.205755029284441449e+00 2.044143111790170497e+00
3.208281130634071587e+01 7.164769544181308625e+00 2.044448688566335548e+00
3.210227909345556441e+01 7.117468805704099566e+00 2.061166284695696405e+00
3.210444359562006866e+01 7.063827349121466703e+00 2.048930481283422367e+00
3.205546218487395294e+01 7.034008148714031350e+00 2.033995416348357566e+00
3.215076394194041143e+01 7.020766488413547002e+00 2.024102368220015435e+00
3.223105423987777129e+01 7.022421695951107878e+00 2.028087598675833991e+00
3.220471097529920712e+01 7.051069518716577278e+00 2.023834988540870850e+00
3.214153297682709365e+01 7.091367456073338182e+00 2.034924879042526058e+00
3.213197097020626103e+01 7.088184364654952496e+00 2.011102622867328549e+00
3.212307104660045809e+01 7.101120448179271349e+00 2.012490450725744839e+00
3.201371275783040460e+01 7.062312197606315678e+00 2.004952890247007957e+00
3.199840845429080716e+01 7.026228673287496562e+00 2.004176215940921768e+00
3.207731092436974762e+01 7.037916984975808532e+00 2.016080977845683631e+00
3.212724726254138119e+01 7.019340463458110690e+00 2.043035395976572577e+00
3.208116883116883145e+01 7.043391902215431877e+00 2.053947033358797913e+00
3.203969951617010281e+01 7.011408199643494044e+00 2.049809014514897054e+00
3.215562770562770822e+01 7.053615991851286182e+00 2.001642475171887092e+00
3.217137764196587568e+01 7.071657754010694852e+00 2.019977081741787472e+00
3.218139801375095743e+01 7.062643239113826965e+00 2.014362108479755609e+00
3.227938629997453290e+01 7.077119938884644412e+00 1.986987522281639995e+00
3.232784568372803591e+01 7.116386554621848326e+00 2.007359307359307454e+00
3.228973771326712239e+01 7.142908072319836599e+00 2.023440285204991085e+00
3.223301502419149500e+01 7.146524064171122959e+00 2.028927934810287770e+00
3.226250318309141818e+01 7.151769798828622626e+00 1.999758085052202761e+00
3.227720906544436019e+01 7.187165775401069823e+00 2.052062643239113804e+00
3.226702317290552458e+01 7.175974025974025672e+00 2.048650369238604441e+00
3.219419404125286377e+01 7.124064171122994615e+00 2.028163992869875365e+00
3.209099821746880821e+01 7.061930226636109253e+00 2.026012223071046670e+00
3.206623376623376487e+01 7.045607333842627718e+00 2.015202444614209387e+00
3.202160682454800167e+01 7.015011459129106619e+00 2.029717341482047299e+00
3.206824548001018371e+01 7.027947542653424584e+00 2.014935064935064801e+00
3.209770817417876287e+01 7.055233002291825706e+00 2.013368983957219083e+00
3.206597911892029629e+01 7.096931499872676241e+00 2.046791443850267456e+00
3.207531194295900434e+01 7.109320091673033026e+00 2.050611153552329924e+00
3.209610389610389802e+01 7.122854596384008197e+00 2.021161191749427211e+00
3.205342500636618297e+01 7.113750954927425596e+00 2.030977845683727967e+00
3.199531448943213618e+01 7.089572192513369231e+00 2.046944232238349759e+00
3.206303794244970362e+01 7.075630252100840067e+00 2.022205245734657542e+00
3.209602750190985176e+01 7.077069009421950163e+00 2.021199388846447675e+00
3.207382225617519822e+01 7.079169849758084609e+00 2.026890756302520913e+00
3.206911128087598684e+01 7.074968169085815717e+00 2.057919531448943129e+00
3.217920804685510916e+01 7.078749681690857720e+00 2.035714285714285587e+00
3.223674560733384453e+01 7.090921823274764613e+00 2.018856633562515768e+00
3.222060096765979154e+01 7.118742042271454018e+00 2.033537051184110211e+00
3.223203463203463315e+01 7.100738477209065813e+00 2.042615227909345688e+00
3.225530939648587037e+01 7.103081232492996833e+00 2.059180035650623797e+00
3.229214413037942677e+01 7.156327985739750375e+00 2.011841100076394273e+00
3.220879806468041551e+01 7.145314489432136540e+00 2.002521008403361336e+00
3.220869620575503234e+01 7.150674815380697602e+00 1.990845429080723150e+00
3.220171886936592642e+01 7.173045581869111231e+00 1.984428316781257973e+00
3.211810542398777812e+01 7.164260249554367022e+00 2.000674815380697691e+00
3.207184873949579895e+01 7.114005602240895954e+00 2.007728545963840094e+00
3.199108734402852150e+01 7.066984975808504821e+00 2.004392666157372105e+00
3.194896867838044230e+01 7.039024700789406452e+00 1.941265597147949995e+00
3.184364654952890206e+01 6.994053985230455517e+00 1.936389101094983411e+00
3.186725235548765056e+01 6.985727018079959549e+00 1.934873949579831942e+00
3.195359052711993897e+01 7.006862745098039191e+00 1.914604023427552759e+00
3.202111026228673296e+01 7.017201426024955779e+00 1.961892029539088256e+00
3.206186656480774388e+01 7.018703845174433020e+00 1.965126050420167969e+00
3.204704609116373604e+01 7.004354469060351640e+00 1.956353450471097544e+00
3.208486121721416140e+01 7.015138782785841798e+00 1.984441049146931535e+00
3.206818181818182012e+01 7.029297173414820854e+00 1.993799337916984937e+00
3.204410491469315048e+01 7.009918512859689699e+00 2.011611917494270596e+00
3.201773618538324229e+01 6.977680162974280620e+00 2.041151005856888023e+00
3.202338935574229595e+01 6.996893302775656132e+00 2.026572447160682522e+00
3.202678889737713064e+01 6.995492742551566501e+00 2.063789152024446238e+00
3.200184619302266498e+01 6.998828622358034046e+00 2.046855105678635045e+00
3.201454036159918815e+01 6.957130124777183511e+00 1.976305067481538114e+00
3.207182327476444783e+01 7.001527883880824810e+00 1.989457601222307082e+00
3.206163738222561932e+01 7.013763687293098847e+00 2.004685510567863371e+00
3.208596893302775754e+01 7.019964349376113688e+00 2.001833460656989860e+00
3.207137764196587426e+01 7.040654443595619760e+00 2.020588235294117574e+00
3.199477973007384790e+01 7.111319073083778974e+00 2.002368220015279032e+00
3.201768525592054715e+01 7.110631525337407943e+00 2.000140056022408963e+00
3.210145148968678086e+01 7.102037178507766946e+00 1.997377132671250388e+00
3.206797810033103957e+01 7.130570409982174951e+00 1.985752482811306230e+00
3.199657499363381774e+01 7.101273236567354097e+00 2.014081996434937682e+00
3.177412783295136123e+01 7.001998981410745948e+00 1.958861726508785317e+00
3.173004838298955832e+01 6.965648077412783579e+00 1.938884644766997623e+00
3.168689839572192568e+01 6.946778711484594027e+00 1.959562006620830132e+00
3.170320855614973254e+01 6.965482556659027047e+00 1.953475935828876908e+00
3.169805194805194759e+01 6.920957473898650569e+00 1.981945505474917324e+00
3.180287751464221913e+01 6.950076394194041107e+00 1.995760122230710421e+00
3.184317545199898092e+01 6.985828877005347159e+00 2.010707919531448784e+00
3.184928698752228016e+01 6.987624140565316999e+00 2.044143111790170497e+00
3.192258721670486210e+01 6.976801629742806377e+00 2.028291316526610544e+00
3.190262286732874841e+01 6.983027756557167898e+00 1.984772090654443488e+00
3.187266361089890410e+01 6.961510058568881831e+00 1.993862999745352749e+00
3.187468805704099850e+01 6.934453781512605275e+00 1.979717341482047255e+00
3.189923605805958573e+01 6.933129615482556574e+00 1.991647568118156464e+00
3.193898650369238723e+01 6.953603259485612753e+00 2.000916730328495152e+00
3.194835752482811131e+01 6.975082760376878355e+00 1.989152024446142031e+00
3.199591291061879161e+01 6.979959256429844494e+00 1.996816908581614536e+00
3.193660555131143397e+01 6.965036923860453477e+00 2.004010695187165680e+00
3.195007639419404200e+01 7.005105678635090705e+00 2.029500891265596962e+00
3.191979882862235840e+01 7.027425515660810085e+00 2.000089126559714714e+00
3.190117137764196542e+01 7.034008148714031350e+00 2.002788388082505922e+00
3.189759358288770130e+01 7.037624140565316821e+00 2.014476699770817447e+00
3.192830404889228291e+01 7.065788133435192186e+00 2.003921568627450966e+00
3.192832951362363048e+01 7.058123249299719681e+00 2.006327985739750464e+00
3.186786350903997800e+01 7.054647313470843173e+00 2.013623631270689884e+00
3.189978354978354957e+01 7.020842882607588820e+00 2.009180035650623974e+00
3.180502928444104782e+01 6.949745352686528932e+00 2.003450471097529828e+00
3.177098293862999867e+01 6.909230965113318135e+00 1.977094474153297643e+00
3.174230965113317993e+01 6.858123249299719504e+00 1.968780239368474572e+00
3.182062643239113697e+01 6.840692640692640936e+00 1.969073083778966060e+00
3.182234530175706766e+01 6.878202189966895475e+00 1.991583906289788652e+00
3.175376878023936911e+01 6.869531448943213547e+00 1.983307868601986268e+00
3.178293862999745301e+01 6.887000254647313469e+00 1.965418894830659458e+00
3.175565317035905366e+01 6.911204481792717402e+00 1.982531194295900079e+00
3.177128851540616239e+01 6.948688566335625261e+00 1.981869111280875950e+00
3.178705118411000896e+01 6.890005092946269727e+00 1.974535268652915621e+00
3.179680417621593946e+01 6.875311942959001499e+00 1.952304558186911176e+00
3.172210338680926967e+01 6.847708174178761986e+00 1.935930735930735835e+00
3.171190476190476204e+01 6.881257957728545982e+00 1.914629488158899884e+00
3.176744334097275413e+01 6.902266361089890445e+00 1.932085561497326243e+00
3.176535523300229258e+01 6.922714540361599056e+00 1.947389865036923906e+00
3.177024446142093339e+01 6.916895849248790640e+00 1.947937356760886196e+00
3.178915202444614252e+01 6.943226381461675700e+00 1.970588235294117752e+00
3.182695441813088877e+01 6.962859689330277213e+00 1.957754010695187175e+00
3.182193786605551367e+01 6.971046600458365106e+00 1.940603514132925866e+00
3.189059078176725137e+01 7.035230455818691553e+00 1.974357015533486193e+00
3.196189202953909003e+01 7.068576521517697664e+00 1.983040488922841904e+00
3.193870639164756753e+01 7.081028775146422483e+00 2.007346574993633670e+00
3.199031066972243309e+01 7.086732874968169504e+00 2.004239877769289357e+00
3.196647568118156357e+01 7.105576776165011488e+00 1.992971734148204721e+00
3.222360580595874779e+01 6.999770817417876323e+00 2.010338680926916144e+00
3.234449961802903317e+01 6.901897122485357805e+00 2.059816653934301023e+00
3.239330277565571947e+01 6.812732365673542567e+00 2.079475426534250104e+00
3.237235803412274038e+01 6.781423478482301981e+00 2.089406671759613143e+00
3.245287751464221770e+01 6.783282403870638966e+00 2.088871912401323971e+00
3.221610644257702916e+01 6.862159409218232753e+00 2.101782531194295700e+00
3.202905525846702517e+01 6.889712248535778016e+00 2.076827094474153146e+00
3.196089890501655262e+01 6.925299210593328425e+00 2.048268398268398460e+00
3.187853323147440676e+01 6.971657754010695207e+00 2.044945250827603811e+00
3.185741023682200179e+01 6.977680162974280620e+00 2.036872930990578201e+00
3.181452762923351330e+01 6.966157372039725182e+00 2.038235294117646923e+00
3.179773363891010973e+01 6.990552584670231440e+00 2.045212630506747953e+00
3.170833969951616993e+01 6.986007130124777476e+00 2.026572447160682522e+00
3.175085306850012756e+01 6.957830404889228326e+00 2.022714540361599145e+00
3.174719887955182074e+01 6.945263559969442113e+00 2.007155589508530902e+00
3.184227145403615822e+01 6.989177489177489377e+00 2.014540361599185037e+00
3.183790425261013368e+01 6.990616246498599473e+00 2.007015533486121939e+00
3.184876496052966743e+01 7.023312961548255906e+00 2.028571428571428470e+00
3.190021645021645114e+01 7.074089635854341473e+00 2.077616501145913119e+00
3.192839317545199762e+01 7.100802139037432958e+00 2.064667685255920482e+00
3.192034632034631869e+01 7.107715813598166399e+00 2.021963330786860080e+00
3.195426534250063710e+01 7.109358288770053491e+00 2.033804430863254353e+00
3.192034632034631869e+01 7.154749172396231316e+00 2.061268143621084903e+00
3.197601222307104507e+01 7.183155080213904142e+00 2.059218232747644706e+00
3.196585179526356058e+01 7.147873694932518340e+00 2.028469569646040416e+00
3.192336389101095051e+01 7.094512350394703404e+00 2.063572701807995902e+00
3.183166539343010015e+01 7.057792207792207506e+00 2.085141329258976217e+00
3.173354978354978329e+01 7.018780239368474838e+00 2.075541125541125353e+00
3.170145148968678228e+01 6.977056277056276734e+00 2.051604278074866450e+00
3.176850012732365514e+01 6.988235294117647101e+00 2.041749427043544785e+00
3.182402597402597522e+01 7.001018589253883206e+00 2.068181818181818343e+00
3.189573465749936432e+01 6.984784823020117273e+00 2.082352941176470740e+00
3.198409727527374713e+01 6.978138528138527974e+00 2.070791953144894393e+00
3.200168067226891111e+01 6.989457601222307304e+00 2.096702317290552564e+00
3.200640437993379095e+01 7.026954418130888946e+00 2.090005092946269460e+00
3.194145658263305165e+01 6.994830659536542150e+00 2.067405143875732154e+00
3.188376623376623442e+01 6.983613445378151319e+00 2.024395212630506702e+00
3.180685001273236523e+01 6.996969696969697061e+00 2.065393430099312422e+00
3.188953399541634681e+01 7.055895085306850056e+00 2.051884390119684376e+00
3.194815380697733787e+01 7.076165011459129239e+00 2.067736185383244329e+00
3.195667175961293438e+01 7.083829895594601744e+00 2.054150751209574910e+00
3.202540106951871479e+01 7.072612681436210913e+00 2.042398777692895351e+00
3.204774637127578529e+01 7.087369493251846286e+00 2.047338935574229524e+00
3.209840845429080503e+01 7.113496307613954350e+00 2.031818181818181746e+00
3.212310924369747767e+01 7.113165266106442175e+00 2.068729309905780411e+00
3.212857142857142634e+01 7.139623121976063302e+00 2.087356760886172502e+00
3.218386809269162541e+01 7.148395721925133728e+00 2.092131398013751031e+00
3.223315508021390485e+01 7.168118156353450843e+00 2.085103132161955752e+00
3.217734912146676862e+01 7.190883626177743793e+00 2.076215940921823488e+00
3.213307868601986428e+01 7.156697224344283015e+00 2.073172905525846765e+00
3.211195569136745576e+01 7.145938375350140426e+00 2.074535268652915931e+00
3.204491978609625846e+01 7.120142602495543649e+00 2.089101094983448093e+00
3.196600458365164243e+01 7.124929971988795074e+00 2.088044308632543977e+00
3.199647313470842747e+01 7.098726763432646081e+00 2.101718869365928111e+00
3.209900687547746401e+01 7.102253628724216838e+00 2.107613954672778345e+00
3.204616755793226446e+01 7.112974280621339851e+00 2.123758594346829565e+00
3.202178507766743110e+01 7.141201935319582361e+00 2.112770562770562854e+00
3.208226381461675913e+01 7.117035905271199780e+00 2.072319837025719202e+00
3.207831678125796060e+01 7.121619556913674209e+00 2.080901451489686860e+00
3.196890756302520842e+01 7.120906544435956498e+00 2.100547491723962157e+00
3.190123503947033257e+01 7.113458110516933885e+00 2.072599949070537129e+00
3.196473134708428887e+01 7.060198624904507447e+00 2.072867328749681715e+00
3.190008912655971329e+01 7.080417621594092381e+00 2.069480519480519476e+00
3.191726508785332328e+01 7.089763177998472443e+00 2.080392156862745257e+00
3.199551820728291318e+01 7.078176725235548972e+00 2.075248281130634087e+00
3.202708174178762590e+01 7.101031321619556635e+00 2.076623376623376593e+00
3.199150751209574750e+01 7.102686529157117512e+00 2.106748153806977442e+00
3.198901196842373196e+01 7.128278584160937292e+00 2.119480519480519298e+00
3.200199898141074328e+01 7.113623631270690417e+00 2.088375350140056153e+00
3.205608607079195593e+01 7.120295390883626396e+00 2.104800101858925299e+00
3.216384008148713747e+01 7.147886427298192125e+00 2.107741278329513523e+00
3.223790425261013581e+01 7.153399541634835934e+00 2.106429844665138607e+00
3.226408199643493901e+01 7.159994907053730984e+00 2.104150751209574732e+00
3.224750445632798801e+01 7.187114845938375574e+00 2.080252100840336293e+00
3.216632289279348100e+01 7.163610898905016455e+00 2.083868092691622209e+00
3.211480774127832660e+01 7.124840845429080360e+00 2.073822256175197332e+00
3.204298446651387877e+01 7.105742296918767131e+00 2.073465749936338032e+00
3.196105169340463448e+01 7.080150241914948239e+00 2.086045327221798029e+00
3.193684746625923054e+01 7.051133180544945311e+00 2.124000509294627026e+00
3.190427807486630840e+01 7.029602750190985461e+00 2.070919276801629572e+00
3.186678125795772942e+01 7.042997198879551668e+00 2.059625668449197811e+00
3.186637382225617543e+01 7.029335370511841319e+00 2.078545963840081612e+00
3.195847975553857978e+01 7.088260758848994314e+00 2.100305576776165140e+00
3.193237840590781929e+01 7.111370002546473224e+00 2.079258976317799767e+00
3.189425770308123376e+01 7.075261013496307427e+00 2.072790934555640341e+00
3.188972498090145180e+01 7.064107461166284629e+00 2.048573975044563067e+00
3.192866055513114176e+01 7.091036414565826007e+00 2.070333587980646595e+00
3.195384517443341110e+01 7.084746625923096452e+00 2.068398268398268236e+00
3.200048382989559315e+01 7.068258212375859273e+00 2.061446396740514331e+00
3.204365928189457691e+01 7.077501909854850837e+00 2.066908581614463891e+00
3.199187675070027836e+01 7.092984466513878594e+00 2.080086580086580206e+00
3.196974789915966397e+01 7.111701044053985399e+00 2.055984211866564770e+00
3.201697224344282944e+01 7.134326457855869386e+00 2.048548510313216386e+00
3.204602750190985461e+01 7.152151769798829051e+00 2.053017570664629421e+00
3.201636108989050200e+01 7.146511331805449174e+00 2.054150751209574910e+00
3.208320600967660141e+01 7.180965113318054094e+00 2.064171122994652219e+00
3.213972498090144825e+01 7.210618792971733804e+00 2.104914693149987137e+00
3.210319582378405556e+01 7.198192004074357442e+00 2.120040743570155151e+00
3.213995416348357281e+01 7.181563534504711299e+00 2.089075630252100968e+00
3.217571937866055265e+01 7.195683728036669002e+00 2.104851031321619548e+00
3.211520244461421214e+01 7.203106697224344046e+00 2.092997198879551934e+00
3.204374840845429162e+01 7.184530175706646205e+00 2.078953399541634717e+00
3.198464476699770742e+01 7.164502164502164483e+00 2.096014769544181089e+00
3.182163228927934640e+01 7.152979373567609045e+00 2.066055513114336772e+00
3.177254901960784395e+01 7.088146167557932031e+00 2.084657499363381739e+00
3.177047364400305440e+01 7.077310924369747624e+00 2.057639419404125203e+00
3.171680672268907486e+01 7.058097784568373001e+00 2.072829131652661250e+00
3.171639928698752087e+01 7.119696969696970079e+00 2.089954163483575211e+00
3.174961802902979358e+01 7.129730073847721172e+00 2.109192768016297403e+00
3.176308887191240160e+01 7.143901196842373125e+00 2.105513114336643898e+00
3.180487649605296596e+01 7.160631525337407766e+00 2.091736694677871267e+00
3.191088617265087990e+01 7.148841354723707298e+00 2.077514642220524621e+00
3.196004583651642506e+01 7.145034377387318614e+00 2.089444868856633608e+00
3.200266106442577296e+01 7.119531448943213547e+00 2.102508276037687640e+00
3.200294117647058556e+01 7.145263559969442291e+00 2.113661828367710882e+00
3.201796536796536685e+01 7.170435446906035182e+00 2.103896103896103931e+00
3.206465495289024403e+01 7.169174942704354514e+00 2.095581869111280859e+00
3.203407181054240027e+01 7.196358543417367137e+00 2.066959511077158140e+00
3.202089381207028396e+01 7.205716832187420096e+00 2.058607079195314604e+00
3.200749936338171864e+01 7.215648077412783579e+00 2.051247771836007150e+00
3.212094474153297341e+01 7.231066972243442414e+00 2.108976317799847067e+00
3.218101604278074745e+01 7.244665138782785618e+00 2.170893812070282536e+00
3.215516934046345909e+01 7.249477973007384612e+00 2.142666157372039581e+00
3.211841100076394184e+01 7.232722179781003291e+00 2.092857142857142971e+00
3.207906799083269789e+01 7.228482302011713934e+00 2.091303794244970593e+00
3.193528138528138527e+01 7.211102622867328726e+00 2.097835497835498053e+00
3.182964094728800575e+01 7.175884899414310958e+00 2.060580595874713428e+00
3.170863254392666164e+01 7.124624395212630468e+00 2.048981410746116616e+00
3.168792971734148267e+01 7.119595110771581581e+00 2.056608097784568212e+00
3.159101094983448021e+01 7.088642729819200738e+00 2.062350394703335699e+00
3.153118156353450630e+01 7.032518461930227005e+00 2.049465240641711095e+00
3.146157372039725075e+01 7.025910364145658171e+00 2.053106697224344135e+00
3.151331805449452617e+01 7.022625413801883987e+00 2.054710975299210762e+00
3.158199643493761144e+01 7.014718614718614909e+00 2.056862745098039014e+00
3.157639419404125292e+01 7.029691876750700175e+00 2.069276801629742923e+00
3.165685001273236665e+01 7.085841609371021477e+00 2.086580086580086757e+00
3.172487904252610136e+01 7.067927170868347098e+00 2.059230965113318046e+00
3.174672778202189960e+01 7.091520244461420930e+00 2.072230710466004489e+00
3.183301502419149642e+01 7.070397249809014184e+00 2.107040998217468708e+00
3.182904252610135032e+01 7.076827094474153590e+00 2.096333078686019924e+00
3.185147695441813198e+01 7.095912910618793035e+00 2.091061879297173576e+00
3.188183091418385473e+01 7.099630761395467005e+00 2.086771072065189525e+00
3.186363636363636331e+01 7.106582633053220910e+00 2.084759358288770237e+00
3.185486376368729466e+01 7.115915457091928076e+00 2.077807486631015887e+00
3.190375604787369568e+01 7.138528138528138278e+00 2.093761140819964339e+00
3.198911382734912223e+01 7.157524828113063009e+00 2.110376878023936698e+00
3.194283167812579549e+01 7.177170868347339194e+00 2.129297173414820499e+00
3.200402342755283769e+01 7.150738477209065636e+00 2.141049146931500058e+00
3.206052966641201607e+01 7.182633053221288755e+00 2.147988286223580179e+00
3.203961038961038810e+01 7.215317035905271403e+00 2.155729564553094058e+00
3.204283167812579336e+01 7.216972243442831392e+00 2.098242933537051158e+00
3.205432900432900567e+01 7.252431881843646622e+00 2.096842373312961527e+00
3.203973771326712239e+01 7.288158899923605993e+00 2.125630252100840334e+00
3.202433155080213822e+01 7.289317545199898163e+00 2.126674306086070665e+00
3.206091163738222605e+01 7.267812579577285881e+00 2.108314234784823160e+00
3.197328749681690852e+01 7.266832187420423139e+00 2.110682454800101748e+00
3.187615227909345705e+01 7.231627196333078267e+00 2.099770817417876412e+00
3.182918258212376017e+01 7.175693913929207746e+00 2.108034122740005234e+00
3.181788897377132841e+01 7.121301247771835818e+00 2.099745352686529287e+00
3.186079704609116448e+01 7.101235039470333632e+00 2.081869111280875817e+00
3.184075630252100808e+01 7.094244970715559262e+00 2.063980137509549451e+00
3.190233002291825670e+01 7.094423223834988690e+00 2.078889737713267127e+00
3.190506748153806882e+01 7.098866819455055044e+00 2.084173669467787260e+00
3.189341736694677820e+01 7.119773363891011009e+00 2.101324166030048346e+00
3.196813088871912356e+01 7.128469569646040505e+00 2.100713012477718244e+00
3.195454545454545325e+01 7.108810797046091423e+00 2.113509039979628135e+00
3.193384262796027429e+01 7.097135217723453238e+00 2.139228418640183538e+00
3.190092946269416885e+01 7.097593582887700592e+00 2.134300993124522705e+00
3.194309905780493963e+01 7.077832951362363012e+00 2.139457601222307215e+00
3.197560478736949463e+01 7.107639419404125469e+00 2.094512350394703404e+00
3.194395212630506720e+01 7.109472880061115774e+00 2.073363891010949978e+00
3.204805194805194901e+01 7.124420677361853471e+00 2.049783549783549930e+00
3.213156353450471414e+01 7.142500636618283494e+00 2.072740005092946092e+00
3.212920804685510490e+01 7.175006366182836715e+00 2.075859434682964189e+00
3.209629488158899591e+01 7.140310669722434334e+00 2.080710466004583648e+00
3.206683218742042385e+01 7.166552075375604680e+00 2.096167557932263836e+00
3.205328495034377312e+01 7.181347084288260518e+00 2.118054494525082543e+00
3.204824293353705400e+01 7.208848994143111533e+00 2.142462439521263029e+00
3.203838808250572612e+01 7.226687038451744094e+00 2.115100585688820978e+00
3.204551820728291034e+01 7.271734148204736847e+00 2.146956964604023632e+00
3.201317799847211631e+01 7.263050674815381136e+00 2.166615737203972714e+00
3.202135217723453309e+01 7.235637891520244835e+00 2.137331296154825644e+00
3.198599439775910369e+01 7.200840336134453956e+00 2.172014260249554241e+00
3.192107206518971196e+01 7.191049146931499436e+00 2.189419404125286572e+00
3.195713012477718351e+01 7.179386299974535035e+00 2.182047364400305778e+00
3.191205755029284319e+01 7.119926152279093756e+00 2.190883626177743793e+00
3.199299719887955007e+01 7.130303030303029921e+00 2.155118411000763956e+00
3.197771836007130020e+01 7.166221033868092505e+00 2.157932263814616558e+00
3.198318054494525242e+01 7.155602240896358879e+00 2.149541634835752557e+00
3.201858925388336985e+01 7.139457601222306771e+00 2.136643748408454169e+00
3.199177489177489164e+01 7.125146422205245855e+00 2.141494779730073628e+00
3.203119429590017830e+01 7.135930735930736013e+00 2.112668703845174356e+00
3.200673542144130579e+01 7.128469569646040505e+00 2.109803921568627505e+00
3.204970715558950900e+01 7.129602750190985105e+00 2.105844155844155630e+00
3.199861217214158415e+01 7.125235548764960569e+00 2.108314234784823160e+00
3.201348357524828003e+01 7.117290552584670138e+00 2.097389865036924039e+00
3.203342245989304615e+01 7.122981920040743375e+00 2.082327476445123615e+00
3.206576266870384728e+01 7.145263559969442291e+00 2.080366692131398132e+00
3.211035141329259091e+01 7.164629488158899662e+00 2.151871657754010680e+00
3.209959256429844743e+01 7.199274255156607794e+00 2.126114081996434813e+00
3.216359816653934445e+01 7.154494525082760070e+00 2.111013496307613924e+00
3.217596129360835278e+01 7.174013241660300189e+00 2.109638400814871417e+00
3.220757575757576063e+01 7.182976827094473826e+00 2.106608097784568479e+00
3.232083015024191752e+01 7.221122994652406035e+00 2.110262286732874859e+00
3.228273491214667956e+01 7.213776419658772809e+00 2.113241660300483993e+00
3.222535014005602250e+01 7.183982683982684136e+00 2.097517188693659218e+00
3.219856124267889186e+01 7.155385790679908098e+00 2.090756302521008525e+00
3.210443086325439310e+01 7.154812834224599349e+00 2.111026228673287708e+00
3.195864527629233365e+01 7.114031066972243522e+00 2.100241914947797106e+00
3.186299974535268476e+01 7.062745098039215463e+00 2.095008912655971667e+00
3.190497835497835410e+01 7.027336389101095371e+00 2.090336134453781636e+00
3.184791189202953987e+01 7.003565062388592111e+00 2.120715558950853286e+00
3.191106442577030933e+01 7.005309396485866813e+00 2.117927170868347364e+00
3.191033868092691606e+01 7.009052711993888352e+00 2.097950089126559892e+00
3.189668958492487860e+01 6.989241151005856523e+00 2.080519480519480435e+00
3.195150241914947742e+01 7.021161191749427211e+00 2.080290297937356758e+00
3.192310924369747838e+01 7.021568627450980316e+00 2.092691622103386884e+00
3.187714540361599092e+01 7.020066208301502186e+00 2.072116119174942650e+00
3.184898141074611644e+01 7.022523554876496377e+00 2.081079704609116288e+00
3.184856124267889044e+01 7.029640947288005925e+00 2.069365928189457637e+00
3.187933537051184274e+01 7.010758848994143477e+00 2.089801375095492908e+00
3.182888973771326846e+01 6.997708174178762341e+00 2.095607333842627984e+00
3.185486376368729466e+01 7.016297428062133967e+00 2.090641711229946687e+00
3.188734402852049854e+01 7.034479246243952488e+00 2.108199643493761322e+00
3.190724471606824508e+01 7.045518207282913004e+00 2.105143875732110814e+00
3.193062133944486902e+01 7.063712757830405309e+00 2.066335625159154699e+00
3.194410491469314906e+01 7.091507512095747146e+00 2.078558696205754952e+00
3.192830404889228291e+01 7.065749936338171722e+00 2.084046345811051637e+00
3.193086325439266560e+01 7.074751718869365824e+00 2.089406671759613143e+00
3.193637636872930941e+01 7.078100331041507154e+00 2.076432391138273381e+00
3.198568882098293997e+01 7.091100076394194041e+00 2.094270435446905942e+00
3.198939393939393838e+01 7.109587471352177168e+00 2.103157626687038650e+00
3.196024955436720205e+01 7.116628469569645787e+00 2.106277056277056303e+00
3.193157626687038331e+01 7.078940667175960932e+00 2.085663356251591605e+00
3.186656480774127687e+01 7.019136745607333694e+00 2.065737203972497937e+00
3.175073847720906528e+01 6.980494015788133666e+00 2.049961802902979358e+00
3.173824802648331911e+01 6.935816144639674441e+00 2.037229437229437057e+00
3.173586707410236940e+01 6.962897886427298566e+00 2.069595110771581314e+00
3.180403615991851396e+01 6.992971734148205165e+00 2.094754265342500421e+00
3.184638400814871417e+01 7.015775401069518580e+00 2.116577540106951982e+00
3.185887445887446034e+01 7.031156098803157839e+00 2.085294117647058965e+00
3.184788642729819230e+01 7.052750190985484835e+00 2.079895594601476994e+00
3.185490196078431424e+01 7.002266361089890090e+00 2.101795263559969484e+00
3.182439521263050608e+01 7.012872421695950820e+00 2.100827603768780083e+00
3.178500127323656699e+01 7.006722689075630228e+00 2.107028265851795368e+00
3.184169849758085036e+01 6.998446651387827622e+00 2.079526355996944353e+00
3.177675070028011106e+01 7.030455818691113024e+00 2.087344028520499162e+00
3.174797555385790560e+01 7.032505729564553221e+00 2.082543926661573508e+00
3.177365673542144009e+01 7.038910109498345058e+00 2.055729564553093969e+00
3.180892538833715477e+01 7.025592055003819780e+00 2.088451744334097082e+00
3.190975299210593263e+01 7.045861981156098963e+00 2.068309141838553522e+00
3.194372294372294263e+01 7.032009167303284514e+00 2.089241151005857056e+00
3.201981156098803183e+01 7.074929971988795252e+00 2.107397504456328008e+00
3.204941431117901374e+01 7.109778456837280380e+00 2.108670741023682016e+00
3.196984975808505069e+01 7.078367710720652184e+00 2.108186911128087537e+00
3.198339699516170143e+01 7.072816399286987910e+00 2.122319837025719469e+00
3.209036159918512965e+01 7.103730583142348287e+00 2.123975044563279901e+00
3.219781003310414746e+01 7.130608607079195416e+00 2.137382225617519893e+00
3.219764451235039360e+01 7.157944996180289898e+00 2.215355233002291868e+00
3.221532976827094785e+01 7.126725235548764914e+00 2.201706137000254859e+00
3.199833206009676445e+01 7.083206009676597859e+00 2.167901706137000062e+00
3.186247771836007203e+01 7.056990068754775081e+00 2.084619302266361274e+00
3.189059078176725137e+01 7.088795518207282598e+00 2.120677361853832377e+00
3.188453017570664727e+01 7.116361089890501646e+00 2.158708938120702747e+00
3.188887191240132424e+01 7.132658517952635613e+00 2.161675579322638097e+00
3.187284186401833352e+01 7.142971734148204632e+00 2.173911382734912134e+00
3.190850522026992664e+01 7.161828367710720400e+00 2.192984466513878239e+00
3.194630761395467289e+01 7.145148968678380008e+00 2.199567099567099504e+00
3.194612936083524346e+01 7.129984721161191530e+00 2.226788897377132592e+00
3.199148204736439993e+01 7.164400305576775985e+00 2.238006111535523424e+00
3.199895594601477100e+01 7.210631525337407588e+00 2.238820982938630078e+00
3.188477209065444384e+01 7.198714031066971941e+00 2.221746880570409921e+00
3.175653170359052879e+01 7.167086834733893852e+00 2.200878533231474421e+00
3.177588489941431149e+01 7.198714031066971941e+00 2.171555895085306886e+00
3.182084288260758953e+01 7.258441558441558250e+00 2.201858925388337163e+00
3.189789915966386502e+01 7.259536541889483274e+00 2.246867838044308563e+00
3.200240641711229728e+01 7.260975299210593370e+00 2.214298446651387753e+00
3.204936338171632570e+01 7.265686274509803866e+00 2.222370766488413363e+00
3.205681181563534210e+01 7.282098293863000116e+00 2.237891520244461585e+00
3.202872421695951033e+01 7.227616501145912586e+00 2.229971988795518278e+00
3.196274509803921404e+01 7.241532976827094181e+00 2.186669213139801560e+00
3.202820218996689761e+01 7.285064935064935021e+00 2.218589253883371359e+00
3.211156098803157732e+01 7.348230201171377374e+00 2.246778711484593849e+00
3.212554112554112606e+01 7.341023682200153111e+00 2.255704099821747022e+00
3.191229946524064331e+01 7.290501655207537901e+00 2.235739750445632890e+00
3.174733893557423059e+01 7.190043290043290014e+00 2.208505220269926017e+00
3.171917494270435611e+01 7.128444104914692936e+00 2.190412528647822654e+00
3.182677616501145934e+01 7.125490196078431815e+00 2.202546473134708638e+00
3.185527119938884510e+01 7.147160682454799741e+00 2.211586452762923205e+00
3.185264833206009527e+01 7.152049910873440552e+00 2.207677616501146023e+00
3.184554367201425862e+01 7.141380188439011789e+00 2.161790170613699935e+00
3.188813343519225896e+01 7.144003055767761623e+00 2.180213903743315473e+00
3.188505220269925999e+01 7.167201426024955246e+00 2.182467532467532667e+00
3.188190730837789744e+01 7.167710720651896850e+00 2.176445123503947254e+00
3.190062388591800513e+01 7.149567099567099682e+00 2.181945505474917280e+00
3.180915457091927578e+01 7.134632034632034880e+00 2.153055767761649975e+00
3.183731856378915026e+01 7.160784313725490513e+00 2.163801884390119668e+00
3.190911637382225763e+01 7.192717086834734097e+00 2.183256939139292196e+00
3.193798064680417781e+01 7.238349885408708495e+00 2.180723198370257077e+00
3.193868092691621996e+01 7.227489177489177408e+00 2.172141583906289863e+00
3.187206518971224867e+01 7.195721925133689467e+00 2.204978354978354815e+00
3.189966895849248729e+01 7.200216450216450070e+00 2.221110262286732695e+00
3.207887700534759290e+01 7.231308887191239876e+00 2.272421695951107878e+00
3.214087089381207107e+01 7.254965622612681742e+00 2.258989050165520762e+00
3.208218742042271288e+01 7.270053475935829290e+00 2.258008658008658021e+00
3.203169085816144701e+01 7.262388591800356785e+00 2.264171122994652396e+00
3.204862490450725687e+01 7.274853577794754500e+00 2.281830914183855530e+00
3.203104150751209289e+01 7.269149477973007478e+00 2.291151005856888023e+00
3.196942959001782469e+01 7.250522026992615388e+00 2.252457346574993746e+00
3.194372294372294263e+01 7.215202444614209121e+00 2.261942959001782327e+00
3.187010440539852141e+01 7.196765979118920242e+00 2.237114845938375396e+00
3.174017061370002679e+01 7.166844919786096391e+00 2.196651387827858404e+00
3.166643748408454329e+01 7.142245989304813136e+00 2.184428316781258150e+00
3.170635345047109865e+01 7.122447160682455092e+00 2.166946778711484445e+00
3.179586198115609719e+01 7.145148968678380008e+00 2.177794754265342636e+00
3.178651642475171712e+01 7.164884135472370907e+00 2.173771326712503171e+00
3.179438502673796663e+01 7.162554112554112784e+00 2.163827349121466792e+00
3.184279348102877449e+01 7.150241914947796928e+00 2.151171377641965865e+00
3.184437229437229533e+01 7.173936847466259259e+00 2.198981410746116527e+00
3.191456582633053074e+01 7.205691367456073415e+00 2.211217214158390565e+00
3.196069518716577562e+01 7.216730328495034819e+00 2.237127578304048736e+00
3.182919531448943218e+01 7.173211102622867763e+00 2.208645276292334980e+00
3.180527119938884795e+01 7.189814107461166337e+00 2.215278838808250494e+00
3.183435192258721713e+01 7.167252355487649496e+00 2.215024191494779693e+00
3.188621084797555483e+01 7.194983447924624187e+00 2.217901706137000328e+00
3.188053221288515360e+01 7.217685255920549992e+00 2.199987267634326393e+00
3.191591545709192701e+01 7.217647058823529527e+00 2.184415584415584366e+00
3.198587980646804141e+01 7.229895594601477349e+00 2.187649605296664301e+00
3.202720906544436019e+01 7.265126050420168013e+00 2.194003055767761445e+00
3.213200916730328771e+01 7.314489432136491054e+00 2.233893557422969245e+00
3.209472880061115063e+01 7.346931499872676241e+00 2.239941431117901782e+00
3.206741787624140727e+01 7.339724980901451090e+00 2.205029284441049064e+00
3.198739495798319155e+01 7.314858670741023694e+00 2.200572956455309370e+00
3.193291316526610757e+01 7.306111535523299949e+00 2.158848994143111710e+00
3.192697988286223421e+01 7.294626941685764976e+00 2.194817927170868543e+00
3.190129870129869971e+01 7.293519225872167056e+00 2.240323402088107763e+00
3.186392920804685502e+01 7.229908326967150245e+00 2.243531958237840573e+00
3.185485103132161910e+01 7.175222816399286607e+00 2.227094474153297643e+00
3.179376114081996363e+01 7.165775401069518935e+00 2.225044563279857446e+00
3.186749427043544713e+01 7.159294626941686168e+00 2.220218996689585111e+00
3.196086070791953304e+01 7.190781767252355294e+00 2.249668958492487825e+00
3.209168576521517480e+01 7.296511331805449529e+00 2.273669467787114762e+00
3.210529666412019623e+01 7.306518971224853942e+00 2.291698497580850535e+00
3.202221797810032911e+01 7.249770817417876323e+00 2.270779220779220786e+00
3.198472116119175013e+01 7.205869620575502843e+00 2.220537305831423502e+00
3.192892793481028946e+01 7.229284441049147247e+00 2.204558186911127926e+00
3.188865546218487523e+01 7.275273745861981389e+00 2.193404634581105128e+00
3.191068245480010290e+01 7.273376623376623051e+00 2.189584924879042660e+00
3.185394703335879640e+01 7.271212121212121460e+00 2.161204481792716958e+00
3.179549274255156632e+01 7.274484339190221860e+00 2.178304048892284239e+00
3.184051438757321151e+01 7.258938120702826957e+00 2.191914947797300783e+00
3.187764196587725962e+01 7.253259485612426616e+00 2.206850012732365585e+00
3.191266870384517418e+01 7.249337916984975649e+00 2.226839826839826841e+00
3.187770562770562677e+01 7.257028265851794835e+00 2.203514132925897595e+00
3.198393175451998971e+01 7.285701553348611803e+00 2.222625413801884608e+00
3.203552330022917971e+01 7.313190730837789921e+00 2.239406671759613054e+00
3.205891265597148276e+01 7.315635345047109439e+00 2.268283677107206575e+00
3.200150241914947458e+01 7.265342500636617906e+00 2.262286732874968287e+00
3.196501145912910502e+01 7.250114591291062283e+00 2.257983193277310896e+00
3.197136490960020438e+01 7.278011204481792618e+00 2.263368983957219083e+00
3.192434428316781236e+01 7.234619302266360741e+00 2.252915711739241100e+00
3.185826330532212936e+01 7.198484848484848264e+00 2.250292844410491266e+00
3.180006366182836786e+01 7.174471606824548431e+00 2.221568627450980493e+00
3.178450471097529828e+01 7.150432900432900141e+00 2.244576012223070904e+00
3.185080213903743385e+01 7.148994143111790045e+00 2.239686783804430981e+00
3.199530175706646418e+01 7.199847211611917430e+00 2.269327731092436906e+00
3.200025464731346858e+01 7.269136745607333694e+00 2.327030812324930142e+00
3.197126305067481411e+01 7.270715558950852753e+00 2.290781767252355383e+00
3.190430353959765597e+01 7.236452762923351045e+00 2.260325948561242804e+00
3.188656735421441368e+01 7.243468296409472984e+00 2.242742551566081044e+00
3.193767507002801054e+01 7.246205755029284212e+00 2.278596893302775594e+00
3.197653425006366135e+01 7.236058059587471725e+00 2.270868347338935500e+00
3.198413547237076671e+01 7.229831932773109315e+00 2.242296918767507030e+00
3.188018843901196675e+01 7.195339954163483931e+00 2.240476190476190510e+00
3.182877514642220618e+01 7.126992615227909056e+00 2.216462948815889789e+00
3.187955182072829174e+01 7.145645530939648715e+00 2.193812070282658677e+00
3.188850267379678982e+01 7.191545709192768143e+00 2.233206009676597770e+00
3.188782785841609524e+01 7.243213649096001738e+00 2.259702062643238918e+00
3.190058568882098200e+01 7.235943468296409442e+00 2.286618283677107399e+00
3.188744588744588881e+01 7.277552839317545263e+00 2.252852049910873511e+00
3.202597402597402265e+01 7.330634071810542274e+00 2.295620066208301502e+00
3.218301502419149784e+01 7.386249045072574404e+00 2.339635854341736820e+00
3.215947288006111648e+01 7.374598930481283787e+00 2.318194550547491684e+00
3.219286987522281862e+01 7.346460402342755103e+00 2.323389355742297102e+00
3.217556659027247434e+01 7.350853068500127208e+00 2.328660555131143450e+00
3.204801375095492944e+01 7.304150751209574466e+00 2.302406417112299319e+00
3.196187929717341447e+01 7.201502419149478307e+00 2.266475681181563395e+00
3.187754010695187290e+01 7.192678889737713632e+00 2.287063916475680969e+00
3.183796791443850438e+01 7.170180799592563936e+00 2.299579831932772933e+00
3.190704099821746809e+01 7.154507257448433855e+00 2.273045581869111320e+00
3.193208556149732757e+01 7.179335370511840786e+00 2.281856378915202654e+00
3.200309396485867097e+01 7.211077158135982046e+00 2.298650369238604441e+00
3.201457855869620772e+01 7.243022663610898526e+00 2.303756047873695145e+00
3.199532722179781175e+01 7.230022918258212528e+00 2.309421950598421258e+00
3.201636108989050200e+01 7.200738477209065458e+00 2.283817163228928138e+00
3.203132161955691259e+01 7.183206009676597503e+00 2.295480010185892539e+00
3.202622867328749834e+01 7.190998217468806075e+00 2.291914947797300872e+00
3.202844410491469063e+01 7.205449452508275954e+00 2.278673287496816968e+00
3.211785077667430954e+01 7.198293862999745052e+00 2.292436974789915816e+00
3.205732111026228637e+01 7.204354469060351818e+00 2.309689330277565400e+00
3.208115609880315588e+01 7.235612426788897267e+00 2.308212375859434839e+00
3.206510058568881760e+01 7.250165520753755644e+00 2.304367201426024803e+00
3.198871912401324025e+01 7.240998217468805898e+00 2.283155080213903787e+00
3.184949070537305715e+01 7.189483065953654162e+00 2.250509294626941603e+00
3.183650369238604583e+01 7.194741532976826726e+00 2.245263559969442380e+00
3.186010949834479078e+01 7.156264323911382341e+00 2.261153552330022798e+00
3.191721415839062814e+01 7.188489941431117636e+00 2.279971988795518101e+00
3.192118665648077425e+01 7.212172141583906182e+00 2.296231219760631603e+00
3.203382989559460015e+01 7.224866310160427574e+00 2.298968678380443276e+00
3.207263814616755582e+01 7.228991596638655537e+00 2.269149477973007478e+00
3.196591545709192772e+01 7.226445123503946633e+00 2.243901196842373214e+00
3.184134199134199150e+01 7.179984721161191352e+00 2.234351922587216599e+00
3.191418385536032432e+01 7.141558441558441217e+00 2.252839317545199727e+00
3.198176725235548901e+01 7.174522536287241792e+00 2.268232747644512326e+00
3.188587980646803999e+01 7.132378405907817687e+00 2.241087344028520612e+00
3.185993124522536135e+01 7.088961038961039129e+00 2.203666921313980342e+00
3.188016297428062273e+01 7.097020626432390955e+00 2.221084797555385570e+00
3.190217723453017484e+01 7.126827094474153412e+00 2.236058059587471281e+00
3.197472625413801950e+01 7.153043035395976190e+00 2.248026483320601177e+00
3.207855869620575362e+01 7.210758848994142767e+00 2.258479755538579159e+00
3.201235039470333277e+01 7.209472880061115418e+00 2.297338935574229524e+00
3.193128342245989160e+01 7.196447669977081851e+00 2.280213903743315562e+00
3.183262032085561444e+01 7.187547746371275359e+00 2.267405143875732332e+00
3.182780748663101633e+01 7.197224344283167596e+00 2.286618283677107399e+00
3.185575502928444180e+01 7.184160937102113564e+00 2.325528393175452013e+00
3.194448688566335548e+01 7.198663101604277692e+00 2.314120193531958414e+00
3.190614973262032095e+01 7.194550547491724402e+00 2.318411000763942020e+00
3.198382989559460299e+01 7.217876241405653204e+00 2.318067226890756505e+00
3.213036669213139618e+01 7.276406926406925990e+00 2.342780748663101598e+00
3.212848230201171162e+01 7.311459129106188115e+00 2.343646549528902501e+00
3.212519735166794277e+01 7.321555895085307242e+00 2.338871912401323971e+00
3.211813088871912214e+01 7.290336134453781369e+00 2.306684491978609586e+00
3.209838298955946101e+01 7.318105423987776526e+00 2.326114081996434990e+00
3.207894066717596360e+01 7.364463967405144196e+00 2.321836007130124724e+00
3.206563534504711299e+01 7.329984721161191707e+00 2.323987776928953419e+00
3.214434682964094492e+01 7.324344283167812719e+00 2.333893557422969334e+00
3.217261268143621322e+01 7.316170104405398611e+00 2.359078176725235565e+00
3.206413292589763131e+01 7.269696969696969546e+00 2.355016552075375635e+00
3.205170613700025228e+01 7.173414820473643871e+00 2.411637382225617632e+00
3.200711739241150866e+01 7.169314998726763477e+00 2.349299719887955273e+00
3.194286987522281507e+01 7.154609116373822353e+00 2.329220779220779303e+00
3.185693913929208065e+01 7.108861726508785672e+00 2.281856378915202654e+00
3.190173160173160127e+01 7.077438248026483691e+00 2.277259994907053553e+00
3.189084542908072351e+01 7.094041252864782265e+00 2.278736949325184558e+00
3.193011204481792831e+01 7.119455054749172618e+00 2.286198115609880510e+00
3.200832696715049508e+01 7.151005856888209777e+00 2.290387063916475618e+00
3.200477463712757498e+01 7.185001273236567343e+00 2.280150241914947973e+00
3.191866564807741113e+01 7.135994397759104046e+00 2.269900687547746543e+00
3.189293353705118506e+01 7.114362108479755697e+00 2.244486885663356190e+00
3.191207028265851875e+01 7.110669722434428408e+00 2.244512350394703315e+00
3.193753501400560069e+01 7.125401069518716213e+00 2.272485357779475468e+00
3.193885918003564939e+01 7.172103386809268954e+00 2.293519225872167056e+00
3.206684491978609941e+01 7.190870893812070008e+00 2.277501909854851014e+00
3.207482811306340409e+01 7.185727018079958839e+00 2.296103896103895980e+00
3.202116119174942810e+01 7.192105933282403996e+00 2.281550802139037604e+00
3.198384262796027500e+01 7.202151769798828873e+00 2.285930735930735924e+00
3.197198879551820738e+01 7.192627960275019383e+00 2.277196333078685964e+00
3.202859689330277604e+01 7.269518716577540118e+00 2.283549783549783552e+00
3.217361853832441909e+01 7.331703590527119729e+00 2.304061624649859752e+00
3.212238349885408439e+01 7.335103132161955308e+00 2.300827603768780261e+00
3.213898650369238652e+01 7.324509803921568363e+00 2.273720397249809011e+00
3.210724471606824437e+01 7.321810542398777599e+00 2.269658772599949081e+00
3.209863763687292959e+01 7.316322892793481358e+00 2.257333842627960330e+00
3.215133689839571929e+01 7.321976063152534131e+00 2.264591291061879286e+00
3.211177743824802633e+01 7.321632289279348171e+00 2.296167557932264014e+00
3.207527374586197766e+01 7.310707919531449051e+00 2.298332060096766050e+00
3.203202189966896185e+01 7.256506238859180336e+00 2.291532976827094448e+00
3.193922841864018380e+01 7.175553857906798783e+00 2.336159918512859868e+00
3.189005602240896309e+01 7.156837280366691978e+00 2.335179526355997126e+00
3.190112044817927028e+01 7.183575248281131032e+00 2.332569391392920632e+00
3.202247262541380479e+01 7.209345556404380240e+00 2.320308123249299914e+00
3.207882607588489776e+01 7.239610389610390051e+00 2.352724726254137977e+00
3.215742296918767806e+01 7.263368983957219527e+00 2.375783040488922637e+00
3.223604532722179528e+01 7.332442067736185010e+00 2.404227145403615928e+00
3.221740514387573029e+01 7.333626177743824748e+00 2.421008403361344374e+00
3.214181308887191335e+01 7.292118665648077425e+00 2.332212885154061777e+00
3.210263559969442326e+01 7.266501145912910964e+00 2.329335370511841141e+00
3.216721415839062814e+01 7.322829131652660806e+00 2.352673796791443728e+00
3.221436210847975445e+01 7.322421695951107701e+00 2.385014005602240861e+00
3.226464222052457131e+01 7.348281130634071623e+00 2.370269926152279272e+00
3.225075120957473729e+01 7.372574484339190271e+00 2.338719124013241668e+00
3.216479500891265531e+01 7.377081741787623770e+00 2.353959765724471520e+00
3.217961548255665605e+01 7.372867328749681981e+00 2.327030812324930142e+00
3.218087598675833760e+01 7.354392666157371750e+00 2.349414311179017112e+00
3.225078940667175686e+01 7.391469314998726503e+00 2.325401069518716390e+00
3.224960529666412157e+01 7.441902215431626999e+00 2.373720397249809100e+00
3.220115864527629412e+01 7.463598166539343381e+00 2.369365928189457460e+00
3.219037433155079952e+01 7.429411764705882604e+00 2.367978100331041613e+00
3.217613954672778220e+01 7.414081996434937594e+00 2.359803921568627505e+00
3.225406162464985727e+01 7.433817163228927605e+00 2.374255156608097828e+00
3.226143366437484161e+01 7.446014769544181178e+00 2.336885663356251808e+00
3.224554367201425720e+01 7.391927680162973857e+00 2.325783040488922815e+00
3.216582633053221230e+01 7.393404634581105306e+00 2.322689075630252287e+00
3.212288006111535310e+01 7.358517952635599713e+00 2.324802648332060073e+00
3.212487904252610349e+01 7.318270944741533057e+00 2.313852813852813828e+00
3.215187165775400757e+01 7.349605296664120324e+00 2.342436974789916082e+00
3.219598930481283361e+01 7.373071046600458089e+00 2.360682454800101748e+00
3.218292589763178313e+01 7.424637127578304074e+00 2.362235803412274127e+00
3.223207282913165272e+01 7.366335625159154965e+00 2.340718105423987616e+00
3.227783295136236319e+01 7.377132671250318019e+00 2.348242933537051158e+00
3.241347084288261016e+01 7.422294372294372167e+00 2.390425261013496172e+00
3.239355742296918805e+01 7.472319837025719558e+00 2.411089890501655120e+00
3.238311688311688386e+01 7.429475426534249749e+00 2.385421441303794410e+00
3.234802648332060215e+01 7.403081232492997543e+00 2.349592564298446540e+00
3.229036159918512539e+01 7.468423733129615272e+00 2.392080468551056605e+00
3.235735930735931021e+01 7.461357270180799972e+00 2.407333842627960241e+00
3.246893302775655599e+01 7.447275273745861845e+00 2.426750700280111861e+00
3.246992615227909340e+01 7.456009676597911806e+00 2.411370002546473046e+00
3.239386299974535177e+01 7.487675070028011248e+00 2.407461166284695864e+00
3.243687293099057456e+01 7.493290043290043556e+00 2.420702826585179324e+00
3.245007639419404200e+01 7.495632798573975464e+00 2.389393939393939181e+00
3.241384008148713747e+01 7.517748917748917847e+00 2.415762668703845151e+00
3.242430608607079279e+01 7.566068245480010113e+00 2.431869111280875906e+00
3.248195823784059399e+01 7.564705882352940947e+00 2.430863254392666040e+00
3.247026992615227670e+01 7.566883116883117211e+00 2.368067226890756327e+00
3.252487904252610207e+01 7.587700534759358462e+00 2.387840590781767247e+00
3.249847211611917430e+01 7.600623885918003531e+00 2.393837535014005535e+00
3.246515151515151842e+01 7.614489432136490876e+00 2.407677616501145756e+00
3.244579831932772862e+01 7.586796536796536650e+00 2.432556659027247381e+00
3.235183346065699084e+01 7.527043544690603660e+00 2.432034632034631993e+00
3.232281639928698524e+01 7.461038961038960693e+00 2.414400305576775985e+00
3.231819455054748857e+01 7.423784059078176512e+00 2.397338935574229613e+00
3.234831932773109031e+01 7.446116628469569676e+00 2.405946014769544394e+00
3.241125541125541076e+01 7.471364909600203497e+00 2.425986758339699456e+00
3.245603514132925937e+01 7.481219760631525162e+00 2.427221797810032999e+00
3.243533231474408041e+01 7.506391647568118053e+00 2.456200662083015018e+00
3.246378915202444659e+01 7.550407435701552927e+00 2.445823784059077965e+00
3.239670231729055416e+01 7.574662592309651110e+00 2.441010949834479415e+00
3.238860453272217654e+01 7.554214413037942499e+00 2.447122485357779542e+00
3.245463458110516797e+01 7.564056531703590380e+00 2.440170613700025637e+00
3.241566080977845843e+01 7.604481792717086464e+00 2.465049656226126817e+00
3.235990578049401734e+01 7.615711739241151079e+00 2.471543162719633369e+00
3.237454800101858865e+01 7.564413037942450124e+00 2.444104914693149944e+00
3.239573465749936076e+01 7.578609625668448757e+00 2.439062897886427272e+00
3.241167557932264032e+01 7.603857906799083466e+00 2.449719887955182251e+00
3.248661828367711024e+01 7.621441303794244781e+00 2.445785586962057501e+00
3.255189712248535727e+01 7.631843646549528515e+00 2.445849248790425090e+00
3.262026992615228238e+01 7.663738222561751634e+00 2.466539343009931162e+00
3.264777183600713073e+01 7.701094983447924314e+00 2.487280366692131484e+00
3.256571173924115215e+01 7.668767507002801409e+00 2.461560988031576080e+00
3.258892284186401866e+01 7.652877514642220547e+00 2.422561751973516753e+00
3.259555640437993418e+01 7.675910364145658527e+00 2.473758594346829653e+00
3.265388337153043352e+01 7.706900942195059834e+00 2.497593582887700503e+00
3.260653170359052666e+01 7.656811815635345297e+00 2.482938629997453628e+00
3.249400305576776304e+01 7.634275528393175136e+00 2.464756811815635551e+00
3.244545454545454533e+01 7.578329513623630831e+00 2.463228927934810297e+00
3.246460402342755458e+01 7.582658517952635790e+00 2.448790425261013315e+00
3.248039215686274161e+01 7.541049146931499969e+00 2.454736440030557798e+00
3.251390374331550959e+01 7.553921568627450789e+00 2.437458619811561089e+00
3.244795008912655732e+01 7.576967150496562553e+00 2.452393684746625890e+00
3.252717086834734062e+01 7.589750445632798659e+00 2.475604787369493298e+00
3.253211102622867656e+01 7.605678635090399986e+00 2.503195823784059026e+00
3.258834988540871080e+01 7.646740514387572851e+00 2.533613445378151141e+00
3.245649350649350851e+01 7.657639419404125292e+00 2.545441813088872074e+00
3.238748408454290484e+01 7.631894576012222764e+00 2.530353959765724525e+00
3.237853323147440676e+01 7.628775146422205111e+00 2.485408708938120714e+00
3.238889737713267181e+01 7.649312452253628436e+00 2.468716577540106982e+00
3.235791953144894251e+01 7.611408199643493688e+00 2.450623885918003619e+00
3.251939139292080228e+01 7.623796791443850474e+00 2.483498854087089480e+00
3.252853323147440534e+01 7.654825566590272246e+00 2.469073083778966282e+00
3.258920295390883837e+01 7.699172396231220183e+00 2.505360325948561062e+00
3.256131907308378004e+01 7.709842118665648059e+00 2.480341227400050919e+00
3.257574484339190235e+01 7.685994397759103869e+00 2.470881079704609018e+00
3.260938375350139751e+01 7.707881334351922575e+00 2.501948051948052143e+00
3.258623631270690169e+01 7.707410236822001437e+00 2.496078431372549034e+00
3.260739750445632978e+01 7.732620320855614793e+00 2.524153297682709240e+00
3.268093964858670830e+01 7.764654952890246875e+00 2.521352177234529979e+00
3.263776419658772454e+01 7.791303794244970327e+00 2.538884644766997489e+00
3.253278584160936759e+01 7.745301757066463288e+00 2.520766488413547446e+00
3.247952635599694560e+01 7.700140056022409141e+00 2.527272727272727337e+00
3.238962312197606508e+01 7.638808250572956204e+00 2.521250318309141925e+00
3.236089890501655475e+01 7.605131143366437918e+00 2.505411255411255311e+00
3.242286732874968180e+01 7.611662846956964934e+00 2.497135217723453149e+00
3.246548255665902616e+01 7.663177998472115782e+00 2.511522790934555438e+00
3.252346574993633510e+01 7.685981665393430085e+00 2.508352431881843536e+00
3.254887955182072545e+01 7.682518461930226472e+00 2.519378660555131155e+00
3.256597911892029629e+01 7.701884390119683843e+00 2.508021390374331361e+00
3.252583396995161991e+01 7.697580850522027340e+00 2.494066717596129301e+00
3.250218996689584827e+01 7.703896103896103575e+00 2.496294881588999370e+00
3.252000254647313682e+01 7.684657499363381383e+00 2.485345047109753125e+00
3.254758085052202432e+01 7.730392156862745168e+00 2.518232747644512326e+00
3.250171886936593069e+01 7.700916730328494886e+00 2.549974535268652698e+00
3.251352177234529961e+01 7.690017825311943334e+00 2.541940412528647997e+00
3.245426534250063355e+01 7.690412528647822654e+00 2.539712248535777928e+00
3.249396485867074347e+01 7.725961293608352598e+00 2.536274509803921440e+00
3.256606824548001100e+01 7.730022918258212528e+00 2.531869111280875995e+00
3.260681181563534636e+01 7.734937611408200020e+00 2.530825057295645664e+00
3.251955691367456325e+01 7.746473134708429242e+00 2.533651642475172050e+00
3.253430099312452484e+01 7.780621339444868667e+00 2.532811306340718271e+00
3.254017061370002750e+01 7.771517697988286066e+00 2.526203208556149882e+00
3.257787114845938703e+01 7.764680417621594444e+00 2.543379169849758092e+00
3.258589253883371839e+01 7.761229946524063728e+00 2.536872930990578201e+00
3.252704354469060632e+01 7.742793481028774849e+00 2.511293608352431761e+00
3.248665648077412982e+01 7.728418640183345900e+00 2.514247517188693770e+00
3.236092436974789877e+01 7.686185383244207081e+00 2.509803921568627416e+00
3.232211611917494309e+01 7.607308377896613294e+00 2.484797555385790613e+00
3.233250572956455215e+01 7.574675324675324894e+00 2.490909090909090740e+00
3.239528902470078719e+01 7.566679399032340214e+00 2.481257957728546071e+00
3.241296154825566589e+01 7.592818945760122062e+00 2.508416093710211570e+00
3.243411000763941843e+01 7.619302266361089870e+00 2.523656735421441422e+00
3.247414056531703608e+01 7.601807995925643269e+00 2.498459383753501406e+00
3.252860962566845160e+01 7.616361089890501646e+00 2.513127069009422065e+00
3.255261013496307498e+01 7.635383244206773945e+00 2.506582633053221265e+00
3.253113063407180761e+01 7.644639674051438405e+00 2.535752482811306496e+00
3.255537305831423822e+01 7.640196078431372939e+00 2.535968933027756389e+00
3.251170104405398575e+01 7.670129870129869687e+00 2.505194805194804974e+00
3.243941940412528879e+01 7.674229691876750969e+00 2.525808505220270117e+00
3.245126050420167729e+01 7.656964604023427157e+00 2.514489432136490787e+00
3.252132671250318197e+01 7.654456327985739605e+00 2.513165266106442530e+00
3.255660809778456866e+01 7.712108479755538148e+00 2.554851031321619725e+00
3.261501145912910715e+01 7.792004074357015142e+00 2.568818436465495125e+00
3.268264578558696343e+01 7.820626432391137861e+00 2.574713521772345359e+00
3.255179526355996700e+01 7.777552839317545263e+00 2.561179017061370189e+00
3.261870384517443000e+01 7.823071046600458267e+00 2.538629997453526688e+00
3.256759612936083670e+01 7.812885154061624426e+00 2.526967150496562287e+00
3.262215431627195983e+01 7.801235039470333810e+00 2.552139037433155178e+00
3.252501909854851192e+01 7.782505729564553221e+00 2.534504710975299169e+00
3.242499363381716648e+01 7.751222307104660203e+00 2.535561497326203284e+00
3.246384008148714173e+01 7.695900178253119783e+00 2.555984211866564770e+00
3.234629488158899591e+01 7.628456837280366720e+00 2.533600713012477801e+00
3.224320091673033062e+01 7.602801120448178906e+00 2.512248535777947378e+00
3.223419913419913740e+01 7.575553857906799138e+00 2.510109498344792467e+00
3.226287242169595260e+01 7.617914438502674024e+00 2.520155334861217344e+00
3.233340972752737486e+01 7.686440030557677439e+00 2.522867328749681892e+00
3.236016042780748592e+01 7.693481028775146058e+00 2.556429844665138784e+00
3.234442322383498691e+01 7.669582378405907619e+00 2.518245480010186110e+00
3.233686019862490468e+01 7.662783295136236461e+00 2.539088362617774486e+00
3.236732874968168971e+01 7.674458874458874647e+00 2.563177998472116137e+00
3.238558696205755183e+01 7.674828113063407287e+00 2.577934810287751510e+00
3.235923096511331920e+01 7.660249554367201341e+00 2.559676597911892060e+00
3.226596638655462357e+01 7.640272472625413869e+00 2.537076648841354753e+00
3.223768780239368681e+01 7.686019862490450549e+00 2.573975044563280079e+00
3.235029284441048958e+01 7.774013241660300721e+00 2.600458365164247443e+00
3.246091163738222463e+01 7.855182072829131279e+00 2.634313725490196045e+00
3.246940412528648068e+01 7.872803666921313948e+00 2.642220524573465568e+00
3.236842373312961740e+01 7.809562006620829777e+00 2.643735676088617481e+00
3.243976317799847209e+01 7.752877514642220191e+00 2.599121466768525401e+00
3.251186656480773962e+01 7.726139546727782026e+00 2.576521517697988095e+00
3.257076648841354682e+01 7.760402342755283733e+00 2.623936847466259437e+00
3.268432645785586743e+01 7.803297682709447791e+00 2.650280112044817837e+00
3.254946524064170887e+01 7.820651897122485430e+00 2.655653170359052684e+00
3.243782785841609240e+01 7.771326712503182854e+00 2.619442322383498833e+00
3.236433664374840902e+01 7.755271199388846348e+00 2.623771326712503349e+00
3.224185128596893435e+01 7.732760376878023756e+00 2.616017316017316130e+00
3.224337916984976005e+01 7.715928189457601505e+00 2.620028011204481810e+00
3.223899923605805640e+01 7.664425770308123553e+00 2.613559969442322384e+00
3.215417621594092168e+01 7.632072829131653080e+00 2.603119429590017742e+00
3.215897631779984778e+01 7.613381716322892956e+00 2.572510822510822415e+00
3.221800356506238927e+01 7.639559460147695269e+00 2.579615482556659067e+00
3.226336898395722130e+01 7.682174688057041401e+00 2.600420168067226978e+00
3.230137509549274455e+01 7.700636618283676960e+00 2.606595365418894694e+00
3.228309141838553842e+01 7.687254901960784537e+00 2.610835243188184496e+00
3.231806722689075428e+01 7.675910364145658527e+00 2.616501145912910609e+00
3.227503183091418038e+01 7.675451998981411172e+00 2.612566844919786302e+00
3.223679653679653967e+01 7.689992360580595765e+00 2.614884135472370641e+00
3.231166284695696334e+01 7.680850522026992699e+00 2.629691876750700263e+00
3.233419913419913172e+01 7.684975808505220662e+00 2.615711739241151079e+00
3.237532467532467706e+01 7.701948051948051877e+00 2.622905525846702446e+00
3.244257703081232336e+01 7.736923860453272184e+00 2.604469060351413123e+00
3.242938629997453859e+01 7.770932009167303534e+00 2.580544945250827560e+00
3.246611917494270472e+01 7.743850267379679408e+00 2.611051693404634388e+00
3.244679144385026603e+01 7.739330277565572125e+00 2.623274764451235086e+00
3.242037178507766981e+01 7.741800356506239211e+00 2.612897886427298033e+00
3.249756811815635160e+01 7.785357779475426732e+00 2.637929717341481961e+00
3.248915202444614181e+01 7.819327731092436728e+00 2.641278329513623735e+00
3.245744843391901924e+01 7.805016552075375813e+00 2.621237585943468229e+00
3.238078686019862573e+01 7.790463458110516548e+00 2.612235803412274127e+00
3.224224598930481278e+01 7.743239113827349307e+00 2.567659791189202956e+00
3.213384262796027713e+01 7.699987267634326393e+00 2.551018589253883473e+00
3.214140565317035936e+01 7.641825821237586247e+00 2.569467787114846136e+00
3.222722179781003149e+01 7.664705882352941479e+00 2.552189966895849427e+00
3.216151005856887934e+01 7.643748408454290377e+00 2.572459893048128166e+00
3.224658772599948975e+01 7.647058823529412130e+00 2.597529921059333002e+00
3.229451235039470447e+01 7.671708683473389634e+00 2.582951362363127057e+00
3.233062133944486760e+01 7.682403870639165078e+00 2.581576266870384551e+00
3.232923351158645175e+01 7.704965622612681031e+00 2.594856124267888919e+00
3.238034122740005216e+01 7.701107715813598098e+00 2.605003819709701851e+00
3.239498344792462348e+01 7.724267888973771257e+00 2.601311433664375006e+00
3.233474662592309556e+01 7.721250318309142102e+00 2.642271454036159817e+00
3.229873949579832271e+01 7.674929971988795785e+00 2.629462694168576586e+00
3.232718360071301333e+01 7.678265851795263330e+00 2.587585943468296623e+00
3.247328749681690852e+01 7.705551311433664452e+00 2.611433664374840813e+00
3.245388337153043068e+01 7.735459638400814519e+00 2.616030048382989470e+00
3.242243442831678379e+01 7.710147695441812665e+00 2.609230965113317868e+00
3.240660809778457008e+01 7.693264578558696165e+00 2.617812579577285526e+00
3.242112299465240710e+01 7.717774382480264705e+00 2.626419658772599863e+00
3.246173924115100817e+01 7.775541125541125531e+00 2.629666412019353139e+00
3.242243442831678379e+01 7.784033613445378030e+00 2.622421695951107523e+00
3.241404379933791802e+01 7.806773618538324300e+00 2.624942704354468859e+00
3.239104914693150050e+01 7.804367201426025247e+00 2.641431117901706038e+00
3.238325693913929371e+01 7.812108479755538681e+00 2.624484339190221505e+00
3.239549274255156774e+01 7.817952635599694666e+00 2.623860453272218063e+00
3.236751973516679470e+01 7.809727527374586309e+00 2.639699516170104232e+00
3.220334861217214240e+01 7.719264069264069050e+00 2.612999745352686531e+00
3.216875477463712940e+01 7.664132925897631843e+00 2.559893048128342397e+00
3.217156862745098067e+01 7.655856888209829236e+00 2.585064935064934843e+00
3.222256175197351524e+01 7.672650878533231911e+00 2.597911892029538983e+00
3.216731601731601842e+01 7.660287751464221806e+00 2.571937866055513222e+00
3.219313725490196276e+01 7.665355233002292046e+00 2.566424751718869413e+00
3.224596384008148675e+01 7.679284441049146537e+00 2.581627196333078800e+00
3.231376368729309689e+01 7.694626941685765331e+00 2.626024955436720099e+00
3.230403615991851041e+01 7.685892538833715371e+00 2.605309396485866902e+00
3.238002291825821288e+01 7.700598421186656495e+00 2.651451489686783791e+00
3.238384262796027713e+01 7.670932009167303001e+00 2.656060606060606233e+00
3.236521517697988060e+01 7.646103896103896069e+00 2.621428571428571441e+00
3.226604278074866272e+01 7.633142347848230536e+00 2.597389865036924039e+00
3.219839572192513089e+01 7.680786860198624666e+00 2.602075375604787411e+00
3.221545709192768214e+01 7.743442831678125415e+00 2.592169595110771496e+00
3.219532722179781103e+01 7.802202699261522767e+00 2.590450725744843474e+00
3.215491469314999051e+01 7.795289024700789327e+00 2.579539088362617694e+00
3.223375350140055673e+01 7.794206773618538087e+00 2.586185383244206992e+00
3.228141074611662731e+01 7.800993124522536348e+00 2.596842373312961527e+00
3.232673796791443976e+01 7.797886427298191592e+00 2.618003565062388738e+00
3.240763941940412707e+01 7.855933282403870344e+00 2.622014260249554418e+00
3.245696460402342609e+01 7.887140310669722432e+00 2.631792717086834710e+00
3.236120448179271847e+01 7.870639164756811468e+00 2.656684491978609675e+00
3.239751718869366215e+01 7.870651897122485252e+00 2.656277056277056126e+00
3.239447415329767921e+01 7.860644257703080839e+00 2.655895085306850145e+00
3.230766488413546966e+01 7.812184873949579611e+00 2.655984211866564859e+00
3.226333078686020173e+01 7.761446396740514508e+00 2.641698497580850624e+00
3.231100076394194076e+01 7.724598930481283432e+00 2.589152024446141898e+00
3.227296918767507350e+01 7.724968169085816072e+00 2.610109498344792556e+00
3.226973516679399268e+01 7.702482811306341048e+00 2.587980646804176388e+00
3.227095747389864755e+01 7.677043544690603127e+00 2.581232492997199035e+00
3.229893048128342059e+01 7.726012223071046847e+00 2.621352177234530068e+00
3.235291571173924297e+01 7.757652151769798721e+00 2.645670995670995840e+00
3.238399541634835543e+01 7.782085561497326331e+00 2.630659536541889665e+00
3.240599694423223553e+01 7.792373312961548670e+00 2.609180035650624063e+00
3.238587980646803999e+01 7.786923860453272006e+00 2.618589253883371715e+00
3.231703590527119729e+01 7.766195569136745469e+00 2.632594856124268023e+00
3.233009931245225488e+01 7.738197097020626636e+00 2.615699006875477295e+00
3.241718869365928413e+01 7.757333842627960330e+00 2.584644766997707954e+00
3.246447669977082029e+01 7.814985994397758873e+00 2.600623885918003531e+00
3.242169595110771496e+01 7.830226636108989169e+00 2.608008658008658109e+00
3.239475426534249891e+01 7.784772090654443311e+00 2.587305831423478697e+00
3.244989814107461257e+01 7.803985230455818822e+00 2.603234020881079580e+00
