1.349113235368891992e+02 2.667585295164488812e+01 7.098896628870696723e+00
1.345961254893984744e+02 2.640901001677937643e+01 7.080744394162810984e+00
1.347559363400620214e+02 2.642029796105150652e+01 7.072456399044083852e+00
1.348469517465805723e+02 2.646641582346061838e+01 6.814155692276401943e+00
1.347471907255809356e+02 2.671851324553821172e+01 6.741139980678293675e+00
1.346965475161437951e+02 2.672888595108557652e+01 6.736919713225199224e+00
1.344379925763970220e+02 2.657817664107388111e+01 6.523567397162760351e+00
1.344057049880510419e+02 2.661804037219708263e+01 6.498906798189861611e+00
1.344270097116998102e+02 2.669192047592413530e+01 6.457771902171149492e+00
1.344155692276402192e+02 2.678857985457873525e+01 6.197539024762292570e+00
1.345120252199115214e+02 2.677215640412874365e+01 6.338028169014084945e+00
1.344970763207403195e+02 2.683215538719682769e+01 6.257588854426195724e+00
1.346622769105608484e+02 2.678761376925814730e+01 6.249656785478212129e+00
1.347054965170081857e+02 2.683698581379976744e+01 6.168098845782274964e+00
1.347599023745360114e+02 2.682569786952763380e+01 6.051965220928458677e+00
1.345785834138404482e+02 2.667417501398281487e+01 6.082625718208165999e+00
1.345285503635531654e+02 2.662592159454924357e+01 6.038185793461127382e+00
1.343376722428433538e+02 2.655966848019524917e+01 6.070931001169471486e+00
1.343031982508771023e+02 2.632648599176285131e+01 6.009915086184979494e+00
1.340582193522143655e+02 2.615086184979915629e+01 6.045761936238369216e+00
1.340233385874815610e+02 2.598388162912493016e+01 6.052677073269944863e+00
1.342978593583159466e+02 2.627558854934662236e+01 6.107591396755987390e+00
1.343322825036863719e+02 2.639055270249656715e+01 6.172827579193572944e+00
1.343360451517770855e+02 2.635663802308435422e+01 6.070066609040524419e+00
1.342477754614328660e+02 2.628479178319011567e+01 6.166217521736919949e+00
1.343516550566939429e+02 2.649087303605023536e+01 6.098032236741750545e+00
1.344202471144556910e+02 2.639950170336096136e+01 6.128896120404738745e+00
1.342857578685107001e+02 2.634967203945695857e+01 6.165963288757817296e+00
1.343290791681496898e+02 2.621543702649107743e+01 6.306299893222148789e+00
1.341642345044999161e+02 2.615925153810952253e+01 6.291147607667666897e+00
1.341963187064625913e+02 2.623791122184369584e+01 6.152234707886306886e+00
1.345055677022423311e+02 2.641984034168912387e+01 6.056032948594091359e+00
1.346407688005288037e+02 2.636899374586871403e+01 6.223775868205623674e+00
1.344304164336197687e+02 2.637504449077134439e+01 6.087913764173488396e+00
1.342871307265978658e+02 2.635480754563482009e+01 6.075608887984949469e+00
1.343348756800732247e+02 2.649341536584125834e+01 6.133319774241114963e+00
1.344244165353129574e+02 2.657344790766258313e+01 6.217064117557329794e+00
1.344219758987135833e+02 2.659948136472263158e+01 6.068541211165912053e+00
1.342264198911882715e+02 2.648314435348553531e+01 6.066812426908018807e+00
1.345258554939746887e+02 2.660039660344740042e+01 6.203844002644022915e+00
1.349024762292164610e+02 2.668246300910153934e+01 6.207606650734732945e+00
1.348259012559109067e+02 2.678847816138709348e+01 6.116845477195301584e+00
1.344153658412569143e+02 2.684115523465704101e+01 6.060558295622108460e+00
1.342600803376213889e+02 2.669105608379518912e+01 5.973966542939949775e+00
1.338886968017491199e+02 2.650744902628769140e+01 6.053999084761275462e+00
1.336508872730970552e+02 2.630467280215589554e+01 6.070575074998728837e+00
1.335311435399399898e+02 2.633477398688157933e+01 6.024609752377078742e+00
1.335340417959017714e+02 2.616153963492144285e+01 6.038287486652768266e+00
1.337873086896832149e+02 2.610021864036202643e+01 6.068439517974272057e+00
1.338595617023440241e+02 2.613423501296588114e+01 6.068032745207708523e+00
1.338091218792901884e+02 2.617313265876849471e+01 6.039863731123201518e+00
1.338459856612599879e+02 2.604047389027304504e+01 6.050236436670564544e+00
1.340701683022321617e+02 2.607164285351095856e+01 6.134336706157522912e+00
1.340430670666598871e+02 2.609711699801698259e+01 6.094625514821782275e+00
1.339664412467585350e+02 2.601174556363451629e+01 6.172776732597752947e+00
1.340016779376620661e+02 2.613006559210860758e+01 6.049219504754156596e+00
1.338358163420959102e+02 2.603284690089998321e+01 6.104032135048558239e+00
1.338449178827477510e+02 2.614201454212640385e+01 5.919662378603752551e+00
1.337568007321909818e+02 2.606884629074083648e+01 5.936441755224487693e+00
1.338929170692022126e+02 2.602359282046067079e+01 6.008999847460212429e+00
1.340130675751258593e+02 2.607047338180708707e+01 6.101540651853358810e+00
1.341739462043016147e+02 2.603513499771190354e+01 5.854324502974526112e+00
1.342043016220063976e+02 2.609147302588091577e+01 5.964356536329892933e+00
1.342726902933848692e+02 2.622779274927543725e+01 5.952814359078659301e+00
1.341575736004474493e+02 2.628921543702649188e+01 5.912493008593074251e+00
1.344016881069812257e+02 2.641678954593989914e+01 5.910306604972797473e+00
1.344862459958305863e+02 2.659429501194895096e+01 5.964763309096455579e+00
1.347869527635124882e+02 2.672842833172319033e+01 6.159760004067727834e+00
1.346069558143082361e+02 2.676498703411806446e+01 6.032541821325062337e+00
1.344958051558448062e+02 2.674454670259826017e+01 6.094472975034321394e+00
1.344059592210301446e+02 2.668988661209132118e+01 6.065032796054303788e+00
1.341932679107133879e+02 2.647633090964560054e+01 5.976763105710072743e+00
1.338457314282808852e+02 2.633401128794427137e+01 5.955356688869680504e+00
1.336267859866781862e+02 2.618375959729496216e+01 5.926069049677123779e+00
1.335593634006203274e+02 2.617964102303350771e+01 5.797732241826409449e+00
1.335967356485483322e+02 2.611206589718818449e+01 5.924238572227589650e+00
1.336530736767173551e+02 2.610998118675954771e+01 5.946814460771851607e+00
1.338077998677988489e+02 2.624279249504245826e+01 5.977881730818121575e+00
1.338700869476788569e+02 2.632897747495805163e+01 5.969186962932831797e+00
1.339907967661565067e+02 2.647450043219606286e+01 5.991712004881272868e+00
1.340913713326892776e+02 2.659566787003610244e+01 5.999847460212539119e+00
1.339936950221182599e+02 2.640555244826358816e+01 6.031677429196115270e+00
1.340394061117608260e+02 2.631855392281486772e+01 5.965220928458840000e+00
1.342861646412772529e+02 2.621218284435856916e+01 6.035490923882646186e+00
1.343851629633396101e+02 2.622408094778054632e+01 6.034626531753699119e+00
1.344450602532160417e+02 2.635262114201454153e+01 6.050388976458026313e+00
1.344573651294045931e+02 2.625830070676768102e+01 5.953271978441043721e+00
1.344468398840697603e+02 2.640560329485941082e+01 5.923475873290283467e+00
1.342504194844155165e+02 2.646534804494839221e+01 5.946255148217827191e+00
1.342488432399450744e+02 2.651105913459094054e+01 5.950933035033304286e+00
1.342783851121167515e+02 2.657649870341180787e+01 5.987034118065795774e+00
1.341767936136675701e+02 2.671607260893883051e+01 6.033558753241470285e+00
1.344447043270453150e+02 2.677190217114964099e+01 6.165251436416331998e+00
1.344263995525499524e+02 2.697833935018050511e+01 6.039507804952458869e+00
1.347056999033914622e+02 2.701555905832104543e+01 6.223470788630701023e+00
1.349989830680835894e+02 2.733533329943560375e+01 6.266385315503127273e+00
1.351556414298062805e+02 2.742604362637921511e+01 6.263385366349722538e+00
1.349184929068998713e+02 2.737138353587227257e+01 6.215894645853460077e+00
1.347390552702496507e+02 2.723714852290639143e+01 6.229216453958407840e+00
1.345016525143641672e+02 2.719143743326384310e+01 6.066964966695479688e+00
1.343207403264351569e+02 2.723160624396196638e+01 6.074846189047643286e+00
1.340327960543041570e+02 2.711511669293740923e+01 6.021965729394416655e+00
1.340907103269436220e+02 2.689215437026491173e+01 6.083795189912035717e+00
1.342122845375502038e+02 2.694279757970203804e+01 6.128387654446535215e+00
1.343721970814054032e+02 2.709864239589159496e+01 6.242233182488432064e+00
1.344358570193725484e+02 2.713398077998677849e+01 6.270402196572939069e+00
1.343609091371332624e+02 2.704571108964254833e+01 6.200589820511516415e+00
1.344399247470381908e+02 2.716621752173691817e+01 6.099506788020542025e+00
1.343799257639701068e+02 2.726328367315808165e+01 6.168200538973915847e+00
1.341786240911170864e+02 2.722692835714648751e+01 6.126048711038795780e+00
1.341016423450450077e+02 2.719306452433009724e+01 6.080591854375349214e+00
1.339359841358620997e+02 2.716870900493211849e+01 6.181979966441247143e+00
1.339512381146082305e+02 2.705455839731530077e+01 6.092286571414043728e+00
1.342455890578125661e+02 2.708821884374841105e+01 5.993796715309909651e+00
1.344483144353485500e+02 2.716891239131540203e+01 6.070727614786189719e+00
1.345019575939390961e+02 2.721497940712869124e+01 6.095083134184166695e+00
1.344997203437229985e+02 2.724157217674276765e+01 6.146234809579498304e+00
1.343481974881781582e+02 2.713037067168352934e+01 6.120201352519448967e+00
1.343045202623684418e+02 2.711694717038694336e+01 6.044795850917781266e+00
1.345264656531245180e+02 2.719987796817003201e+01 6.160370163217572248e+00
1.345627192759444881e+02 2.717943763665022772e+01 6.140438297655971489e+00
1.345170081863019220e+02 2.723079269842883932e+01 6.098744089083235842e+00
1.347317333604515284e+02 2.718070880154573743e+01 6.130472364875171998e+00
1.349020186098540819e+02 2.730568973407230260e+01 6.256775308893069543e+00
1.350247622921645529e+02 2.719769156454975345e+01 6.238114608226979385e+00
1.347446483957899090e+02 2.710576091930645148e+01 6.188234097727157490e+00
1.345126353790613791e+02 2.705150760156607603e+01 5.957034626531753752e+00
1.342570803884679833e+02 2.678100371180149608e+01 6.043321299638988897e+00
1.340787105303299995e+02 2.660604057558346369e+01 6.056592261148115774e+00
1.340464229419840478e+02 2.641917933594345769e+01 6.104794833985864422e+00
1.338295113642141700e+02 2.643458585447704223e+01 6.066558193928916154e+00
1.340068642904357432e+02 2.654263487059541404e+01 6.124370773376722532e+00
1.342823002999949153e+02 2.669085269741190913e+01 6.095642446738191111e+00
1.345409569329333408e+02 2.658402399959322793e+01 6.135557024457212627e+00
1.346316164132811366e+02 2.670559821019982749e+01 6.085574820765749848e+00
1.346869883561295467e+02 2.668164946356841583e+01 6.060507449026287574e+00
1.348200538973915741e+02 2.680764732801138805e+01 6.052575380078303979e+00
1.342852494025524948e+02 2.677419026796156132e+01 6.063049778817307889e+00
1.339276452941475668e+02 2.688539177302079608e+01 6.129048660192200515e+00
1.339049168658158351e+02 2.706579549499161175e+01 5.986525652107591355e+00
1.340691513703157511e+02 2.712584532465551490e+01 5.961051507601566435e+00
1.339016626836833268e+02 2.727787664615853913e+01 5.957390552702496400e+00
1.339545939899323628e+02 2.731677429196115270e+01 6.002999949153403847e+00
1.337429196115320167e+02 2.745426348705954211e+01 5.991000152539787571e+00
1.337836985813799799e+02 2.750760156607515228e+01 5.904764326028372423e+00
1.336550058473585239e+02 2.754416026847002641e+01 5.917374281791834001e+00
1.339428484262978714e+02 2.773005542278944446e+01 5.904154166878527121e+00
1.340652870290334135e+02 2.753780444399247429e+01 6.086083286723954267e+00
1.342175725835155333e+02 2.770976763105710106e+01 6.083693496720394833e+00
1.341925052117760799e+02 2.765256521075913909e+01 6.040016270910662399e+00
1.343348248334773984e+02 2.765820918289520591e+01 6.041338282401992998e+00
1.344308232063863215e+02 2.778242741648446668e+01 6.136777342756902343e+00
1.343940102710123483e+02 2.781400315248894017e+01 6.247063609091370928e+00
1.342290639141709505e+02 2.774205521940305985e+01 6.170539482381654395e+00
1.341779630853714309e+02 2.766029389332384270e+01 6.161031168963237548e+00
1.339587634107896577e+02 2.756622769105608484e+01 6.174149590684903544e+00
1.339495093303503381e+02 2.748166980220674205e+01 6.188234097727157490e+00
1.338765953119438734e+02 2.769344587379874767e+01 6.144811104896526821e+00
1.337509533736716207e+02 2.765597193267910825e+01 6.110998118675954771e+00
1.336846494127218250e+02 2.771866578532567260e+01 6.025779224080947571e+00
1.337268012406569255e+02 2.759256622769105505e+01 6.144048405959220638e+00
1.338304266029389282e+02 2.763680276605481367e+01 6.170285249402552630e+00
1.341350485584990224e+02 2.780027457161742888e+01 6.214216708191386829e+00
1.343541973864849695e+02 2.796308537143438144e+01 6.161234555346519315e+00
1.343836375654649942e+02 2.807108354095693414e+01 6.136726496161082345e+00
1.344381451161844723e+02 2.795932272334367141e+01 6.147455127879188908e+00
1.344450094066202155e+02 2.790400162709106624e+01 6.124014847205979883e+00
1.342348095794986591e+02 2.774103828748665279e+01 6.257131235063812191e+00
1.340449992373010559e+02 2.768027660548126434e+01 6.203894849239843801e+00
1.341298622057253169e+02 2.785757868510703261e+01 6.296283113845528412e+00
1.342108099862714141e+02 2.786154471958102263e+01 6.286774800427111565e+00
1.342085218894594902e+02 2.781003711801495015e+01 6.245690751004220331e+00
1.342904866019219980e+02 2.782371485229063879e+01 6.278385112116743549e+00
1.344369247978847852e+02 2.773437738343417891e+01 6.346926323282656490e+00
1.344372298774597141e+02 2.777719021711496339e+01 6.344383993491636176e+00
1.345496008542228026e+02 2.781903696547515992e+01 6.226216504805003105e+00
1.346181929119845506e+02 2.792739106116845349e+01 6.295723801291503108e+00
1.345159404077896852e+02 2.787934102811816572e+01 6.317536990898459770e+00
1.340826257182081633e+02 2.788940865409060876e+01 6.265673463161641088e+00
1.337560380332536738e+02 2.773691971322519834e+01 6.206488025626684113e+00
1.337559363400620214e+02 2.755992271317435183e+01 6.210403213504855913e+00
1.337340214572634238e+02 2.758448161895561057e+01 6.121930136777343101e+00
1.336331926577515503e+02 2.748950017796308387e+01 6.062490466263283473e+00
1.333817053948238254e+02 2.732958763410789516e+01 6.021304723648751356e+00
1.332420806427009836e+02 2.740982356231250350e+01 5.961763359943051732e+00
1.332416230233385761e+02 2.740478974932628375e+01 5.977271571668277161e+00
1.332278944424670897e+02 2.743433162149793958e+01 5.891696750902527313e+00
1.334155692276402192e+02 2.736518025118218489e+01 5.823664005694818790e+00
1.334252809274419178e+02 2.742741648446636660e+01 5.924696191589973182e+00
1.332760461687090014e+02 2.730955407535465440e+01 6.002288096811918550e+00
1.333110286266334583e+02 2.732577413942136602e+01 6.015050592362841009e+00
1.333502313520109794e+02 2.729328316469212368e+01 5.964763309096455579e+00
1.332583515533634966e+02 2.728494432297757655e+01 5.934662124370773562e+00
1.332648599176285131e+02 2.733192657751563459e+01 6.024863985356180507e+00
1.332052677073269820e+02 2.729689327299537283e+01 6.060405755834646691e+00
1.332380129150353412e+02 2.728077490212030298e+01 6.112625209742208021e+00
1.333583668073422359e+02 2.725606345655158336e+01 6.171098794935678811e+00
1.334903645700920265e+02 2.736685818884425814e+01 6.044033151980475083e+00
1.336476330909645469e+02 2.740067117506482930e+01 6.039914577719021516e+00
1.338285961254894119e+02 2.743168759851527838e+01 6.050338129862205427e+00
1.339718309859154886e+02 2.762500635582447828e+01 5.960187115472619368e+00
1.339628819850510979e+02 2.762571820816596357e+01 6.051965220928458677e+00
1.338183759597295079e+02 2.765053134692632497e+01 5.994000101693191418e+00
1.332205216860731127e+02 2.755804138912899859e+01 5.912848934763817788e+00
1.330150505923628543e+02 2.754690598464432938e+01 6.085422280978288079e+00
1.328530533380790075e+02 2.740112879442721194e+01 5.911120150505923654e+00
1.325946000915238585e+02 2.725214826867341245e+01 5.768698835612955378e+00
1.325001779630853775e+02 2.716357349875425697e+01 5.716530228301214933e+00
1.326128540194233949e+02 2.705542278944424694e+01 5.893984847714445863e+00
1.329062388773071746e+02 2.723186047694106904e+01 5.956780393552651987e+00
1.328695276351248253e+02 2.726008033762139604e+01 5.856612599786444662e+00
1.331680988457822821e+02 2.730141862002339082e+01 5.806630396094981883e+00
1.335953627904611665e+02 2.737392586566329555e+01 5.930136777342756460e+00
1.335729902883001898e+02 2.724553821121675767e+01 5.987847663598921955e+00
1.337073269944577305e+02 2.725250419484415687e+01 6.029440178980017606e+00
1.336005999898306698e+02 2.725997864442975427e+01 5.987593430619820190e+00
1.336587176488534112e+02 2.716021762343011048e+01 5.934357044795850911e+00
1.335752783851121137e+02 2.716347180556261875e+01 5.927238521380993497e+00
1.336165149743224561e+02 2.727853765190420532e+01 6.040067117506483285e+00
1.335247877154624518e+02 2.733960441348451553e+01 5.893679768139523212e+00
1.334968220877612168e+02 2.721553871968271565e+01 5.903594854324502705e+00
1.335239741699293177e+02 2.722575888544261957e+01 5.934662124370773562e+00
1.335460415925153939e+02 2.742055219403060917e+01 5.850765241267096961e+00
1.335471602176234285e+02 2.765480246097523676e+01 5.912340468805613369e+00
1.334367214115015088e+02 2.759607464280266598e+01 6.097269537804444361e+00
1.333951288961204114e+02 2.772827579193572944e+01 5.881171505567702518e+00
1.334929068998830530e+02 2.772649616108201442e+01 5.913713326892764854e+00
1.335235165505669386e+02 2.752855036355316187e+01 6.016626836833274261e+00
1.333191132353688886e+02 2.738490873036050388e+01 5.919103066049728135e+00
1.332309452382162931e+02 2.721345400925407887e+01 5.969085269741190913e+00
1.331868612396399953e+02 2.708150709310011806e+01 5.975288554431281263e+00
1.332789444246707546e+02 2.700767783596888094e+01 5.960288808664260252e+00
1.333754004169420853e+02 2.708618497991559337e+01 6.049422891137438363e+00
1.333268419179335922e+02 2.721264046372095535e+01 5.985101947424619873e+00
1.334114506533787505e+02 2.719545431433365579e+01 5.977525804647378926e+00
1.333836375654649942e+02 2.736797681395230697e+01 5.970153048253419747e+00
1.334963136218030115e+02 2.742594193318757334e+01 6.020948797478008707e+00
1.335235673971627648e+02 2.735592617074286892e+01 6.022677581735902841e+00
1.335370417450551770e+02 2.733121472517414929e+01 5.954746529719835202e+00
1.336240402705038832e+02 2.744343316214979467e+01 5.881374891950984285e+00
1.338187318859002346e+02 2.749188996796664597e+01 6.142217928509686509e+00
1.338448161895560986e+02 2.732572329282554691e+01 6.047389027304621578e+00
1.335495500076269764e+02 2.758956627853765298e+01 6.132251995728886129e+00
1.337598515279402136e+02 2.780266436162099097e+01 6.046321248792393632e+00
1.338852900798291614e+02 2.792627243606040466e+01 6.122438602735546631e+00
1.337068693750953514e+02 2.793842477246148448e+01 6.105201606752427956e+00
1.336074134336706152e+02 2.797655971932679009e+01 6.072151319469161201e+00
1.337569532719784320e+02 2.793923831799461155e+01 6.157421060659988399e+00
1.338003254182132480e+02 2.810977780037626417e+01 6.026796155997356408e+00
1.339096455992271331e+02 2.805557532923170783e+01 6.008287995118727132e+00
1.337831901154217746e+02 2.806513448924594556e+01 6.026897849188996403e+00
1.337553770275080183e+02 2.807067676819037061e+01 6.014999745767021011e+00
1.335429399501703358e+02 2.790593379773224214e+01 6.101744038236639689e+00
1.334762800630497850e+02 2.764214165861595518e+01 6.015304825341943662e+00
1.334111964203996479e+02 2.755041439975593676e+01 6.103777902069456474e+00
1.336924797884781526e+02 2.767010728631717953e+01 6.122031829968983985e+00
1.336638023084354643e+02 2.762388773071642945e+01 6.180302028779173007e+00
1.336687344282300387e+02 2.766670056439721392e+01 6.101133879086795275e+00
1.338362231148624630e+02 2.764697208521889493e+01 6.001372858087151485e+00
1.338428331723191036e+02 2.759988813748919512e+01 6.170692022169116164e+00
1.339182386739207686e+02 2.743778919001372785e+01 6.126150404230436664e+00
1.340160675242792365e+02 2.747683937560380230e+01 6.227335129913051937e+00
1.340093557736309435e+02 2.766964966695479688e+01 6.143336553617735341e+00
1.337484110438806226e+02 2.751395739055270084e+01 6.212233690954390930e+00
1.335906340570498685e+02 2.747317842070473404e+01 6.068134438399349406e+00
1.335689225606345758e+02 2.745904306706665921e+01 5.989474754665175205e+00
1.336044134845172096e+02 2.753353332994355895e+01 6.111303198250877422e+00
1.334694666192098396e+02 2.750841511160827935e+01 6.090913713326893131e+00
1.334994661107438958e+02 2.764656531245233140e+01 6.174607210047287076e+00
1.335402959271876853e+02 2.780424060609142245e+01 6.167488686632429662e+00
1.332700462704021902e+02 2.780073219097981507e+01 6.111760817613260954e+00
1.333961966746326198e+02 2.771739462043016289e+01 6.158387145980576349e+00
1.337402755885493377e+02 2.779747800884730680e+01 6.161437941729801082e+00
1.338282401993186568e+02 2.779981695225504623e+01 6.145777190217114772e+00
1.337351909289673131e+02 2.770051355061778509e+01 6.135760410840494394e+00
1.336464636192606861e+02 2.758753241470483530e+01 5.992728936797681705e+00
1.334485178217318264e+02 2.737397671225911466e+01 6.160421009813393134e+00
1.330797274622464101e+02 2.715625158895612046e+01 6.056134641785732242e+00
1.327824274164844667e+02 2.698983068083591874e+01 5.827223267402247053e+00
1.328838155285503717e+02 2.687857832918086132e+01 5.831901154217725036e+00
1.330815070931001287e+02 2.715187878171556335e+01 5.816850561854884027e+00
1.330391518787817233e+02 2.721442009457466682e+01 5.845985661259978983e+00
1.332549448314435381e+02 2.720531855392281528e+01 5.792393349265267055e+00
1.332485890069659717e+02 2.719347129709666078e+01 5.765444653480449766e+00
1.333774342807749065e+02 2.731346926323282531e+01 5.839172217420043332e+00
1.331189810342197575e+02 2.717069202216911705e+01 5.779478313926882826e+00
1.329967458178674917e+02 2.711628616464127717e+01 5.772919103066049828e+00
1.331589464585346150e+02 2.717206488025626854e+01 5.958305791427264353e+00
1.331643870442873947e+02 2.721045406010067680e+01 6.012965881934204226e+00
1.331544719581023912e+02 2.733940102710123554e+01 5.874866527685971285e+00
1.331355570244571993e+02 2.738384095184827416e+01 5.938017999694920057e+00
1.330983881629124994e+02 2.744297554278741202e+01 5.894289927289367625e+00
1.329689327299537354e+02 2.742156912594701623e+01 5.919001372858087251e+00
1.328795952610972790e+02 2.734972288605277768e+01 5.910154065185335703e+00
1.327650887273097169e+02 2.734351960136269000e+01 6.007321909798139181e+00
1.329460517618345534e+02 2.760258300706767542e+01 5.936797681395230342e+00
1.331074388569685141e+02 2.787278181725733361e+01 5.957187166319214633e+00
1.331387603599939098e+02 2.790532363858239862e+01 5.842477246148370718e+00
1.329943560278639438e+02 2.789739156963441147e+01 5.811257436314638980e+00
1.328753749936441864e+02 2.793084862968424176e+01 5.881120658971881632e+00
1.327483093506889702e+02 2.783169776783444505e+01 5.858595617023440560e+00
1.325013474347892384e+02 2.776351248283927475e+01 5.870239487466314188e+00
1.324414501449128068e+02 2.764020948797477928e+01 5.869120862358265356e+00
1.325813799766105774e+02 2.757797325469059757e+01 5.838002745716174502e+00
1.326118370875069843e+02 2.754380434229928198e+01 5.896781410484567942e+00
1.325357705801596637e+02 2.759414247216149008e+01 5.781257944780596958e+00
1.326419891188284907e+02 2.759805766003966099e+01 5.852646565312451976e+00
1.329494076371586857e+02 2.753043168759851511e+01 5.894442467076829395e+00
1.329365942950119575e+02 2.748843239945085770e+01 6.002999949153403847e+00
1.330011694717038608e+02 2.743855188895103581e+01 6.024508059185437858e+00
1.329115777698683019e+02 2.744445009406620173e+01 5.975441094218742144e+00
1.327602583007067665e+02 2.736304469415772544e+01 6.010372705547363914e+00
1.326871917425128515e+02 2.737748512737072204e+01 5.919814918391213432e+00
1.326250063558244676e+02 2.737382417247165378e+01 5.930899476280062643e+00
1.325776681751156900e+02 2.729796105150760255e+01 5.913103167742919553e+00
1.325385162963339667e+02 2.733858748156810847e+01 5.966542939950170599e+00
1.324756699038999272e+02 2.732607921899628778e+01 6.022830121523363722e+00
1.324150607616820139e+02 2.724665683632480651e+01 5.865968373417399739e+00
1.323222657243097444e+02 2.743814511618447227e+01 5.914170946255148387e+00
1.321812172675039392e+02 2.748278842731479088e+01 5.811664209081201626e+00
1.322180810494737386e+02 2.753785529058829340e+01 5.861900645751767058e+00
1.322310469314079455e+02 2.760990491686581549e+01 5.730309655768546229e+00
1.324260944729750236e+02 2.749529668988661157e+01 5.795139065439569137e+00
1.323685361265063420e+02 2.733436721411501580e+01 5.839985762953170401e+00
1.322621142014542102e+02 2.728728326638531598e+01 5.827833426552092355e+00
1.318647480551177011e+02 2.710209996440738323e+01 5.733563837901052729e+00
1.317886815477703806e+02 2.695749224589413728e+01 5.789851019474245852e+00
1.316645650073727438e+02 2.696867849697462916e+01 5.658463415874306790e+00
1.316759037982407108e+02 2.702527075812274404e+01 5.752783851121167302e+00
1.316804799918645585e+02 2.715879391874713988e+01 5.836884120608125670e+00
1.316851578786800303e+02 2.702593176386841023e+01 5.824986017186149390e+00
1.317831392688259484e+02 2.711059134590939124e+01 5.856460059998982892e+00
1.319352722835206180e+02 2.710026948695784910e+01 5.938068846290740943e+00
1.318549346621243785e+02 2.709447297503432139e+01 5.757410891340824399e+00
1.317037677327502934e+02 2.704698225453805804e+01 5.638480703716886033e+00
1.316559210860832820e+02 2.710118472568261438e+01 5.803121980983372730e+00
1.317423602989779852e+02 2.721360654904154330e+01 5.654293995017033225e+00
1.317698683073168127e+02 2.715803121980983548e+01 5.619870849646615873e+00
1.317114964153149970e+02 2.711689632379112069e+01 5.534041795901764260e+00
1.317126150404230316e+02 2.711506584634158656e+01 5.684446026338537017e+00
1.318613921797935689e+02 2.699883052829613206e+01 5.834087557838002702e+00
1.318312401484720624e+02 2.698306808359180309e+01 5.766614125184318596e+00
1.317738343417908311e+02 2.705089744241622896e+01 5.684547719530177012e+00
1.318397315299740740e+02 2.715528550363553251e+01 5.722631819799664399e+00
1.317363604006711739e+02 2.711455738038338481e+01 5.746987339197640487e+00
1.315946000915238585e+02 2.714811613362485332e+01 5.709055778715614871e+00
1.317016321757258481e+02 2.720658971881832500e+01 5.765902272842833298e+00
1.320166776834290943e+02 2.729130014745512867e+01 5.823714852290638788e+00
1.320403721970814104e+02 2.721940306096506745e+01 5.735597701733868625e+00
1.318929679157980388e+02 2.701449127980881570e+01 5.805104998220369517e+00
1.318224945339909482e+02 2.696313621803020411e+01 5.752224538567142886e+00
1.316307011745563500e+02 2.696308537143438144e+01 5.745817867493771658e+00
1.314244673819087836e+02 2.693130624904662795e+01 5.698937306147353610e+00
1.313484008745614346e+02 2.692525550414399760e+01 5.645548380535923449e+00
1.312246402603345814e+02 2.710642192505211767e+01 5.681496923780953168e+00
1.313189098489856121e+02 2.721848782224030217e+01 5.807850714394671598e+00
1.313720953882137508e+02 2.726114811613362576e+01 5.842680632531651597e+00
1.316322774190267921e+02 2.735557024457212449e+01 5.791834036711241751e+00
1.317496822087761359e+02 2.731336757004118709e+01 5.881883357909187815e+00
1.318032745207708274e+02 2.745380586769715592e+01 5.764631107947322697e+00
1.316419382722326645e+02 2.731128285961255031e+01 6.077591905221945368e+00
1.316726496161082025e+02 2.733894340773885290e+01 5.920831850307622268e+00
1.316441246758529644e+02 2.720521686073117351e+01 5.905933797732242141e+00
1.317658514262470248e+02 2.716601413535363818e+01 6.004779580007118867e+00
1.318285452788935856e+02 2.729928306299893137e+01 5.958966797172929653e+00
1.319579498652565235e+02 2.721884374841104304e+01 6.116337011237098054e+00
1.320245080591854503e+02 2.729806274469924077e+01 6.170997101744037927e+00
1.321553871968271778e+02 2.736853612650633139e+01 6.093761122692836096e+00
1.323330452026236799e+02 2.751807596481415530e+01 5.901815223470788574e+00
1.323066558193928870e+02 2.755005847358519233e+01 5.945594142472161892e+00
1.324183149438145222e+02 2.751339807799867643e+01 5.968678496974627379e+00
1.325229063914170808e+02 2.739899323740275605e+01 5.911323536889205421e+00
1.326853612650633067e+02 2.739233233335028217e+01 5.911628616464128072e+00
1.326042100981339331e+02 2.748792393349265240e+01 5.804799918645446866e+00
1.326740733207911660e+02 2.751426247012762616e+01 5.837494279757970084e+00
1.324966187013779404e+02 2.737687496822087851e+01 5.868764936187521819e+00
1.322178776630904622e+02 2.716759037982406966e+01 5.864290435755326492e+00
1.317364620938628264e+02 2.693354349926272562e+01 5.730513042151827996e+00
1.313207403264351569e+02 2.685193471297096579e+01 5.595413637056998901e+00
1.312547922916560594e+02 2.692220470839477287e+01 5.502211826918188109e+00
1.313824172471653071e+02 2.691981491839121432e+01 5.577871561498957576e+00
1.313931458788834163e+02 2.699425433467229496e+01 5.637870544567041620e+00
1.314703310113388000e+02 2.695469568312401520e+01 5.662531143539940359e+00
1.314010271012355702e+02 2.690166268368332680e+01 5.796918696293283269e+00
1.314254843138251942e+02 2.708938831545227899e+01 5.734377383434178910e+00
1.312349112726902831e+02 2.706528702903340644e+01 5.775766512431992794e+00
1.313883662988762921e+02 2.706610057456653351e+01 5.745106015152285472e+00
1.316271419128489413e+02 2.723969085269741086e+01 5.713937051914374621e+00
1.317926475822443706e+02 2.714821782681649509e+01 5.582091828952052026e+00
1.318854934662124379e+02 2.708903238928153812e+01 5.697716987847663894e+00
1.321253368586973238e+02 2.730207962576905345e+01 5.614430263893832596e+00
1.324061117608176232e+02 2.732318096303452393e+01 5.735648548329689511e+00
1.322396400061015811e+02 2.752905882951136363e+01 5.762088778156302382e+00
1.321914882798596693e+02 2.770137794274673482e+01 5.876747851731326300e+00
1.320296944119591274e+02 2.770641175573295456e+01 5.831087608684598855e+00
1.321221335231606133e+02 2.770625921594549368e+01 5.853104184674836397e+00
1.322983169776783541e+02 2.779041033202826938e+01 5.973966542939949775e+00
1.322624192810291390e+02 2.782218945441602642e+01 5.919865764987034318e+00
1.322093862815884506e+02 2.764503991457771903e+01 5.928662226063964980e+00
1.321261504042304296e+02 2.772369959831189234e+01 5.922103015203131982e+00
1.323955356688869642e+02 2.786001932170641027e+01 5.919611532007931665e+00
1.322563176895306754e+02 2.787690039151878807e+01 5.837189200183047433e+00
1.321625565668378499e+02 2.781603701632175785e+01 5.830782529109676204e+00
1.317166319214928478e+02 2.745889052727919832e+01 5.811409976102099861e+00
1.312787918848833044e+02 2.708003254182132480e+01 5.718970864900595252e+00
1.307558854934662236e+02 2.694752631311333602e+01 5.691259470178471780e+00
1.306717343773834443e+02 2.689795088218843588e+01 5.584227385976508806e+00
1.309399501703360897e+02 2.695388213759088814e+01 5.701835562109116573e+00
1.310034575685157847e+02 2.688681547770376667e+01 5.556465144658565336e+00
1.311504042304367772e+02 2.691218792901815249e+01 5.537448517821731642e+00
1.311202013525194445e+02 2.677795291605227135e+01 5.589159505771088554e+00
1.311256419382722243e+02 2.687120557278690214e+01 5.547821223369095556e+00
1.313467229368993685e+02 2.672720801342349972e+01 5.537906137184115174e+00
1.311286418874256299e+02 2.674063151472008926e+01 5.587379874917374423e+00
1.311106421925052246e+02 2.661600650836426496e+01 5.519652209284588551e+00
1.311224894493313684e+02 2.668531041846748408e+01 5.553922814867545021e+00
1.312196572939441808e+02 2.664265012457416049e+01 5.553465195505160601e+00
1.311740987440890933e+02 2.668724258910865998e+01 5.513550617786139085e+00
1.311431331672344527e+02 2.677815630243555134e+01 5.694564498906798278e+00
1.314143489093405321e+02 2.687364620938628335e+01 5.662937916306503006e+00
1.314139421365739508e+02 2.699700005084659438e+01 5.877612243860273367e+00
1.313703666039558584e+02 2.702110133726547048e+01 5.720343722987745849e+00
1.315323638582396768e+02 2.707215131946916031e+01 5.595057710886256253e+00
1.316980220674225848e+02 2.722311486245995837e+01 5.597447500889815686e+00
1.317247673768241327e+02 2.724208064270096941e+01 5.666802257588854808e+00
1.318514262470127676e+02 2.734646870392027296e+01 5.713631972339451970e+00
1.318403416891239033e+02 2.746880561346417693e+01 5.703106727004627174e+00
1.319935933289266359e+02 2.752555041439975625e+01 5.743784003660954873e+00
1.321002694869578420e+02 2.767041236589210484e+01 5.695784817206487993e+00
1.321973356383790019e+02 2.777642751817765898e+01 5.696954288910357711e+00
1.321155234657039728e+02 2.765724309757461796e+01 5.712259114252300485e+00
1.318697818681039280e+02 2.760578634260436104e+01 5.698530533380790075e+00
1.318417653938068952e+02 2.743204352468602281e+01 5.648395789901866415e+00
1.317022423348756774e+02 2.725774139421365660e+01 5.610565922611480794e+00
1.318203081303706767e+02 2.687384959576956334e+01 5.601718614938730134e+00
1.317613260792190033e+02 2.671836070575075084e+01 5.572583515533635179e+00
1.317386484974830978e+02 2.674215691259470162e+01 5.613921797935628177e+00
1.314233487568007206e+02 2.688895103472822612e+01 5.613616718360705526e+00
1.312276402094879870e+02 2.704881273198759217e+01 5.604210098133929563e+00
1.310314231962170197e+02 2.716448873747902581e+01 5.745360248131387237e+00
1.311895561092185005e+02 2.745807698174607125e+01 5.743072151319469576e+00
1.311044897544109347e+02 2.740601006762597081e+01 5.755224487720546733e+00
1.309823053846544951e+02 2.730462195556007643e+01 5.677429196115320487e+00
1.311237097676310555e+02 2.720175929221538524e+01 5.732851985559566543e+00
1.310933543499262726e+02 2.713159098998321994e+01 5.755021101337265854e+00
1.311464890425586134e+02 2.725921594549244986e+01 5.739563736207861311e+00
1.311378451212691232e+02 2.719382722326740165e+01 5.696547516143794176e+00
1.312375552956729621e+02 2.712564193827223136e+01 5.627955458382061238e+00
1.313868409010016762e+02 2.716931916408196557e+01 5.534397722072506909e+00
1.314722631819799687e+02 2.714226877510550651e+01 5.627853765190420354e+00
1.314792291656073644e+02 2.730380841002694936e+01 5.694106879544414745e+00
1.316355316011593004e+02 2.720333553668582027e+01 5.617582752834697324e+00
1.314454161793867968e+02 2.721680988457822892e+01 5.642751817765800482e+00
1.315895662785376601e+02 2.743972136065490375e+01 5.707021914882798974e+00
1.316897849188996759e+02 2.750185590074744368e+01 5.494178064778562742e+00
1.316139217979356317e+02 2.741739970508974267e+01 5.609294757715971080e+00
1.317750038134946919e+02 2.757304113489601960e+01 5.670666598871205721e+00
1.317536482432501259e+02 2.771342858595616931e+01 5.719479330858798782e+00
1.316383281639294296e+02 2.741053541465398879e+01 5.756139726445314686e+00
1.316072608938831650e+02 2.739533228250368779e+01 5.765139573905527115e+00
1.314966187013779404e+02 2.727116489551024614e+01 5.671734377383434555e+00
1.313562312503177907e+02 2.726236843443331637e+01 5.563126048711039218e+00
1.310593888239182263e+02 2.718574261453195717e+01 5.651548278842731143e+00
1.307269537804444042e+02 2.697640717953932921e+01 5.693242487415467679e+00
1.305479229165607364e+02 2.694213657395637185e+01 5.687191742512839099e+00
1.306202267758173718e+02 2.712945543295876405e+01 5.712208267656480487e+00
1.306760563380281610e+02 2.716637006152438261e+01 5.740428128336807490e+00
1.307624447043270379e+02 2.717328519855595559e+01 5.727563939594244147e+00
1.309658310876086773e+02 2.713784512126913029e+01 5.705598210199827491e+00
1.309199166115828632e+02 2.714572634362129477e+01 5.749122896222098156e+00
1.309258656632938482e+02 2.708669344587379868e+01 5.674988559515940167e+00
1.310701174556363355e+02 2.720603040626430058e+01 5.779478313926882826e+00
1.310244572125896241e+02 2.718396298367824215e+01 5.811511669293740745e+00
1.310381349468653127e+02 2.719703055880408726e+01 5.644683988406976383e+00
1.309875425840239984e+02 2.713454009254080290e+01 5.681700310164234935e+00
1.309673564854832932e+02 2.714262470127625093e+01 5.773122489449331596e+00
1.310627955458382132e+02 2.721172522499618651e+01 5.665937865459907741e+00
1.309914069253063644e+02 2.727284283317231939e+01 5.675954644836528118e+00
1.308246809376112196e+02 2.727355468551380469e+01 5.517465805664310885e+00
1.310089490008643907e+02 2.735170590328977624e+01 5.522652158437992398e+00
1.308814257385467954e+02 2.721503025372451390e+01 5.873188590023898037e+00
1.309036965475161480e+02 2.742482330807952451e+01 5.663598922052168305e+00
1.310590837443433259e+02 2.733304520262368342e+01 5.653327909696446163e+00
1.312368942899272781e+02 2.740778969847968582e+01 5.748105964305689319e+00
1.313279096964458290e+02 2.746697513601464280e+01 5.767732750292368316e+00
1.314939746783952899e+02 2.751385569736106262e+01 5.797020389484924152e+00
1.313409772715716599e+02 2.749250012711648949e+01 5.827426653785528821e+00
1.311837595972949657e+02 2.757476991915391196e+01 5.776681751156759859e+00
1.307611735394315247e+02 2.726424975847866961e+01 5.673514008237148687e+00
1.305449738140031570e+02 2.706345655158387231e+01 5.691717089540855312e+00
1.304866019220013129e+02 2.706188030711343728e+01 5.732241826409722130e+00
1.301259978644429793e+02 2.697905120252199040e+01 5.660395586515482691e+00
1.303778919001372856e+02 2.692337418009864081e+01 5.622921645395840606e+00
1.305235673971627648e+02 2.685707021914882731e+01 5.562770122540295681e+00
1.308226979203742246e+02 2.678191895052626137e+01 5.584990084913814989e+00
1.310353892306910097e+02 2.675964814155692295e+01 5.554736360400671202e+00
1.312119286113794772e+02 2.682035897696649229e+01 5.646463619260690514e+00
1.309388315452280551e+02 2.711059134590939124e+01 5.694666192098439161e+00
1.306073117404789627e+02 2.718472568261555011e+01 5.678547821223369318e+00
1.303113337062083588e+02 2.719438653582142607e+01 5.551227945289062937e+00
1.301444043321299660e+02 2.719870849646616051e+01 5.570397111913357513e+00
1.300286266334468905e+02 2.728453755021101301e+01 5.568668327655463379e+00
1.301143539940001119e+02 2.723633497737326437e+01 5.611633701123709628e+00
1.304652463517567469e+02 2.719382722326740165e+01 5.552956729546957071e+00
1.304765342960288876e+02 2.708954085523974342e+01 5.634006203284689818e+00
1.306127014796359447e+02 2.699272893679768259e+01 5.611430314740427860e+00
1.307838511211674302e+02 2.704601616921747009e+01 5.565312452331315995e+00
1.308499516957339779e+02 2.716275995322113346e+01 5.567956475313978082e+00
1.308164437890883107e+02 2.718325113133675686e+01 5.668073422484364521e+00
1.307643260283724089e+02 2.713779427467331118e+01 5.533685869731021612e+00
1.309469670005593116e+02 2.720272537753597319e+01 5.644277215640412848e+00
1.308658158336299380e+02 2.739695937356993838e+01 5.534702801647429560e+00
1.310024914831952003e+02 2.744836528194437264e+01 5.534448568668327795e+00
1.311837087506991395e+02 2.738719682717242065e+01 5.593939085778207421e+00
1.311463365027711347e+02 2.744704327045304382e+01 5.544109421874205523e+00
1.308043422992830642e+02 2.730629989322214968e+01 5.507296486500228738e+00
1.307179030863883611e+02 2.705923628413077608e+01 5.479330858799003501e+00
1.304219250521177571e+02 2.693511974373315709e+01 5.508567651395739340e+00
1.301659124421620106e+02 2.681410484568058195e+01 5.482330807952407348e+00
1.300080337621396325e+02 2.676697005135506302e+01 5.455534651955051828e+00
1.299830680835918031e+02 2.666812426908018452e+01 5.425433467229368922e+00
1.303728072405552325e+02 2.690689988305283009e+01 5.486245995830579147e+00
1.304748055117709953e+02 2.710972695378044506e+01 5.583007067676819091e+00
1.304519245436518133e+02 2.705694818731885931e+01 5.579346112777749944e+00
1.304978898662734537e+02 2.697686479890171185e+01 5.579346112777749944e+00
1.303379773224182543e+02 2.692723852138099261e+01 5.749173742817918153e+00
1.303644683988406996e+02 2.698291554380434221e+01 5.707072761478618972e+00
1.304815172624192883e+02 2.711684547719530158e+01 5.476534296028880533e+00
1.303855697361061630e+02 2.706528702903340644e+01 5.517669192047592652e+00
1.303381807088015591e+02 2.706599888137489174e+01 5.612854019423399343e+00
1.305678039355265128e+02 2.710764224335180828e+01 5.539075608887984892e+00
1.307428687649361905e+02 2.718136980729140006e+01 5.578176641073880226e+00
1.307329536787512154e+02 2.732979102049117870e+01 5.536380739309502808e+00
1.306315655666853104e+02 2.735811257436314747e+01 5.395942441653531318e+00
1.307661056592261275e+02 2.736472263181979869e+01 5.550566939543397638e+00
1.307205471093710401e+02 2.738795952610972861e+01 5.486144302638938264e+00
1.306487008694767837e+02 2.743173844511110104e+01 5.472466568363247852e+00
1.308096303452483937e+02 2.743712818426806166e+01 5.456653277063100660e+00
1.313018762393857628e+02 2.757385468042914667e+01 5.546905984644328491e+00
1.315068897137336705e+02 2.761122692835714787e+01 5.613769258148167296e+00
1.317223775868205564e+02 2.756704123658921191e+01 5.660548126302944461e+00
1.314214165861595518e+02 2.743972136065490375e+01 5.619209843900950574e+00
1.310399654243148291e+02 2.728865612447246747e+01 5.513601464381959971e+00
1.306921238623074260e+02 2.706945644989068001e+01 5.416637006152438261e+00
1.305600244063659829e+02 2.709493059439670404e+01 5.484364671785224132e+00
1.303945695835663798e+02 2.701388112065897218e+01 5.511872680124065838e+00
1.303270453043168686e+02 2.686195149234758617e+01 5.449738140031525013e+00
1.303856205827019892e+02 2.701118625108049187e+01 5.534550261859968678e+00
1.305379569837799352e+02 2.713886205318554090e+01 5.475669903899933466e+00
1.304512635379061294e+02 2.714242131489296739e+01 5.381705394823816491e+00
1.306184979915594511e+02 2.715925153810952253e+01 5.469415772614023119e+00
1.306791071337773928e+02 2.717069202216911705e+01 5.547058524431789372e+00
1.307756139726445213e+02 2.733441806071083491e+01 5.462449788986627475e+00
1.308999338994254344e+02 2.729785935831596078e+01 5.575430924899578145e+00
1.308281385061270043e+02 2.734173997050897498e+01 5.425535160421009806e+00
1.307964610769309104e+02 2.737199369502211965e+01 5.353638073930950370e+00
1.309761529465602337e+02 2.749600854222809687e+01 5.497076320740326594e+00
1.308784257893933898e+02 2.757878680022372464e+01 5.517262419281029118e+00
1.309008491381501926e+02 2.762444704327045386e+01 5.485483296893272964e+00
1.310233385874815610e+02 2.751863527736817971e+01 5.537804443992474290e+00
1.310343722987745991e+02 2.737194284842629699e+01 5.567092083185031015e+00
1.309041033202827009e+02 2.734819748817816532e+01 5.543041643361976689e+00
1.310779478313926916e+02 2.740946763614175907e+01 5.463873493669598957e+00
1.312849443229775659e+02 2.740194233996033901e+01 5.422738597650886838e+00
1.314281791834036710e+02 2.732801138963746368e+01 5.584888391722174106e+00
1.313824680937611333e+02 2.726516499720343845e+01 5.703767732750292474e+00
1.315863120964051518e+02 2.745706004982966419e+01 5.725377535973966481e+00
1.315364824325011455e+02 2.749453399094930717e+01 5.679768139523059034e+00
1.312651141506076158e+02 2.737234962119286052e+01 5.757766817511567936e+00
1.309669497127167404e+02 2.716423450449992316e+01 5.659429501194894740e+00
1.309382213860781974e+02 2.694330604566024334e+01 5.650836426501245846e+00
1.309431535058727718e+02 2.694935679056287015e+01 5.704784664666700422e+00
1.307732241826409734e+02 2.699710174403823615e+01 5.553465195505160601e+00
1.307928001220318208e+02 2.705974475008898139e+01 5.624650429653734740e+00
1.307929526618192995e+02 2.704225352112676006e+01 5.554380434229928554e+00
1.306986830731682403e+02 2.696227182590125437e+01 5.542634870595414043e+00
1.308905272791986647e+02 2.713225199572888613e+01 5.611532007932068744e+00
1.308279351197437279e+02 2.721701327096150891e+01 5.519194589922205019e+00
1.308412060812528637e+02 2.731718106472771623e+01 5.542329791020491392e+00
1.307530889306960944e+02 2.732806223623328279e+01 5.417094625514821793e+00
1.306121930136777394e+02 2.729099506788020690e+01 5.436568871714039020e+00
1.306468703920272674e+02 2.721040321350485414e+01 5.440382366400569047e+00
1.306806833782478350e+02 2.715101438958661717e+01 5.628514770936085654e+00
1.308474093659429514e+02 2.730548634768902261e+01 5.640006101591498400e+00
1.307615803121981060e+02 2.722240301011847308e+01 5.653582142675547928e+00
1.307628514770936192e+02 2.711577769868307186e+01 5.601769461534550132e+00
1.308419687801901716e+02 2.721950475415670923e+01 5.712157421060659601e+00
1.307722580973203890e+02 2.721253877052931358e+01 5.554126201250825901e+00
1.308939848477144494e+02 2.719443738241724873e+01 5.568973407230386030e+00
1.309431535058727718e+02 2.726897849188996759e+01 5.485839223064015613e+00
1.310291350994050958e+02 2.743616209894747371e+01 5.534397722072506909e+00
1.310106269385264568e+02 2.733874002135556935e+01 5.535312960797274862e+00
1.308665785325672459e+02 2.724050439823053793e+01 5.510906594803477887e+00
1.306460059998983070e+02 2.715767529363909105e+01 5.594803477907154488e+00
1.303113845528041850e+02 2.733523160624396198e+01 5.624497889866273859e+00
1.299352722835206180e+02 2.697666141251843186e+01 5.518889510347282368e+00
1.298500533889256019e+02 2.693257741394213767e+01 5.469110693039101356e+00
1.297241063710784488e+02 2.713118421721665641e+01 5.441856917679361416e+00
1.295249911018457283e+02 2.707103269436111148e+01 5.507906645650074040e+00
1.294919916611582948e+02 2.723125031779122551e+01 5.349112726902934156e+00
1.301126760563380174e+02 2.721187776478364739e+01 5.600040677276655998e+00
1.300499313570956303e+02 2.736919713225199402e+01 5.482178268164946466e+00
1.301807088015457339e+02 2.730452026236843466e+01 5.526008033762139782e+00
1.303211470992017098e+02 2.721858951543194038e+01 5.458026135150251257e+00
1.303493669598820475e+02 2.724858900696598241e+01 5.607159200691513412e+00
1.304661107438857073e+02 2.729760512533685812e+01 5.549550007626989689e+00
1.305719733563837792e+02 2.725219911526923156e+01 5.633599430518127171e+00
1.304799410179488461e+02 2.740880663039609644e+01 5.669446280571516006e+00
1.304071795393298316e+02 2.739726445314486369e+01 5.643717903086388432e+00
1.302625209742207630e+02 2.741445060253215971e+01 5.686784969746275564e+00
1.301456754970254792e+02 2.742029796105150652e+01 5.486398535618040029e+00
1.303884679920679446e+02 2.746595820409823574e+01 5.649260182030812594e+00
1.304352468602227191e+02 2.749234758732902861e+01 5.578583413840443761e+00
1.305510245589057945e+02 2.741551838104438943e+01 5.542482330807952273e+00
1.307242589108659274e+02 2.752982152844867159e+01 5.574312299791529313e+00
1.308388671378451136e+02 2.749438145116184629e+01 5.535312960797274862e+00
1.308690191691666200e+02 2.749524584329079246e+01 5.614125184318909945e+00
1.307817155641429849e+02 2.740687445975492054e+01 5.551838104438908239e+00
1.307439873900442251e+02 2.732867239538312987e+01 5.556007525296181804e+00
1.304324502974525899e+02 2.717628514770936121e+01 5.500076269893730441e+00
1.300847104286368108e+02 2.706523618243758733e+01 5.461636243453500406e+00
1.299146285656175337e+02 2.688056134641785633e+01 5.418569176793613273e+00
1.301153200793206963e+02 2.687364620938628335e+01 5.534245182285046027e+00
1.299311537092591777e+02 2.691640819647124516e+01 5.608837138353587548e+00
1.300467788681547745e+02 2.713189606955814170e+01 5.450755071947932962e+00
1.304071795393298316e+02 2.729170692022169220e+01 5.550261859968474987e+00
1.305324147048355030e+02 2.730975746173793794e+01 5.560888798494940666e+00
1.304049931357095602e+02 2.728982559617633541e+01 5.570397111913357513e+00
1.304884832460466839e+02 2.749707632074032659e+01 5.607159200691513412e+00
1.302406569380179917e+02 2.762281995220419972e+01 5.632633345197539221e+00
1.301713021813189641e+02 2.769039507804952294e+01 5.615243809426958776e+00
1.300815579396959265e+02 2.763812477754614250e+01 5.713428585956170203e+00
1.300789139167132760e+02 2.746041592515381069e+01 5.721818274266538218e+00
1.299809833731631556e+02 2.761356587176488375e+01 5.680174912289622569e+00
1.301993695022118231e+02 2.750465246351756576e+01 5.622260639650175307e+00
1.302652158437992682e+02 2.762434535007881209e+01 5.670463212487923954e+00
1.303045711089642680e+02 2.747002593176386753e+01 5.763563329435094751e+00
1.300712360807443986e+02 2.754893984847714350e+01 5.549804240606091454e+00
1.299752885544312733e+02 2.764834494330604642e+01 5.590328977474958272e+00
1.297761224386027266e+02 2.754166878527482609e+01 5.568210708293079847e+00
1.298248843239944961e+02 2.763751461839629897e+01 5.644582295215335499e+00
1.299314587888340782e+02 2.786007016830223293e+01 5.685259571871663198e+00
1.302332841816240432e+02 2.793872985203640624e+01 5.724767376824122067e+00
1.303343163675191931e+02 2.759195606854121152e+01 5.674988559515940167e+00
1.301483195200081298e+02 2.731260487110387913e+01 5.757614277724106167e+00
1.297765800579651057e+02 2.717867493771291976e+01 5.583464687039202623e+00
1.296108201555905737e+02 2.703777902069456474e+01 5.450348299181369427e+00
1.293829257131235124e+02 2.690074744495856152e+01 5.435094320435246651e+00
1.293833324858900653e+02 2.672995372959780269e+01 5.411908272741140280e+00
1.294366197183098564e+02 2.663797223775868162e+01 5.452331316418366214e+00
1.295666344638226519e+02 2.682213860782020731e+01 5.491228962220978893e+00
1.294997203437229985e+02 2.683037575634311267e+01 5.484720597955966781e+00
1.292929272385213721e+02 2.671515737021406522e+01 5.434890934051964884e+00
1.293522143692479744e+02 2.675191945899221935e+01 5.325418213250622479e+00
1.295213809935424933e+02 2.691386586668022574e+01 5.407942238267147594e+00
1.294964153149946640e+02 2.689128997813596555e+01 5.404891442517923750e+00
1.292867748004271107e+02 2.678146133116387873e+01 5.309604921950475287e+00
1.292886052778766555e+02 2.693298418670870120e+01 5.335180759648141979e+00
1.292448263588752866e+02 2.712238775613972663e+01 5.270554736360400838e+00
1.292689276452941556e+02 2.722550465246351692e+01 5.304876188539177306e+00
1.295553465195505112e+02 2.723313164183657875e+01 5.429857121065744252e+00
1.296868358163420965e+02 2.737850205928712910e+01 5.490567956475313594e+00
1.296820053897391460e+02 2.753602481313875927e+01 5.400315248894086650e+00
1.296314638734936580e+02 2.746128031728275687e+01 5.590583210454060037e+00
1.295523974169929318e+02 2.739416281079981630e+01 5.445212793003508800e+00
1.295664819240351733e+02 2.743377230894391516e+01 5.472619108150709621e+00
1.295616006508364251e+02 2.753683835867188634e+01 5.439365434484161099e+00
1.295756851578786666e+02 2.750856765139574023e+01 5.500940662022677508e+00
1.297131743529770631e+02 2.762256571922509707e+01 5.431738445111100155e+00
1.294821782681649438e+02 2.749143234860425977e+01 5.423145370417450373e+00
1.292881476585142764e+02 2.729333401128794279e+01 5.384196878019016808e+00
1.289870341180657931e+02 2.706986322265724354e+01 5.417959017643768860e+00
1.287912747241572049e+02 2.709955763461636380e+01 5.345350078812223238e+00
1.287864951441501091e+02 2.699771190318808323e+01 5.316011593023847404e+00
1.286675649565261494e+02 2.682625718208165821e+01 5.287334112981135981e+00
1.287894950933035148e+02 2.677052931306248951e+01 5.358621040321350115e+00
1.286913103167742918e+02 2.675095337367163140e+01 5.420145421264046526e+00
1.288088676463110858e+02 2.679763054863476768e+01 5.436823104693140785e+00
1.290182539278995364e+02 2.692917069202216851e+01 5.431382518940356618e+00
1.291310316774292062e+02 2.705064320943712985e+01 5.400111862510804883e+00
1.292482839273910713e+02 2.696969542889103622e+01 5.615904815172624076e+00
1.290562363349773705e+02 2.698850866934458637e+01 5.542939950170335806e+00
1.290908628667310722e+02 2.690852697411908423e+01 5.384146031423195922e+00
1.291511160827782589e+02 2.678715614989576466e+01 5.436365485330757252e+00
1.294119082727411296e+02 2.687273097066151450e+01 5.443331468958152897e+00
1.294960593888239089e+02 2.694910255758377104e+01 5.520923374180098264e+00
1.295565668378501982e+02 2.695271266588702019e+01 5.584278232572329692e+00
1.297712920119998046e+02 2.696059388823918113e+01 5.487923933492652395e+00
1.298546295825494497e+02 2.705781257944780549e+01 5.609040524736868427e+00
1.298605786342604347e+02 2.706442263690446026e+01 5.655361773529262059e+00
1.300200335587532550e+02 2.714094676361417768e+01 5.626989373061473287e+00
1.301314892967915853e+02 2.726648700869476727e+01 5.573142828087659595e+00
1.303574007220216515e+02 2.745019575939391032e+01 5.515889561193877633e+00
1.305617023440280775e+02 2.750409315096354135e+01 5.613108252402501996e+00
1.305706004982966419e+02 2.753256724462297100e+01 5.716479381705394935e+00
1.305929221538617924e+02 2.748411043880612326e+01 5.641023033507906348e+00
1.301273198759343188e+02 2.727426653785528998e+01 5.569227640209487795e+00
1.297121574210606525e+02 2.705384654497381547e+01 5.542177251233029622e+00
1.296238877307164330e+02 2.692235724818223375e+01 5.409010016779376429e+00
1.293983830782529196e+02 2.679096964458229380e+01 5.419230182539278573e+00
1.292409620175929206e+02 2.668602227080896938e+01 5.276249555092286769e+00
1.292368434433314803e+02 2.664814155692276287e+01 5.283266385315503300e+00
1.292677581735902663e+02 2.684639243402654074e+01 5.369146285656174911e+00
1.293965017542075486e+02 2.686520567448009444e+01 5.436263792139116369e+00
1.294645344994152651e+02 2.686901916916662358e+01 5.542889103574515808e+00
1.296365993796715372e+02 2.694528906289723835e+01 5.613616718360705526e+00
1.297121065744648263e+02 2.703213504855849791e+01 5.488737479025779464e+00
1.296196674632633403e+02 2.706365993796715230e+01 5.553261809121879722e+00
1.294620430162200648e+02 2.692774698733919791e+01 5.544109421874205523e+00
1.293458076981746103e+02 2.674312299791528957e+01 5.503279605430416055e+00
1.294042812833680784e+02 2.674673310621853872e+01 5.538567142929780474e+00
1.294795850917781195e+02 2.688422230131692814e+01 5.493364519245436561e+00
1.295462449788986703e+02 2.700996593278080127e+01 5.562719275944475683e+00
1.295526008033762082e+02 2.698205115167539603e+01 5.587379874917374423e+00
1.296026338536634910e+02 2.709935424823308026e+01 5.446331418111557632e+00
1.296273452992322177e+02 2.708460873544516190e+01 5.327960543041643682e+00
1.297970712360807397e+02 2.702969441195912026e+01 5.372044541617938762e+00
1.298919509838816282e+02 2.715635328214775868e+01 5.459805766003966276e+00
1.297827324960593955e+02 2.709320181013881168e+01 5.419586108710022110e+00
1.298700869476788569e+02 2.712340468805613369e+01 5.377993593328926458e+00
1.300215589566278425e+02 2.722926730055422695e+01 5.458432907916814791e+00
1.299872375044490695e+02 2.726892764529414848e+01 5.459348146641582744e+00
1.299406111760817737e+02 2.724055524482636059e+01 5.455026185996847410e+00
1.296334977373264792e+02 2.727569024253826058e+01 5.283164692123862416e+00
1.292893679768139634e+02 2.723923323333502822e+01 5.371637768851375228e+00
1.289882035897696539e+02 2.712208267656480487e+01 5.355265164997203620e+00
1.286025830070676648e+02 2.686256165149743325e+01 5.212589617125133579e+00
1.284548227996135665e+02 2.677754614328570781e+01 5.166522601311842600e+00
1.286912086235826393e+02 2.656429552041490894e+01 5.155641429806274267e+00
1.286557176997000056e+02 2.652443178929170742e+01 5.268317486144302286e+00
1.286213962475212327e+02 2.661229470686937404e+01 5.163726038541719632e+00
1.288231555397366037e+02 2.667748004271114226e+01 5.248029694411958879e+00
1.289804749072049503e+02 2.662287079880001883e+01 5.302842324706360522e+00
1.290088981542685644e+02 2.658448161895561057e+01 5.401993186556159898e+00
1.290313215030253673e+02 2.662378603752478767e+01 5.334621447094116675e+00
1.289308994762800751e+02 2.669329333401128679e+01 5.434229928306299584e+00
1.290649311028626585e+02 2.668709004932119910e+01 5.443738241724716431e+00
1.292050134743478793e+02 2.669822545380586831e+01 5.392789952712665702e+00
1.293797223775868304e+02 2.649077134285859714e+01 5.519855595667870318e+00
1.294309757461738002e+02 2.661214216708191316e+01 5.576702089795087858e+00
1.294355519397976195e+02 2.664290435755326314e+01 5.493262826053795678e+00
1.294367722580973066e+02 2.664798901713530199e+01 5.489296791579803880e+00
1.294629582549448230e+02 2.682483347739868762e+01 5.419382722326740343e+00
1.292958763410789516e+02 2.700798291554380270e+01 5.490059490517110063e+00
1.291745055168556462e+02 2.692881476585142764e+01 5.535363807393094859e+00
1.290264910764224453e+02 2.706254131285910347e+01 5.471195403467738139e+00
1.291512686225657092e+02 2.710555753292317149e+01 5.490161183708750947e+00
1.294602125387705200e+02 2.707428687649361976e+01 5.602735546855138082e+00
1.297070727614786279e+02 2.706249046626328436e+01 5.603650785579905147e+00
1.297000050846595798e+02 2.726430060507448871e+01 5.530991000152539527e+00
1.300901510143895905e+02 2.733080795240758576e+01 5.687598515279401745e+00
1.300034575685157847e+02 2.744500940662022614e+01 5.732648599176284776e+00
1.297358010881171424e+02 2.740270503889764697e+01 5.653836375654649693e+00
1.292890120506432083e+02 2.732709615091269484e+01 5.613515025169064643e+00
1.288378502059287030e+02 2.715309910001525395e+01 5.505059236284131075e+00
1.287997152590634187e+02 2.710871002186403445e+01 5.523567397162760351e+00
1.283728072405552325e+02 2.695245843290791754e+01 5.456958356638023311e+00
1.283168759851527909e+02 2.693318757309198119e+01 5.370824223318249047e+00
1.285249911018457283e+02 2.703788071388620651e+01 5.490262876900391831e+00
1.285476178369858076e+02 2.703925357197335799e+01 5.577108862561651392e+00
1.286530736767173551e+02 2.712920119997966140e+01 5.532160471856409245e+00
1.288401891493364531e+02 2.727391061168454911e+01 5.536940051863528112e+00
1.291293537397671116e+02 2.734799410179488532e+01 5.541312859104082555e+00
1.294140438297656033e+02 2.732074032643514627e+01 5.577261402349113162e+00
1.295652616057354862e+02 2.718472568261555011e+01 5.680937611226928752e+00
1.294267554787207075e+02 2.714176030914730120e+01 5.608735445161946664e+00
1.293350790664565011e+02 2.706411755732953850e+01 5.580871510652361422e+00
1.291581329130014808e+02 2.705140590837443426e+01 5.493872985203640980e+00
1.292701479635938426e+02 2.724340265419230178e+01 5.531041846748360413e+00
1.291134387552753253e+02 2.723465703971119112e+01 5.576702089795087858e+00
1.291825392789952787e+02 2.722967407332079048e+01 5.567549702547414547e+00
1.290379315604820363e+02 2.718497991559464921e+01 5.555804138912900036e+00
1.289596278029185896e+02 2.731941831494381390e+01 5.445161946407687914e+00
1.289760512533685812e+02 2.724401281334214531e+01 5.450246605989729431e+00
1.289645090761173662e+02 2.731916408196471124e+01 5.416433619769156493e+00
1.289392383179946080e+02 2.735033304520262476e+01 5.380942695886510307e+00
1.289271368281893615e+02 2.730558804088066438e+01 5.449839833223165897e+00
1.289084761275232722e+02 2.738084100269486854e+01 5.360705750749986898e+00
1.289484923984339275e+02 2.737295978034270760e+01 5.532668937814613663e+00
1.288882900289825670e+02 2.737438348502567820e+01 5.540346773783495493e+00
1.288167997152590658e+02 2.746875476686835782e+01 5.614023491127269061e+00
1.287832409620176009e+02 2.753577058015965662e+01 5.533685869731021612e+00
1.287440890832358775e+02 2.718197996644124714e+01 5.481974881781664699e+00
1.286373112320130190e+02 2.697061066761580150e+01 5.497533940102710126e+00
1.285397874612294800e+02 2.683388417145472005e+01 5.406976152946560532e+00
1.284136370569990220e+02 2.662093862815884648e+01 5.530380841002695114e+00
1.283049270351349946e+02 2.652199115269232621e+01 5.494788223928408044e+00
1.284047897493262838e+02 2.659805766003966099e+01 5.420755580413890939e+00
1.285159404077896852e+02 2.671683530787613847e+01 5.429348655107540722e+00
1.286179895256012742e+02 2.662881985051100742e+01 5.483856205827019714e+00
1.287718004779580099e+02 2.667981898611887814e+01 5.487923933492652395e+00
1.289186454466873499e+02 2.692764529414755614e+01 5.604921950475415748e+00
1.288848324604667823e+02 2.690430670666598800e+01 5.452127930035084447e+00
1.287511567600549256e+02 2.686256165149743325e+01 5.394874663141302484e+00
1.286884120608125386e+02 2.686947678852900623e+01 5.415670920831850310e+00
1.286484974830935073e+02 2.705949051710987874e+01 5.473534346875476686e+00
1.287554787206996423e+02 2.703655870239487413e+01 5.485534143489092962e+00
1.289035440077286694e+02 2.711694717038694336e+01 5.529211369298825396e+00
1.291155234657039728e+02 2.712269283571464840e+01 5.537753597396654293e+00
1.295211267605633907e+02 2.724640260334570740e+01 5.591956068541211522e+00
1.295774139421365874e+02 2.724741953526211447e+01 5.610057456653277264e+00
1.296897340723038496e+02 2.726541923018253755e+01 5.683988406976152596e+00
1.298831545228046878e+02 2.761814206538872085e+01 5.633243504347383634e+00
1.301048456805816897e+02 2.777658005796511986e+01 5.709004932119794873e+00
1.300475415670920825e+02 2.776183454517720151e+01 5.712869273402145787e+00
1.299989830680835894e+02 2.774536024813138724e+01 5.613769258148167296e+00
1.301960644734834887e+02 2.778552905882951052e+01 5.640412874358061934e+00
1.301178624091117229e+02 2.785518889510347407e+01 5.807138862053185413e+00
1.299807291401840530e+02 2.798815274317384549e+01 5.771444551787257460e+00
1.299686784969746327e+02 2.792698428840188996e+01 5.757766817511567936e+00
1.297049880510499804e+02 2.790984898561041305e+01 5.711191335740072539e+00
1.295277368180200313e+02 2.771480144404332080e+01 5.685768037829867616e+00
1.291640311181166396e+02 2.734692632328265560e+01 5.641836579041033417e+00
1.289890171353027881e+02 2.705725326689378107e+01 5.633802816901408050e+00
1.287416484466365034e+02 2.700238979000355855e+01 5.552092337418010004e+00
1.286544973814003185e+02 2.696705140590837502e+01 5.393857731224894536e+00
1.285787868002237246e+02 2.687542584023999481e+01 5.392789952712665702e+00
1.286559210860832820e+02 2.691920475924136724e+01 5.412009965932781164e+00
1.288397823765699002e+02 2.696181420653887173e+01 5.378451212691309991e+00
1.289858646463619323e+02 2.698266131082523955e+01 5.456246504296537125e+00
1.289386281588447787e+02 2.723353841460314229e+01 5.392484873137743051e+00
1.288986627345299212e+02 2.729801189810342166e+01 5.412111659124422047e+00
1.289705598210199753e+02 2.729246961915899661e+01 5.474703818579346404e+00
1.291434890934052078e+02 2.724579244419586033e+01 5.465907357502414854e+00
1.291612345553465104e+02 2.728626633446890892e+01 5.310825240250165002e+00
1.291890476432602952e+02 2.724792800122031977e+01 5.357654955000763053e+00
1.292380637616311674e+02 2.737367163268419290e+01 5.478161387095133783e+00
1.294668734428230152e+02 2.747566990389993435e+01 5.509432043524686406e+00
1.295268724258910993e+02 2.738399349163573504e+01 5.384807037168861221e+00
1.296481924035185784e+02 2.741872171658107504e+01 5.455585498550871826e+00
1.298817816647175505e+02 2.738134946865307384e+01 5.480703716886154098e+00
1.299095439060354806e+02 2.735551939797630538e+01 5.522703005033813284e+00
1.299570346265317653e+02 2.757451568617480930e+01 5.630141862002338904e+00
1.300116947170386936e+02 2.765114150607616850e+01 5.681344383993491398e+00
1.300499822036914566e+02 2.773752987237504541e+01 5.649107642243351712e+00
1.300468805613464269e+02 2.782600294910255911e+01 5.550668632735038521e+00
1.300081354553312565e+02 2.780617277673259835e+01 5.618345451772003507e+00
1.301384044338231547e+02 2.790913713326892776e+01 5.622362332841816190e+00
1.300266944628057217e+02 2.782493517059032939e+01 5.734021457263436261e+00
1.297063609091371461e+02 2.752814359078659834e+01 5.609752377078354613e+00
1.295508211725224896e+02 2.724248741546753294e+01 5.782885035846850208e+00
1.293168251385569647e+02 2.714653988915442184e+01 5.701530482534193922e+00
1.292656734631616473e+02 2.692764529414755614e+01 5.594854324502974485e+00
1.292838256978695313e+02 2.711786240911170864e+01 5.445314486195148795e+00
1.293684852799105158e+02 2.714130268978491856e+01 5.557329536787512403e+00
1.292215386179895233e+02 2.702755885493466081e+01 5.484568058168505900e+00
1.294157217674276694e+02 2.707835460415925155e+01 5.485330757105812083e+00
1.292713174352977035e+02 2.732018101388112186e+01 5.611684547719530514e+00
1.293398586464636253e+02 2.749850002542329719e+01 5.620430162200640289e+00
1.292556058371891936e+02 2.754782122336909467e+01 5.508262571820816689e+00
1.289863222657243114e+02 2.764203996542431341e+01 5.522041999288147984e+00
1.290208979508821869e+02 2.755514313316723474e+01 5.558854934662124769e+00
1.290365587023948706e+02 2.769924238572227537e+01 5.636294300096608367e+00
1.291828443585702075e+02 2.789825596176336120e+01 5.749021203030457272e+00
1.293681802003355870e+02 2.797045812782834062e+01 5.619057304113489693e+00
1.294181115574312173e+02 2.795215335333299578e+01 5.656277012254030012e+00
1.293841968780190257e+02 2.787268012406569540e+01 5.469975085168048423e+00
1.296978695276351345e+02 2.778054609243910988e+01 5.547922916560736439e+00
1.301186251080490024e+02 2.757436314638734842e+01 5.618650531346926158e+00
1.301156760054914230e+02 2.764661615904815051e+01 5.707988000203386036e+00
1.301309808308333800e+02 2.760919306452433020e+01 5.605481263029440164e+00
1.302828596125489469e+02 2.753907560888798400e+01 5.630040168810698020e+00
1.303760105760919430e+02 2.767417501398281487e+01 5.748919509838816388e+00
1.305018050541516175e+02 2.780169827630040302e+01 5.770936085829053930e+00
1.301377434280774992e+02 2.778125794478059518e+01 5.678344434840087551e+00
1.298481720648802593e+02 2.774098744089083368e+01 5.623633497737326792e+00
1.296409213403162539e+02 2.746544973814003043e+01 5.602989779834239847e+00
1.296052778766461699e+02 2.728235114659073446e+01 5.604616870900493097e+00
1.292233182488432419e+02 2.721569125947018009e+01 5.507703259266792273e+00
1.291013881120659050e+02 2.715731936746834663e+01 5.457568515787867724e+00
1.292306401586413926e+02 2.726308028677480166e+01 5.518584430772359717e+00
1.294200437280724145e+02 2.741500991508618412e+01 5.545685666344637887e+00
1.293336553617735376e+02 2.748777139370519151e+01 5.568058168505618966e+00
1.291567092083184889e+02 2.756815986169726074e+01 5.544719581024050825e+00
1.290931001169471699e+02 2.752753343163675126e+01 5.550922865714140286e+00
1.292031321503025367e+02 2.767514109930340283e+01 5.516347180556262053e+00
1.291065744648395821e+02 2.780779986779885249e+01 5.477246148370366718e+00
1.290864900594905293e+02 2.775166522601311669e+01 5.609752377078354613e+00
1.291321503025372408e+02 2.770285249402552452e+01 5.600752529618142184e+00
1.292192505211775995e+02 2.772151319469161379e+01 5.605125336858697516e+00
1.291281334214674246e+02 2.770981847765292017e+01 5.599532211318452468e+00
1.291485737529872324e+02 2.765668378502059355e+01 5.569786952763512211e+00
1.293238928153760128e+02 2.774708903238928315e+01 5.490008643921289178e+00
1.293289774749580374e+02 2.780515584481619129e+01 5.513194691615396437e+00
1.293654344841612840e+02 2.783307062592159298e+01 5.582091828952052026e+00
1.293553160115930325e+02 2.789022219962373583e+01 5.507957492245894038e+00
1.293600955916001283e+02 2.785625667361570024e+01 5.473941119642040221e+00
1.295193471297096721e+02 2.773514008237148687e+01 5.558702394874663000e+00
1.295620582701988042e+02 2.783805359231199361e+01 5.557939695937356817e+00
1.297210555753292454e+02 2.792357756648192435e+01 5.633192657751563637e+00
1.299117303096557805e+02 2.794920425077540926e+01 5.508160878629175805e+00
1.297397671225911324e+02 2.785600244063660114e+01 5.649209335434992596e+00
1.295170081863019220e+02 2.782076574973305583e+01 5.514211623531804385e+00
1.292405043982305415e+02 2.767346316164132958e+01 5.513092998423755553e+00
1.290355417704784600e+02 2.763593837392586394e+01 5.506788020542024320e+00
1.288119692886561154e+02 2.735750241521330040e+01 5.476534296028880533e+00
1.288011898103422084e+02 2.721899628819850392e+01 5.537804443992474290e+00
1.287996644124675925e+02 2.735165505669395358e+01 5.453144861951492395e+00
1.289247470381857852e+02 2.729877459704072962e+01 5.486754461788783566e+00
1.288669853053337988e+02 2.740214572634362256e+01 5.512177759698988488e+00
1.290350841511160809e+02 2.736055321096252513e+01 5.497940712869273661e+00
1.289970508974424206e+02 2.740321350485584873e+01 5.506737173946204322e+00
1.288867646311079511e+02 2.735282452839782508e+01 5.454924492805206526e+00
1.289316113286215568e+02 2.733914679412213289e+01 5.384044338231555038e+00
1.288467483601972958e+02 2.745065337875629297e+01 5.483754512635378831e+00
1.288217318350536402e+02 2.741699293232318269e+01 5.472059795596685206e+00
1.286393959424416664e+02 2.734209589667971585e+01 5.469619158997304886e+00
1.288623582651141533e+02 2.747561905730411524e+01 5.488127319875934162e+00
1.288500025423298041e+02 2.750195759393908546e+01 5.531499466110743946e+00
1.288711547261910937e+02 2.756439721360655071e+01 5.376468195454314092e+00
1.291963187064625913e+02 2.767015813291300219e+01 5.490974729241877128e+00
1.290793715360756551e+02 2.759022728428331561e+01 5.478415620074236436e+00
1.292764529414755543e+02 2.748797478008847150e+01 5.417857324452127976e+00
1.294005186352773649e+02 2.770615752275385191e+01 5.520923374180098264e+00
1.296839884069761411e+02 2.775380078303757614e+01 5.565109065948035116e+00
1.298987135811257474e+02 2.786561244724665798e+01 5.649921187776478781e+00
1.298605786342604347e+02 2.793700106777851389e+01 5.507754105862612271e+00
1.296863781969797174e+02 2.800152539787461237e+01 5.513550617786139085e+00
1.293386383281639382e+02 2.793923831799461155e+01 5.538414603142319592e+00
1.288739512889611945e+02 2.791320486093455955e+01 5.481669802206742048e+00
1.284599074591956196e+02 2.767737834951950049e+01 5.472771647938170503e+00
1.283208928662226072e+02 2.759775258046473922e+01 5.402450805918543431e+00
1.283339604413484381e+02 2.741867086998525593e+01 5.517974271622515303e+00
1.286241928102913619e+02 2.728174098744089093e+01 5.567854782122337198e+00
1.289126963949763649e+02 2.744038236640056994e+01 5.622464026033457074e+00
1.289898815274317485e+02 2.731280825748716268e+01 5.599277978339349815e+00
1.289548990695072916e+02 2.727009711699801642e+01 5.590532363858240039e+00
1.290325926679208806e+02 2.736924797884781668e+01 5.605125336858697516e+00
1.291718614938729957e+02 2.741058626124980790e+01 5.466568363248080153e+00
1.291568109015101413e+02 2.740890832358773466e+01 5.589718818325112970e+00
1.291461839629836845e+02 2.730365587023948848e+01 5.606599888137488996e+00
1.291883866375146113e+02 2.733050287283266400e+01 5.637565464992118969e+00
1.291749631362180253e+02 2.721304723648751889e+01 5.657039711191335307e+00
1.290084405349061853e+02 2.724482635887527238e+01 5.457924441958611261e+00
1.290711343875527461e+02 2.741907764275181947e+01 5.513296384807037320e+00
1.291355570244571993e+02 2.747658514262469964e+01 5.564041287435806282e+00
1.291620481008796446e+02 2.759795596684801922e+01 5.547872069964915553e+00
1.290516601413535227e+02 2.750566939543397638e+01 5.488686632429958578e+00
1.290112879442721407e+02 2.760731174047897341e+01 5.602074541109472783e+00
1.288562058270198918e+02 2.761061676920730079e+01 5.568617481059643382e+00
1.288388162912492874e+02 2.768988661209132118e+01 5.458737987491737442e+00
1.288950017796308600e+02 2.769263232826562415e+01 5.457822748766970378e+00
1.288531550312706599e+02 2.765942950119489652e+01 5.443534855341434664e+00
1.288463415874307145e+02 2.763105710072710508e+01 5.561193878069863317e+00
1.288376976661412527e+02 2.759398993237402919e+01 5.459297300045761858e+00
1.285035338384095098e+02 2.736807850714394519e+01 5.559770173386891834e+00
1.282242843341638263e+02 2.723684344333146967e+01 5.504805003305028421e+00
1.281023541973864894e+02 2.718289520516601243e+01 5.441856917679361416e+00
1.281486245995830586e+02 2.712670971678446108e+01 5.534499415264147792e+00
1.280997610209996367e+02 2.703040626430060556e+01 5.377078354604159394e+00
1.280445924645345031e+02 2.703752478771546208e+01 5.480449483907052333e+00
1.284286368027660501e+02 2.701367773427568864e+01 5.513296384807037320e+00
1.285222453856714253e+02 2.711181166420908184e+01 5.545228046982254355e+00
1.283514516703106665e+02 2.730243555193979788e+01 5.455839731529974479e+00
1.282508262571820694e+02 2.720831850307621735e+01 5.415823460619311192e+00
1.282694869578481587e+02 2.727950373722479327e+01 5.325519906442263363e+00
1.283721970814054032e+02 2.732887578176640986e+01 5.320435246860222733e+00
1.283995017033609543e+02 2.726440229826613049e+01 5.409213403162658196e+00
1.283932984186708666e+02 2.722997915289571225e+01 5.342756902425382926e+00
1.284076371586922392e+02 2.722916560736258873e+01 5.390145929730004504e+00
1.287220216606498298e+02 2.729048660192200160e+01 5.509991356078710822e+00
1.286050744902628651e+02 2.732104540601006804e+01 5.422789444246707724e+00
1.284000610159149858e+02 2.732236741750139686e+01 5.482229114760766464e+00
1.284371790308638879e+02 2.742985712106574425e+01 5.461229470686937759e+00
1.283269436111252446e+02 2.754283825697869403e+01 5.339197640717953774e+00
1.281949966949712802e+02 2.766237860375247948e+01 5.389993389942543622e+00
1.283405704988051070e+02 2.775263131133370464e+01 5.392993339095947469e+00
1.284160268470025983e+02 2.764727716479381670e+01 5.414857375298724129e+00
1.286939543397569423e+02 2.781771495398383109e+01 5.535567193776376627e+00
1.286022779274927643e+02 2.756114303147404243e+01 5.473890273046219335e+00
1.284666192098439126e+02 2.738882391823867479e+01 5.553973661463365019e+00
1.281421670819138683e+02 2.721284385010423534e+01 5.527380891849290379e+00
1.281069812376061350e+02 2.716194640768800639e+01 5.426704632124879524e+00
1.281156251588956252e+02 2.698708496466161577e+01 5.437229877459704319e+00
1.281877764783647820e+02 2.691386586668022574e+01 5.483449433060456180e+00
1.283319265775156452e+02 2.690786596837341804e+01 5.469873391976407540e+00
1.285433467229368887e+02 2.695794986525651993e+01 5.510804901611837003e+00
1.283917730207962506e+02 2.704891442517923394e+01 5.308994762800630873e+00
1.284397213606549144e+02 2.711537092591650833e+01 5.370773376722428161e+00
1.283055880408806502e+02 2.721340316265825976e+01 5.394417043778918952e+00
1.281496415314994692e+02 2.719657293944170462e+01 5.309045609396450871e+00
1.280208979508821869e+02 2.711404891442517950e+01 5.221894544160268659e+00
1.280953882137590938e+02 2.716789545939899497e+01 5.076880052880460070e+00
1.282318604769410797e+02 2.710026948695784910e+01 5.339807799867799076e+00
1.281769970000508465e+02 2.699491534041795759e+01 5.290893374688564244e+00
1.282285554482127452e+02 2.693405196522092737e+01 5.258402399959322793e+00
1.282635887527329999e+02 2.691676412264198959e+01 5.252300808460873327e+00
1.282195047541567021e+02 2.689718818325113148e+01 5.376112269283571443e+00
1.285063304011796390e+02 2.689154421111506466e+01 5.322723343672141283e+00
1.286758021050490584e+02 2.693593328926628416e+01 5.331367264961611063e+00
1.287396145828036822e+02 2.695606854121116669e+01 5.392332333350282170e+00
1.288842731479127508e+02 2.700599989830680769e+01 5.391620481008796872e+00
1.287529872375044420e+02 2.715487873086896897e+01 5.495194996694971579e+00
1.285521431840138291e+02 2.717628514770936121e+01 5.354044846697513904e+00
1.281881832511313348e+02 2.708104947373773186e+01 5.299944068744597558e+00
1.277999186454466809e+02 2.676152946560227619e+01 5.323994508567650996e+00
1.275010932018101357e+02 2.664910764224335082e+01 5.290689988305283364e+00
1.273669090354400737e+02 2.674073320791173103e+01 5.182946051761834205e+00
1.272114201454212576e+02 2.667046321248792395e+01 5.207098184776529415e+00
1.271998779681700285e+02 2.664295520414908225e+01 5.170234402806731744e+00
1.273819087812071018e+02 2.666237860375247948e+01 5.160929475771596664e+00
1.274434331621497876e+02 2.663558244775512307e+01 5.071134387552753253e+00
1.278078507143946752e+02 2.668495449229673966e+01 5.168098845782274964e+00
1.281285910408298037e+02 2.676615650582193595e+01 5.275436009559159700e+00
1.283391467941221435e+02 2.675837697666141324e+01 5.333807901560990494e+00
1.282615548889001786e+02 2.670153048253419570e+01 5.358570193725530117e+00
1.281396247521228418e+02 2.666461585396857714e+01 5.365942950119489296e+00
1.279940509482890150e+02 2.643560278639344929e+01 5.472720801342350505e+00
1.279161031168963234e+02 2.648309350688971264e+01 5.379925763970102359e+00
1.277979356282096859e+02 2.660568464941272282e+01 5.267910713377739640e+00
1.278708496466161648e+02 2.657136319723394635e+01 5.327858849850002798e+00
1.279030355417704783e+02 2.662480296944119473e+01 5.362078608837138383e+00
1.279006965983627424e+02 2.676335994305181387e+01 5.371892001830477881e+00
1.278661717598006788e+02 2.693806884629074005e+01 5.346773783495194721e+00
1.278192403518584399e+02 2.700920323384349331e+01 5.198810189657802283e+00
1.277786139217979411e+02 2.713657395637362058e+01 5.225809732038440458e+00
1.279572888595108537e+02 2.723343672141150051e+01 5.296791579803731942e+00
1.282379620684395150e+02 2.719392891645904342e+01 5.250775410586260961e+00
1.284264503991457786e+02 2.704601616921747009e+01 5.330706259215945764e+00
1.282494025524991059e+02 2.688315452280469842e+01 5.264554838053592256e+00
1.282468602227080794e+02 2.648111048965271763e+01 5.340672191996746143e+00
1.278311384552804242e+02 2.627599532211318589e+01 5.256317689530686010e+00
1.277659022728428369e+02 2.627187674785173144e+01 5.158336299384756352e+00
1.277463771800478014e+02 2.623399603396552493e+01 5.277164793817053834e+00
1.278291554380434292e+02 2.626775817359027698e+01 5.264859917628514907e+00
1.278969847968678550e+02 2.630629989322214968e+01 5.231097778003762855e+00
1.278032745207708274e+02 2.630975746173793794e+01 5.289266283622311882e+00
1.280311689632379171e+02 2.650109320181013928e+01 5.326333451975390432e+00
1.281573193674683466e+02 2.647211064219250432e+01 5.436975644480601666e+00
1.280578125794478126e+02 2.658290537448517910e+01 5.310571007271063237e+00
1.282273351299130582e+02 2.650861849799155934e+01 5.253521126760563043e+00
1.280484568058168406e+02 2.652956729546956893e+01 5.193013677734275468e+00
1.279309503228758871e+02 2.643697564448060078e+01 5.303808410026948472e+00
1.278253927899527156e+02 2.644765342960288734e+01 5.226826663954848406e+00
1.277797325469059899e+02 2.651100828799511788e+01 5.317333604515178003e+00
1.278632226572430994e+02 2.676397010220165740e+01 5.267910713377739640e+00
1.277642243351807565e+02 2.675120760665073405e+01 5.237911221843697618e+00
1.277809528652056770e+02 2.670997101744038105e+01 5.140946763614175907e+00
1.275816342095896658e+02 2.663822647073778427e+01 5.264656531245233140e+00
1.276274469924238559e+02 2.673875019067473602e+01 5.134387552753342909e+00
1.276274469924238559e+02 2.687608684598566100e+01 5.094778054609244045e+00
1.277440890832358775e+02 2.694752631311333602e+01 5.173793664514160895e+00
1.281495906849036430e+02 2.697106828697818770e+01 5.301672853002491692e+00
1.282378095286520647e+02 2.691752682157929399e+01 5.411247266995474980e+00
1.282571820816596357e+02 2.688076473280113987e+01 5.459704072812325393e+00
1.281100828799511930e+02 2.671002186403620371e+01 5.378603752478771760e+00
1.278505618548838214e+02 2.657095642446738282e+01 5.295978034270605761e+00
1.275939899323740292e+02 2.639573905527025133e+01 5.246961915899730933e+00
1.273704174505516846e+02 2.633121472517414929e+01 5.259673564854833394e+00
1.272054202471144606e+02 2.625184318909849068e+01 5.210301520313215029e+00
1.271002694869578420e+02 2.621614887883256273e+01 5.195098388162912251e+00
1.269855087201911772e+02 2.634870595413637062e+01 5.138251894035694711e+00
1.275433975695327149e+02 2.633167234453653194e+01 5.225148726292774271e+00
1.276983779935933256e+02 2.647261910815070962e+01 5.255504143997558941e+00
1.277929018152234732e+02 2.627624955509228499e+01 5.283469771698785067e+00
1.278158844765342934e+02 2.618004779580007124e+01 5.052270300503381328e+00
1.280066609040524668e+02 2.621803020287791597e+01 5.169573397061066444e+00
1.277654446534804435e+02 2.628636802766054714e+01 5.292673005542279263e+00
1.276269893730614768e+02 2.631046931407942324e+01 5.360349824579244249e+00
1.273411806579549506e+02 2.640580668124269081e+01 5.266537855290588155e+00
1.273680785071439487e+02 2.641068795444144968e+01 5.275130929984237937e+00
1.275202115218386183e+02 2.649946611074388514e+01 5.289927289367977181e+00
1.275414653988915461e+02 2.650455077032592754e+01 5.187166319214928656e+00
1.274312299791528886e+02 2.637133268927645346e+01 5.208064270097117365e+00
1.275547363604006676e+02 2.643672141150150168e+01 5.349265266690395038e+00
1.275947017847155109e+02 2.654085523974169902e+01 5.278893578074947968e+00
1.275397366146336537e+02 2.661326079218996199e+01 5.276249555092286769e+00
1.275742106065998911e+02 2.653561804037219574e+01 5.271215742106066138e+00
1.276017186149387328e+02 2.658219352214369380e+01 5.354604159251538320e+00
1.276666497178013913e+02 2.662759953221131681e+01 5.320333553668581850e+00
1.279672547922916550e+02 2.683388417145472005e+01 5.409518482737580847e+00
1.278458331214725234e+02 2.684527380891849191e+01 5.302842324706360522e+00
1.276931916408196486e+02 2.671398789851019373e+01 5.195708547312757553e+00
1.276359383739258675e+02 2.645731428280876685e+01 5.072710632023185617e+00
1.273577566481924066e+02 2.624375858036304621e+01 5.088829002898256348e+00
1.269388823918238671e+02 2.606508364265012290e+01 5.068642904357552936e+00
1.268446636497686484e+02 2.584191793359434541e+01 5.157776986830731936e+00
1.268009864239589177e+02 2.565831087608684768e+01 5.119845426348706319e+00
1.268712055727869057e+02 2.582193522143692377e+01 5.185437534957034522e+00
1.269513906543956949e+02 2.593923831799461155e+01 5.240199318655616167e+00
1.271700818630192771e+02 2.589108659175268201e+01 5.229165607362586954e+00
1.271423704682971447e+02 2.596211928611379349e+01 5.264503991457772258e+00
1.270212538770529278e+02 2.606874459754919471e+01 5.136218030202877927e+00
1.270037118014948874e+02 2.622697920374231018e+01 5.140743377230894140e+00
1.267461229470686987e+02 2.628896120404738923e+01 5.107896476330910041e+00
1.266038541719631922e+02 2.629236792596735484e+01 5.033914679412212934e+00
1.266453449941526372e+02 2.627670717445467119e+01 5.103930441856917355e+00
1.265813291300147512e+02 2.626063965017542046e+01 5.121421670819138683e+00
1.267277164793817121e+02 2.633696039050185433e+01 5.264859917628514907e+00
1.265434484161285411e+02 2.625586007016830337e+01 5.197386484974830800e+00
1.267002084710428704e+02 2.643184013830273926e+01 5.256673615701428659e+00
1.267639701022016538e+02 2.643168759851527838e+01 5.306045660243047024e+00
1.266502262673513997e+02 2.656434636701072804e+01 5.223521635226521909e+00
1.266056846494127228e+02 2.660954899069507462e+01 5.245894137387502099e+00
1.269808308333757054e+02 2.670936085829053752e+01 5.234707886307012004e+00
1.269891188284944263e+02 2.667275130929984073e+01 5.237148522906391435e+00
1.268993237402755909e+02 2.673224182640972302e+01 5.220928458839680708e+00
1.270973203844002626e+02 2.673544516194640863e+01 5.194996694971271367e+00
1.273350790664565011e+02 2.678456297350892257e+01 5.237351909289673202e+00
1.272441653531296026e+02 2.685559566787003760e+01 5.156200742360298683e+00
1.272351146590735738e+02 2.692937407840545205e+01 5.120557278690191616e+00
1.272727411399806812e+02 2.697478008847307507e+01 5.353688920526770367e+00
1.275645497533940045e+02 2.701657599023745249e+01 5.333096049219505197e+00
1.278743580617277615e+02 2.714160776935984032e+01 5.355671937763767154e+00
1.277054456704123595e+02 2.711715055677022335e+01 5.380891849290690310e+00
1.272465551431331647e+02 2.665170081863019291e+01 5.430568973407230438e+00
1.269712716733614712e+02 2.639512889612040425e+01 5.345095845833121473e+00
1.270518635277368134e+02 2.630091015406518551e+01 5.200538973915696417e+00
1.270232877408857490e+02 2.621167437840036740e+01 5.208826969034423549e+00
1.271503025372451248e+02 2.620694564498906942e+01 5.252605888035795978e+00
1.272726902933848550e+02 2.632755377027508104e+01 5.314079422382671503e+00
1.270951848273758031e+02 2.620572532668937882e+01 5.205572786901917048e+00
1.270550668632735096e+02 2.617943763665022772e+01 5.116133624853816286e+00
1.270289825596176314e+02 2.622336909543906103e+01 5.183403671124218626e+00
1.270360502364366653e+02 2.636868866629379227e+01 5.155946509381196918e+00
1.269304927035134938e+02 2.631941831494381390e+01 5.310469314079422354e+00
1.269822545380586831e+02 2.629658819342045106e+01 5.307062592159454972e+00
1.269565770071693720e+02 2.632170641175573422e+01 5.220013220114913643e+00
1.267634107896476365e+02 2.637092591650988993e+01 5.245182285046015913e+00
1.267202420297961112e+02 2.655738038338333240e+01 5.175064829409670608e+00
1.266835307876137762e+02 2.661829460517618173e+01 5.149082218945441269e+00
1.266857680378298738e+02 2.661051507601565902e+01 5.172675039406112063e+00
1.269683734173997038e+02 2.666822596227182629e+01 5.229419840341688719e+00
1.272512838765444627e+02 2.669100523719937001e+01 5.231860476941069038e+00
1.272698428840189138e+02 2.663990440839985752e+01 5.223216555651599258e+00
1.272553516042101052e+02 2.663375197030558894e+01 5.299537295978034024e+00
1.273717903086388361e+02 2.666670056439721392e+01 5.311943865358213834e+00
1.275350587278181678e+02 2.678446128031728435e+01 5.273605532109625571e+00
1.275278893578074957e+02 2.668002237250216169e+01 5.159658310876086951e+00
1.275313469263232804e+02 2.674134336706157455e+01 5.252555041439975980e+00
1.276125997864442922e+02 2.684430772359790396e+01 5.280673208928662099e+00
1.279300859307469409e+02 2.713296384807037143e+01 5.190776427518177805e+00
1.279359841358620997e+02 2.712452331316418253e+01 5.242233182488432064e+00
1.277888340875578450e+02 2.686342604362637942e+01 5.300655921086082856e+00
1.275941424721614936e+02 2.678151217775969783e+01 5.238114608226979385e+00
1.271310316774291920e+02 2.651324553821121555e+01 5.213403162658259760e+00
1.269363909086286668e+02 2.633563837901052551e+01 5.166878527482585248e+00
1.267450043219606499e+02 2.611379468144607685e+01 5.292520465754817494e+00
1.265933289266283595e+02 2.621142014542126475e+01 5.171759800681344110e+00
1.264120099659327821e+02 2.614908221894544127e+01 5.119896272944526316e+00
1.265812274368230987e+02 2.619809833731631699e+01 5.151573702140641586e+00
1.266027355468551434e+02 2.630116438704428816e+01 5.128641887425636980e+00
1.265583464687039168e+02 2.629648650022880929e+01 5.161539634921441966e+00
1.265640412874357992e+02 2.635079066456500740e+01 5.034677378349519117e+00
1.266811409976102141e+02 2.648624599583057915e+01 5.071134387552753253e+00
1.267434789240860340e+02 2.648365281944373706e+01 5.110082879951187707e+00
1.266277520719987848e+02 2.648736462093862798e+01 5.098388162912493193e+00
1.266883103676208862e+02 2.634250266944627938e+01 5.139980678293587957e+00
1.267622921645395877e+02 2.620714903137234941e+01 5.139217979356281774e+00
1.270429653734682489e+02 2.630136777342756815e+01 5.203793156048202917e+00
1.271477093608582862e+02 2.639589159505771221e+01 5.395840748461890435e+00
1.271014389586617170e+02 2.644617887832409764e+01 5.252555041439975980e+00
1.273542482330807957e+02 2.657614277724106344e+01 5.269232724869070239e+00
1.273821630141862045e+02 2.661168454771953051e+01 5.219708140539990993e+00
1.275137540041694280e+02 2.667285300249148250e+01 5.230538465449738439e+00
1.276592769614074285e+02 2.666822596227182629e+01 5.256877002084710426e+00
1.276907001576244483e+02 2.677210555753292454e+01 5.318045456856663300e+00
1.276789545939899284e+02 2.663980271520821574e+01 5.337519703055880527e+00
1.277813087913764178e+02 2.664381959627802843e+01 5.325469059846443365e+00
1.279474246199216907e+02 2.670722530126608163e+01 5.164437890883204929e+00
1.281486245995830586e+02 2.673086896832257153e+01 5.180302028779173007e+00
1.281676920730157008e+02 2.691839121370824373e+01 5.276808867646311185e+00
1.282660802359282002e+02 2.707937153607565861e+01 5.251283876544465379e+00
1.285106015152285579e+02 2.726491076422433579e+01 5.357553261809122169e+00
1.283692988254436500e+02 2.724325011440484090e+01 5.437687496822087851e+00
1.278394264503991451e+02 2.694239080693547450e+01 5.354807545634820087e+00
1.275391773020796222e+02 2.670732699445771985e+01 5.224792800122031622e+00
1.277071236080744399e+02 2.676447856815986270e+01 5.271317435297707021e+00
1.276375146183962954e+02 2.666919204759241424e+01 5.231707937153607268e+00
1.276825138556973656e+02 2.645934814664158097e+01 5.159149844917882533e+00
1.277442416230233420e+02 2.647073778410535283e+01 5.282300299994915349e+00
1.278727818172573336e+02 2.649209335434992596e+01 5.341841663700614973e+00
1.278469517465805723e+02 2.655753292317079328e+01 5.213403162658259760e+00
1.277759190522194501e+02 2.655671937763766621e+01 5.205064320943712630e+00
1.276483957899018691e+02 2.659226114811613328e+01 5.305943967051406140e+00
1.276955305842273845e+02 2.662480296944119473e+01 5.259724411450653392e+00
1.276896832257080376e+02 2.648914425179234300e+01 5.281639294249250050e+00
1.272749783901967788e+02 2.647856815986169821e+01 5.316570905577871820e+00
1.273567397162759960e+02 2.661061676920730079e+01 5.308842223013169104e+00
1.273267910713377802e+02 2.666202267758173505e+01 5.319316621752173901e+00
1.273004016881069873e+02 2.675527533431636584e+01 5.200945746682259951e+00
1.273757563431128261e+02 2.682778257995627058e+01 5.201860985407027016e+00
1.274581786749377130e+02 2.674952966898866080e+01 5.123099608481211931e+00
1.276853612650633067e+02 2.673310621853866920e+01 5.093659429501195213e+00
1.279767631057100772e+02 2.676000406772766738e+01 5.126658870188641082e+00
1.280295418721716487e+02 2.655483805359231297e+01 5.207352417755631180e+00
1.280118472568261438e+02 2.661092184878222255e+01 5.242334875680072948e+00
1.281382010474398783e+02 2.653241470483551012e+01 5.172014033660446763e+00
1.282622667412416604e+02 2.657248182234199518e+01 5.241623023338587650e+00
1.283853155031270603e+02 2.662515889561193916e+01 5.290028982559618065e+00
1.287178522397925349e+02 2.680093557736309506e+01 5.337418009864239643e+00
1.287054965170081857e+02 2.688529007982915431e+01 5.240351858443077049e+00
1.286067015813291334e+02 2.679956271927594358e+01 5.252555041439975980e+00
1.283117913255707663e+02 2.647928001220318350e+01 5.261046422941983991e+00
1.279978135963797286e+02 2.629999491534041667e+01 5.166675141099303481e+00
1.279687293435704447e+02 2.626958865103981111e+01 5.043524686022270664e+00
1.279176285147709393e+02 2.612742156912594638e+01 5.056999033914679309e+00
1.278187827324960608e+02 2.595856002440636701e+01 5.202827070727614966e+00
