2.060873931034482780e+02 1.191619310344827554e+01 2.653831724137931047e+01
2.059795310344827612e+02 1.189191724137931061e+01 2.646940689655172463e+01
2.060265931034482776e+02 1.191834482758620695e+01 2.651828965517241343e+01
2.060182620689655266e+02 1.190521379310344763e+01 2.652011034482758589e+01
2.067007999999999868e+02 1.183194482758620758e+01 2.690107586206896428e+01
2.068048551724137951e+02 1.184386206896551741e+01 2.723839999999999861e+01
2.066776827586206764e+02 1.175806896551724101e+01 2.722786206896551775e+01
2.060148965517241493e+02 1.182024827586206861e+01 2.699211034482758720e+01
2.052528551724138026e+02 1.155062068965517241e+01 2.649964137931034358e+01
2.046160000000000139e+02 1.145291034482758619e+01 2.603707586206896707e+01
2.044162206896551766e+02 1.144165517241379249e+01 2.597434482758620788e+01
2.045840551724137981e+02 1.150245517241379289e+01 2.598118620689655245e+01
2.047875310344827540e+02 1.172308965517241397e+01 2.620794482758620703e+01
2.050572689655172383e+02 1.172866206896551766e+01 2.633048275862068976e+01
2.054530206896551761e+02 1.177324137931034542e+01 2.659227586206896632e+01
2.057004689655172456e+02 1.192535172413793099e+01 2.675420689655172524e+01
2.059208827586206780e+02 1.192844137931034432e+01 2.691326896551723991e+01
2.061117793103448150e+02 1.189611034482758534e+01 2.691293793103448451e+01
2.064039172413793040e+02 1.188148965517241429e+01 2.701991724137931072e+01
2.066355310344827672e+02 1.191580689655172343e+01 2.713511724137930869e+01
2.066772965517241403e+02 1.191150344827586238e+01 2.717291034482758505e+01
2.067562482758620774e+02 1.195288275862069050e+01 2.728662068965517307e+01
2.068567172413793003e+02 1.213936551724138013e+01 2.719586206896551772e+01
2.066978758620689689e+02 1.216347586206896558e+01 2.724325517241379302e+01
2.062153379310344690e+02 1.197765517241379385e+01 2.692954482758620571e+01
2.054301793103448404e+02 1.171177931034482711e+01 2.646548965517241214e+01
2.048574896551724009e+02 1.162273103448275791e+01 2.625506206896551831e+01
2.046917517241379301e+02 1.146471724137930970e+01 2.609759999999999991e+01
2.045474206896551834e+02 1.150118620689655202e+01 2.605467586206896513e+01
2.047135448275862188e+02 1.158179310344827506e+01 2.634626206896551892e+01
2.049860965517241311e+02 1.159514482758620701e+01 2.631238620689655150e+01
2.051674482758620570e+02 1.162830344827586160e+01 2.650664827586206940e+01
2.054377379310344907e+02 1.160684137931034421e+01 2.655128275862069032e+01
2.056072827586206984e+02 1.175602758620689592e+01 2.677699310344827666e+01
2.057102344827586080e+02 1.173296551724137871e+01 2.679784827586206930e+01
2.057739586206896547e+02 1.170256551724137850e+01 2.667111724137931006e+01
2.059793655172413764e+02 1.176684137931034435e+01 2.687188965517241357e+01
2.059134344827586176e+02 1.158399999999999963e+01 2.688187586206896640e+01
2.058182068965517146e+02 1.148502068965517253e+01 2.681611034482758527e+01
2.057147586206896506e+02 1.120154482758620773e+01 2.681070344827586283e+01
2.055929931034482649e+02 1.127707586206896551e+01 2.678057931034482664e+01
2.049281103448275871e+02 1.108750344827586254e+01 2.645191724137930933e+01
2.040647724137930936e+02 1.091674482758620712e+01 2.574681379310344909e+01
2.036623448275861961e+02 1.085688275862069041e+01 2.546924137931034338e+01
2.035486896551724101e+02 1.075426206896551662e+01 2.535624827586206820e+01
2.035960275862069011e+02 1.077070344827586190e+01 2.546041379310344865e+01
2.038307862068965619e+02 1.085285517241379338e+01 2.559801379310344771e+01
2.041944827586206941e+02 1.086400000000000077e+01 2.588733793103448377e+01
2.042979310344827582e+02 1.089015172413793131e+01 2.603117241379310443e+01
2.045140965517241511e+02 1.085544827586206829e+01 2.598571034482758790e+01
2.046571034482758762e+02 1.088424827586206867e+01 2.616204137931034523e+01
2.047380965517241407e+02 1.095630344827586278e+01 2.610797241379310307e+01
2.047939310344827675e+02 1.098620689655172455e+01 2.594929655172413874e+01
2.048852413793103437e+02 1.097197241379310384e+01 2.614344827586207032e+01
2.052164413793103392e+02 1.115398620689655118e+01 2.631481379310344693e+01
2.052184827586206950e+02 1.114758620689655189e+01 2.634891034482758698e+01
2.053849931034482665e+02 1.123735172413793038e+01 2.644491034482758707e+01
2.055104551724137991e+02 1.133798620689655223e+01 2.651961379310344924e+01
2.048619586206896486e+02 1.123481379310344863e+01 2.625213793103448268e+01
2.037852689655172469e+02 1.103172413793103424e+01 2.570322758620689640e+01
2.031762758620689624e+02 1.077037241379310295e+01 2.546350344827586198e+01
2.030397241379310458e+02 1.081826206896551668e+01 2.546068965517241267e+01
2.031496827586206848e+02 1.080568275862068894e+01 2.528480000000000061e+01
2.032057931034482863e+02 1.080640000000000001e+01 2.529942068965517166e+01
2.033993379310344949e+02 1.083867586206896583e+01 2.545765517241379428e+01
2.037155310344827512e+02 1.100242758620689720e+01 2.566692413793103356e+01
2.040457379310344947e+02 1.117357241379310295e+01 2.582824827586206951e+01
2.042375172413793223e+02 1.101837241379310406e+01 2.604297931034482616e+01
2.042771310344827498e+02 1.097103448275862014e+01 2.604573793103448409e+01
2.045052137931034508e+02 1.099304827586206912e+01 2.609020689655172376e+01
2.046679724137931089e+02 1.103260689655172477e+01 2.620728275862068912e+01
2.049079724137930896e+02 1.112788965517241380e+01 2.634289655172413802e+01
2.050907034482758604e+02 1.131900689655172343e+01 2.641605517241379175e+01
2.052902068965517230e+02 1.140336551724137948e+01 2.650300689655172448e+01
2.053811310344827632e+02 1.141412413793103475e+01 2.652739310344827572e+01
2.049838896551724190e+02 1.131928275862068922e+01 2.627415172413792988e+01
2.039339034482758564e+02 1.116242758620689735e+01 2.571508965517241307e+01
2.034348137931034444e+02 1.090764137931034483e+01 2.557881379310344983e+01
2.030720551724137977e+02 1.069853793103448325e+01 2.538775172413793157e+01
2.029057103448275825e+02 1.074797241379310364e+01 2.533208275862068959e+01
2.029525517241379191e+02 1.083542068965517302e+01 2.523194482758620794e+01
2.033080275862068902e+02 1.094962758620689591e+01 2.540656551724137913e+01
2.035984551724137930e+02 1.091840000000000011e+01 2.558433103448275858e+01
2.039059862068965572e+02 1.106537931034482725e+01 2.573837241379310470e+01
2.040808827586207030e+02 1.103889655172413775e+01 2.585395862068965656e+01
2.042767448275862137e+02 1.106537931034482725e+01 2.577439999999999998e+01
2.041015724137930931e+02 1.106168275862068917e+01 2.571056551724137762e+01
2.041172965517241380e+02 1.104033103448275810e+01 2.561180689655172316e+01
2.042638344827586252e+02 1.085765517241379285e+01 2.545180689655172301e+01
2.044751448275862060e+02 1.096132413793103488e+01 2.564998620689655340e+01
2.046258758620689662e+02 1.105324137931034478e+01 2.580380689655172333e+01
2.048255448275862136e+02 1.106240000000000023e+01 2.592154482758620659e+01
2.047871448275862178e+02 1.108479999999999954e+01 2.614228965517241221e+01
2.041963034482758701e+02 1.102262068965517194e+01 2.580331034482758668e+01
2.032902068965517230e+02 1.070251034482758534e+01 2.560077241379310209e+01
2.027723586206896584e+02 1.065103448275861986e+01 2.514526896551724278e+01
2.026176000000000101e+02 1.065257931034482830e+01 2.514449655172413856e+01
2.026563310344827471e+02 1.071729655172413764e+01 2.506251034482758655e+01
2.028636137931034398e+02 1.076159999999999961e+01 2.516744827586206767e+01
2.029602758620689542e+02 1.076397241379310366e+01 2.517064827586206732e+01
2.031835586206896664e+02 1.081473103448275808e+01 2.534306206896551572e+01
2.034583172413793193e+02 1.083442758620689617e+01 2.554212413793103309e+01
2.034739862068965408e+02 1.076198620689655172e+01 2.535531034482758628e+01
2.033280551724137979e+02 1.060027586206896544e+01 2.545368275862069041e+01
2.032534620689655185e+02 1.058311724137931087e+01 2.534510344827586081e+01
2.032071724137931028e+02 1.065870344827586180e+01 2.534151724137931083e+01
2.033211586206896584e+02 1.066184827586206829e+01 2.541158620689655123e+01
2.034814896551724246e+02 1.069500689655172465e+01 2.542940689655172548e+01
2.037903448275862104e+02 1.070913103448275905e+01 2.551624827586206834e+01
2.037904551724138003e+02 1.069826206896551746e+01 2.560016551724137912e+01
2.035839448275862082e+02 1.072948965517241326e+01 2.543740689655172460e+01
2.026707310344827704e+02 1.052430344827586239e+01 2.491839999999999833e+01
2.019921655172413750e+02 1.019735172413793123e+01 2.470819310344827713e+01
2.016705655172413856e+02 1.011078620689655239e+01 2.420628965517241227e+01
2.012179310344827456e+02 9.946813793103448376e+00 2.413059310344827679e+01
2.008477793103448334e+02 9.675144827586207086e+00 2.399371034482758702e+01
2.007486344827586322e+02 9.522758620689655729e+00 2.406273103448275918e+01
2.010192551724138070e+02 9.577324137931034542e+00 2.424982068965517357e+01
2.012968827586206828e+02 9.701848275862069215e+00 2.422659310344827688e+01
2.014675310344827608e+02 9.720000000000000639e+00 2.449180689655172571e+01
2.018455724137930929e+02 9.824110344827586161e+00 2.459580689655172492e+01
2.020031448275861976e+02 9.910179310344828352e+00 2.454780689655172310e+01
2.021846068965517134e+02 9.903944827586206756e+00 2.480331034482758668e+01
2.023917793103448162e+02 1.000507586206896526e+01 2.505081379310344758e+01
2.026511999999999887e+02 1.026190344827586287e+01 2.518212413793103366e+01
2.028572137931034547e+02 1.022582068965517266e+01 2.526940689655172534e+01
2.030608000000000004e+02 1.032711724137931064e+01 2.528325517241379217e+01
2.028747586206896472e+02 1.030223448275862097e+01 2.514074482758620732e+01
2.021603862068965611e+02 1.010063448275862008e+01 2.479028965517241545e+01
2.014711724137931128e+02 9.847117241379310215e+00 2.443233103448275756e+01
2.008574344827586344e+02 9.827696551724137919e+00 2.423155862068965405e+01
2.008941241379310441e+02 9.852137931034482321e+00 2.415757241379310472e+01
2.012147310344827531e+02 9.930813793103448361e+00 2.430747586206896571e+01
2.014625103448275922e+02 1.010808275862068939e+01 2.455641379310344874e+01
2.018291862068965656e+02 1.011873103448275835e+01 2.474057931034482749e+01
2.023124965517241378e+02 1.035155862068965504e+01 2.499867586206896419e+01
2.027471999999999923e+02 1.041958620689655213e+01 2.516104827586206838e+01
2.029229793103448287e+02 1.055343448275861995e+01 2.513644137931034450e+01
2.032382344827586280e+02 1.059062068965517156e+01 2.527216551724137972e+01
2.033941517241379415e+02 1.061097931034482755e+01 2.530107586206896642e+01
2.035216000000000065e+02 1.061638620689655177e+01 2.545699310344827637e+01
2.038351999999999862e+02 1.068220689655172428e+01 2.567282758620689620e+01
2.039620965517241302e+02 1.070030344827586255e+01 2.561059310344827722e+01
2.042309517241379240e+02 1.073451034482758537e+01 2.589566896551724184e+01
2.040160551724137861e+02 1.074422068965517241e+01 2.576336551724137891e+01
2.029847724137931095e+02 1.043470344827586160e+01 2.523117241379310371e+01
2.020083862068965459e+02 1.024788965517241301e+01 2.472143448275862099e+01
2.013868689655172375e+02 1.018675862068965543e+01 2.454394482758620555e+01
2.010568827586207021e+02 1.003288275862068879e+01 2.442041379310344951e+01
2.010961655172413884e+02 1.007337931034482814e+01 2.449445517241379378e+01
2.014846896551724171e+02 1.024270344827586143e+01 2.442935172413793055e+01
2.018571586206896598e+02 1.030526896551724114e+01 2.464557241379310426e+01
2.023125517241379328e+02 1.038946206896551772e+01 2.502548965517241442e+01
2.025742344827586123e+02 1.055227586206896540e+01 2.483194482758620580e+01
2.026776275862069099e+02 1.059371034482758667e+01 2.497285517241379438e+01
2.029233103448275983e+02 1.064706206896551777e+01 2.506300689655172320e+01
2.030081103448275996e+02 1.073693793103448257e+01 2.506328275862069077e+01
2.030728827586206933e+02 1.055569655172413768e+01 2.518400000000000105e+01
2.032778482758620555e+02 1.064331034482758653e+01 2.527878620689655165e+01
2.033233655172413705e+02 1.071558620689655150e+01 2.526206896551724057e+01
2.034893241379310211e+02 1.065986206896551636e+01 2.541754482758620526e+01
2.030837517241379260e+02 1.055382068965517206e+01 2.514659310344827503e+01
2.019986206896551835e+02 1.032689655172413801e+01 2.456468965517241543e+01
2.013432275862068934e+02 1.007928275862068901e+01 2.434537931034482838e+01
2.006279724137931169e+02 1.003017931034482757e+01 2.398013793103448421e+01
2.004560551724137838e+02 9.935613793103447833e+00 2.394217931034482660e+01
2.005778206896551694e+02 9.951834482758620481e+00 2.403746206896551740e+01
2.006679172413793140e+02 9.921489655172413435e+00 2.405561379310344705e+01
2.007696551724137919e+02 9.934289655172413802e+00 2.398179310344827542e+01
2.011609379310344821e+02 1.008960000000000079e+01 2.417357241379310295e+01
2.016940137931034371e+02 1.008353103448275867e+01 2.448430344827586325e+01
2.018662620689655114e+02 1.018217931034482682e+01 2.453031724137931135e+01
2.019958068965517270e+02 1.022935172413793126e+01 2.463757241379310514e+01
2.020901517241379395e+02 1.025914482758620672e+01 2.480491034482758650e+01
2.022812689655172278e+02 1.029616551724137885e+01 2.491845517241379326e+01
2.024478344827586227e+02 1.034355862068965592e+01 2.500093793103448192e+01
2.026338206896551810e+02 1.040590344827586122e+01 2.509886896551724078e+01
2.027691586206896659e+02 1.037390344827586119e+01 2.516628965517241312e+01
2.025663999999999874e+02 1.024948965517241461e+01 2.486135172413793271e+01
2.019490206896551854e+02 1.013042758620689732e+01 2.458769655172413948e+01
2.006497655172413772e+02 9.895227586206896575e+00 2.410157241379310378e+01
2.002102620689655055e+02 9.687613793103448501e+00 2.392965517241379203e+01
2.000276413793103529e+02 9.730758620689655913e+00 2.374129655172413678e+01
1.999422896551724023e+02 9.644413793103447929e+00 2.353743448275861994e+01
1.999835034482758545e+02 9.750731034482758020e+00 2.370422068965517326e+01
2.003532689655172305e+02 9.952331034482758909e+00 2.381081379310344914e+01
2.007091310344827662e+02 9.996303448275861925e+00 2.400877241379310334e+01
2.008691862068965577e+02 9.900855172413793426e+00 2.415360000000000085e+01
2.010324965517241367e+02 9.911503448275862382e+00 2.404115862068965370e+01
2.010668689655172443e+02 9.861572413793103564e+00 2.419646896551724069e+01
2.012246620689655288e+02 9.835972413793102831e+00 2.410466206896551711e+01
2.013334620689655310e+02 9.896055172413793954e+00 2.424733793103448320e+01
2.015517241379310462e+02 9.994372413793103149e+00 2.444518620689655108e+01
2.015819034482758525e+02 1.007492413793103481e+01 2.456132413793103453e+01
2.016092137931034358e+02 1.013070344827586133e+01 2.465550344827586216e+01
2.016600827586206890e+02 1.010548965517241449e+01 2.466300689655172462e+01
2.008727724137931148e+02 1.002714482758620740e+01 2.427393103448275724e+01
2.000205793103448286e+02 9.760055172413792945e+00 2.379768275862068805e+01
1.992786206896551846e+02 9.585324137931033661e+00 2.342813793103448106e+01
1.990208000000000084e+02 9.464331034482759364e+00 2.340844137931034652e+01
1.989661793103448417e+02 9.407282758620690188e+00 2.340270344827586158e+01
1.989021793103448204e+02 9.331475862068964844e+00 2.354935172413793154e+01
1.992240551724137845e+02 9.551062068965517682e+00 2.340049655172413878e+01
1.997617655172413720e+02 9.734841379310344323e+00 2.355133793103448170e+01
1.999993379310344892e+02 9.819144827586207214e+00 2.371398620689655345e+01
2.002509793103448317e+02 9.896110344827585337e+00 2.389633103448275975e+01
2.006457379310344891e+02 1.009583448275862061e+01 2.422902068965517230e+01
2.008334896551724000e+02 1.010946206896551658e+01 2.440286896551724283e+01
2.009771034482758694e+02 1.004353103448275775e+01 2.421605517241379246e+01
2.012471172413792999e+02 1.010052413793103376e+01 2.442449655172413969e+01
2.013878620689655179e+02 1.013412413793103362e+01 2.437169655172413840e+01
2.015448827586207017e+02 1.024844137931034460e+01 2.438449655172413699e+01
2.016446896551724137e+02 1.036513103448275785e+01 2.460513103448275984e+01
2.013771034482758751e+02 1.029809655172413763e+01 2.428049655172413779e+01
2.002526896551724178e+02 1.013975172413793047e+01 2.381395862068965386e+01
1.995859310344827691e+02 9.931641379310343964e+00 2.340253793103448388e+01
1.993241379310344712e+02 9.800606896551723679e+00 2.330085517241379378e+01
1.991550896551724179e+02 9.781186206896551383e+00 2.327635862068965622e+01
1.993298758620689739e+02 9.767834482758621206e+00 2.349815172413793007e+01
1.995717517241379255e+02 9.745931034482758548e+00 2.358648275862068999e+01
1.997299310344827461e+02 9.752386206896551002e+00 2.369009655172413886e+01
2.000044137931034527e+02 9.773572413793102598e+00 2.378129655172413948e+01
2.000564413793103427e+02 9.768441379310344175e+00 2.363475862068965583e+01
2.002296275862069024e+02 9.751172413793103289e+00 2.377042758620689611e+01
2.003428965517241238e+02 9.880331034482757957e+00 2.384695172413793074e+01
2.003156965517241304e+02 9.794151724137931225e+00 2.382637241379310211e+01
2.003360551724137792e+02 9.770041379310343999e+00 2.380275862068965509e+01
2.004637793103448189e+02 9.678068965517240940e+00 2.397793103448275787e+01
2.006988137931034544e+02 9.679779310344827081e+00 2.416264827586206820e+01
2.009654620689655076e+02 9.741848275862068363e+00 2.434466206896551554e+01
2.010633379310344822e+02 9.905158620689654470e+00 2.426598620689655306e+01
2.004972137931034410e+02 9.702013793103448691e+00 2.394394482758620768e+01
1.996414344827586262e+02 9.435255172413793190e+00 2.343089655172413899e+01
1.989890206896551774e+02 9.306482758620688855e+00 2.318035862068965614e+01
1.986904275862069085e+02 9.291862068965517807e+00 2.308667586206896516e+01
1.986391724137930908e+02 9.198455172413792624e+00 2.289064827586206974e+01
1.989288275862068929e+02 9.236800000000000566e+00 2.303873103448275828e+01
1.991411310344827541e+02 9.391337931034483333e+00 2.324386206896551599e+01
1.994949517241379340e+02 9.461793103448275843e+00 2.340822068965517389e+01
1.998341517241379393e+02 9.571806896551724009e+00 2.351613793103448202e+01
2.001273931034482700e+02 9.669406896551723918e+00 2.352656551724138012e+01
2.000969379310344891e+02 9.706372413793102893e+00 2.351028965517241431e+01
2.003074758620689693e+02 9.820800000000000196e+00 2.372171034482758500e+01
2.004866206896551830e+02 9.855062068965517952e+00 2.385230344827586180e+01
2.007574068965517142e+02 9.837406896551724955e+00 2.394471724137931190e+01
2.012055172413793116e+02 9.959779310344828218e+00 2.425357241379310480e+01
2.018842482758620633e+02 1.037759999999999927e+01 2.446179310344827584e+01
2.021718620689655097e+02 1.061793103448275843e+01 2.483260689655172371e+01
2.021544275862069071e+02 1.060733793103448264e+01 2.485329655172413865e+01
2.015397517241379433e+02 1.046648275862068900e+01 2.442284137931034493e+01
2.007839448275861969e+02 1.027404137931034533e+01 2.402013793103448336e+01
2.002660413793103373e+02 1.005892413793103479e+01 2.387873103448275813e+01
2.002694068965517147e+02 1.000888275862068966e+01 2.386929655172413689e+01
2.004762482758620763e+02 1.016766896551724209e+01 2.403464827586206809e+01
2.006948413793103327e+02 1.022813793103448354e+01 2.413119999999999976e+01
2.010606896551724105e+02 1.027177931034482761e+01 2.418863448275861927e+01
2.016088275862068997e+02 1.039503448275862141e+01 2.461329655172413666e+01
2.019274482758620763e+02 1.046195862068965532e+01 2.469291034482758462e+01
2.022590344827586080e+02 1.043404137931034548e+01 2.472319999999999851e+01
2.026476137931034600e+02 1.053782068965517205e+01 2.504275862068965353e+01
2.029984000000000037e+02 1.071635862068965572e+01 2.543249655172413881e+01
2.033362206896551641e+02 1.063288275862069021e+01 2.541401379310344666e+01
2.036973241379310480e+02 1.068546206896551709e+01 2.559558620689655228e+01
2.040060689655172439e+02 1.073246896551724205e+01 2.577423448275862228e+01
2.041598344827586118e+02 1.076005517241379295e+01 2.577274482758620522e+01
2.041732413793103547e+02 1.077776551724137910e+01 2.577566896551724085e+01
2.037980137931034506e+02 1.067735172413793165e+01 2.556055172413793031e+01
2.025555862068965496e+02 1.046984827586206812e+01 2.487161379310344955e+01
2.022252689655172446e+02 1.029164137931034517e+01 2.475900689655172471e+01
2.020333241379310323e+02 1.033577931034482766e+01 2.463806896551724179e+01
2.019183448275861963e+02 1.005886896551724163e+01 2.481153103448275843e+01
2.021664551724138050e+02 1.022659310344827510e+01 2.464926896551724056e+01
2.026795034482758524e+02 1.046234482758620743e+01 2.495056551724137961e+01
2.032212413793103565e+02 1.051630344827586150e+01 2.533572413793103451e+01
2.036784551724138055e+02 1.059354482758620719e+01 2.537517241379310207e+01
2.039732413793103376e+02 1.070008275862068992e+01 2.545826206896551724e+01
2.041251862068965579e+02 1.070576551724137992e+01 2.568722758620689817e+01
2.041565241379310294e+02 1.074631724137931066e+01 2.575299310344827575e+01
2.042624000000000137e+02 1.081688275862068949e+01 2.585015172413793039e+01
2.046034758620689615e+02 1.086008275862069006e+01 2.608794482758620603e+01
2.047663448275862095e+02 1.089782068965517325e+01 2.595222068965517082e+01
2.050220137931034401e+02 1.092314482758620642e+01 2.617478620689655244e+01
2.050242758620689756e+02 1.093881379310344748e+01 2.636711724137931157e+01
2.047336275862068931e+02 1.091106206896551711e+01 2.625224827586206899e+01
2.034718896551724185e+02 1.073037241379310380e+01 2.547823448275861935e+01
2.027518344827586247e+02 1.037495172413793121e+01 2.490984827586206762e+01
2.023032275862069014e+02 1.019944827586206948e+01 2.469881379310344727e+01
2.021444965517241315e+02 1.029555862068965588e+01 2.473318620689655134e+01
2.021772137931034479e+02 1.031718620689655097e+01 2.482173793103448389e+01
2.025410206896551699e+02 1.049715862068965500e+01 2.501279999999999859e+01
2.028859586206896495e+02 1.061782068965517212e+01 2.515497931034482804e+01
2.032152275862069075e+02 1.065622068965517322e+01 2.536513103448275785e+01
2.035210482758620572e+02 1.073765517241379364e+01 2.547453793103448305e+01
2.037600551724137858e+02 1.072215172413793027e+01 2.565373793103448108e+01
2.038742068965517262e+02 1.068386206896551727e+01 2.564959999999999951e+01
2.040353655172413880e+02 1.073931034482758662e+01 2.565296551724138041e+01
2.041181793103448285e+02 1.068761379310344850e+01 2.566482758620689708e+01
2.042698482758620742e+02 1.081732413793103476e+01 2.561942068965517194e+01
2.044313379310344772e+02 1.089644137931034429e+01 2.575586206896551644e+01
2.046178758620689564e+02 1.093715862068965450e+01 2.600408275862069019e+01
2.041988965517241468e+02 1.088926896551724077e+01 2.583801379310344970e+01
2.033613241379310352e+02 1.058775172413793086e+01 2.565208275862068987e+01
2.026579310344827718e+02 1.025842758620689743e+01 2.489440000000000097e+01
2.021208275862069002e+02 1.020678620689655247e+01 2.467012413793103320e+01
2.018433103448275858e+02 1.019702068965517228e+01 2.456342068965517100e+01
2.018593103448275770e+02 1.017081379310344857e+01 2.446697931034482920e+01
2.020054620689655280e+02 1.018747586206896472e+01 2.461346206896551791e+01
2.022220137931034571e+02 1.028777931034482762e+01 2.479315862068965615e+01
2.022927999999999997e+02 1.033886896551724099e+01 2.478946206896551629e+01
2.024511448275862051e+02 1.039089655172413806e+01 2.490091034482758658e+01
2.026798344827586220e+02 1.047862068965517324e+01 2.506240000000000023e+01
2.028299034482758714e+02 1.047089655172413813e+01 2.503619310344827653e+01
2.028503172413793152e+02 1.046725517241379322e+01 2.517688275862068892e+01
2.031017379310344779e+02 1.052397241379310344e+01 2.547051034482758780e+01
2.034090482758620624e+02 1.052518620689655116e+01 2.529004137931034535e+01
2.035847724137931039e+02 1.052264827586206941e+01 2.541897931034482738e+01
2.036800551724138018e+02 1.050002758620689569e+01 2.551806896551724080e+01
2.036396137931034502e+02 1.059012413793103491e+01 2.538173793103448261e+01
2.026117517241379176e+02 1.034802758620689644e+01 2.485086896551723967e+01
2.013710344827586312e+02 1.014885517241379276e+01 2.431525517241379220e+01
2.006991448275861956e+02 9.894234482758621496e+00 2.400198620689655016e+01
2.005693793103448286e+02 9.795696551724137890e+00 2.402747586206896457e+01
2.004557793103448375e+02 9.788689655172413850e+00 2.407806896551724307e+01
2.005543172413793229e+02 9.860193103448276375e+00 2.398317241379310261e+01
2.008462344827586321e+02 9.860358620689655851e+00 2.407128275862068989e+01
2.011504551724137855e+02 1.004038620689655126e+01 2.413704827586206747e+01
2.014040827586206888e+02 1.007199999999999918e+01 2.428011034482758745e+01
2.015220965517241325e+02 1.012513103448275942e+01 2.433324137931034414e+01
2.017341241379310475e+02 1.017638620689655227e+01 2.450091034482758445e+01
2.019310896551723999e+02 1.018852413793103473e+01 2.455244137931034487e+01
2.022914758620689781e+02 1.032926896551724205e+01 2.482068965517241210e+01
2.024968827586206999e+02 1.037759999999999927e+01 2.501870344827586123e+01
2.027156413793103411e+02 1.042609655172413774e+01 2.501721379310344773e+01
2.028978206896551626e+02 1.045997241379310339e+01 2.511177931034482924e+01
2.029549241379310445e+02 1.057164137931034453e+01 2.516656551724138069e+01
2.025020689655172532e+02 1.047895172413793041e+01 2.466240000000000165e+01
2.016390068965517344e+02 1.024303448275862038e+01 2.449263448275862132e+01
2.010203034482758540e+02 1.012468965517241415e+01 2.420739310344827544e+01
2.005486344827586151e+02 1.002537931034482810e+01 2.373644137931034592e+01
2.003679999999999950e+02 1.010736551724138010e+01 2.374074482758620519e+01
2.005223172413793122e+02 1.020292413793103492e+01 2.370548965517241413e+01
2.008125793103448302e+02 1.023111724137931056e+01 2.379680000000000106e+01
2.011212689655172312e+02 1.023900689655172336e+01 2.430521379310344798e+01
2.013971310344827543e+02 1.032342068965517257e+01 2.453119999999999834e+01
2.015630344827586100e+02 1.022835862068965440e+01 2.435481379310344963e+01
2.013448275862068897e+02 1.003828965517241301e+01 2.412270344827586044e+01
2.015812413793103417e+02 1.004849655172413847e+01 2.436264827586206749e+01
2.017569655172413832e+02 1.001246896551724141e+01 2.460645517241379210e+01
2.019216551724138071e+02 1.006526896551724093e+01 2.464435862068965477e+01
2.021614896551724030e+02 1.012016551724137869e+01 2.487668965517241304e+01
2.023548137931034603e+02 1.023481379310344863e+01 2.512220689655172379e+01
2.024269241379310245e+02 1.025197241379310320e+01 2.498002758620689789e+01
2.022609655172413738e+02 1.016623448275861996e+01 2.470648275862069099e+01
2.013431172413793036e+02 9.980910344827586655e+00 2.431255172413793275e+01
2.004632275862068980e+02 9.709627586206895700e+00 2.388193103448275778e+01
2.000805517241379334e+02 9.571917241379310326e+00 2.347619310344827426e+01
2.000219586206896452e+02 9.527062068965516772e+00 2.366786206896551548e+01
2.001180689655172387e+02 9.583724137931033837e+00 2.357081379310344715e+01
2.003335724137930924e+02 9.671834482758621121e+00 2.375409655172413892e+01
2.007360551724137849e+02 9.764799999999999258e+00 2.394284137931034451e+01
2.011776551724137789e+02 9.929158620689655379e+00 2.412292413793103307e+01
2.013130482758620587e+02 9.863227586206896547e+00 2.405544827586206935e+01
2.014520827586206906e+02 9.955420689655172239e+00 2.419823448275862177e+01
2.013431724137930985e+02 9.972137931034483316e+00 2.422394482758620526e+01
2.014788413793103530e+02 9.867862068965516542e+00 2.436358620689655297e+01
2.017331310344827671e+02 9.961820689655171535e+00 2.449737931034482585e+01
2.017775448275862118e+02 1.003211034482758635e+01 2.466968275862068793e+01
2.019393103448275895e+02 9.948965517241379786e+00 2.470962758620689570e+01
2.021000827586206867e+02 1.007315862068965551e+01 2.468921379310344832e+01
2.022481103448275803e+02 1.012391724137930993e+01 2.464971034482758583e+01
2.016179862068965463e+02 1.000066206896551790e+01 2.447056551724137918e+01
2.007123310344827587e+02 9.743999999999999773e+00 2.397086896551724067e+01
1.999582344827586269e+02 9.635365517241378797e+00 2.355895172413793048e+01
1.996943448275862067e+02 9.514041379310345548e+00 2.361213793103448211e+01
1.996639999999999873e+02 9.466206896551724981e+00 2.358675862068965401e+01
1.998308413793103568e+02 9.557296551724137501e+00 2.366913103448275990e+01
2.003240827586206763e+02 9.638565517241378444e+00 2.368491034482758550e+01
2.005423448275862199e+02 9.826537931034483364e+00 2.378984827586207018e+01
2.007408000000000072e+02 9.829020689655171950e+00 2.398212413793103437e+01
2.008699586206896583e+02 9.788193103448275423e+00 2.425881379310344954e+01
2.008671448275862019e+02 9.713379310344826933e+00 2.430433103448275745e+01
2.009709241379310356e+02 9.710786206896552031e+00 2.416159999999999997e+01
2.010393931034482762e+02 9.651862068965517238e+00 2.424529655172413811e+01
2.011143724137930917e+02 9.681268965517240588e+00 2.419668965517241332e+01
2.014940137931034485e+02 9.663779310344827067e+00 2.440827586206896527e+01
2.017691586206896659e+02 9.851365517241379877e+00 2.449423448275862114e+01
2.020332689655172373e+02 9.994758620689655260e+00 2.478742068965517120e+01
2.019448827586206789e+02 9.929268965517241696e+00 2.449142068965517183e+01
2.011447172413793112e+02 9.771200000000000330e+00 2.429263448275862203e+01
2.003895172413793091e+02 9.593820689655172984e+00 2.376662068965517349e+01
1.999380965517241293e+02 9.444082758620689688e+00 2.361864827586206772e+01
1.998904827586206920e+02 9.378427586206896649e+00 2.367062068965517341e+01
1.998868965517241350e+02 9.464827586206896015e+00 2.359095172413793051e+01
2.004468413793103423e+02 9.491144827586206034e+00 2.395867586206896505e+01
2.008601931034482675e+02 9.556303448275862422e+00 2.406791724137930899e+01
2.012547310344827451e+02 9.626868965517241250e+00 2.418173793103448332e+01
2.014290758620689701e+02 9.709186206896552207e+00 2.442438620689655338e+01
2.015404137931034541e+02 9.779475862068965242e+00 2.440728275862068841e+01
2.017451034482758701e+02 9.895337931034482892e+00 2.455519999999999925e+01
2.021552000000000078e+02 9.904937931034483611e+00 2.474107586206896414e+01
2.026086620689655149e+02 9.979200000000000514e+00 2.499266206896551878e+01
2.027072551724137952e+02 1.004148965517241443e+01 2.501169655172413897e+01
2.029907862068965585e+02 1.018129655172413806e+01 2.503371034482758617e+01
2.031401931034482686e+02 1.025489655172413705e+01 2.519371034482758631e+01
2.032289655172413916e+02 1.035806896551724066e+01 2.504204137931034424e+01
2.027710344827586084e+02 1.018868965517241421e+01 2.474918620689655313e+01
2.016631724137930917e+02 9.929268965517241696e+00 2.430681379310344781e+01
2.012502068965517310e+02 9.666924137931035332e+00 2.415845517241379170e+01
2.010756413793103548e+02 9.585213793103449120e+00 2.411188965517241556e+01
2.010507034482758684e+02 9.623337931034482651e+00 2.421588965517241476e+01
2.015246896551724092e+02 9.736993103448275733e+00 2.434935172413793225e+01
2.020050206896551686e+02 9.920110344827586246e+00 2.472524137931034360e+01
2.022977103448275784e+02 1.009296551724137991e+01 2.486764137931034568e+01
2.025263999999999953e+02 1.011983448275862152e+01 2.507183448275862148e+01
2.027969655172413752e+02 1.019078620689655246e+01 2.504292413793103478e+01
2.029515034482758722e+02 1.021986206896551685e+01 2.504165517241379391e+01
2.031468689655172284e+02 1.018902068965517316e+01 2.518830344827586032e+01
2.033018482758620564e+02 1.041555862068965510e+01 2.503608275862069021e+01
2.033581793103448376e+02 1.041737931034482756e+01 2.531575172413793240e+01
2.032734344827586312e+02 1.022377931034482756e+01 2.526433103448275830e+01
2.036562206896551857e+02 1.016943448275862139e+01 2.565820689655172515e+01
2.037964689655172492e+02 1.017280000000000051e+01 2.561539310344827669e+01
2.034062896551724009e+02 1.006852413793103374e+01 2.528259310344827426e+01
2.022243310344827592e+02 9.988027586206897013e+00 2.470179310344827428e+01
2.017208275862068945e+02 9.883531034482759381e+00 2.427619310344827497e+01
2.014642758620689733e+02 9.656275862068966376e+00 2.416662068965517207e+01
2.014974896551724157e+02 9.691255172413793417e+00 2.422113103448275950e+01
2.015580137931034415e+02 9.857544827586206537e+00 2.415464827586206908e+01
2.018364137931034463e+02 9.936993103448275022e+00 2.438019310344827417e+01
2.021741793103448401e+02 1.014063448275862100e+01 2.464623448275862216e+01
2.025235862068965389e+02 1.021224827586206985e+01 2.483718620689655054e+01
2.025937655172413656e+02 1.024678620689655162e+01 2.485329655172413865e+01
2.027746206896551655e+02 1.036915862068965488e+01 2.482212413793103423e+01
2.028514206896551855e+02 1.039337931034482843e+01 2.491856551724137958e+01
2.029023448275862052e+02 1.036038620689655154e+01 2.489462068965517361e+01
2.029665655172413778e+02 1.041451034482758686e+01 2.498769655172413806e+01
2.030850758620689760e+02 1.041638620689655248e+01 2.527680000000000149e+01
2.033152000000000044e+02 1.046907586206896568e+01 2.531028965517241502e+01
2.034216275862069097e+02 1.051078620689655096e+01 2.527183448275862077e+01
2.030606344827586156e+02 1.032799999999999940e+01 2.522659310344827688e+01
2.022617931034482694e+02 1.013793103448275801e+01 2.483900689655172300e+01
2.012956689655172511e+02 9.893075862068965165e+00 2.430223448275862097e+01
2.007700965517241514e+02 9.634868965517242145e+00 2.404937931034482901e+01
2.006162758620689601e+02 9.541406896551723804e+00 2.382587586206896546e+01
2.006528551724137799e+02 9.523806896551723966e+00 2.382146206896551632e+01
2.006427586206896478e+02 9.491420689655171827e+00 2.386874482758620530e+01
2.007678896551724108e+02 9.383889655172414024e+00 2.397147586206896719e+01
2.008560551724137895e+02 9.403641379310345272e+00 2.402918620689655071e+01
2.010610206896551801e+02 9.387696551724138416e+00 2.408198620689655201e+01
2.013394206896551850e+02 9.496772413793102885e+00 2.433147586206896662e+01
2.015919448275862180e+02 9.470068965517240756e+00 2.441682758620689597e+01
2.017382068965517306e+02 9.588579310344828244e+00 2.439051034482758595e+01
2.019827862068965487e+02 9.756027586206895919e+00 2.446504827586207043e+01
2.021756689655172465e+02 9.667034482758619873e+00 2.462245517241379389e+01
2.023587862068965535e+02 9.679448275862068130e+00 2.481594482758620757e+01
2.025486896551724101e+02 9.797351724137930873e+00 2.469213793103448396e+01
2.022495448275862202e+02 9.737931034482759429e+00 2.447288275862068829e+01
2.010763586206896605e+02 9.650427586206896891e+00 2.408104827586207008e+01
2.001134896551724012e+02 9.441710344827585644e+00 2.360424827586206931e+01
1.991789241379310340e+02 9.141020689655173115e+00 2.325031724137931022e+01
1.990543448275862204e+02 9.018758620689654393e+00 2.301119999999999877e+01
1.990212413793103394e+02 8.953213793103447671e+00 2.303332413793103584e+01
1.990988689655172550e+02 8.928662068965516951e+00 2.308794482758620603e+01
1.993085241379310446e+02 8.913379310344827999e+00 2.324115862068965654e+01
1.999975724137931081e+02 9.098096551724138337e+00 2.358295172413793139e+01
2.001993379310344778e+02 9.209986206896552119e+00 2.369566896551724255e+01
2.004562206896551686e+02 9.297434482758621499e+00 2.365351724137931200e+01
2.007245241379310414e+02 9.478179310344827968e+00 2.403944827586206756e+01
2.009130482758620815e+02 9.470013793103447597e+00 2.416794482758620788e+01
2.010298482758620651e+02 9.513158620689655010e+00 2.412518620689655080e+01
2.014958896551724195e+02 9.694455172413793065e+00 2.438256551724137822e+01
2.017372689655172451e+02 9.780468965517242097e+00 2.443823448275862020e+01
2.018629517241379290e+02 9.849379310344827942e+00 2.466521379310344741e+01
2.016836965517241254e+02 9.741351724137931711e+00 2.443806896551724250e+01
2.010057379310344743e+02 9.446289655172414257e+00 2.422907586206896724e+01
1.999249655172413895e+02 9.206951724137930171e+00 2.370852413793103608e+01
1.992241103448275794e+02 9.124579310344827832e+00 2.335525517241379134e+01
1.989328551724137810e+02 9.048275862068965836e+00 2.333235862068965361e+01
1.988864551724138039e+02 9.007393103448276150e+00 2.325241379310344669e+01
1.989641931034482809e+02 9.108579310344827817e+00 2.317136551724138016e+01
1.993239724137931148e+02 9.142731034482759256e+00 2.320397241379310316e+01
1.994799999999999898e+02 9.225268965517241071e+00 2.323398620689655303e+01
1.996689103448275944e+02 9.288717241379309542e+00 2.340215172413792999e+01
2.001134344827586347e+02 9.265765517241378646e+00 2.354664827586206854e+01
2.003431172413793036e+02 9.364413793103448569e+00 2.375569655172413874e+01
2.004658206896551746e+02 9.445682758620689512e+00 2.382587586206896546e+01
2.007573517241379193e+02 9.469351724137931470e+00 2.404303448275862110e+01
2.010122482758620777e+02 9.559613793103448387e+00 2.415271724137931031e+01
2.012151724137931126e+02 9.730262068965517486e+00 2.422764137931034512e+01
2.012023724137931140e+02 9.700689655172414660e+00 2.419862068965517210e+01
2.011350620689655102e+02 9.569158620689655947e+00 2.423646896551723984e+01
2.008253793103448288e+02 9.530427586206895896e+00 2.395426206896551591e+01
1.996083862068965402e+02 9.418427586206895796e+00 2.331867586206896448e+01
1.987915034482758756e+02 9.190068965517241395e+00 2.301478620689655230e+01
1.983976275862069087e+02 9.048165517241379519e+00 2.302532413793103316e+01
1.982480551724137854e+02 9.104993103448276059e+00 2.284231724137930897e+01
1.983028413793103368e+02 8.883310344827586746e+00 2.294808275862068925e+01
1.984728275862069040e+02 9.065324137931034088e+00 2.298002758620689789e+01
1.988447448275861973e+02 9.117075862068965364e+00 2.304706206896551635e+01
1.991424000000000092e+02 9.278675862068965330e+00 2.322973793103448159e+01
1.994030896551724084e+02 9.267696551724137422e+00 2.320959999999999823e+01
1.996999172413792962e+02 9.325737931034483452e+00 2.343073103448275774e+01
1.998617379310344688e+02 9.356468965517240832e+00 2.345075862068965478e+01
1.999472551724138043e+02 9.398620689655173166e+00 2.354102068965517347e+01
2.002473931034482746e+02 9.597406896551724742e+00 2.371657931034482658e+01
2.007677793103448209e+02 9.753489655172414174e+00 2.412485517241379185e+01
2.011831724137931019e+02 9.848220689655171611e+00 2.422995862068965423e+01
2.015070344827586268e+02 9.965020689655172959e+00 2.417059310344827594e+01
2.018151172413793120e+02 1.010659310344827588e+01 2.443420689655172495e+01
2.015345103448275950e+02 1.003089655172413863e+01 2.417908965517241526e+01
2.003810206896551733e+02 9.728606896551724503e+00 2.363321379310344739e+01
1.996465103448275897e+02 9.543117241379309945e+00 2.338400000000000034e+01
1.991671172413793158e+02 9.465544827586207077e+00 2.309406896551724131e+01
1.990688551724138051e+02 9.323862068965517835e+00 2.312502068965517310e+01
1.991958620689655106e+02 9.322979310344827297e+00 2.317213793103448438e+01
1.994481103448275974e+02 9.405186206896551937e+00 2.334063448275862029e+01
1.999304275862068891e+02 9.473544827586206196e+00 2.358438620689654996e+01
2.001664551724138050e+02 9.562262068965516448e+00 2.366493793103448340e+01
2.005150896551724031e+02 9.586593103448276310e+00 2.364761379310344935e+01
2.007649103448275980e+02 9.657434482758620931e+00 2.368722758620689817e+01
2.009120551724138011e+02 9.734455172413793989e+00 2.406935172413793111e+01
2.011742896551724016e+02 9.885075862068966046e+00 2.408518620689655165e+01
2.015129379310344859e+02 1.007762758620689603e+01 2.447713103448275973e+01
2.016704000000000008e+02 1.016965517241379224e+01 2.449842758620689764e+01
2.018977103448275727e+02 1.019166896551724122e+01 2.459073103448275788e+01
2.021440551724138004e+02 1.027415172413793165e+01 2.466554482758620637e+01
2.022345931034482760e+02 1.037782068965517190e+01 2.478471724137931176e+01
2.016977655172413790e+02 1.016799999999999926e+01 2.434714482758620591e+01
2.006498206896551721e+02 9.964468965517241372e+00 2.367470344827586359e+01
1.999031172413793058e+02 9.686620689655171645e+00 2.333484137931034397e+01
1.996759724137930903e+02 9.643475862068966009e+00 2.332408275862069047e+01
1.995931586206896498e+02 9.653903448275862331e+00 2.323531034482758528e+01
1.998057931034482806e+02 9.779255172413792607e+00 2.332998620689655311e+01
2.002708413793103546e+02 9.844524137931035312e+00 2.361401379310344950e+01
2.007260689655172428e+02 9.945931034482757838e+00 2.378979310344827525e+01
2.010179862068965519e+02 9.987641379310344902e+00 2.396176551724137838e+01
2.012582620689655073e+02 9.985875862068965603e+00 2.396264827586206891e+01
2.012821517241379183e+02 1.003724137931034477e+01 2.402311724137931037e+01
2.014787862068965580e+02 1.009765517241379307e+01 2.423332413793103512e+01
2.015846620689655140e+02 1.020855172413793177e+01 2.435928275862069015e+01
2.019308689655172486e+02 1.009793103448275886e+01 2.454366896551724153e+01
2.020741517241379199e+02 1.016297931034482716e+01 2.456314482758620699e+01
2.021775448275862175e+02 1.021241379310344755e+01 2.470924137931034537e+01
2.025504551724137912e+02 1.040402758620689738e+01 2.503056551724137790e+01
2.025467586206896442e+02 1.032993103448275818e+01 2.490913103448275834e+01
2.017897379310344945e+02 1.024066206896551812e+01 2.456049655172413893e+01
2.008875034482758508e+02 1.003437241379310407e+01 2.401291034482758491e+01
2.002255999999999858e+02 9.879227586206896561e+00 2.378537931034482611e+01
2.000951724137931080e+02 9.713820689655172202e+00 2.355199999999999960e+01
2.002093241379310484e+02 9.774620689655172612e+00 2.360766896551724159e+01
2.004772413793103567e+02 9.924468965517242225e+00 2.369346206896551621e+01
2.008056827586206907e+02 9.900744827586207109e+00 2.385550344827586144e+01
2.012089379310344839e+02 1.002885517241379354e+01 2.411553103448275692e+01
2.014995310344827715e+02 1.010344827586206939e+01 2.410775172413793044e+01
2.016969931034482784e+02 1.010493793103448290e+01 2.438609655172413682e+01
2.017265655172413688e+02 1.017401379310344822e+01 2.429164137931034517e+01
2.017820137931034594e+02 1.025142068965517161e+01 2.434747586206896486e+01
2.019972413793103385e+02 1.032822068965517204e+01 2.456038620689655261e+01
2.019679448275861944e+02 1.026857931034482796e+01 2.453969655172413766e+01
2.020520275862068900e+02 1.026173793103448340e+01 2.449180689655172571e+01
2.022283034482758524e+02 1.024325517241379302e+01 2.455983448275862102e+01
2.024329379310344734e+02 1.032662068965517221e+01 2.474692413793103540e+01
2.021485793103448145e+02 1.027249655172413867e+01 2.455558620689655314e+01
2.012498758620689614e+02 1.003878620689655143e+01 2.422074482758620562e+01
2.002806068965517170e+02 9.671558620689655328e+00 2.376733793103448278e+01
1.999296551724137885e+02 9.608110344827586857e+00 2.368518620689655307e+01
1.998088275862068883e+02 9.556634482758621374e+00 2.351144827586206887e+01
1.998025931034482880e+02 9.602979310344828434e+00 2.351591724137930939e+01
2.001728551724137901e+02 9.746151724137931183e+00 2.375459310344827557e+01
2.006413241379310364e+02 9.813793103448276156e+00 2.394708965517241239e+01
2.008693517241379425e+02 9.859199999999999520e+00 2.407337931034482637e+01
2.010967724137931043e+02 9.860634482758619868e+00 2.414548965517241541e+01
2.012443034482758719e+02 9.918786206896552216e+00 2.414471724137931119e+01
2.014743724137931054e+02 9.951999999999999957e+00 2.422824827586206808e+01
2.015974620689655126e+02 1.003856551724137880e+01 2.419773793103448156e+01
2.017496275862068842e+02 1.012055172413793080e+01 2.433373793103448435e+01
2.020340413793103380e+02 1.014405517241379329e+01 2.435211034482758663e+01
2.020739310344827686e+02 1.026317241379310374e+01 2.448777931034482691e+01
2.022507586206896519e+02 1.035773793103448348e+01 2.455944827586207069e+01
2.021314758620689531e+02 1.032645517241379274e+01 2.457655172413793210e+01
2.014987034482758759e+02 1.016159999999999997e+01 2.407365517241379393e+01
2.001872551724137850e+02 9.959117241379310315e+00 2.352171034482758571e+01
1.996408275862069104e+02 9.820082758620689134e+00 2.323812413793103460e+01
1.990679172413793196e+02 9.714648275862069582e+00 2.310526896551724008e+01
1.991431172413793149e+02 9.648496551724138115e+00 2.305368275862068828e+01
1.991253517241379427e+02 9.681268965517240588e+00 2.291299310344827589e+01
1.994707862068965483e+02 9.826593103448276523e+00 2.331713103448275959e+01
1.998289655172413859e+02 9.696827586206897109e+00 2.359155862068965348e+01
2.001335172413793089e+02 9.755586206896552426e+00 2.380022068965517335e+01
2.003262344827586219e+02 9.797296551724137714e+00 2.394206896551724029e+01
2.004825931034482664e+02 9.853406896551724969e+00 2.396424827586206874e+01
2.006616275862068903e+02 9.928165517241378524e+00 2.415431724137931013e+01
2.008285793103448214e+02 9.990896551724137709e+00 2.383222068965517337e+01
2.008463448275861936e+02 1.003641379310344739e+01 2.409208275862069115e+01
2.010871724137930983e+02 1.014510344827586152e+01 2.421737931034482827e+01
2.011864275862068894e+02 1.007536551724138008e+01 2.416877241379310348e+01
2.012666482758620816e+02 1.014046896551724153e+01 2.418686896551724175e+01
2.010651034482758632e+02 1.017268965517241419e+01 2.417500689655172508e+01
2.001336275862068987e+02 9.996248275862068766e+00 2.358758620689655316e+01
1.991986758620689670e+02 9.669462068965517076e+00 2.309997241379310395e+01
1.985545379310344742e+02 9.476413793103448668e+00 2.273743448275861923e+01
1.984127448275862093e+02 9.422234482758620189e+00 2.267652413793103605e+01
1.984810482758620651e+02 9.473544827586206196e+00 2.282074482758620704e+01
1.984263724137931035e+02 9.440275862068965296e+00 2.287453793103448163e+01
1.986851862068965602e+02 9.609765517241379840e+00 2.291177931034482640e+01
1.991540413793103426e+02 9.631999999999999673e+00 2.328849655172413691e+01
1.994681379310344767e+02 9.658758620689654961e+00 2.342438620689655338e+01
1.996729379310344825e+02 9.726620689655172569e+00 2.340187586206896597e+01
1.998411586206896686e+02 9.768772413793103127e+00 2.343227586206896618e+01
1.999833379310344696e+02 9.908413793103449052e+00 2.342957241379310318e+01
2.000576000000000079e+02 9.925075862068965193e+00 2.359553103448275735e+01
2.003637517241379271e+02 9.964193103448275579e+00 2.359834482758620666e+01
2.006253241379310452e+02 9.934951724137931706e+00 2.388369655172413886e+01
2.008028689655172343e+02 9.920275862068965722e+00 2.390228965517241377e+01
2.008644413793103354e+02 9.957793103448276284e+00 2.401318620689655248e+01
2.003182344827586121e+02 9.804800000000000182e+00 2.373655172413793224e+01
1.993062068965517142e+02 9.534289655172413447e+00 2.311017931034482586e+01
1.987096275862068921e+02 9.419862068965517921e+00 2.279453793103448334e+01
1.983524965517241299e+02 9.325351724137931342e+00 2.262306206896551686e+01
1.983451586206896593e+02 9.472717241379310593e+00 2.256960000000000122e+01
1.983343999999999880e+02 9.414013793103448435e+00 2.269313103448275726e+01
1.985570758620689560e+02 9.505048275862069573e+00 2.281042758620689526e+01
1.989909517241379433e+02 9.619310344827585624e+00 2.312761379310344978e+01
1.991440000000000055e+02 9.700248275862069391e+00 2.318907586206896454e+01
1.993024551724138007e+02 9.652744827586207776e+00 2.319569655172413647e+01
1.995398068965517382e+02 9.756248275862068553e+00 2.333870344827586152e+01
1.995675586206896526e+02 9.682262068965517443e+00 2.335895172413793119e+01
1.997296551724137998e+02 9.730593103448276437e+00 2.341886896551724107e+01
2.000699586206896470e+02 9.814731034482758076e+00 2.358935172413793069e+01
2.002011034482758589e+02 9.971310344827585936e+00 2.362096551724138038e+01
2.004235586206896471e+02 9.860193103448276375e+00 2.362659310344827546e+01
2.007421793103448238e+02 9.960220689655171711e+00 2.382924137931034636e+01
2.009459862068965492e+02 1.006868965517241321e+01 2.396297931034482787e+01
2.004435862068965548e+02 9.992662068965517008e+00 2.372651034482758448e+01
1.991169655172413684e+02 9.717020689655171850e+00 2.308579310344827462e+01
1.983010206896551608e+02 9.528606896551723437e+00 2.271828965517241272e+01
1.979054896551724028e+02 9.515475862068965895e+00 2.248959999999999937e+01
1.978072275862068921e+02 9.560110344827586815e+00 2.242598620689655320e+01
1.979606620689655188e+02 9.577213793103448225e+00 2.257533793103448261e+01
1.985431172413793206e+02 9.618427586206896862e+00 2.275558620689655243e+01
1.989682206896551691e+02 9.781241379310344541e+00 2.300468965517241315e+01
1.992889931034482629e+02 9.823889655172413526e+00 2.318190344827586102e+01
1.994776275862068928e+02 9.815503448275862297e+00 2.328816551724137796e+01
1.996177103448276000e+02 9.855117241379311110e+00 2.334736551724137854e+01
1.997146482758620607e+02 9.874813793103447424e+00 2.340579310344827491e+01
1.998175448275862038e+02 9.803144827586207199e+00 2.330284137931034394e+01
1.998346482758620652e+02 9.730206896551724327e+00 2.340011034482758490e+01
1.999447172413793226e+02 9.691034482758620783e+00 2.339795862068965349e+01
2.002186482758620798e+02 9.839006896551724779e+00 2.361318620689655035e+01
2.003442206896551738e+02 9.894179310344828338e+00 2.356540689655172471e+01
2.005727448275862059e+02 1.000011034482758632e+01 2.375779310344827522e+01
2.001203310344827457e+02 9.875365517241379010e+00 2.355481379310344892e+01
1.992211310344827666e+02 9.491641379310344462e+00 2.304248275862068951e+01
1.982628413793103448e+02 9.283034482758621309e+00 2.271624827586206763e+01
1.978072275862068921e+02 9.188027586206896302e+00 2.247348965517241481e+01
1.978685793103448134e+02 9.184606896551724020e+00 2.257533793103448261e+01
1.981451586206896422e+02 9.229737931034483367e+00 2.259437241379310279e+01
1.985719172413793103e+02 9.317903448275862033e+00 2.282195862068965653e+01
1.991054896551724198e+02 9.558344827586207515e+00 2.311784827586206958e+01
1.996660965517241380e+02 9.662951724137931464e+00 2.333406896551723975e+01
2.003355586206896533e+02 9.740358620689654856e+00 2.358427586206896720e+01
2.003419586206896668e+02 9.824386206896551954e+00 2.374675862068965415e+01
2.004870620689655141e+02 9.923365517241379052e+00 2.376689655172413751e+01
2.006543448275862147e+02 9.986924137931033840e+00 2.390328275862069063e+01
2.008817103448275816e+02 1.004220689655172372e+01 2.403012413793103619e+01
2.012355862068965564e+02 1.017875862068965453e+01 2.410637241379310325e+01
2.019339586206896513e+02 1.054764137931034540e+01 2.434913103448275962e+01
2.021756689655172465e+02 1.080838620689655194e+01 2.487354482758620833e+01
2.022892689655172376e+02 1.078057931034482841e+01 2.493848275862069030e+01
2.018675862068965614e+02 1.062979310344827510e+01 2.455448275862068996e+01
2.006607999999999947e+02 1.038526896551724121e+01 2.383111724137931020e+01
1.999464827586207036e+02 1.026201379310344741e+01 2.355089655172413643e+01
1.995715862068965407e+02 9.932634482758620820e+00 2.339531034482758542e+01
1.994404413793103572e+02 9.879172413793103402e+00 2.321693793103448300e+01
1.997352275862068893e+02 1.002819310344827564e+01 2.333384827586207066e+01
2.001176275862069076e+02 1.016871724137931032e+01 2.355271724137930889e+01
2.005185103448275754e+02 1.024816551724137881e+01 2.377528275862069052e+01
2.008208551724137862e+02 1.026129655172413813e+01 2.394863448275862083e+01
2.011593931034482807e+02 1.045346206896551777e+01 2.419944827586206770e+01
2.013624275862069055e+02 1.040193103448275913e+01 2.421235862068965616e+01
2.015214344827586217e+02 1.039034482758620648e+01 2.424656551724137898e+01
2.016386206896551698e+02 1.040071724137930964e+01 2.433737931034482926e+01
2.017206068965517147e+02 1.057600000000000051e+01 2.454874482758620857e+01
2.018063999999999965e+02 1.060159999999999947e+01 2.478924137931034366e+01
2.019751172413793086e+02 1.057412413793103489e+01 2.460430344827586069e+01
2.021954758620689745e+02 1.067073103448275795e+01 2.458537931034482682e+01
2.020806068965517284e+02 1.075939310344827504e+01 2.456397241379310259e+01
2.012188689655172311e+02 1.046758620689655217e+01 2.402190344827586088e+01
2.000025931034482767e+02 1.011315862068965465e+01 2.335475862068965469e+01
1.995742344827586123e+02 9.997903448275861749e+00 2.319873103448275842e+01
1.991175172413793177e+02 9.789075862068965961e+00 2.294703448275862101e+01
1.990054620689655280e+02 9.639393103448275824e+00 2.294278620689655313e+01
1.992325517241379202e+02 9.818813793103448262e+00 2.311724137931034306e+01
1.995994482758620734e+02 9.963420689655173135e+00 2.343635862068965636e+01
1.999021793103448204e+02 1.002438620689655124e+01 2.361186206896551809e+01
2.002250482758620649e+02 1.014262068965517294e+01 2.373412413793103326e+01
2.004351448275862140e+02 1.028811034482758657e+01 2.372739310344827501e+01
2.005451586206896479e+02 1.026388965517241303e+01 2.377660689655172277e+01
2.008303999999999974e+02 1.022879999999999967e+01 2.393737931034482713e+01
2.007591724137930953e+02 1.021682758620689668e+01 2.391624827586207047e+01
2.009456000000000131e+02 1.029263448275862025e+01 2.387062068965517270e+01
2.011417379310344700e+02 1.025280000000000058e+01 2.405517241379310178e+01
2.013543724137931008e+02 1.035917241379310383e+01 2.411277241379310254e+01
2.015998896551724044e+02 1.046686896551724111e+01 2.428899310344827711e+01
2.012441931034482820e+02 1.045936551724137864e+01 2.413908965517241256e+01
1.997923310344827712e+02 1.023028965517241318e+01 2.341406896551724159e+01
1.989270068965517169e+02 9.892248275862069562e+00 2.300082758620689560e+01
1.981763862068965523e+02 9.636137931034483017e+00 2.278692413793103455e+01
1.979976275862069031e+02 9.459641379310344433e+00 2.260110344827586104e+01
1.980849655172413861e+02 9.574675862068964705e+00 2.278940689655172491e+01
1.984066206896551705e+02 9.558068965517241722e+00 2.300568275862069001e+01
1.987597241379310447e+02 9.678731034482758844e+00 2.296485517241379171e+01
1.993388137931034407e+02 9.766344827586207700e+00 2.311845517241379255e+01
1.997723586206896584e+02 9.973241379310344712e+00 2.329798620689655309e+01
2.001815724137931056e+02 1.008005517241379323e+01 2.358824827586206752e+01
2.003435586206896630e+02 1.011724137931034484e+01 2.376744827586206910e+01
2.005361655172413862e+02 1.027707586206896551e+01 2.380623448275862231e+01
2.007260689655172428e+02 1.036126896551724208e+01 2.389726896551724167e+01
2.007463724137930967e+02 1.040088275862068912e+01 2.400375172413793123e+01
2.008488827586207037e+02 1.040904827586206949e+01 2.388932413793103393e+01
2.010857379310344868e+02 1.042543448275861984e+01 2.403034482758620527e+01
2.010957241379310290e+02 1.040347586206896580e+01 2.399619310344827738e+01
2.001427310344827504e+02 1.023602758620689634e+01 2.353622068965517400e+01
1.989122206896551859e+02 1.000656551724137877e+01 2.297053793103448172e+01
1.981137103448275809e+02 9.745599999999999596e+00 2.263867586206896476e+01
1.977388689655172413e+02 9.602537931034483165e+00 2.230609655172413852e+01
1.975233655172413876e+02 9.548799999999999955e+00 2.242019310344827687e+01
1.975763862068965580e+02 9.587255172413792437e+00 2.243856551724137915e+01
1.979506758620689766e+02 9.596468965517241045e+00 2.271442758620689517e+01
1.982000551724137836e+02 9.617655172413792641e+00 2.274201379310344961e+01
1.984988137931034373e+02 9.683972413793103584e+00 2.291464827586207065e+01
1.989474758620689556e+02 9.785931034482759472e+00 2.290857931034482675e+01
1.992350896551724020e+02 9.976662068965516994e+00 2.308143448275862042e+01
1.993486344827586265e+02 1.002151724137931055e+01 2.327144827586207043e+01
1.994425379310344795e+02 9.937048275862068181e+00 2.344286896551724197e+01
1.996137931034482733e+02 1.002013793103448336e+01 2.337511724137931068e+01
1.997361655172413748e+02 9.920937931034483626e+00 2.345533793103448161e+01
1.997902896551724155e+02 9.830841379310344408e+00 2.351608275862069064e+01
1.998848000000000127e+02 9.793489655172413322e+00 2.347023448275862023e+01
1.997520551724138045e+02 9.706262068965516576e+00 2.341340689655172369e+01
1.986379034482758641e+02 9.533572413793104161e+00 2.305037241379310231e+01
1.976386758620689648e+02 9.426482758620689850e+00 2.240744827586206966e+01
1.973006344827586247e+02 9.376882758620689984e+00 2.222212413793103281e+01
1.971044965517241394e+02 9.265599999999999170e+00 2.201307586206896616e+01
1.972072827586206927e+02 9.314593103448276068e+00 2.209489655172413691e+01
1.973376000000000090e+02 9.363089655172414538e+00 2.230212413793103465e+01
1.975661241379310411e+02 9.421572413793104062e+00 2.242758620689655302e+01
1.978891586206896420e+02 9.399062068965516659e+00 2.259790344827586139e+01
1.981745103448275813e+02 9.305765517241379570e+00 2.268717241379310323e+01
1.983045517241379230e+02 9.302896551724137097e+00 2.272794482758620660e+01
1.986492689655172512e+02 9.515972413793104323e+00 2.286477241379310499e+01
1.988382896551724173e+02 9.586427586206896834e+00 2.291001379310344888e+01
1.990222896551724148e+02 9.633931034482758449e+00 2.301754482758620668e+01
1.994882758620689742e+02 9.819531034482759324e+00 2.313925517241379382e+01
1.997058758620689787e+02 9.935006896551724864e+00 2.337257931034482894e+01
1.997613241379310409e+02 9.863944827586207609e+00 2.346907586206896568e+01
1.998217931034482717e+02 9.878455172413792340e+00 2.340739310344827473e+01
1.999093517241379345e+02 1.000833103448275807e+01 2.347564137931034622e+01
1.991959724137931005e+02 9.629737931034481946e+00 2.316612413793103542e+01
1.983392000000000053e+02 9.541737931034482756e+00 2.262648275862068914e+01
1.978177655172413836e+02 9.438289655172413362e+00 2.234968275862069120e+01
1.975597793103448225e+02 9.315200000000000813e+00 2.221947586206896474e+01
1.975398068965517382e+02 9.367613793103448216e+00 2.235961379310344910e+01
1.976870620689655311e+02 9.417931034482759145e+00 2.238703448275862229e+01
1.981652965517241398e+02 9.675696551724138672e+00 2.263486896551724215e+01
1.984285793103448157e+02 9.673268965517241469e+00 2.289186206896551568e+01
1.987552000000000021e+02 9.681931034482758491e+00 2.304855172413792985e+01
1.991177379310344691e+02 9.619696551724137734e+00 2.314857931034482874e+01
1.991817379310344904e+02 9.660413793103447944e+00 2.308380689655172446e+01
1.993361103448275742e+02 9.715255172413792550e+00 2.323564137931034423e+01
1.997212137931034590e+02 9.795751724137931049e+00 2.356082758620689788e+01
1.998694620689655039e+02 9.786648275862068758e+00 2.366846896551724200e+01
2.001203862068965407e+02 9.768110344827586999e+00 2.365412413793103497e+01
2.004272551724137941e+02 9.892413793103449038e+00 2.388639999999999830e+01
2.006230068965517148e+02 1.005263448275862004e+01 2.391133793103448113e+01
2.004270896551724093e+02 9.963200000000000500e+00 2.368386206896551727e+01
1.994363586206896457e+02 9.722372413793102908e+00 2.330002758620689818e+01
1.981268413793103491e+02 9.557131034482758025e+00 2.285379310344827530e+01
1.975643034482758651e+02 9.358620689655172242e+00 2.243073103448275774e+01
1.973946482758620675e+02 9.334179310344827840e+00 2.227111724137931148e+01
1.975409103448275800e+02 9.328496551724137831e+00 2.244231724137931039e+01
1.977388689655172413e+02 9.479006896551723571e+00 2.237721379310344716e+01
1.982556137931034357e+02 9.562813793103448035e+00 2.267635862068965480e+01
1.986980413793103537e+02 9.623062068965516858e+00 2.272121379310344835e+01
1.989628137931034360e+02 9.647062068965517767e+00 2.302493793103448283e+01
1.990749793103448155e+02 9.716910344827585533e+00 2.298262068965517102e+01
1.992023724137931140e+02 9.783062068965517000e+00 2.304910344827586144e+01
1.994659862068965595e+02 9.789517241379311230e+00 2.316176551724137767e+01
1.995156965517241474e+02 9.822675862068965813e+00 2.322504827586206844e+01
1.995899034482758623e+02 9.776496551724138229e+00 2.327255172413793005e+01
1.998806620689655063e+02 9.883089655172414112e+00 2.333864827586207014e+01
2.001694896551724128e+02 9.936551724137931529e+00 2.356502068965517083e+01
2.004384551724137964e+02 1.009776551724137938e+01 2.364055172413793215e+01
2.001389241379310420e+02 9.998124137931034383e+00 2.351702068965517256e+01
1.989761655172413839e+02 9.709462068965518000e+00 2.302096551724137896e+01
1.977256827586206782e+02 9.492800000000000793e+00 2.260535172413793248e+01
1.973406344827586167e+02 9.302179310344827812e+00 2.234653793103448294e+01
1.972481103448275803e+02 9.356082758620690498e+00 2.231988965517241397e+01
1.974103724137931124e+02 9.339420689655172581e+00 2.245599999999999952e+01
1.978157241379310278e+02 9.404082758620690541e+00 2.253329655172413837e+01
1.983152551724137993e+02 9.562979310344827510e+00 2.286444137931034604e+01
1.985721931034482850e+02 9.683310344827585681e+00 2.289517241379310519e+01
1.989523310344827678e+02 9.678124137931034099e+00 2.289627586206896481e+01
1.991744551724137864e+02 9.758510344827586280e+00 2.310449655172413941e+01
1.993224827586206800e+02 9.917848275862068519e+00 2.308513103448276027e+01
1.994723310344827496e+02 9.795586206896551573e+00 2.310808275862068939e+01
1.996524689655172438e+02 9.907696551724137990e+00 2.315624827586206891e+01
1.998637793103448246e+02 9.898372413793103064e+00 2.342637241379310353e+01
2.001582896551724104e+02 9.916082758620689219e+00 2.355431724137930871e+01
2.002717793103448400e+02 9.938924137931033798e+00 2.364750344827586304e+01
2.004061241379310445e+02 1.001125517241379370e+01 2.353539310344827484e+01
1.996793379310344960e+02 9.813848275862069315e+00 2.337191724137931104e+01
1.978936827586206846e+02 9.495172413793103061e+00 2.243514482758620687e+01
1.972103724137930953e+02 9.189186206896550857e+00 2.215492413793103310e+01
1.969612137931034397e+02 9.160165517241379618e+00 2.189583448275861954e+01
1.968060137931034603e+02 9.182841379310344720e+00 2.190868965517241307e+01
1.970263172413793029e+02 9.322703448275861504e+00 2.206675862068965444e+01
1.976322206896551847e+02 9.336827586206895901e+00 2.237704827586206946e+01
1.981073655172413908e+02 9.560496551724137149e+00 2.251851034482758607e+01
1.984133517241379252e+02 9.644800000000000040e+00 2.261528275862069037e+01
1.986272551724137827e+02 9.722096551724137115e+00 2.269291034482758462e+01
1.988753103448275965e+02 9.789186206896552278e+00 2.278019310344827630e+01
1.989198344827586311e+02 9.876248275862069548e+00 2.284408275862069004e+01
1.991978482758620714e+02 1.001291034482758668e+01 2.281936551724137985e+01
1.993511724137931083e+02 1.000314482758620649e+01 2.296562758620689593e+01
1.993480275862069107e+02 9.934786206896552230e+00 2.295486896551724243e+01
1.994202482758620647e+02 9.935834482758620467e+00 2.319503448275862212e+01
1.997686068965517165e+02 9.983117241379311224e+00 2.315233103448275997e+01
1.994840827586207013e+02 9.927282758620689762e+00 2.314648275862068871e+01
1.982677517241379235e+02 9.562593103448275400e+00 2.252998620689655240e+01
1.973333517241379411e+02 9.355420689655172595e+00 2.201644137931034351e+01
1.965818482758620576e+02 9.115089655172413430e+00 2.180154482758620560e+01
1.964690758620689621e+02 9.021186206896551596e+00 2.167398620689655075e+01
1.963249655172413668e+02 8.962868965517241548e+00 2.167862068965517253e+01
1.965927724137931136e+02 9.079393103448275326e+00 2.187205517241379482e+01
1.969012413793103349e+02 9.138593103448275912e+00 2.190146206896551817e+01
1.972431448275862067e+02 9.146317241379311014e+00 2.223365517241379408e+01
1.975979586206896670e+02 9.195917241379310880e+00 2.240375172413792981e+01
1.979128275862069017e+02 9.306924137931034124e+00 2.247177931034482867e+01
1.979195034482758615e+02 9.284027586206896387e+00 2.245020689655172319e+01
1.983215448275861945e+02 9.413020689655171580e+00 2.266499310344827478e+01
1.983897931034482838e+02 9.501462068965517815e+00 2.261660689655172263e+01
1.984229517241379313e+02 9.451806896551724790e+00 2.284044137931034513e+01
1.985086896551724180e+02 9.456937931034483213e+00 2.278780689655172509e+01
1.987808551724137942e+02 9.500193103448275167e+00 2.292584827586206941e+01
1.988349241379310399e+02 9.530206896551723261e+00 2.285743448275862022e+01
1.984168275862068924e+02 9.533848275862068178e+00 2.262742068965517106e+01
1.974945655172413694e+02 9.288275862068966049e+00 2.218880000000000052e+01
1.964249379310344921e+02 9.088386206896551300e+00 2.201555862068965652e+01
1.960765241379310453e+02 8.963641379310343993e+00 2.172617931034482908e+01
1.958712827586206799e+02 8.950896551724138561e+00 2.150427586206896535e+01
1.961453241379310271e+02 9.021903448275862658e+00 2.171404137931034484e+01
1.964058482758620698e+02 9.075475862068966393e+00 2.172209655172413889e+01
1.966579862068965383e+02 9.094510344827586579e+00 2.177958620689655334e+01
1.969637517241379214e+02 9.183889655172412958e+00 2.176336551724137891e+01
1.971729655172413800e+02 9.138537931034482753e+00 2.196336551724137820e+01
1.973535448275862052e+02 9.101737931034483253e+00 2.213677241379310345e+01
1.972870068965517305e+02 9.162979310344827155e+00 2.218068965517241509e+01
1.974391172413793072e+02 9.166234482758619961e+00 2.238764137931034526e+01
1.976851862068965602e+02 9.219420689655171586e+00 2.237820689655172401e+01
1.978388965517241331e+02 9.166731034482758389e+00 2.260904827586206878e+01
1.979494068965517215e+02 9.271944827586207083e+00 2.260617931034482808e+01
1.980639448275861980e+02 9.290317241379311142e+00 2.262411034482758510e+01
1.982471172413792999e+02 9.523034482758621522e+00 2.288579310344827533e+01
1.977476965517241467e+02 9.377213793103448936e+00 2.249252413793103500e+01
1.964744275862069003e+02 9.200937931034482986e+00 2.192982068965517328e+01
1.958159448275862076e+02 9.069903448275862701e+00 2.147768275862069132e+01
1.954504827586206943e+02 8.961931034482757852e+00 2.132617931034482694e+01
1.952753103448275738e+02 8.820965517241379672e+00 2.106979310344827638e+01
1.953846620689655253e+02 8.803310344827586675e+00 2.120319999999999894e+01
1.957676689655172311e+02 8.914593103448275713e+00 2.140656551724137913e+01
1.961856551724137887e+02 9.118841379310344664e+00 2.153473103448275694e+01
1.965771034482758637e+02 9.077241379310345692e+00 2.159222068965517138e+01
1.969362206896551584e+02 9.175006896551723301e+00 2.188612413793103428e+01
1.970859034482758716e+02 9.249820689655171790e+00 2.194388965517241274e+01
1.971774896551724225e+02 9.213075862068965449e+00 2.215707586206896451e+01
1.972730482758620667e+02 9.231503448275862667e+00 2.221622068965517371e+01
1.976136827586206834e+02 9.270731034482759370e+00 2.233257931034482624e+01
1.978109793103448339e+02 9.241048275862068451e+00 2.253440000000000154e+01
1.980860689655172280e+02 9.332248275862069065e+00 2.270162758620689658e+01
1.983306482758620746e+02 9.358013793103447497e+00 2.273600000000000065e+01
1.986198068965517223e+02 9.556965517241378549e+00 2.282697931034482863e+01
1.983310896551724056e+02 9.570317241379310502e+00 2.258747586206896685e+01
1.973172965517241266e+02 9.452579310344827235e+00 2.198560000000000159e+01
1.963600551724137802e+02 9.251365517241378456e+00 2.187801379310344885e+01
1.958747586206896472e+02 9.080275862068965864e+00 2.145495172413793128e+01
1.958994758620689538e+02 9.031337931034482125e+00 2.147238620689655164e+01
1.960436413793103441e+02 9.038675862068965117e+00 2.154913103448275891e+01
1.963022344827586210e+02 8.965075862068966117e+00 2.168005517241379465e+01
1.968009931034482634e+02 9.082593103448276750e+00 2.177572413793103578e+01
1.972374620689655274e+02 9.125241379310343959e+00 2.210990344827586185e+01
1.974742068965517205e+02 9.283034482758621309e+00 2.211139310344827535e+01
1.974539586206896615e+02 9.283310344827585325e+00 2.219067586206896436e+01
1.976616827586206853e+02 9.332468965517241699e+00 2.221588965517241476e+01
1.979264551724137959e+02 9.354041379310345405e+00 2.244855172413793198e+01
1.978833103448275779e+02 9.194151724137931581e+00 2.234504827586206943e+01
1.980525793103448393e+02 9.234593103448275997e+00 2.238863448275862211e+01
1.982419310344827466e+02 9.347531034482758017e+00 2.258984827586206734e+01
1.983387586206896458e+02 9.385986206896552275e+00 2.266234482758620672e+01
1.985742896551724073e+02 9.515089655172413785e+00 2.285318620689655233e+01
1.983092965517241453e+02 9.612027586206895791e+00 2.257660689655172348e+01
1.974521931034482805e+02 9.407172413793103871e+00 2.230653793103448379e+01
1.963331862068965563e+02 9.041324137931034954e+00 2.165892413793103444e+01
1.958522482758620811e+02 8.931972413793102916e+00 2.136689655172413893e+01
1.957553655172413869e+02 8.922096551724138180e+00 2.141478620689655088e+01
1.958328827586206842e+02 9.004358620689655979e+00 2.155729655172413928e+01
1.962006068965517329e+02 9.082593103448276750e+00 2.161208275862069073e+01
1.968264827586206991e+02 9.130868965517240810e+00 2.187326896551724076e+01
1.971533793103448318e+02 9.283751724137930594e+00 2.208640000000000114e+01
1.974696827586206780e+02 9.291917241379310965e+00 2.229511724137930884e+01
1.976919172413793149e+02 9.325958620689654310e+00 2.239299310344827632e+01
1.979676689655172481e+02 9.396910344827587025e+00 2.234653793103448294e+01
1.981062620689655205e+02 9.404193103448275082e+00 2.244557241379310497e+01
1.981016275862068881e+02 9.456662068965517420e+00 2.240717241379310209e+01
1.984689103448275773e+02 9.607282758620689478e+00 2.268937931034482602e+01
1.988344827586206804e+02 9.732137931034483103e+00 2.306234482758620530e+01
1.991415724137931136e+02 9.901131034482759219e+00 2.328325517241379217e+01
1.993945931034482726e+02 1.005693793103448286e+01 2.307845517241379341e+01
1.993148689655172348e+02 1.000888275862068966e+01 2.311039999999999850e+01
1.980162758620689658e+02 9.858427586206897075e+00 2.241539310344827740e+01
1.968786206896551789e+02 9.544055172413793642e+00 2.190648275862069028e+01
1.963987310344827506e+02 9.350068965517241537e+00 2.176248275862068837e+01
1.961708689655172293e+02 9.361986206896551366e+00 2.152645517241379380e+01
1.961207172413793103e+02 9.300744827586207464e+00 2.139475862068965384e+01
1.964343724137931133e+02 9.373737931034483495e+00 2.158068965517241367e+01
1.968603586206896523e+02 9.603199999999999292e+00 2.188739310344827516e+01
1.970675862068965500e+02 9.629572413793104246e+00 2.201164137931034404e+01
1.974246620689655174e+02 9.730041379310344851e+00 2.218675862068965543e+01
1.977281103448275985e+02 9.891199999999999548e+00 2.238416551724137804e+01
1.977657379310344936e+02 9.894013793103448862e+00 2.207337931034482637e+01
1.978752551724138016e+02 9.904551724137931501e+00 2.201550344827586159e+01
1.980003310344827696e+02 1.003034482758620705e+01 2.227453793103448376e+01
1.980373517241379204e+02 9.965848275862068562e+00 2.237644137931034649e+01
1.982892137931034426e+02 9.983227586206895765e+00 2.269969655172413781e+01
1.985106758620689789e+02 9.977103448275862263e+00 2.261037241379310458e+01
1.988986482758620582e+02 9.943613793103448728e+00 2.278129655172413948e+01
1.987200551724137938e+02 9.955531034482758557e+00 2.278173793103448119e+01
1.976825931034482835e+02 9.860248275862069534e+00 2.239343448275862158e+01
1.966038620689655261e+02 9.633765517241378973e+00 2.173280000000000101e+01
1.958993655172413924e+02 9.405958620689654381e+00 2.126184827586206794e+01
1.956050758620689578e+02 9.308855172413792900e+00 2.107812413793103445e+01
1.955319172413793183e+02 9.240331034482759165e+00 2.131735172413793222e+01
1.957696551724137919e+02 9.348468965517241713e+00 2.147431724137931042e+01
1.961510068965517348e+02 9.420579310344827206e+00 2.172546206896551624e+01
1.964913103448275820e+02 9.521544827586206239e+00 2.181020689655172262e+01
1.968300689655172278e+02 9.628082758620688963e+00 2.190598620689655007e+01
1.971764965517241421e+02 9.638400000000000745e+00 2.191084137931034448e+01
1.972647724137931107e+02 9.631172413793104070e+00 2.213230344827586293e+01
1.973900137931034351e+02 9.708137931034482193e+00 2.216209655172413662e+01
1.976187586206896469e+02 9.797462068965517190e+00 2.237511724137931068e+01
1.978331586206896588e+02 9.856717241379310934e+00 2.242813793103448106e+01
1.981457655172413865e+02 9.838731034482758986e+00 2.261462068965517247e+01
1.982646620689655208e+02 9.952606896551724702e+00 2.256038620689655261e+01
1.984624551724137973e+02 1.007464827586206901e+01 2.264606896551724091e+01
1.982970482758620676e+02 1.007332413793103498e+01 2.263657931034482829e+01
1.975497379310344854e+02 9.887172413793104297e+00 2.224491034482758778e+01
1.963559724137930971e+02 9.612634482758620535e+00 2.155475862068965398e+01
1.956449103448275935e+02 9.423944827586206330e+00 2.132391724137930922e+01
1.953459862068965549e+02 9.365241379310344172e+00 2.115906206896551822e+01
1.954179862068965576e+02 9.301020689655173257e+00 2.120248275862068965e+01
1.956449103448275935e+02 9.354703448275861533e+00 2.152871724137931153e+01
1.956642758620689619e+02 9.291420689655172538e+00 2.158306206896551771e+01
1.959299862068965581e+02 9.342786206896551704e+00 2.166256551724137935e+01
1.963434482758620732e+02 9.317848275862068874e+00 2.191569655172413889e+01
1.966047448275862166e+02 9.511337931034482551e+00 2.188524137931034375e+01
1.969494068965517215e+02 9.537875862068965205e+00 2.198493793103448368e+01
1.970160551724137861e+02 9.604468965517241941e+00 2.192468965517241486e+01
1.973602758620689599e+02 9.692855172413793241e+00 2.196855172413793156e+01
1.975623172413793043e+02 9.739144827586207143e+00 2.209820689655172288e+01
1.980643862068965575e+02 9.871779310344827252e+00 2.237053793103448385e+01
1.984041931034482786e+02 9.974124137931035250e+00 2.243117241379310300e+01
1.986794482758620575e+02 1.017451034482758665e+01 2.261715862068965421e+01
1.986001655172413791e+02 1.011062068965517291e+01 2.259977931034482879e+01
1.973640275862069018e+02 9.742124137931034156e+00 2.211062068965517113e+01
1.958780689655172296e+02 9.370593103448275230e+00 2.150035862068965642e+01
1.951016827586206830e+02 9.092413793103448327e+00 2.107486896551723987e+01
1.949908413793103534e+02 9.138427586206896436e+00 2.101875862068965617e+01
1.951089655172413870e+02 9.174013793103448222e+00 2.129544827586206779e+01
1.953431724137930985e+02 9.193599999999999994e+00 2.120656551724137984e+01
1.957554206896551818e+02 9.284248275862069022e+00 2.125379310344827744e+01
1.960535172413792964e+02 9.432000000000000384e+00 2.155873103448275785e+01
1.963989517241379303e+02 9.405627586206897206e+00 2.174593103448275855e+01
1.967616551724137821e+02 9.366786206896550837e+00 2.214438620689655224e+01
1.969709793103448305e+02 9.512331034482759407e+00 2.193274482758620536e+01
1.972676413793103336e+02 9.580468965517241031e+00 2.202041379310344738e+01
1.971931586206896441e+02 9.340855172413792928e+00 2.207955862068965658e+01
1.972979310344827582e+02 9.400055172413793514e+00 2.212452413793103290e+01
1.977115586206896580e+02 9.572137931034482961e+00 2.236027586206896700e+01
1.980551172413793211e+02 9.725296551724138538e+00 2.234091034482758786e+01
1.981453793103448220e+02 9.756965517241379615e+00 2.257390344827586048e+01
1.984577103448275750e+02 9.817434482758621073e+00 2.270907586206896411e+01
1.981790896551724188e+02 9.844744827586206171e+00 2.252877241379310291e+01
1.971797517241379296e+02 9.531420689655172751e+00 2.209804137931034518e+01
1.964268689655172295e+02 9.375337931034483319e+00 2.152557241379310327e+01
1.962539586206896445e+02 9.380303448275862266e+00 2.152491034482758536e+01
1.962690758620689735e+02 9.323255172413793090e+00 2.146686896551724288e+01
1.963226482758620648e+02 9.292744827586206569e+00 2.148987586206896694e+01
1.968931310344827637e+02 9.528496551724137120e+00 2.181230344827586265e+01
1.974882206896551793e+02 9.773186206896552264e+00 2.209682758620689569e+01
1.977593379310344801e+02 9.770372413793102950e+00 2.215282758620689663e+01
1.981533793103448318e+02 9.863172413793103388e+00 2.239536551724138036e+01
1.984845241379310323e+02 9.846068965517241978e+00 2.256606896551724262e+01
1.985680551724138070e+02 9.925958620689655731e+00 2.265914482758620707e+01
1.985659586206896563e+02 9.935393103448275198e+00 2.271299310344827660e+01
1.986095448275862054e+02 9.988027586206897013e+00 2.286383448275861952e+01
1.989121655172413909e+02 1.004386206896551670e+01 2.283266206896551864e+01
1.990698482758620571e+02 1.014372413793103433e+01 2.281456551724138038e+01
1.992463448275861992e+02 1.019106206896551647e+01 2.288678620689655219e+01
1.994630068965517182e+02 1.027139310344827550e+01 2.306642758620689548e+01
1.991099586206896674e+02 1.018135172413793121e+01 2.290559999999999974e+01
1.980371310344827691e+02 9.829682758620689853e+00 2.248016551724137813e+01
1.970431448275862181e+02 9.706427586206896052e+00 2.204077241379310337e+01
1.965124413793103315e+02 9.619144827586206148e+00 2.180926896551724070e+01
1.964903172413793015e+02 9.574234482758621212e+00 2.184049655172413651e+01
1.967068689655172307e+02 9.684358620689655694e+00 2.196016551724137855e+01
1.969970758620689537e+02 9.783172413793103317e+00 2.200463448275862177e+01
1.975214344827586217e+02 9.863889655172414450e+00 2.230962758620689712e+01
1.979972413793103385e+02 9.894124137931035179e+00 2.256143448275862085e+01
1.982649931034482620e+02 9.976662068965516994e+00 2.271652413793103520e+01
1.985973517241379227e+02 1.001097931034482791e+01 2.293875862068965432e+01
1.988999724137931082e+02 1.005423448275861986e+01 2.273257931034482837e+01
1.988614068965517276e+02 1.011227586206896589e+01 2.272082758620689802e+01
1.989549793103448394e+02 1.011939310344827625e+01 2.286703448275861916e+01
1.991408000000000129e+02 1.025075862068965549e+01 2.297925517241379367e+01
1.994342068965517285e+02 1.016060689655172489e+01 2.311133793103448397e+01
1.995999448275861994e+02 1.025230344827586215e+01 2.306080000000000041e+01
2.000331034482758525e+02 1.028121379310344885e+01 2.327591724137931095e+01
1.998242206896551636e+02 1.029351724137931079e+01 2.302708965517241424e+01
1.984644965517241246e+02 1.006024827586206882e+01 2.241329655172413737e+01
1.975924413793103440e+02 9.796634482758619811e+00 2.209969655172413638e+01
1.972352551724137868e+02 9.728165517241379234e+00 2.189931034482758676e+01
1.969681103448275792e+02 9.633931034482758449e+00 2.179282758620689719e+01
1.970901517241379395e+02 9.740303448275861697e+00 2.198449655172413841e+01
1.974094896551724219e+02 9.853241379310345494e+00 2.212066206896551890e+01
1.976328827586206955e+02 9.941682758620689953e+00 2.218361379310344716e+01
1.978756965517241326e+02 9.849103448275862149e+00 2.239983448275862088e+01
1.982537379310344932e+02 1.003139310344827528e+01 2.263188965517241513e+01
1.984223448275862154e+02 1.002587586206896475e+01 2.256424827586207016e+01
1.985414620689655294e+02 1.007442758620689638e+01 2.267773793103448199e+01
1.988439172413793017e+02 1.012320000000000064e+01 2.293175172413793206e+01
1.990184275862068830e+02 1.025550344827586180e+01 2.288148965517241251e+01
1.990509241379310481e+02 1.018504827586206929e+01 2.305147586206896548e+01
1.991228689655172275e+02 1.018532413793103508e+01 2.301373793103448406e+01
1.993683310344827646e+02 1.014372413793103433e+01 2.299486896551724158e+01
1.991745103448275813e+02 1.011536551724137922e+01 2.302295172413793267e+01
1.984790620689655043e+02 9.939310344827585908e+00 2.278940689655172491e+01
1.973956965517241429e+02 9.723862068965516414e+00 2.207779310344827550e+01
1.963271172413793124e+02 9.471282758620690245e+00 2.177953103448275840e+01
1.959039999999999964e+02 9.404799999999999827e+00 2.152910344827586187e+01
1.957577379310344838e+02 9.325958620689654310e+00 2.147762758620689638e+01
1.958292965517241271e+02 9.428413793103448626e+00 2.150471724137931062e+01
1.962979862068965531e+02 9.585489655172413137e+00 2.160507586206896491e+01
1.967179034482758482e+02 9.646951724137931450e+00 2.184766896551724003e+01
1.971798068965517245e+02 9.782068965517241921e+00 2.200634482758620791e+01
1.973617655172413663e+02 9.698648275862069568e+00 2.213136551724138101e+01
1.975042206896551704e+02 9.691475862068966052e+00 2.222405517241379158e+01
1.977165241379310316e+02 9.697931034482758506e+00 2.232777931034482677e+01
1.979748413793103339e+02 9.769655172413793665e+00 2.246493793103448411e+01
1.980859034482758716e+02 9.904662068965517818e+00 2.250499310344827464e+01
1.984322206896551677e+02 9.947255172413793645e+00 2.259613793103448387e+01
1.987081379310344857e+02 9.875586206896551644e+00 2.276899310344827754e+01
1.989706482758620609e+02 9.979862068965516642e+00 2.272430344827586168e+01
1.987318620689655120e+02 9.984937931034481906e+00 2.254488275862069102e+01
1.975914482758620636e+02 9.873379310344827076e+00 2.219045517241379173e+01
1.963860965517241368e+02 9.634427586206896876e+00 2.173886896551724135e+01
1.955580137931034415e+02 9.478731034482757778e+00 2.132976551724138048e+01
1.951518344827586304e+02 9.428082758620689674e+00 2.116893793103448118e+01
1.951947586206896688e+02 9.374399999999999622e+00 2.115073103448276015e+01
1.953816827586206841e+02 9.356965517241379260e+00 2.118802758620689630e+01
1.957865931034482685e+02 9.390620689655172271e+00 2.135635862068965451e+01
1.962256551724137807e+02 9.471889655172413214e+00 2.149638620689655255e+01
1.966180413793103412e+02 9.464441379310345681e+00 2.197064827586206803e+01
1.967058758620689787e+02 9.621351724137930717e+00 2.203983448275862145e+01
1.968553379310344837e+02 9.690482758620689197e+00 2.177638620689655014e+01
1.969485241379310310e+02 9.728551724137931345e+00 2.201026206896551685e+01
1.970510896551724045e+02 9.751062068965516971e+00 2.196971034482758611e+01
1.971650206896551651e+02 9.880441379310344274e+00 2.199889655172413683e+01
1.974776827586206878e+02 9.834041379310344055e+00 2.237401379310344751e+01
1.977422896551724136e+02 9.916137931034482378e+00 2.236711724137931157e+01
1.977704827586206875e+02 9.833268965517241611e+00 2.236479999999999890e+01
1.973842206896551659e+02 9.768331034482757858e+00 2.217279999999999873e+01
1.962407172413793148e+02 9.567503448275861189e+00 2.174631724137930888e+01
1.952816551724137923e+02 9.379089655172414552e+00 2.122289655172413703e+01
1.947283862068965448e+02 9.297324137931035182e+00 2.093131034482758679e+01
1.949749517241379237e+02 9.352937931034482233e+00 2.099558620689655086e+01
1.952593655172413776e+02 9.531255172413793275e+00 2.113997241379310310e+01
1.954704551724138071e+02 9.535503448275862937e+00 2.111426206896551605e+01
1.957946482758620732e+02 9.783282758620689634e+00 2.131387586206896501e+01
1.966041379310344723e+02 9.964358620689655055e+00 2.149616551724137992e+01
1.969033379310344856e+02 1.001064827586206896e+01 2.173820689655172345e+01
1.970071172413793192e+02 9.921434482758620277e+00 2.198973793103448315e+01
1.973196689655172520e+02 9.999117241379309462e+00 2.216733793103448136e+01
1.973895724137931040e+02 1.021445517241379264e+01 2.224005517241379337e+01
1.974464551724138062e+02 1.010079999999999956e+01 2.232507586206896377e+01
1.976888827586206787e+02 1.017903448275862033e+01 2.231624827586206905e+01
1.978822068965517360e+02 1.014736551724137925e+01 2.222256551724137807e+01
1.981313103448275967e+02 1.028684137931034570e+01 2.251194482758620552e+01
1.983021241379310311e+02 1.015144827586206944e+01 2.265213793103448126e+01
1.980619586206896656e+02 1.014493793103448205e+01 2.256303448275862067e+01
1.970409931034482724e+02 9.966510344827586465e+00 2.184849655172413918e+01
1.960653793103448379e+02 9.776386206896551911e+00 2.139326896551724033e+01
1.957456551724137910e+02 9.592386206896550860e+00 2.123768275862068933e+01
1.956573793103448224e+02 9.566951724137931379e+00 2.123635862068965352e+01
1.956375724137930945e+02 9.494896551724137268e+00 2.115133793103448312e+01
1.959334068965517304e+02 9.627475862068965995e+00 2.136540689655172542e+01
1.963964689655172435e+02 9.761158620689654342e+00 2.165279999999999916e+01
1.968150068965517221e+02 9.834427586206896166e+00 2.183133793103448284e+01
1.969627034482758745e+02 9.821793103448275275e+00 2.216551724137930890e+01
1.971138758620689657e+02 9.727503448275861331e+00 2.211486896551724257e+01
1.971908413793103421e+02 9.815117241379310187e+00 2.199751724137930964e+01
1.972803310344827707e+02 9.800275862068964727e+00 2.209086896551724166e+01
1.975009655172413829e+02 9.868744827586207080e+00 2.216099310344827700e+01
1.977812965517241253e+02 9.960937931034482773e+00 2.201153103448275772e+01
1.980987586206896651e+02 1.000358620689655176e+01 2.218444137931034632e+01
1.984011034482758760e+02 1.012568275862068923e+01 2.276121379310344750e+01
1.984889379310344850e+02 1.023028965517241318e+01 2.267680000000000007e+01
1.981532137931034470e+02 1.017655172413793174e+01 2.235795862068965434e+01
1.969495172413793114e+02 9.867641379310345684e+00 2.176237241379310206e+01
1.962265931034482662e+02 9.562924137931034352e+00 2.150455172413792937e+01
1.957087448275862016e+02 9.418537931034482114e+00 2.114228965517241221e+01
1.957695448275862020e+02 9.322482758620688870e+00 2.119558620689655015e+01
1.958420965517241257e+02 9.437351724137931441e+00 2.130940689655172449e+01
1.960929655172413675e+02 9.434206896551724952e+00 2.134333793103448329e+01
1.965197793103448305e+02 9.605131034482758068e+00 2.168110344827586289e+01
1.968615172413793175e+02 9.745931034482758548e+00 2.190835862068965412e+01
1.970295172413793239e+02 9.792551724137931402e+00 2.193798620689655010e+01
1.974172137931034570e+02 9.852303448275861797e+00 2.200171034482758614e+01
1.974207448275862191e+02 9.832827586206896342e+00 2.217340689655172525e+01
1.975141517241379177e+02 9.925682758620689938e+00 2.219442758620689560e+01
1.977694344827586121e+02 9.946427586206896265e+00 2.243944827586206969e+01
1.981218206896551806e+02 9.947972413793102930e+00 2.245285517241379480e+01
1.984849655172413918e+02 1.003255172413793161e+01 2.274405517241379471e+01
1.987089103448275864e+02 1.007117241379310357e+01 2.286714482758620548e+01
1.987783172413793125e+02 1.024860689655172408e+01 2.298157241379310278e+01
1.979874206896551811e+02 1.015757241379310294e+01 2.246962758620689726e+01
1.964617931034482865e+02 9.831006896551723884e+00 2.169500689655172465e+01
1.958680827586206874e+02 9.563862068965518048e+00 2.146035862068965372e+01
1.955413517241379395e+02 9.380468965517241742e+00 2.137136551724137945e+01
1.956356413793103570e+02 9.366344827586207344e+00 2.146046896551724004e+01
1.957313103448275911e+02 9.466758620689654791e+00 2.128772413793103624e+01
1.963769931034482852e+02 9.604193103448276148e+00 2.144689655172413723e+01
1.967180137931034380e+02 9.751779310344828033e+00 2.155409655172413963e+01
1.968787862068965637e+02 9.752275862068964685e+00 2.176176551724137909e+01
1.970547310344827565e+02 9.717462068965517119e+00 2.177031724137930979e+01
1.970789517241379372e+02 9.842813793103447395e+00 2.176331034482758753e+01
1.972798344827586163e+02 9.951337931034482054e+00 2.189743448275861937e+01
1.974873931034482837e+02 9.897489655172414302e+00 2.197798620689655280e+01
1.975122758620689751e+02 9.928275862068964841e+00 2.212303448275861939e+01
1.976796137931034423e+02 1.002703448275862108e+01 2.221577931034482845e+01
1.979688827586206799e+02 1.008220689655172464e+01 2.241765517241379158e+01
1.981035034482758590e+02 1.015867586206896611e+01 2.245428965517241338e+01
1.980536827586206812e+02 1.012474482758620731e+01 2.239724137931034420e+01
1.971680551724138013e+02 1.008535172413793113e+01 2.191591724137931152e+01
1.959039999999999964e+02 9.683255172413792522e+00 2.131591724137931010e+01
1.952462344827586094e+02 9.553875862068965219e+00 2.101263448275862089e+01
1.950765241379310453e+02 9.359503448275862780e+00 2.110256551724138063e+01
1.951311448275862119e+02 9.406013793103447540e+00 2.093594482758620856e+01
1.953768275862069004e+02 9.478731034482757778e+00 2.115834482758620538e+01
1.957571862068965629e+02 9.609379310344827729e+00 2.145605517241379445e+01
1.961700965517241286e+02 9.678344827586206733e+00 2.163426206896551562e+01
1.964796689655172486e+02 9.769048275862068920e+00 2.159359999999999857e+01
1.966853517241379450e+02 9.763531034482758386e+00 2.193577931034482731e+01
1.969858758620689514e+02 9.856275862068965665e+00 2.206736551724138096e+01
1.970612965517241264e+02 9.868910344827586556e+00 2.207536551724138008e+01
1.969931034482758605e+02 9.839337931034481954e+00 2.227773793103448341e+01
1.973875310344827483e+02 9.852082758620689162e+00 2.223939310344827547e+01
1.976185931034482621e+02 9.868689655172413921e+00 2.232182068965517274e+01
1.978578206896551706e+02 1.006598620689655199e+01 2.237004137931034364e+01
1.981102344827586137e+02 1.015630344827586207e+01 2.239580689655172563e+01
1.978689103448275830e+02 1.012336551724138012e+01 2.222686896551724089e+01
1.966157793103448341e+02 9.818758620689655103e+00 2.144380689655172390e+01
1.955531034482758628e+02 9.721986206896552574e+00 2.116193103448275892e+01
1.950970482758620790e+02 9.534675862068965557e+00 2.086797241379310464e+01
1.947897379310344945e+02 9.328386206896551514e+00 2.084634482758620777e+01
1.949116137931034416e+02 9.266537931034482867e+00 2.077489655172413663e+01
1.951451034482758757e+02 9.373075862068965591e+00 2.093197241379310469e+01
1.956132413793103524e+02 9.599834482758620169e+00 2.120226206896551702e+01
1.960758068965517111e+02 9.667475862068965142e+00 2.154940689655172292e+01
1.965343448275862102e+02 9.715586206896551502e+00 2.168491034482758550e+01
1.967038344827586229e+02 9.775117241379311039e+00 2.172286896551724311e+01
1.969207172413793216e+02 9.909793103448276241e+00 2.195564137931034310e+01
1.969735172413793123e+02 9.957075862068965222e+00 2.202543448275861948e+01
1.972628413793103448e+02 9.936606896551724688e+00 2.214306206896551643e+01
1.975302068965517321e+02 1.017743448275862050e+01 2.196849655172413662e+01
1.976723310344827667e+02 1.015685517241379365e+01 2.197831724137931175e+01
1.978669241379310222e+02 1.023255172413793090e+01 2.215768275862069103e+01
1.980115862068965384e+02 1.026835862068965533e+01 2.223117241379310371e+01
1.976846344827586108e+02 1.023122758620689687e+01 2.202653793103448265e+01
1.964797241379310435e+02 9.893131034482758324e+00 2.165131034482758565e+01
1.954939586206896536e+02 9.575613793103448401e+00 2.124700689655172425e+01
1.950353655172413880e+02 9.481489655172413933e+00 2.101649655172413844e+01
1.949225379310344692e+02 9.576496551724137163e+00 2.104281379310344846e+01
1.950349793103448235e+02 9.525737931034482742e+00 2.104932413793103407e+01
1.954014344827586172e+02 9.567117241379310855e+00 2.102548965517241442e+01
1.959408551724137908e+02 9.679834482758620240e+00 2.120948965517241547e+01
1.963255724137931111e+02 9.824220689655172478e+00 2.139304827586206770e+01
1.967884689655172394e+02 9.849489655172414260e+00 2.161373793103448193e+01
1.968294068965517170e+02 9.839172413793104255e+00 2.177131034482758665e+01
