2.374814285714285802e+02 1.695619047619047493e+01 5.251719576719576565e+01
2.372229100529100663e+02 1.659788359788359813e+01 5.240164021164021335e+01
2.372877777777777908e+02 1.674783068783068884e+01 5.255021164021164282e+01
2.373953439153439149e+02 1.689449735449735357e+01 5.267804232804233067e+01
2.375787830687830819e+02 1.688793650793650869e+01 5.277735449735449436e+01
2.374851851851851734e+02 1.689126984126984254e+01 5.305264550264550394e+01
2.373789947089946963e+02 1.688460317460317484e+01 5.322238095238095212e+01
2.376071957671957762e+02 1.706931216931216966e+01 5.323693121693121810e+01
2.378603703703703616e+02 1.719380952380952365e+01 5.307592592592592240e+01
2.379870899470899417e+02 1.744042328042328194e+01 5.310756613756613831e+01
2.380947619047618957e+02 1.755232804232804256e+01 5.312084656084655876e+01
2.380248677248677325e+02 1.756010582010582155e+01 5.299587301587301624e+01
2.379076190476190504e+02 1.750402116402116448e+01 5.303105820105820101e+01
2.380386243386243450e+02 1.752735449735449791e+01 5.313174603174603305e+01
2.380757142857142981e+02 1.739449735449735357e+01 5.305370370370370381e+01
2.380769312169312286e+02 1.771841269841269906e+01 5.324481481481481637e+01
2.380986772486772622e+02 1.765735449735449691e+01 5.312349206349206554e+01
2.379617989417989463e+02 1.747396825396825548e+01 5.314439153439153785e+01
2.380472486772486889e+02 1.737449735449735400e+01 5.309470899470899496e+01
2.381174603174603135e+02 1.752322751322751415e+01 5.305322751322751174e+01
2.380868253968253896e+02 1.738857142857142790e+01 5.309677248677248684e+01
2.382009523809523728e+02 1.763047619047619108e+01 5.311804232804232839e+01
2.382391005291005399e+02 1.776285714285714334e+01 5.321888888888889113e+01
2.382295238095238119e+02 1.770962962962962806e+01 5.338814814814814724e+01
2.382353968253968333e+02 1.766941798941799036e+01 5.343153439153439166e+01
2.382021164021163884e+02 1.772306878306878275e+01 5.343661375661375956e+01
2.379883068783068722e+02 1.768947089947089779e+01 5.314269841269841521e+01
2.378877248677248701e+02 1.752756613756613646e+01 5.297296296296295992e+01
2.380651851851851859e+02 1.759703703703703681e+01 5.322904761904761983e+01
2.381437566137566080e+02 1.779671957671957827e+01 5.314015873015873126e+01
2.380911640211640190e+02 1.756952380952380821e+01 5.308994708994708844e+01
2.379355555555555668e+02 1.736126984126984141e+01 5.295253968253967969e+01
2.378537566137566159e+02 1.734206349206349174e+01 5.303460317460317697e+01
2.377751322751322789e+02 1.747820105820105852e+01 5.303756613756613802e+01
2.377557142857142765e+02 1.764751322751322604e+01 5.305190476190476545e+01
2.377994708994708901e+02 1.754645502645502475e+01 5.300740740740740620e+01
2.379165608465608557e+02 1.769222222222222385e+01 5.319063492063492049e+01
2.378111111111111029e+02 1.763349206349206355e+01 5.289857142857142946e+01
2.378624338624338748e+02 1.765529100529100504e+01 5.298640211640211817e+01
2.379758201058201053e+02 1.770978835978835875e+01 5.315439153439153586e+01
2.379771428571428658e+02 1.768878306878306716e+01 5.310761904761904617e+01
2.380116402116402128e+02 1.773523809523809547e+01 5.315560846560846642e+01
2.378741798941798891e+02 1.771936507936507965e+01 5.310206349206349330e+01
2.379280423280423236e+02 1.775259259259259181e+01 5.319010582010582056e+01
2.380992063492063551e+02 1.797740740740740861e+01 5.314359788359788439e+01
2.381572486772486741e+02 1.782481481481481467e+01 5.323883597883597929e+01
2.382050264550264558e+02 1.792920634920634981e+01 5.327603174603174807e+01
2.382305291005291110e+02 1.779010582010581842e+01 5.335111111111110915e+01
2.380885714285714414e+02 1.796571428571428442e+01 5.332375661375661480e+01
2.380193650793650875e+02 1.782455026455026470e+01 5.320455026455026371e+01
2.380481481481481580e+02 1.785804232804232683e+01 5.296851851851852189e+01
2.379796825396825284e+02 1.787989417989417973e+01 5.297841269841269707e+01
2.377459259259259170e+02 1.756280423280423264e+01 5.278952380952380707e+01
2.375309523809523853e+02 1.738396825396825562e+01 5.274592592592592410e+01
2.374034920634920525e+02 1.723894179894179857e+01 5.265841269841269678e+01
2.375051851851851836e+02 1.745576719576719427e+01 5.261708994708994425e+01
2.375558730158730043e+02 1.759386243386243365e+01 5.250862433862433676e+01
2.374506878306878264e+02 1.747365079365079410e+01 5.271158730158730066e+01
2.375598412698412574e+02 1.752957671957672048e+01 5.254089947089946833e+01
2.376526455026454983e+02 1.766232804232804199e+01 5.272925925925925839e+01
2.376667195767195722e+02 1.761084656084656075e+01 5.279798941798942025e+01
2.375827513227513350e+02 1.749306878306878232e+01 5.284560846560846414e+01
2.376173015873015970e+02 1.744544973544973487e+01 5.274619047619047763e+01
2.375643915343915467e+02 1.754100529100529116e+01 5.283857142857142719e+01
2.375510052910052821e+02 1.759846560846560948e+01 5.260015873015873211e+01
2.374311111111111074e+02 1.750206349206349188e+01 5.272957671957671977e+01
2.374150793650793787e+02 1.741936507936507894e+01 5.251640211640211930e+01
2.374277777777777771e+02 1.754989417989418143e+01 5.245259259259259466e+01
2.374091534391534424e+02 1.733793650793650798e+01 5.262878306878307200e+01
2.373005291005291042e+02 1.731952380952380821e+01 5.241375661375661110e+01
2.374382539682539743e+02 1.737851851851851848e+01 5.263185185185184878e+01
2.374640211640211760e+02 1.744994708994709143e+01 5.278343915343915427e+01
2.374421693121693124e+02 1.756931216931216966e+01 5.273645502645502603e+01
2.374967724867724996e+02 1.778291005291005433e+01 5.249984126984126931e+01
2.375101587301587358e+02 1.756841269841269693e+01 5.276380952380952039e+01
2.374513227513227491e+02 1.763047619047619108e+01 5.257068783068783091e+01
2.374016931216931141e+02 1.739544973544973416e+01 5.255592592592592638e+01
2.371801587301587233e+02 1.725126984126984198e+01 5.243878306878306716e+01
2.370305820105820089e+02 1.718597883597883680e+01 5.218841269841269792e+01
2.368121693121693170e+02 1.700714285714285623e+01 5.195486772486772509e+01
2.369044973544973516e+02 1.703835978835978793e+01 5.211640211640211362e+01
2.369908465608465633e+02 1.708693121693121597e+01 5.210312169312169317e+01
2.369904232804232720e+02 1.700444444444444514e+01 5.239867724867724519e+01
2.368990476190476215e+02 1.715037037037037138e+01 5.220185185185184906e+01
2.370034391534391602e+02 1.722571428571428598e+01 5.228037037037037038e+01
2.369880423280423258e+02 1.733280423280423221e+01 5.224693121693121611e+01
2.369662962962962922e+02 1.706740740740740847e+01 5.222232804232804426e+01
2.369140740740740796e+02 1.706407407407407462e+01 5.200402116402116093e+01
2.370814285714285745e+02 1.728925925925926066e+01 5.220365079365079453e+01
2.370504761904761892e+02 1.726994708994709171e+01 5.198497354497354195e+01
2.369848148148148255e+02 1.720185185185185262e+01 5.187507936507936535e+01
2.370320634920634859e+02 1.711148148148147996e+01 5.192862433862433846e+01
2.369630687830687918e+02 1.707851851851851777e+01 5.210174603174603192e+01
2.369940740740740637e+02 1.708026455026455181e+01 5.204232804232804455e+01
2.369687830687830683e+02 1.676068783068783219e+01 5.226968253968254174e+01
2.367776719576719699e+02 1.694825396825396879e+01 5.198005291005291184e+01
2.367783597883597793e+02 1.692164021164021293e+01 5.214888888888889085e+01
2.366148677248677359e+02 1.682317460317460345e+01 5.203021164021163969e+01
2.365739682539682462e+02 1.683216931216931300e+01 5.187846560846561061e+01
2.366707936507936552e+02 1.707089947089946946e+01 5.160476190476190794e+01
2.366397883597883549e+02 1.695021164021164140e+01 5.180566137566137286e+01
2.365109523809523751e+02 1.653402116402116562e+01 5.165534391534391290e+01
2.361178306878306898e+02 1.606814814814814696e+01 5.127111111111111086e+01
2.355764021164021074e+02 1.566190476190476133e+01 5.101423280423280460e+01
2.351565079365079498e+02 1.541809523809523874e+01 5.067825396825396922e+01
2.350610052910053014e+02 1.536026455026454940e+01 5.064534391534391489e+01
2.350426455026455130e+02 1.521973544973544890e+01 5.059169312169311894e+01
2.349556084656084636e+02 1.511031746031746081e+01 5.034068783068783404e+01
2.347824338624338623e+02 1.501486772486772558e+01 5.032857142857142918e+01
2.347162433862433772e+02 1.509216931216931279e+01 5.038010582010581828e+01
2.347452380952381077e+02 1.499079365079365012e+01 5.019179894179894319e+01
2.348372486772486809e+02 1.505291005291005213e+01 5.031862433862433903e+01
2.348050264550264501e+02 1.515698412698412767e+01 5.018476190476190624e+01
2.348751322751322732e+02 1.518476190476190446e+01 5.041746031746031775e+01
2.347792592592592484e+02 1.511063492063492042e+01 5.017402116402116263e+01
2.347540740740740830e+02 1.505518518518518434e+01 5.022708994708994368e+01
2.347891005291005229e+02 1.501867724867724796e+01 5.034767195767195602e+01
2.346145502645502745e+02 1.517190476190476112e+01 5.001444444444444315e+01
2.347089417989417939e+02 1.522724867724867792e+01 5.016957671957671749e+01
2.346643386243386260e+02 1.526158730158730137e+01 4.985841269841269963e+01
2.346398941798941848e+02 1.524095238095238081e+01 5.003052910052910107e+01
2.344094708994709038e+02 1.522809523809523746e+01 4.991465608465608739e+01
2.342609523809523751e+02 1.492846560846560777e+01 4.982169312169312292e+01
2.341391534391534321e+02 1.503777777777777835e+01 4.968407407407407561e+01
2.341032804232804097e+02 1.494222222222222207e+01 4.971693121693121498e+01
2.340637566137566239e+02 1.475597883597883531e+01 4.985148148148147840e+01
2.341555555555555657e+02 1.491867724867724831e+01 4.978851851851851507e+01
2.341240740740740875e+02 1.475984126984126910e+01 4.973719576719576452e+01
2.339519576719576719e+02 1.462571428571428633e+01 4.969206349206348960e+01
2.337474603174603089e+02 1.447931216931216980e+01 4.954915343915343584e+01
2.335999999999999943e+02 1.422634920634920697e+01 4.927439153439153330e+01
2.335817460317460359e+02 1.441010582010581942e+01 4.912544973544973459e+01
2.335671957671957557e+02 1.443777777777777693e+01 4.933100529100529030e+01
2.335472486772486889e+02 1.453396825396825420e+01 4.916656084656084857e+01
2.336085714285714232e+02 1.437899470899470877e+01 4.918798941798942082e+01
2.334988888888888994e+02 1.447756613756613753e+01 4.911100529100529144e+01
2.334268783068783080e+02 1.435476190476190439e+01 4.922687830687830512e+01
2.334114814814814736e+02 1.448841269841269863e+01 4.920835978835978608e+01
2.332876190476190459e+02 1.428026455026455110e+01 4.907994708994709043e+01
2.332759259259259181e+02 1.423455026455026484e+01 4.905624338624338776e+01
2.331816931216931152e+02 1.412492063492063465e+01 4.907523809523809177e+01
2.331885714285714357e+02 1.407645502645502589e+01 4.884285714285714164e+01
2.332393121693121714e+02 1.407682539682539691e+01 4.919201058201058174e+01
2.331776190476190607e+02 1.422365079365079410e+01 4.898899470899470998e+01
2.331728571428571399e+02 1.417052910052909986e+01 4.896328042328042329e+01
2.333812169312169260e+02 1.434417989417989503e+01 4.906820105820105482e+01
2.332949735449735442e+02 1.414608465608465693e+01 4.907867724867725201e+01
2.332706878306878195e+02 1.404063492063492014e+01 4.900777777777777544e+01
2.332049735449735408e+02 1.419386243386243329e+01 4.877888888888888630e+01
2.332638624338624425e+02 1.423560846560846649e+01 4.878523809523809263e+01
2.331763492063492151e+02 1.410354497354497383e+01 4.875190476190476119e+01
2.331980423280423338e+02 1.407947089947090014e+01 4.887195767195767360e+01
2.331106878306878230e+02 1.429624338624338620e+01 4.870396825396825591e+01
2.330750793650793753e+02 1.431306878306878261e+01 4.870386243386243308e+01
2.329622222222222092e+02 1.421068783068783148e+01 4.888195767195767161e+01
2.328948677248677370e+02 1.415846560846560820e+01 4.879470899470899781e+01
2.329671428571428464e+02 1.424349206349206298e+01 4.862841269841269565e+01
2.329032275132275061e+02 1.415925925925925988e+01 4.860365079365079310e+01
2.325462962962963047e+02 1.385534391534391574e+01 4.853867724867724576e+01
2.322230158730158678e+02 1.336089947089947039e+01 4.808391534391534350e+01
2.319966137566137547e+02 1.334380952380952401e+01 4.802296296296296418e+01
2.317773544973545086e+02 1.295037037037037031e+01 4.777502645502645606e+01
2.316545502645502665e+02 1.297291005291005206e+01 4.762259259259258926e+01
2.317005291005291099e+02 1.323253968253968260e+01 4.765984126984127300e+01
2.317571957671957534e+02 1.319470899470899461e+01 4.809793650793650954e+01
2.316817460317460302e+02 1.311756613756613810e+01 4.807185185185185361e+01
2.315421693121693067e+02 1.311915343915343968e+01 4.795846560846560891e+01
2.316101587301587301e+02 1.304550264550264593e+01 4.780888888888888744e+01
2.315914285714285654e+02 1.316656084656084680e+01 4.766216931216931130e+01
2.315423280423280517e+02 1.318529100529100617e+01 4.767470899470899326e+01
2.315485714285714209e+02 1.324587301587301624e+01 4.743291005291005291e+01
2.315913227513227639e+02 1.310576719576719640e+01 4.760708994708994624e+01
2.317545502645502609e+02 1.335835978835978821e+01 4.763883597883597787e+01
2.318110582010581879e+02 1.340095238095238095e+01 4.778322751322751571e+01
2.317878306878306773e+02 1.323089947089947138e+01 4.789481481481481495e+01
2.318010582010581970e+02 1.338841269841269899e+01 4.753227513227513157e+01
2.316425396825396774e+02 1.329137566137566218e+01 4.760582010582010781e+01
2.315613756613756493e+02 1.332952380952380977e+01 4.761417989417989105e+01
2.316498941798941757e+02 1.328915343915343961e+01 4.746216931216931556e+01
2.315617989417989406e+02 1.330306878306878282e+01 4.749851851851851592e+01
2.314788888888888891e+02 1.330571428571428605e+01 4.760291005291005462e+01
2.315100529100529059e+02 1.337439153439153472e+01 4.741957671957671749e+01
2.314696296296296225e+02 1.338238095238095227e+01 4.754619047619047478e+01
2.313895767195767235e+02 1.333613756613756607e+01 4.731428571428571672e+01
2.313840211640211635e+02 1.351550264550264480e+01 4.737232804232804284e+01
2.314066666666666663e+02 1.344306878306878339e+01 4.744433862433862714e+01
2.314698941798941689e+02 1.342010582010582098e+01 4.765328042328042102e+01
2.314389947089946986e+02 1.328767195767195730e+01 4.752047619047618809e+01
2.314993650793650772e+02 1.324830687830687914e+01 4.742650793650793872e+01
2.313385714285714414e+02 1.331671957671957607e+01 4.718058201058200751e+01
2.313115343915343942e+02 1.321137566137566211e+01 4.716582010582010298e+01
2.311460317460317526e+02 1.301333333333333364e+01 4.719158730158730464e+01
2.310525396825396740e+02 1.315164021164021158e+01 4.700465608465608369e+01
2.312443386243386385e+02 1.322597883597883595e+01 4.709264550264550309e+01
2.312361904761904725e+02 1.338476190476190553e+01 4.717793650793650784e+01
2.312560317460317378e+02 1.342703703703703688e+01 4.725910052910052883e+01
2.310715873015873001e+02 1.327820105820105745e+01 4.715899470899471169e+01
2.309549735449735408e+02 1.331539682539682623e+01 4.702084656084655734e+01
2.309770899470899508e+02 1.325560846560846606e+01 4.712100529100528945e+01
2.308822751322751401e+02 1.335783068783068828e+01 4.671248677248676984e+01
2.306169841269841356e+02 1.308560846560846613e+01 4.663703703703703951e+01
2.304351851851851904e+02 1.310925925925925917e+01 4.679058201058201405e+01
2.304678306878306842e+02 1.309746031746031747e+01 4.659386243386243365e+01
2.301732804232804313e+02 1.256698412698412781e+01 4.627793650793650926e+01
2.299610052910052787e+02 1.217306878306878382e+01 4.631544973544973232e+01
2.296777777777777771e+02 1.208333333333333393e+01 4.612904761904761841e+01
2.296399470899470998e+02 1.208137566137566132e+01 4.624010582010581771e+01
2.298235449735449833e+02 1.218428571428571416e+01 4.616640211640211788e+01
2.298619047619047535e+02 1.239671957671957614e+01 4.614968253968253720e+01
2.299238624338624390e+02 1.259116402116402078e+01 4.606354497354497113e+01
2.298012698412698285e+02 1.268264550264550294e+01 4.633851851851851933e+01
2.300192592592592575e+02 1.266798941798941769e+01 4.629063492063492191e+01
2.300556084656084579e+02 1.279116402116402185e+01 4.633116402116402099e+01
2.299826984126984257e+02 1.281238095238095198e+01 4.626460317460317384e+01
2.298348677248677348e+02 1.276650793650793680e+01 4.604158730158729895e+01
2.299659788359788308e+02 1.277756613756613824e+01 4.618291005291005291e+01
2.298907936507936540e+02 1.289338624338624406e+01 4.630015873015872785e+01
2.299853968253968333e+02 1.276121693121693035e+01 4.609037037037037265e+01
2.298886243386243393e+02 1.269428571428571395e+01 4.598846560846561005e+01
2.298715873015873115e+02 1.269291005291005270e+01 4.603201058201058515e+01
2.298392592592592507e+02 1.273529100529100511e+01 4.609412698412698717e+01
2.299087830687830660e+02 1.278174603174603163e+01 4.631296296296296333e+01
2.300014814814814770e+02 1.285301587301587389e+01 4.610529100529100788e+01
2.301631216931216954e+02 1.297825396825396815e+01 4.609687830687830967e+01
2.300925925925925810e+02 1.295767195767195723e+01 4.604851851851852018e+01
2.301276190476190493e+02 1.295031746031746067e+01 4.610703703703703837e+01
2.301237566137566262e+02 1.295867724867724924e+01 4.621105820105820072e+01
2.302374074074074031e+02 1.305201058201058117e+01 4.619846560846561090e+01
2.301563492063492049e+02 1.302587301587301560e+01 4.638222222222222513e+01
2.301083068783068768e+02 1.306280423280423264e+01 4.624730158730158536e+01
2.300868253968253896e+02 1.304343915343915405e+01 4.631296296296296333e+01
2.302250264550264660e+02 1.309328042328042407e+01 4.637883597883597986e+01
2.301671428571428635e+02 1.311507936507936556e+01 4.637571428571428811e+01
2.301491005291005365e+02 1.316597883597883545e+01 4.612920634920634910e+01
2.301165079365079293e+02 1.322026455026455061e+01 4.608164021164021307e+01
2.299723280423280301e+02 1.310058201058201099e+01 4.605497354497354223e+01
2.299797883597883583e+02 1.316989417989418065e+01 4.588746031746031662e+01
2.300444444444444514e+02 1.312354497354497340e+01 4.588455026455026342e+01
2.299682539682539755e+02 1.324328042328042265e+01 4.571761904761904560e+01
2.300746031746031690e+02 1.309756613756613675e+01 4.590708994708995050e+01
2.299901058201058106e+02 1.328698412698412668e+01 4.592835978835978494e+01
2.300423809523809382e+02 1.329407407407407327e+01 4.590761904761905043e+01
2.300314814814814781e+02 1.313306878306878289e+01 4.604439153439153642e+01
2.298309523809523682e+02 1.316370370370370324e+01 4.599804232804233095e+01
2.299462962962963104e+02 1.320201058201058153e+01 4.589714285714286035e+01
2.299760846560846517e+02 1.311730158730158813e+01 4.594783068783068813e+01
2.298819047619047637e+02 1.309788359788359813e+01 4.587269841269841208e+01
2.298185714285714312e+02 1.316031746031745975e+01 4.572999999999999687e+01
2.297389417989417950e+02 1.312804232804232818e+01 4.573322751322751145e+01
2.298001587301587278e+02 1.314560846560846485e+01 4.554878306878306660e+01
2.297084656084656160e+02 1.294497354497354458e+01 4.576248677248677410e+01
2.296217989417989429e+02 1.294814814814814774e+01 4.565894179894179672e+01
2.295805291005291053e+02 1.303349206349206391e+01 4.544645502645502688e+01
2.295913227513227639e+02 1.301888888888888829e+01 4.544126984126984325e+01
2.294461904761904805e+02 1.306275132275132300e+01 4.533253968253968225e+01
2.294411111111110984e+02 1.302809523809523817e+01 4.545550264550264785e+01
2.294106878306878343e+02 1.294952380952380899e+01 4.566571428571428726e+01
2.293005820105820192e+02 1.302947089947089943e+01 4.540640211640211987e+01
2.290879365079365186e+02 1.294476190476190425e+01 4.519449735449735783e+01
2.289029100529100447e+02 1.293423280423280453e+01 4.501529100529100447e+01
2.289868253968253953e+02 1.291079365079365004e+01 4.531185185185184849e+01
2.290176719576719506e+02 1.292989417989418044e+01 4.544994708994708787e+01
2.290487830687830808e+02 1.283719576719576771e+01 4.545084656084656416e+01
2.288859259259259318e+02 1.281835978835978906e+01 4.530089947089947344e+01
2.288522222222222240e+02 1.271497354497354415e+01 4.523624338624338748e+01
2.286856613756613683e+02 1.280322751322751351e+01 4.518497354497354479e+01
2.286182539682539812e+02 1.263322751322751358e+01 4.520222222222222541e+01
2.287040211640211567e+02 1.261095238095238180e+01 4.501703703703703496e+01
2.287642328042327904e+02 1.270232804232804291e+01 4.522603174603174381e+01
2.286011111111111234e+02 1.265216931216931151e+01 4.501571428571428868e+01
2.283705820105820123e+02 1.261486772486772523e+01 4.494571428571428839e+01
2.284697354497354524e+02 1.256825396825396801e+01 4.482121693121693085e+01
2.284594708994708867e+02 1.255862433862433925e+01 4.466587301587301795e+01
2.283481481481481410e+02 1.242973544973544975e+01 4.454243386243386027e+01
2.282650264550264581e+02 1.252883597883597844e+01 4.451153439153438995e+01
2.281850264550264455e+02 1.249460317460317427e+01 4.445666666666666345e+01
2.281561904761904884e+02 1.255925925925925846e+01 4.450005291005290786e+01
2.280478835978836116e+02 1.245724867724867657e+01 4.466439153439153387e+01
2.279615873015873149e+02 1.232010582010581956e+01 4.468544973544973686e+01
2.279759788359788502e+02 1.220650793650793631e+01 4.456978835978836173e+01
2.278877248677248701e+02 1.229248677248677168e+01 4.439507936507936847e+01
2.278167195767195778e+02 1.222507936507936499e+01 4.446888888888889113e+01
2.279533862433862339e+02 1.237047619047619129e+01 4.425619047619047564e+01
2.278731746031745899e+02 1.252343915343915270e+01 4.434550264550264842e+01
2.279014285714285677e+02 1.239100529100529080e+01 4.421322751322751543e+01
2.276098941798941837e+02 1.230280423280423285e+01 4.412730158730158792e+01
2.276373544973544938e+02 1.227206349206349145e+01 4.418851851851852075e+01
2.274083597883597747e+02 1.222227513227513285e+01 4.394306878306878161e+01
2.272489417989417859e+02 1.218534391534391581e+01 4.402190476190476431e+01
2.272221693121693136e+02 1.222534391534391496e+01 4.402470899470899468e+01
2.274318518518518601e+02 1.210925925925925917e+01 4.398407407407407277e+01
2.273986243386243302e+02 1.203439153439153486e+01 4.413068783068783318e+01
2.275457142857142969e+02 1.221301587301587332e+01 4.409555555555555628e+01
2.274538624338624402e+02 1.215640211640211632e+01 4.407761904761904503e+01
2.274970370370370460e+02 1.212476190476190396e+01 4.401486772486772736e+01
2.273618518518518385e+02 1.211640211640211717e+01 4.398735449735449521e+01
2.272917460317460439e+02 1.211169312169312207e+01 4.403857142857143003e+01
2.273844973544973413e+02 1.217529100529100461e+01 4.406661375661375502e+01
2.273859788359788467e+02 1.214740740740740677e+01 4.390851851851851961e+01
2.273829100529100629e+02 1.221820105820105873e+01 4.397111111111111370e+01
2.272563492063491992e+02 1.227957671957671870e+01 4.384470899470899496e+01
2.271816931216931152e+02 1.217793650793650784e+01 4.384624338624338691e+01
2.270373015873015845e+02 1.215788359788359863e+01 4.365571428571428925e+01
2.270379365079365073e+02 1.211306878306878332e+01 4.389179894179893893e+01
2.269072486772486741e+02 1.213439153439153451e+01 4.361312169312169118e+01
2.268594708994708924e+02 1.206232804232804234e+01 4.352285714285714135e+01
2.267713227513227423e+02 1.195962962962962983e+01 4.343714285714285950e+01
2.266643386243386260e+02 1.204211640211640244e+01 4.356899470899470828e+01
2.267472486772486775e+02 1.192349206349206270e+01 4.346365079365079254e+01
2.265970899470899553e+02 1.190825396825396787e+01 4.348121693121693454e+01
2.267688359788359662e+02 1.197439153439153436e+01 4.363746031746031662e+01
2.266742857142857019e+02 1.198931216931216959e+01 4.372650793650793588e+01
2.266138095238095218e+02 1.199275132275132272e+01 4.339582010582010696e+01
2.266243915343915205e+02 1.199328042328042265e+01 4.347222222222222143e+01
2.266114285714285757e+02 1.209460317460317391e+01 4.338582010582010895e+01
2.265212698412698273e+02 1.197111111111111192e+01 4.335206349206349330e+01
2.265240740740740648e+02 1.205343915343915384e+01 4.335026455026454784e+01
2.264623809523809541e+02 1.200190476190476119e+01 4.324947089947090006e+01
2.264039153439153438e+02 1.191481481481481453e+01 4.311883597883598185e+01
2.264241269841269855e+02 1.184830687830687879e+01 4.308232804232804369e+01
2.263474603174603033e+02 1.174751322751322746e+01 4.316894179894180184e+01
2.261552380952381043e+02 1.169999999999999929e+01 4.295666666666666345e+01
2.260255555555555418e+02 1.163650793650793602e+01 4.306629629629629363e+01
2.256770370370370244e+02 1.152640211640211554e+01 4.283359788359788212e+01
2.255734920634920684e+02 1.135994708994708979e+01 4.288396825396825562e+01
2.254229100529100549e+02 1.119296296296296234e+01 4.278259259259259295e+01
2.254016402116401991e+02 1.125359788359788382e+01 4.267862433862433846e+01
2.253048148148148186e+02 1.131005291005291014e+01 4.268391534391534492e+01
2.252635978835978960e+02 1.135084656084656096e+01 4.248301587301587290e+01
2.254314814814814838e+02 1.144714285714285751e+01 4.258380952380952067e+01
2.254179365079365027e+02 1.128253968253968331e+01 4.274756613756613888e+01
2.254765079365079430e+02 1.139492063492063423e+01 4.265306878306878247e+01
2.253769841269841265e+02 1.141031746031745975e+01 4.247962962962962763e+01
2.253660317460317515e+02 1.150169312169312086e+01 4.252031746031745740e+01
2.253544973544973686e+02 1.161142857142857210e+01 4.277243386243386425e+01
2.252977248677248667e+02 1.168798941798941726e+01 4.255243386243386539e+01
2.253578835978835855e+02 1.157835978835978885e+01 4.276492063492063522e+01
2.255048148148148073e+02 1.145873015873015888e+01 4.275608465608465281e+01
2.254388888888888971e+02 1.134391534391534329e+01 4.266947089947090177e+01
2.252532804232804153e+02 1.129269841269841201e+01 4.251656084656085000e+01
2.251557671957671971e+02 1.115671957671957593e+01 4.237968253968254118e+01
2.250070899470899519e+02 1.105920634920634882e+01 4.237608465608465735e+01
2.249479365079365039e+02 1.102777777777777857e+01 4.222264550264550564e+01
2.247776190476190550e+02 1.110047619047618994e+01 4.217767195767195432e+01
2.245834391534391443e+02 1.105301587301587318e+01 4.200682539682539840e+01
2.245787830687830819e+02 1.096846560846560870e+01 4.200751322751322903e+01
2.245648148148148096e+02 1.091973544973544996e+01 4.199703703703703894e+01
2.243880423280423315e+02 1.086825396825396872e+01 4.197656084656084374e+01
2.241425396825396774e+02 1.078169312169312200e+01 4.197343915343915199e+01
2.241402116402116462e+02 1.068915343915343996e+01 4.191359788359788041e+01
2.241281481481481421e+02 1.075349206349206277e+01 4.207793650793650642e+01
2.240661375661375700e+02 1.078693121693121704e+01 4.169439153439153500e+01
2.239965608465608398e+02 1.087698412698412653e+01 4.153751322751323016e+01
2.239128571428571490e+02 1.089121693121693113e+01 4.151507936507936591e+01
2.240528042328042204e+02 1.093719576719576736e+01 4.163000000000000256e+01
2.239142328042327961e+02 1.095931216931216845e+01 4.160370370370370097e+01
2.239725396825396899e+02 1.100661375661375629e+01 4.166825396825397121e+01
2.239702116402116303e+02 1.095502645502645578e+01 4.165783068783068899e+01
2.239468783068783182e+02 1.103783068783068799e+01 4.182100529100529229e+01
2.239721693121693136e+02 1.096238095238095234e+01 4.172571428571428243e+01
2.238906878306878241e+02 1.095058201058201064e+01 4.146412698412698461e+01
2.237710582010581959e+02 1.094698412698412682e+01 4.153830687830687651e+01
2.238144973544973482e+02 1.093201058201058196e+01 4.142857142857143060e+01
2.237310052910052889e+02 1.089634920634920690e+01 4.153640211640211533e+01
2.236492592592592530e+02 1.087359788359788304e+01 4.147539682539682815e+01
2.235295767195767098e+02 1.081550264550264551e+01 4.148830687830687936e+01
2.235623280423280335e+02 1.079825396825396844e+01 4.158015873015872899e+01
2.235013756613756755e+02 1.080137566137566196e+01 4.132285714285714562e+01
2.234988359788359844e+02 1.087005291005291063e+01 4.133751322751322732e+01
2.234824338624338509e+02 1.080793650793650862e+01 4.117555555555555458e+01
2.234756084656084738e+02 1.075973544973544982e+01 4.128243386243386226e+01
2.235359788359788240e+02 1.073947089947090028e+01 4.116280423280423406e+01
2.233905291005291076e+02 1.077555555555555600e+01 4.108005291005291326e+01
2.235950264550264421e+02 1.076042328042328045e+01 4.125169312169312263e+01
2.234058201058201121e+02 1.091349206349206291e+01 4.123259259259259579e+01
2.233029629629629653e+02 1.087708994708994759e+01 4.103000000000000114e+01
2.232068253968253941e+02 1.092507936507936428e+01 4.093841269841269792e+01
2.231106349206349080e+02 1.083068783068783070e+01 4.082005291005290815e+01
2.230130158730158598e+02 1.063772486772486836e+01 4.075962962962962877e+01
2.227153439153439081e+02 1.065470899470899546e+01 4.047925925925925839e+01
2.227341269841269877e+02 1.058365079365079353e+01 4.048984126984127130e+01
2.227789947089947020e+02 1.064619047619047620e+01 4.063412698412698632e+01
2.228678306878306898e+02 1.065634920634920668e+01 4.081031746031746366e+01
2.229298412698412619e+02 1.058730158730158699e+01 4.075978835978835946e+01
2.230938095238095116e+02 1.088820105820105866e+01 4.100312169312169175e+01
2.233773544973545029e+02 1.097449735449735364e+01 4.112185185185185077e+01
2.233766137566137502e+02 1.091878306878306937e+01 4.103026455026454755e+01
2.233998412698412608e+02 1.102523809523809462e+01 4.107984126984126760e+01
2.233301587301587290e+02 1.105365079365079417e+01 4.115497354497354365e+01
2.233313227513227446e+02 1.103328042328042358e+01 4.108925925925925782e+01
2.233381481481481501e+02 1.099904761904761941e+01 4.109259259259259522e+01
2.231899999999999977e+02 1.080962962962962948e+01 4.095285714285714107e+01
2.229699470899470839e+02 1.085566137566137535e+01 4.075460317460317583e+01
2.228169841269841243e+02 1.090724867724867764e+01 4.056534391534391659e+01
2.227692063492063426e+02 1.078566137566137506e+01 4.047576719576719739e+01
2.227746031746031861e+02 1.083640211640211604e+01 4.065423280423280517e+01
2.227813756613756482e+02 1.083735449735449663e+01 4.045338624338624101e+01
2.224419576719576810e+02 1.067788359788359820e+01 4.005301587301587318e+01
2.226057671957671857e+02 1.075798941798941755e+01 4.028174603174603163e+01
2.227914285714285825e+02 1.089968253968253897e+01 4.060248677248677041e+01
2.227225396825396899e+02 1.087835978835978779e+01 4.053169312169312377e+01
2.228067195767195869e+02 1.087052910052910093e+01 4.056746031746031633e+01
2.228418518518518567e+02 1.094962962962963005e+01 4.057238095238095354e+01
2.227328042328042272e+02 1.092873015873015952e+01 4.054264550264550593e+01
2.228037037037036896e+02 1.100962962962962877e+01 4.059984126984127073e+01
2.228905820105820226e+02 1.105989417989417944e+01 4.051365079365079680e+01
2.226938095238095343e+02 1.092571428571428527e+01 4.045582010582010923e+01
2.227276719576719586e+02 1.105243386243386183e+01 4.046010582010581658e+01
2.226868253968253839e+02 1.104359788359788297e+01 4.050407407407407590e+01
2.225883597883597815e+02 1.094910052910052833e+01 4.026624338624338861e+01
2.224726455026454914e+02 1.088629629629629569e+01 4.036746031746032060e+01
2.223387301587301579e+02 1.079343915343915405e+01 4.028571428571428470e+01
2.220532804232804267e+02 1.078550264550264615e+01 4.016296296296296475e+01
2.220842857142857270e+02 1.069380952380952365e+01 4.024089947089947117e+01
2.219421693121693124e+02 1.066349206349206291e+01 4.020507936507936364e+01
2.221835978835978835e+02 1.072809523809523746e+01 4.027883597883597844e+01
2.220766137566137672e+02 1.083100529100529030e+01 4.021365079365079254e+01
2.222476719576719688e+02 1.069714285714285751e+01 4.034349206349206440e+01
2.223530687830687782e+02 1.077153439153439152e+01 4.040645502645502773e+01
2.223758201058201109e+02 1.080719576719576658e+01 4.038306878306878644e+01
2.222934391534391523e+02 1.092936507936507873e+01 4.045333333333333314e+01
2.221618518518518499e+02 1.085899470899470920e+01 4.027359788359788695e+01
2.222150793650793617e+02 1.085502645502645436e+01 4.016095238095238074e+01
2.221700529100529025e+02 1.086095238095238180e+01 4.027343915343915626e+01
2.221485185185185287e+02 1.089851851851851805e+01 4.011396825396825250e+01
2.220054497354497300e+02 1.079931216931217008e+01 3.994873015873015731e+01
2.220095767195767280e+02 1.089777777777777779e+01 3.991280423280423406e+01
2.219117460317460200e+02 1.091878306878306937e+01 3.998052910052910391e+01
2.219591005291005388e+02 1.091677248677248713e+01 4.024222222222222456e+01
2.221376719576719552e+02 1.088613756613756678e+01 4.016835978835978693e+01
2.220710052910052923e+02 1.080132275132275055e+01 4.016296296296296475e+01
2.219393650793650750e+02 1.082179894179894220e+01 4.023640211640211817e+01
2.219784126984127113e+02 1.075015873015873069e+01 4.009761904761904816e+01
2.218815343915343874e+02 1.090910052910052919e+01 4.001285714285714334e+01
2.218953439153439149e+02 1.084941798941799007e+01 3.996211640211640059e+01
2.219196825396825261e+02 1.094158730158730108e+01 4.003370370370370068e+01
2.218867195767195710e+02 1.082846560846560813e+01 4.009703703703704036e+01
2.216677777777777862e+02 1.075984126984126910e+01 3.987433862433862686e+01
2.216160317460317515e+02 1.064640211640211653e+01 3.975227513227513043e+01
2.215004232804232913e+02 1.060941798941798986e+01 3.971126984126983928e+01
2.213369312169312195e+02 1.064788359788359706e+01 3.953746031746031520e+01
2.213527513227513168e+02 1.064539682539682453e+01 3.953994708994709129e+01
2.212984126984127045e+02 1.066518518518518555e+01 3.979185185185185247e+01
2.214164550264550257e+02 1.070428571428571374e+01 3.972820105820105852e+01
2.214506878306878264e+02 1.068243386243386261e+01 3.990841269841269678e+01
2.215156613756613808e+02 1.071582010582010547e+01 3.982608465608465309e+01
2.213171428571428692e+02 1.073370370370370352e+01 3.957677248677248372e+01
2.211083068783068768e+02 1.059492063492063529e+01 3.955708994708994908e+01
2.210707936507936608e+02 1.047798941798941819e+01 3.942132275132274799e+01
2.209859259259259261e+02 1.043984126984127059e+01 3.929793650793650528e+01
2.209042328042328052e+02 1.055640211640211668e+01 3.929671957671957472e+01
2.206384126984127079e+02 1.038042328042327966e+01 3.916931216931217108e+01
2.207053439153439172e+02 1.040666666666666629e+01 3.922656084656084374e+01
2.208374603174603124e+02 1.048481481481481481e+01 3.917746031746031576e+01
2.209519576719576719e+02 1.050719576719576764e+01 3.928481481481481552e+01
2.208120634920634870e+02 1.051391534391534321e+01 3.926068783068782864e+01
2.208183068783068848e+02 1.054666666666666686e+01 3.925386243386243734e+01
2.206733862433862328e+02 1.047597883597883595e+01 3.929783068783068956e+01
2.205867195767195881e+02 1.042476190476190467e+01 3.914068783068783119e+01
2.206488888888888766e+02 1.040455026455026477e+01 3.904708994708994396e+01
2.207241798941798834e+02 1.047227513227513285e+01 3.909391534391534151e+01
2.206698941798941860e+02 1.041867724867724831e+01 3.917375661375661622e+01
2.207022222222222183e+02 1.043708994708994631e+01 3.916195767195767274e+01
2.206218518518518579e+02 1.040772486772486793e+01 3.907074074074073877e+01
2.207317460317460416e+02 1.049095238095238081e+01 3.905211640211640400e+01
2.205662433862434000e+02 1.057455026455026470e+01 3.908597883597883538e+01
2.207052910052910022e+02 1.059539682539682559e+01 3.901042328042328222e+01
2.206800000000000068e+02 1.054370370370370402e+01 3.911052910052909937e+01
2.204162433862433943e+02 1.051269841269841265e+01 3.893587301587301397e+01
2.205715343915343851e+02 1.050476190476190474e+01 3.898851851851851791e+01
2.203937037037036930e+02 1.041211640211640166e+01 3.895783068783068614e+01
2.203903174603174477e+02 1.038121693121693134e+01 3.882793650793650642e+01
2.201047089947090001e+02 1.050640211640211596e+01 3.876767195767195773e+01
2.200885714285714414e+02 1.047502645502645535e+01 3.869571428571428839e+01
2.200126984126984269e+02 1.047698412698412618e+01 3.854470899470899781e+01
2.200967195767195790e+02 1.046613756613756685e+01 3.874291005291005519e+01
2.202094179894180002e+02 1.045058201058201064e+01 3.886698412698412852e+01
2.203884126984127079e+02 1.054005291005291056e+01 3.895476190476190226e+01
2.203440740740740864e+02 1.062312169312169274e+01 3.886788359788359770e+01
2.205189417989417962e+02 1.066312169312169367e+01 3.893047619047619179e+01
2.202555026455026450e+02 1.073116402116402135e+01 3.919984126984127215e+01
2.201168783068783057e+02 1.059116402116402078e+01 3.886333333333333684e+01
2.198624338624338748e+02 1.049756613756613710e+01 3.882391534391534549e+01
2.196852380952381054e+02 1.037915343915343946e+01 3.867375661375661622e+01
2.196323280423280551e+02 1.038470899470899411e+01 3.856587301587301653e+01
2.195919576719576582e+02 1.039365079365079403e+01 3.854730158730158962e+01
2.194599470899470930e+02 1.032693121693121618e+01 3.837735449735449578e+01
2.195668253968254078e+02 1.034068783068783048e+01 3.833312169312169004e+01
2.197250793650793526e+02 1.035455026455026406e+01 3.824142857142857110e+01
2.194467195767195733e+02 1.037481481481481538e+01 3.830042328042328137e+01
2.195146560846560817e+02 1.028238095238095262e+01 3.825074074074073849e+01
2.194778835978835900e+02 1.014899470899470835e+01 3.823444444444444201e+01
2.192837566137566228e+02 1.019317460317460267e+01 3.828148148148147811e+01
2.191983068783068802e+02 1.027788359788359784e+01 3.796074074074073934e+01
2.192852910052910147e+02 1.029682539682539755e+01 3.789216931216931528e+01
2.193544973544973686e+02 1.030317460317460387e+01 3.790751322751322760e+01
2.193527513227513168e+02 1.029259259259259274e+01 3.810222222222222399e+01
2.194077777777777669e+02 1.035047619047618994e+01 3.813809523809523938e+01
2.194080423280423418e+02 1.031243386243386162e+01 3.815079365079365203e+01
2.193420105820105732e+02 1.029841269841269913e+01 3.812677248677248798e+01
2.192848148148148084e+02 1.040296296296296319e+01 3.791222222222221916e+01
2.191816402116402003e+02 1.033814814814814831e+01 3.791354497354497255e+01
2.188775661375661343e+02 1.029962962962962969e+01 3.788851851851851649e+01
2.188760846560846574e+02 1.031518518518518590e+01 3.772571428571428243e+01
2.188342857142857270e+02 1.024164021164021143e+01 3.785158730158730123e+01
2.187439682539682622e+02 1.022280423280423278e+01 3.775534391534391432e+01
2.189631746031745934e+02 1.025238095238095326e+01 3.784502645502645635e+01
2.190785714285714221e+02 1.030121693121693127e+01 3.813984126984126988e+01
2.192713227513227423e+02 1.038793650793650869e+01 3.795851851851851677e+01
2.192174603174603078e+02 1.032544973544973566e+01 3.806116402116401787e+01
2.193051851851851950e+02 1.035396825396825449e+01 3.789021164021163912e+01
2.192921164021163918e+02 1.035195767195767225e+01 3.793026455026455324e+01
2.190564021164021256e+02 1.032719576719576793e+01 3.790306878306878247e+01
2.189697883597883674e+02 1.027999999999999936e+01 3.784005291005291127e+01
2.189491005291005195e+02 1.022402116402116334e+01 3.778788359788359941e+01
2.187962962962963047e+02 1.021952380952381034e+01 3.758433862433862771e+01
2.187982539682539596e+02 1.022925925925925839e+01 3.769190476190475891e+01
2.186434391534391466e+02 1.033190476190476126e+01 3.750529100529100646e+01
2.186595238095238187e+02 1.026920634920634967e+01 3.751640211640211930e+01
2.186373544973544938e+02 1.020005291005291070e+01 3.742523809523809319e+01
2.186368253968254010e+02 1.025063492063492099e+01 3.734772486772487099e+01
2.186049735449735465e+02 1.023042328042328108e+01 3.737492063492063465e+01
2.186144444444444446e+02 1.015343915343915349e+01 3.739031746031746195e+01
2.185694179894179854e+02 1.011687830687830747e+01 3.738640211640211675e+01
2.184526455026455096e+02 1.015349206349206312e+01 3.742904761904761557e+01
2.183135978835978790e+02 1.000566137566137570e+01 3.743597883597883680e+01
2.184102645502645430e+02 1.009772486772486744e+01 3.754058201058201405e+01
2.182681481481481569e+02 1.007010582010581956e+01 3.747476190476190538e+01
2.182384656084656172e+02 1.014402116402116327e+01 3.737777777777777999e+01
2.182515343915343919e+02 1.007275132275132279e+01 3.731735449735450061e+01
2.183097354497354559e+02 1.004920634920634903e+01 3.720962962962963161e+01
2.183468253968254089e+02 1.006613756613756649e+01 3.736693121693121356e+01
2.181783597883597849e+02 1.010195767195767225e+01 3.726026455026455153e+01
2.181010052910052934e+02 9.997248677248677495e+00 3.729164021164021392e+01
2.181286772486772350e+02 1.009132275132275147e+01 3.738708994708994737e+01
2.181150264550264524e+02 9.993809523809524364e+00 3.726592592592592723e+01
2.179842857142857042e+02 1.008772486772486765e+01 3.710857142857143032e+01
2.179166137566137706e+02 9.951428571428571956e+00 3.707264550264549996e+01
2.179152380952380952e+02 1.018761904761904802e+01 3.706238095238095553e+01
2.180620634920634870e+02 1.017613756613756593e+01 3.726121693121692857e+01
2.181873015873015902e+02 1.022613756613756664e+01 3.713476190476190197e+01
2.181522751322751219e+02 1.026904761904761898e+01 3.703608465608465394e+01
2.181610052910052957e+02 1.017761904761904823e+01 3.718555555555555259e+01
2.179996825396825386e+02 1.017640211640211589e+01 3.729375661375661366e+01
2.177967195767195676e+02 1.004867724867724910e+01 3.717978835978836116e+01
2.177010582010582027e+02 9.990793650793650116e+00 3.700142857142856911e+01
2.176693121693121782e+02 1.007529100529100496e+01 3.705100529100528917e+01
2.176402645502645612e+02 1.003862433862433789e+01 3.691396825396825676e+01
2.175531746031745968e+02 1.001449735449735456e+01 3.691793650793650983e+01
2.176535978835978824e+02 1.013640211640211675e+01 3.686291005291005263e+01
2.176784126984126999e+02 1.007756613756613717e+01 3.678031746031746252e+01
2.176815343915343988e+02 1.002111111111111086e+01 3.688830687830687793e+01
2.175235978835978869e+02 1.004428571428571360e+01 3.677190476190476431e+01
2.174158201058201030e+02 1.003280423280423328e+01 3.683280423280423577e+01
2.174001058201058072e+02 1.005952380952381020e+01 3.691195767195767274e+01
2.174376719576719665e+02 1.003216931216931229e+01 3.697878306878306631e+01
2.174666137566137536e+02 1.004798941798941847e+01 3.701391534391534321e+01
2.176016931216931312e+02 1.014116402116402149e+01 3.698878306878307143e+01
2.175029100529100390e+02 1.012698412698412653e+01 3.686989417989418172e+01
2.174107407407407493e+02 1.012063492063492021e+01 3.684783068783068671e+01
2.173049735449735351e+02 1.007989417989417902e+01 3.662084656084655876e+01
2.172434391534391409e+02 1.002634920634920590e+01 3.644476190476190425e+01
2.170422222222222217e+02 1.009671957671957720e+01 3.644825396825396524e+01
2.171359788359788467e+02 1.003936507936507994e+01 3.641433862433862600e+01
2.170574074074073962e+02 1.004079365079365083e+01 3.660132275132275481e+01
2.170366666666666617e+02 1.000708994708994659e+01 3.664179894179893893e+01
2.169080952380952283e+02 9.972698412698413506e+00 3.658116402116402099e+01
2.169226984126984235e+02 1.002222222222222214e+01 3.647264550264550564e+01
2.168692063492063369e+02 1.013386243386243457e+01 3.621682539682539925e+01
2.168855555555555554e+02 1.012343915343915413e+01 3.636317460317460615e+01
2.171033333333333246e+02 1.005708994708994730e+01 3.632063492063492305e+01
2.170262962962962945e+02 1.013142857142857167e+01 3.629989417989418143e+01
2.169537566137566102e+02 1.006592592592592617e+01 3.638238095238095582e+01
2.168428571428571558e+02 1.009661375661375615e+01 3.617291005291005490e+01
2.168241798941799061e+02 9.976878306878306901e+00 3.607148148148148437e+01
2.167424867724867852e+02 9.998359788359788780e+00 3.594936507936508008e+01
2.165943915343915478e+02 9.995026455026454926e+00 3.605730158730158763e+01
2.165945502645502643e+02 1.002719576719576722e+01 3.600624338624338350e+01
2.164042328042328052e+02 1.007666666666666622e+01 3.587502645502645748e+01
2.164857142857142946e+02 1.004037037037037017e+01 3.591910052910053253e+01
2.165096296296296430e+02 9.976560846560847295e+00 3.586052910052909937e+01
2.163897883597883549e+02 9.950582010582010639e+00 3.597809523809523569e+01
2.163370370370370495e+02 9.899735449735450388e+00 3.585862433862433818e+01
2.162344444444444491e+02 9.980899470899471382e+00 3.571486772486772310e+01
2.162137566137566012e+02 9.925925925925925597e+00 3.586433862433862174e+01
2.164147089947090024e+02 1.006814814814814874e+01 3.581132275132274856e+01
2.163921164021164145e+02 1.008021164021164040e+01 3.588153439153439450e+01
2.163023280423280426e+02 1.000507936507936435e+01 3.596746031746031491e+01
2.162883597883597986e+02 1.000481481481481438e+01 3.601724867724868062e+01
2.162185185185185219e+02 9.990529100529100148e+00 3.594153439153438967e+01
2.162312698412698353e+02 1.007968253968254047e+01 3.585560846560846215e+01
2.161975132275132410e+02 1.002206349206349145e+01 3.573677248677248741e+01
2.160092063492063517e+02 1.008142857142857096e+01 3.564835978835979091e+01
2.159610582010581936e+02 9.912275132275132350e+00 3.580481481481481154e+01
2.158337037037036907e+02 9.922962962962962763e+00 3.576349206349206611e+01
2.156727513227513100e+02 9.877037037037036171e+00 3.555396825396825733e+01
2.157747089947089876e+02 9.873068783068783105e+00 3.562492063492063465e+01
2.156703703703703638e+02 9.847301587301586778e+00 3.535391534391534663e+01
2.157912698412698376e+02 9.779365079365080149e+00 3.555994708994708731e+01
2.156910582010582118e+02 9.843439153439152989e+00 3.554772486772486673e+01
2.158588359788359696e+02 1.005470899470899404e+01 3.561253968253968338e+01
2.158529100529100617e+02 1.005111111111111200e+01 3.553973544973545273e+01
2.158883597883597929e+02 9.995873015873016243e+00 3.553291005291005433e+01
2.161760846560846687e+02 1.001227513227513199e+01 3.567867724867724633e+01
2.161366666666666561e+02 1.007153439153439223e+01 3.572708994708994368e+01
2.161585185185185196e+02 1.013989417989417952e+01 3.565613756613756635e+01
2.160943386243386328e+02 1.014185185185185212e+01 3.567142857142857082e+01
2.160563492063492106e+02 1.003439153439153486e+01 3.562571428571428811e+01
2.160483597883597895e+02 1.000941798941799021e+01 3.537857142857142634e+01
2.159878835978836094e+02 1.004957671957672005e+01 3.545883597883597815e+01
2.156241269841269741e+02 9.929047619047619122e+00 3.528148148148147811e+01
2.156294179894179877e+02 9.915291005291004822e+00 3.516947089947090177e+01
2.155584656084656103e+02 9.987407407407406623e+00 3.516222222222221916e+01
2.155802645502645589e+02 9.856984126984126959e+00 3.533222222222222086e+01
2.153781481481481421e+02 9.790476190476191221e+00 3.508206349206349017e+01
2.154310582010581925e+02 9.849259259259259380e+00 3.503576719576719256e+01
2.154852910052910033e+02 9.891216931216931130e+00 3.506079365079364862e+01
2.156253439153439047e+02 9.781269841269841336e+00 3.514460317460317640e+01
2.156333862433862407e+02 9.967460317460316688e+00 3.537513227513227321e+01
2.157824867724867772e+02 1.001756613756613845e+01 3.521798941798941485e+01
2.158437037037037101e+02 1.005338624338624420e+01 3.549417989417989361e+01
2.156284656084656035e+02 1.004264550264550238e+01 3.541566137566137229e+01
2.156012169312169249e+02 1.003730158730158806e+01 3.545455026455026371e+01
2.154496296296296407e+02 1.002386243386243336e+01 3.534121693121693397e+01
2.154496296296296407e+02 1.001767195767195773e+01 3.515026455026455210e+01
2.152632275132275197e+02 9.925767195767194906e+00 3.485640211640211561e+01
2.151632804232804119e+02 9.933915343915343144e+00 3.490534391534391290e+01
2.148703703703703809e+02 9.752010582010582240e+00 3.474021164021164054e+01
2.145052910052910136e+02 9.443015873015873751e+00 3.471142857142856997e+01
2.141345502645502563e+02 9.394179894179893964e+00 3.423031746031745826e+01
2.141280423280423406e+02 9.511587301587301368e+00 3.447994708994708901e+01
2.142119576719576628e+02 9.547566137566137812e+00 3.446216931216931556e+01
2.141548677248677279e+02 9.579523809523809774e+00 3.422116402116402156e+01
2.141998412698412722e+02 9.505185185185185404e+00 3.430037037037037351e+01
2.142449735449735329e+02 9.526031746031746295e+00 3.449772486772486957e+01
2.142397883597883492e+02 9.476243386243385913e+00 3.428402116402116206e+01
2.143178306878306785e+02 9.462275132275133060e+00 3.441380952380952607e+01
2.141589947089946975e+02 9.529259259259259096e+00 3.414830687830687594e+01
2.140728571428571456e+02 9.449788359788358960e+00 3.415333333333333599e+01
2.139625396825396706e+02 9.509523809523809490e+00 3.408783068783068870e+01
2.139013756613756527e+02 9.465449735449736224e+00 3.404343915343915228e+01
2.140150264550264581e+02 9.403968253968253421e+00 3.404423280423280573e+01
2.138460317460317412e+02 9.408835978835979219e+00 3.382624338624338378e+01
2.135623280423280335e+02 9.432275132275131924e+00 3.398904761904761784e+01
2.135778835978835843e+02 9.447513227513226752e+00 3.404629629629629761e+01
2.136096296296296373e+02 9.425555555555556353e+00 3.397439153439153614e+01
2.136777777777777771e+02 9.443121693121693028e+00 3.400444444444444514e+01
2.139109523809523807e+02 9.508677248677248173e+00 3.419079365079365118e+01
2.139892063492063414e+02 9.428095238095238528e+00 3.401089947089947430e+01
2.139534920634920638e+02 9.454603174603175120e+00 3.418873015873015930e+01
2.139105291005290894e+02 9.498412698412698418e+00 3.411354497354497539e+01
2.140090476190476068e+02 9.530793650793651040e+00 3.426174603174602851e+01
2.137428042328042466e+02 9.515396825396825520e+00 3.408576719576719682e+01
2.135624338624338634e+02 9.418730158730157953e+00 3.401380952380952039e+01
2.133847089947090012e+02 9.301587301587302292e+00 3.395798941798941684e+01
2.131729629629629699e+02 9.231798941798942337e+00 3.393095238095238386e+01
2.130956084656084784e+02 9.217513227513228102e+00 3.370957671957671664e+01
2.130155026455026359e+02 9.232910052910053622e+00 3.370650793650793986e+01
2.129276719576719472e+02 9.353968253968254487e+00 3.349031746031746337e+01
2.130552910052909965e+02 9.359523809523809135e+00 3.368582010582010611e+01
2.128901587301587313e+02 9.275502645502646359e+00 3.370089947089947202e+01
2.128848148148148027e+02 9.255185185185185404e+00 3.380719576719576480e+01
2.129892063492063414e+02 9.284021164021163841e+00 3.374306878306878588e+01
2.131463492063492140e+02 9.417724867724867721e+00 3.359195767195767246e+01
2.131523809523809518e+02 9.386296296296295694e+00 3.386661375661375928e+01
2.131526984126984132e+02 9.455502645502646075e+00 3.383412698412698205e+01
2.131204232804232674e+02 9.424761904761904674e+00 3.376783068783068842e+01
2.131496825396825443e+02 9.484444444444443789e+00 3.378783068783068444e+01
2.132404761904761870e+02 9.433597883597883538e+00 3.382497354497354536e+01
2.132161375661375757e+02 9.398835978835979432e+00 3.363174603174603305e+01
2.130782010582010457e+02 9.355079365079365772e+00 3.372074074074073735e+01
2.130767195767195687e+02 9.349470899470899710e+00 3.366587301587301795e+01
2.129165079365079407e+02 9.278518518518518832e+00 3.347031746031746025e+01
2.127256084656084738e+02 9.287671957671957301e+00 3.333603174603174324e+01
2.128183068783068848e+02 9.312275132275132705e+00 3.357888888888889056e+01
2.127007936507936563e+02 9.333227513227512873e+00 3.362740740740741074e+01
2.127191005291005297e+02 9.321111111111111569e+00 3.350682539682539840e+01
2.126557671957671971e+02 9.260052910052909425e+00 3.342619047619047734e+01
2.126906349206349205e+02 9.168677248677248315e+00 3.343634920634920604e+01
2.125701058201058231e+02 9.211534391534391020e+00 3.324687830687830825e+01
2.124466137566137434e+02 9.276190476190476986e+00 3.307613756613756806e+01
2.123084126984126954e+02 9.182645502645502944e+00 3.300783068783069041e+01
2.122962962962963047e+02 9.122645502645502447e+00 3.312507936507936535e+01
2.124171428571428635e+02 9.247989417989417760e+00 3.311439153439153671e+01
2.124432275132275265e+02 9.163439153439153273e+00 3.313164021164021023e+01
2.125213227513227423e+02 9.284232804232804170e+00 3.315174603174602908e+01
2.123529100529100617e+02 9.235343915343914745e+00 3.302296296296296418e+01
2.122839682539682542e+02 9.278306878306878502e+00 3.295587301587301710e+01
2.122069312169312241e+02 9.353439153439152776e+00 3.298470899470899553e+01
2.121305820105820032e+02 9.443174603174602666e+00 3.309640211640211760e+01
2.124611111111111086e+02 9.558095238095237534e+00 3.320269841269841038e+01
2.126986243386243416e+02 9.561746031746030994e+00 3.335555555555555429e+01
2.130103703703703673e+02 9.643280423280423008e+00 3.341608465608465650e+01
2.133329629629629665e+02 9.922857142857143486e+00 3.361449735449735243e+01
2.133128571428571547e+02 1.002804232804232853e+01 3.338021164021164111e+01
2.135349735449735533e+02 9.994021164021164694e+00 3.369888888888888800e+01
2.134921164021164088e+02 9.878730158730158806e+00 3.378116402116402384e+01
2.134811111111111188e+02 9.871587301587300800e+00 3.385137566137566267e+01
2.134194708994708947e+02 9.976613756613756934e+00 3.371322751322751543e+01
2.135050793650793537e+02 1.004201058201058139e+01 3.380544973544973431e+01
2.134523809523809632e+02 9.914391534391533867e+00 3.361058201058200723e+01
2.134282010582010685e+02 9.855185185185185048e+00 3.360777777777777686e+01
2.135794179894179763e+02 9.951798941798941200e+00 3.365116402116402128e+01
2.133994708994709129e+02 9.890000000000000568e+00 3.354835978835978949e+01
2.134088888888888960e+02 9.820317460317459890e+00 3.346132275132275424e+01
2.133922751322751310e+02 9.754021164021164481e+00 3.374677248677248542e+01
2.133474603174603033e+02 9.909470899470900207e+00 3.371507936507936165e+01
2.133312698412698296e+02 9.803703703703703809e+00 3.363724867724867806e+01
2.133832804232804108e+02 9.710952380952381446e+00 3.367031746031746309e+01
2.134369312169312138e+02 9.883439153439153912e+00 3.386777777777777487e+01
2.134437566137566193e+02 9.787089947089947728e+00 3.366915343915344039e+01
2.134699999999999989e+02 9.721216931216931201e+00 3.369174603174602822e+01
2.133552910052910079e+02 9.781375661375660613e+00 3.355555555555555713e+01
2.132676719576719506e+02 9.756878306878306262e+00 3.338460317460317128e+01
2.134148148148148039e+02 9.836455026455025674e+00 3.343544973544973686e+01
2.132641269841269889e+02 9.823862433862434074e+00 3.345492063492063295e+01
2.132171428571428464e+02 9.832116402116401588e+00 3.352169312169311866e+01
2.131375132275132387e+02 9.743174603174603376e+00 3.338164021164021023e+01
2.129497354497354422e+02 9.679947089947090078e+00 3.316777777777777914e+01
2.127681481481481569e+02 9.706507936507936307e+00 3.325952380952381304e+01
2.126820105820105766e+02 9.701746031746031562e+00 3.330814814814814895e+01
2.125821164021164122e+02 9.567142857142856727e+00 3.314984126984126789e+01
2.124521693121693033e+02 9.479735449735450459e+00 3.310291005291005462e+01
2.124654497354497380e+02 9.520846560846560891e+00 3.307846560846560635e+01
2.126339153439153336e+02 9.565132275132274486e+00 3.331587301587301653e+01
2.127138095238095161e+02 9.595767195767196611e+00 3.306925925925926180e+01
2.126773015873015993e+02 9.716507936507936094e+00 3.311185185185185276e+01
2.126017460317460177e+02 9.632328042328042628e+00 3.308947089947089637e+01
2.124898412698412642e+02 9.605767195767196398e+00 3.295407407407407163e+01
2.123735978835978813e+02 9.509947089947090149e+00 3.292714285714285438e+01
2.122295767195767269e+02 9.473650793650794100e+00 3.275687830687830626e+01
2.122049735449735408e+02 9.535238095238094402e+00 3.274455026455026285e+01
2.121595767195767337e+02 9.422063492063491807e+00 3.274989417989417717e+01
2.122232275132274992e+02 9.356825396825396268e+00 3.286084656084656075e+01
2.120768253968253987e+02 9.369576719576720336e+00 3.271116402116402355e+01
2.118859788359788467e+02 9.409470899470900207e+00 3.268052910052909965e+01
2.118581481481481603e+02 9.358571428571428541e+00 3.260788359788359969e+01
2.117053968253968321e+02 9.428412698412698134e+00 3.266931216931217108e+01
2.117385185185185321e+02 9.363915343915344636e+00 3.273074074074074247e+01
2.118048677248677336e+02 9.302539682539682886e+00 3.261089947089946861e+01
2.117904232804232834e+02 9.338677248677248244e+00 3.243026455026455324e+01
2.117848148148148084e+02 9.333650793650793531e+00 3.247608465608465877e+01
2.119528042328042261e+02 9.301957671957671536e+00 3.266031746031745797e+01
2.119091005291005274e+02 9.311375661375661750e+00 3.271164021164020852e+01
2.120180423280423270e+02 9.433280423280423932e+00 3.269470899470899639e+01
2.121469841269841368e+02 9.493333333333334068e+00 3.293280423280423008e+01
2.121178835978836048e+02 9.607671957671957585e+00 3.285661375661375416e+01
2.120404232804232834e+02 9.548253968253968438e+00 3.275513227513227577e+01
2.119254497354497460e+02 9.517566137566138451e+00 3.256497354497354735e+01
2.116415343915343783e+02 9.435238095238094758e+00 3.248005291005291184e+01
2.115333333333333314e+02 9.334338624338624157e+00 3.236095238095238358e+01
2.114494708994708958e+02 9.256772486772486985e+00 3.229285714285714448e+01
2.113045502645502722e+02 9.179999999999999716e+00 3.216439153439153387e+01
2.112280423280423349e+02 9.173650793650793389e+00 3.217243386243386283e+01
2.112606878306878286e+02 9.129153439153439464e+00 3.228936507936507638e+01
2.113320105820105823e+02 9.177407407407407902e+00 3.229174603174602964e+01
2.114969841269841311e+02 9.292857142857142705e+00 3.240788359788359685e+01
2.114209523809523716e+02 9.386349206349207108e+00 3.237698412698412653e+01
2.113868783068783159e+02 9.371534391534391162e+00 3.231619047619047791e+01
2.112844973544973470e+02 9.359206349206349529e+00 3.230873015873015675e+01
2.112815873015873080e+02 9.287407407407407334e+00 3.231814814814814696e+01
2.114803703703703661e+02 9.346349206349206185e+00 3.231529100529100873e+01
2.115007407407407527e+02 9.395873015873016598e+00 3.231449735449735527e+01
2.114443386243386271e+02 9.317354497354497056e+00 3.217000000000000171e+01
2.112958730158730134e+02 9.287195767195767004e+00 3.225375661375661451e+01
2.111313756613756709e+02 9.317989417989418044e+00 3.208592592592592752e+01
2.110440740740740750e+02 9.318465608465608341e+00 3.211497354497354451e+01
2.110924338624338645e+02 9.323492063492063053e+00 3.200730158730159047e+01
2.109940740740740637e+02 9.224391534391534364e+00 3.217365079365079339e+01
2.108922751322751310e+02 9.208465608465608909e+00 3.209291005291004950e+01
2.110142857142857054e+02 9.117089947089947799e+00 3.208777777777778084e+01
2.107962433862433898e+02 9.162222222222222712e+00 3.198999999999999844e+01
2.106194179894179968e+02 9.121111111111110503e+00 3.182941798941799050e+01
2.106023809523809405e+02 9.008201058201057876e+00 3.191825396825396766e+01
2.105285185185185242e+02 8.994444444444443576e+00 3.176571428571428513e+01
2.105862962962962968e+02 9.055555555555555358e+00 3.180507936507936506e+01
2.106711111111111165e+02 9.090317460317459464e+00 3.188677248677248599e+01
2.106101587301587301e+02 9.164920634920635578e+00 3.178174603174603163e+01
2.108666137566137593e+02 9.059682539682539115e+00 3.188798941798941655e+01
2.109740211640211669e+02 9.082592592592591885e+00 3.192936507936508050e+01
2.108008994708994805e+02 9.209788359788360523e+00 3.179560846560846699e+01
2.108194179894179854e+02 9.149365079365079367e+00 3.192703703703703866e+01
2.108190476190476090e+02 9.191322751322751117e+00 3.206825396825396979e+01
2.108343386243386135e+02 9.311746031746030994e+00 3.212920634920634910e+01
2.107599999999999909e+02 9.161798941798942053e+00 3.204550264550264416e+01
2.108278306878306978e+02 9.075396825396826017e+00 3.205264550264550394e+01
2.109616931216931164e+02 9.231005291005290658e+00 3.206428571428571672e+01
2.109291534391534526e+02 9.205026455026455778e+00 3.184095238095238045e+01
2.108602645502645601e+02 9.083015873015872543e+00 3.192523809523809675e+01
2.108365079365079282e+02 9.030052910052910775e+00 3.199370370370370509e+01
2.108401058201058333e+02 8.956507936507936307e+00 3.188079365079365246e+01
2.108549206349206315e+02 9.067407407407406694e+00 3.179650793650793617e+01
2.108355026455026575e+02 9.020740740740741614e+00 3.189100529100529258e+01
2.110101058201058208e+02 9.139894179894179516e+00 3.207058201058200808e+01
2.110847619047619048e+02 9.092063492063491736e+00 3.221158730158730066e+01
2.110536507936508031e+02 9.097142857142857864e+00 3.210359788359788524e+01
2.110580952380952340e+02 9.157460317460317967e+00 3.195529100529100575e+01
2.109494179894179808e+02 9.146984126984126107e+00 3.207862433862433704e+01
2.107610052910052900e+02 9.048148148148147385e+00 3.190592592592592425e+01
2.106206878306878423e+02 9.048888888888889426e+00 3.182608465608465664e+01
2.106201587301587210e+02 8.953121693121692815e+00 3.179603174603174764e+01
2.107062433862433863e+02 8.976402116402116604e+00 3.175984126984127087e+01
2.106603174603174580e+02 8.914391534391533867e+00 3.174772486772486602e+01
2.107642857142857054e+02 8.920687830687830555e+00 3.187894179894179914e+01
2.107686243386243348e+02 9.061375661375661750e+00 3.203751322751323016e+01
2.108457671957671948e+02 8.996878306878306475e+00 3.211449735449735243e+01
2.106833862433862521e+02 8.971534391534390807e+00 3.196851851851851833e+01
2.110776719576719529e+02 9.131005291005291014e+00 3.203814814814814582e+01
2.112670370370370279e+02 9.294338624338625010e+00 3.203111111111110887e+01
2.114524338624338498e+02 9.287671957671957301e+00 3.222296296296295992e+01
2.113307407407407368e+02 9.281428571428572027e+00 3.213476190476190197e+01
2.114888888888888800e+02 9.288306878306878289e+00 3.204973544973545074e+01
2.115112698412698364e+02 9.198412698412697708e+00 3.228449735449735414e+01
2.114487830687830581e+02 9.231957671957671252e+00 3.210010582010581714e+01
2.113733333333333348e+02 9.257301587301586920e+00 3.197666666666666657e+01
2.113460846560846562e+02 9.319947089947090646e+00 3.212428571428571189e+01
2.111512169312169362e+02 9.286507936507936378e+00 3.191449735449735314e+01
2.110835978835978892e+02 9.187248677248676998e+00 3.186455026455026385e+01
2.110406349206349148e+02 9.246455026455025816e+00 3.206195767195767132e+01
2.108620105820105834e+02 9.091904761904761045e+00 3.203100529100529315e+01
2.107528571428571524e+02 8.934444444444444855e+00 3.173999999999999844e+01
2.103919047619047547e+02 8.794867724867724945e+00 3.162042328042328165e+01
2.102604232804232822e+02 8.803650793650794171e+00 3.144862433862433804e+01
2.103105820105820101e+02 8.831481481481480600e+00 3.157417989417989546e+01
2.103881481481481615e+02 8.931534391534391659e+00 3.160883597883598028e+01
2.103529100529100617e+02 9.002116402116401517e+00 3.170851851851851677e+01
2.102082010582010696e+02 8.933174603174602879e+00 3.138322751322751358e+01
2.101720634920635007e+02 8.866455026455026811e+00 3.145481481481481367e+01
2.100241269841269798e+02 8.906560846560847011e+00 3.139058201058201192e+01
2.099807407407407425e+02 8.938518518518518974e+00 3.131359788359788254e+01
2.099474074074074110e+02 8.893809523809522943e+00 3.133232804232804369e+01
2.098189417989418075e+02 8.862169312169312363e+00 3.122253968253968281e+01
2.096658730158730179e+02 8.779682539682539755e+00 3.105095238095238130e+01
2.094489947089947179e+02 8.656349206349206682e+00 3.098899470899470998e+01
2.095850264550264512e+02 8.759576719576719128e+00 3.099365079365079367e+01
2.095215873015872887e+02 8.692275132275131710e+00 3.107042328042328094e+01
2.094164021164021108e+02 8.690952380952380096e+00 3.085026455026455139e+01
2.095561904761904657e+02 8.733650793650793887e+00 3.100994708994709015e+01
2.095957671957671948e+02 8.814074074074074616e+00 3.100529100529100646e+01
2.095463492063492197e+02 8.825502645502645294e+00 3.099835978835978878e+01
2.096646031746031724e+02 8.806719576719576281e+00 3.119460317460317356e+01
2.094897883597883492e+02 8.752380952380953261e+00 3.125455026455026442e+01
2.094588888888888789e+02 8.690846560846560820e+00 3.091312169312169189e+01
2.088495767195767314e+02 8.377037037037036171e+00 3.058608465608465465e+01
2.083005820105820192e+02 8.227936507936508548e+00 3.034306878306878374e+01
2.078842857142857099e+02 8.093227513227512659e+00 3.026047619047619008e+01
2.077394708994708878e+02 7.979206349206349635e+00 2.995777777777777828e+01
2.076766137566137616e+02 7.965238095238095006e+00 3.005042328042328137e+01
2.077967195767195676e+02 7.918095238095237853e+00 3.012169312169312008e+01
2.075950793650793571e+02 7.929576719576719945e+00 3.009671957671957543e+01
2.076087301587301681e+02 7.884708994708995000e+00 3.005841269841269892e+01
2.076820634920634916e+02 7.919682539682539435e+00 3.004417989417989432e+01
2.075250793650793639e+02 7.961746031746031349e+00 2.996693121693121853e+01
2.075001587301587165e+02 7.814338624338624584e+00 2.995365079365079453e+01
2.074389417989418121e+02 7.897671957671957621e+00 2.989391534391534222e+01
2.075010052910052991e+02 7.960317460317460458e+00 3.007253968253968424e+01
2.075185714285714198e+02 7.987989417989417973e+00 2.991195767195767274e+01
2.075082539682539675e+02 7.963703703703703951e+00 2.996005291005290871e+01
2.074058201058201121e+02 7.959047619047619371e+00 3.003306878306878147e+01
2.071711111111111165e+02 7.953915343915343605e+00 3.003904761904761855e+01
2.068135978835978790e+02 7.938783068783068941e+00 2.978894179894179928e+01
2.069490476190476329e+02 7.891164021164021491e+00 2.976835978835978835e+01
2.069137037037037032e+02 7.876296296296295907e+00 2.987936507936507979e+01
2.068437037037037101e+02 7.861058201058201078e+00 2.972005291005291028e+01
2.066186243386243291e+02 7.924867724867724839e+00 2.977021164021164168e+01
2.067319576719576730e+02 7.898571428571428577e+00 2.981888888888888900e+01
2.068748677248677268e+02 8.066666666666666430e+00 2.975904761904761742e+01
2.069972486772486775e+02 8.029523809523809064e+00 2.968481481481481410e+01
2.071660846560846494e+02 8.065925925925926165e+00 2.987375661375661551e+01
2.071105820105820214e+02 8.106190476190477057e+00 2.976703703703703852e+01
2.071487830687830751e+02 8.133280423280423221e+00 2.979862433862433946e+01
2.072972486772486889e+02 8.167989417989417689e+00 2.990476190476190510e+01
2.073826455026455164e+02 8.284179894179894532e+00 2.975317460317460316e+01
2.073571428571428612e+02 8.129259259259258741e+00 2.981142857142857139e+01
2.071978306878306739e+02 8.108835978835978509e+00 2.979375661375661366e+01
2.072542328042327995e+02 8.098783068783069083e+00 2.965465608465608582e+01
2.071484126984126988e+02 8.070158730158730975e+00 2.965031746031745996e+01
2.070466666666666526e+02 8.028835978835978437e+00 2.956936507936508107e+01
2.069173015873015800e+02 8.005343915343916095e+00 2.949164021164021321e+01
2.068329100529100515e+02 8.032380952380952621e+00 2.945592592592592496e+01
2.068094179894179945e+02 8.097301587301586778e+00 2.928264550264550437e+01
2.068553439153439228e+02 8.041375661375662176e+00 2.935682539682539627e+01
2.068573015873015777e+02 7.998730158730158912e+00 2.952814814814814781e+01
2.069850793650793719e+02 8.108518518518518903e+00 2.961730158730158635e+01
2.070032804232804153e+02 8.129312169312170155e+00 2.962333333333333485e+01
2.072273015873015822e+02 8.174920634920635365e+00 2.983201058201058231e+01
2.074973544973545074e+02 8.365714285714286547e+00 2.993158730158730307e+01
2.078765608465608352e+02 8.590264550264549825e+00 3.032507936507936463e+01
2.082568253968254055e+02 8.649735449735450388e+00 3.042883597883598057e+01
2.084987301587301545e+02 8.700317460317460672e+00 3.041354497354497255e+01
2.085225925925925878e+02 8.694391534391535004e+00 3.045851851851851677e+01
2.084018518518518590e+02 8.654550264550264771e+00 3.022883597883597773e+01
2.082223280423280301e+02 8.603544973544973828e+00 3.018312169312169146e+01
2.079153968253968117e+02 8.591957671957672460e+00 3.000719576719576764e+01
2.079370899470899587e+02 8.462222222222221646e+00 3.005724867724867622e+01
2.078143915343915467e+02 8.509523809523809490e+00 3.009989417989417859e+01
2.078087830687830717e+02 8.391851851851852118e+00 3.001179894179894347e+01
2.078290476190476284e+02 8.474761904761905384e+00 3.013433862433862487e+01
2.076453968253968299e+02 8.457142857142857295e+00 2.995910052910052812e+01
2.076282539682539721e+02 8.422433862433862828e+00 3.005978835978836017e+01
2.078451851851851870e+02 8.557354497354497269e+00 2.995174603174603334e+01
2.078604232804232765e+02 8.481058201058200297e+00 3.009439153439153358e+01
2.079198941798941860e+02 8.450793650793650968e+00 3.017619047619047734e+01
2.080084126984127124e+02 8.525978835978836656e+00 3.009089947089947259e+01
2.080849735449735363e+02 8.587248677248677353e+00 3.013994708994708915e+01
2.078342857142857270e+02 8.578994708994709839e+00 3.015830687830687751e+01
2.076941269841269957e+02 8.466878306878307114e+00 3.003544973544973473e+01
2.074890476190476249e+02 8.468253968253968367e+00 3.005878306878306816e+01
2.072596296296296430e+02 8.493703703703703312e+00 2.990767195767195830e+01
2.069306878306878446e+02 8.306190476190476346e+00 2.963788359788359728e+01
2.069137037037037032e+02 8.322910052910053480e+00 2.966380952380952252e+01
2.068123280423280335e+02 8.238994708994708205e+00 2.966380952380952252e+01
2.065189947089947111e+02 8.068571428571429394e+00 2.938396825396825562e+01
2.067169841269841299e+02 8.143280423280423008e+00 2.943365079365079495e+01
2.067504761904761779e+02 8.261375661375661039e+00 2.939999999999999858e+01
2.068031216931216818e+02 8.273809523809523725e+00 2.932227513227513072e+01
2.067125396825396706e+02 8.243492063492062982e+00 2.933359788359788212e+01
2.068263492063491924e+02 8.231481481481480955e+00 2.946095238095238145e+01
2.068514285714285847e+02 8.204021164021163770e+00 2.957253968253968424e+01
2.068700529100529195e+02 8.210846560846560394e+00 2.963756613756613589e+01
2.067697883597883504e+02 8.161322751322751756e+00 2.945423280423280588e+01
2.059784126984127113e+02 8.045291005291005604e+00 2.915306878306878247e+01
2.048977777777777760e+02 7.889788359788359351e+00 2.847068783068782949e+01
2.040417989417989304e+02 7.854338624338624619e+00 2.804730158730158607e+01
2.035342328042328006e+02 7.733333333333333393e+00 2.754153439153439109e+01
2.030031216931216989e+02 7.657248677248677637e+00 2.750592592592592567e+01
2.027012169312169192e+02 7.602592592592592347e+00 2.745650793650793631e+01
2.025406878306878298e+02 7.647936507936507589e+00 2.731492063492063593e+01
2.023180423280423383e+02 7.638412698412698099e+00 2.728095238095238173e+01
2.022012169312169192e+02 7.657830687830688099e+00 2.716280423280423406e+01
2.021492063492063380e+02 7.705608465608465352e+00 2.721820105820105695e+01
2.022349206349206270e+02 7.764497354497354564e+00 2.728724867724867664e+01
2.021944444444444571e+02 7.715185185185185368e+00 2.721698412698412639e+01
2.020741269841269911e+02 7.708941798941799206e+00 2.718719576719576736e+01
2.019976719576719688e+02 7.674814814814815200e+00 2.700423280423280303e+01
2.016910052910052968e+02 7.722063492063491630e+00 2.702661375661375587e+01
2.008589947089947145e+02 7.574338624338624371e+00 2.666708994708994851e+01
2.001944444444444571e+02 7.427830687830687673e+00 2.622666666666666657e+01
1.996805820105820146e+02 7.366402116402116285e+00 2.597666666666666657e+01
1.991834391534391671e+02 7.271746031746031846e+00 2.581603174603174722e+01
1.988437566137566250e+02 7.290899470899470991e+00 2.562074074074073948e+01
1.986369841269841174e+02 7.279682539682539755e+00 2.546989417989417959e+01
1.985344973544973470e+02 7.246666666666667034e+00 2.543058201058201107e+01
1.983426455026454960e+02 7.255714285714285339e+00 2.532142857142857295e+01
1.982213756613756743e+02 7.168941798941799171e+00 2.549306878306878232e+01
1.980913756613756505e+02 7.194285714285713951e+00 2.545455026455026371e+01
1.979676719576719677e+02 7.167566137566137918e+00 2.528444444444444272e+01
1.977741269841269798e+02 7.128465608465608838e+00 2.522280423280423278e+01
1.976588359788359810e+02 7.071957671957671998e+00 2.516629629629629505e+01
1.976729100529100549e+02 7.095767195767195723e+00 2.511153439153439137e+01
1.977740740740740648e+02 7.039682539682539542e+00 2.524693121693121611e+01
1.975835449735449743e+02 7.038148148148148486e+00 2.516179894179894205e+01
1.970404232804232834e+02 6.999629629629629868e+00 2.497798941798941641e+01
1.962929100529100594e+02 6.875079365079365346e+00 2.468275132275132222e+01
1.959885714285714187e+02 6.850846560846560962e+00 2.431248677248677126e+01
1.957255555555555588e+02 6.765925925925926343e+00 2.412962962962962976e+01
1.953174074074074156e+02 6.777037037037037415e+00 2.399153439153439038e+01
1.951066137566137684e+02 6.605873015873015675e+00 2.394999999999999929e+01
1.950723809523809393e+02 6.639259259259259416e+00 2.384592592592592553e+01
1.950310052910053003e+02 6.681693121693121462e+00 2.385185185185185119e+01
1.952477777777777703e+02 6.670846560846561246e+00 2.419365079365079296e+01
1.953871957671957773e+02 6.605925925925926201e+00 2.421460317460317313e+01
1.955909523809523876e+02 6.746296296296296013e+00 2.436005291005291085e+01
1.957066666666666777e+02 6.791375661375661288e+00 2.430185185185185048e+01
1.956803703703703832e+02 6.730370370370370559e+00 2.436275132275132194e+01
1.959046031746031815e+02 6.841058201058200616e+00 2.449285714285714377e+01
1.960833333333333428e+02 6.928412698412698134e+00 2.457169312169312292e+01
1.957385185185185321e+02 6.889417989417989219e+00 2.423629629629629534e+01
1.952834920634920763e+02 6.817989417989418044e+00 2.411941798941798965e+01
1.947635978835978960e+02 6.661957671957671856e+00 2.387587301587301525e+01
1.943184126984126863e+02 6.528994708994709129e+00 2.370296296296296390e+01
1.940232804232804256e+02 6.508253968253968402e+00 2.347529100529100532e+01
1.939410052910052968e+02 6.567142857142856727e+00 2.345518518518518647e+01
1.940467724867724826e+02 6.582328042328041917e+00 2.349608465608465480e+01
1.939191005291005183e+02 6.608835978835978509e+00 2.349719576719576608e+01
1.940448148148148277e+02 6.632857142857142563e+00 2.347756613756613930e+01
1.941783068783068700e+02 6.644074074074073799e+00 2.360328042328042386e+01
1.942494179894179922e+02 6.583439153439153202e+00 2.357306878306878417e+01
1.941620105820105948e+02 6.599947089947090006e+00 2.345973544973545089e+01
1.942546031746031758e+02 6.494391534391534826e+00 2.357629629629629520e+01
1.942301058201058197e+02 6.524867724867724483e+00 2.351105820105820143e+01
1.941761375661375553e+02 6.571111111111110681e+00 2.364571428571428413e+01
1.943872486772486639e+02 6.595714285714286085e+00 2.358439153439153557e+01
1.941397354497354399e+02 6.583809523809524222e+00 2.357132275132275012e+01
1.937653968253968344e+02 6.478359788359788318e+00 2.326216931216931272e+01
1.930287830687830706e+02 6.311375661375661750e+00 2.307386243386243407e+01
1.924425396825396888e+02 6.194444444444444642e+00 2.280650793650793773e+01
1.921913227513227582e+02 6.232910052910052734e+00 2.255740740740740691e+01
1.920380952380952522e+02 6.278253968253967976e+00 2.276470899470899312e+01
1.921131746031745990e+02 6.257195767195766756e+00 2.255365079365079239e+01
1.921796296296296305e+02 6.264920634920635223e+00 2.250714285714285623e+01
1.922577777777777897e+02 6.296931216931216824e+00 2.252751322751322860e+01
1.923062433862433807e+02 6.318306878306878538e+00 2.257365079365079197e+01
1.922325396825396808e+02 6.237195767195767182e+00 2.259597883597883694e+01
1.923519576719576776e+02 6.251005291005291120e+00 2.270788359788359756e+01
1.921732804232804313e+02 6.268783068783069012e+00 2.267619047619047734e+01
1.922235978835978756e+02 6.236084656084655897e+00 2.253888888888888786e+01
1.923465608465608341e+02 6.312222222222222179e+00 2.254407407407407504e+01
1.923745502645502654e+02 6.291534391534391091e+00 2.274650793650793545e+01
1.920626455026454948e+02 6.209100529100529009e+00 2.259047619047619193e+01
1.913916402116402082e+02 6.140793650793650471e+00 2.243888888888888999e+01
1.908334920634920593e+02 6.098306878306877898e+00 2.217206349206349358e+01
1.904423280423280289e+02 6.040740740740740300e+00 2.186142857142857210e+01
1.902194708994709060e+02 6.048677248677249096e+00 2.193089947089947245e+01
1.901006349206349171e+02 6.087989417989417618e+00 2.177920634920634768e+01
1.901542857142857201e+02 6.014656084656084367e+00 2.198312169312169218e+01
1.901481481481481524e+02 6.103333333333333499e+00 2.194978835978836074e+01
1.900974074074074167e+02 6.033492063492063906e+00 2.187999999999999901e+01
1.901005291005290871e+02 6.038730158730158948e+00 2.187523809523809604e+01
1.903769312169312116e+02 6.010952380952381269e+00 2.186486772486772523e+01
1.903647619047619060e+02 6.080740740740740335e+00 2.193439153439153344e+01
1.903783597883598020e+02 6.027671957671957514e+00 2.199566137566137414e+01
1.905377248677248758e+02 6.088994708994708738e+00 2.193666666666666742e+01
1.907289417989418041e+02 6.120582010582010568e+00 2.214931216931216795e+01
1.906751322751322846e+02 6.142116402116402085e+00 2.201693121693121569e+01
1.902197883597883674e+02 6.094708994708994965e+00 2.174148148148148252e+01
1.895429629629629744e+02 6.015714285714286014e+00 2.156941798941798893e+01
1.890371428571428680e+02 5.904074074074074474e+00 2.134962962962962862e+01
1.886597883597883651e+02 5.788518518518518619e+00 2.124682539682539684e+01
1.884366666666666674e+02 5.939312169312168876e+00 2.110243386243386254e+01
1.882827513227513236e+02 5.839735449735449890e+00 2.101296296296296262e+01
1.883383068783068666e+02 5.800052910052910349e+00 2.097349206349206341e+01
1.883252910052910067e+02 5.810317460317460103e+00 2.097513227513227463e+01
1.883855555555555554e+02 5.863439153439153451e+00 2.106079365079365218e+01
1.884494179894179808e+02 5.879894179894179729e+00 2.105280423280423108e+01
1.884154497354497266e+02 5.916507936507936272e+00 2.095063492063492205e+01
1.884717460317460223e+02 5.900000000000000355e+00 2.123999999999999844e+01
1.885091005291005217e+02 5.893174603174602844e+00 2.134470899470899496e+01
1.885649206349206395e+02 5.860317460317459926e+00 2.119920634920634939e+01
1.886957671957671892e+02 5.866878306878306581e+00 2.117195767195767075e+01
1.886438095238095229e+02 5.823015873015872756e+00 2.116645502645502575e+01
1.880813756613756595e+02 5.732539682539682602e+00 2.094089947089947046e+01
1.873279894179894143e+02 5.663227513227512944e+00 2.073375661375661494e+01
1.867076190476190618e+02 5.593915343915344174e+00 2.044296296296296234e+01
1.864291005291005376e+02 5.557037037037036775e+00 2.033084656084655961e+01
1.862660846560846437e+02 5.552645502645503051e+00 2.033306878306878218e+01
1.862408465608465633e+02 5.503968253968253954e+00 2.018513227513227548e+01
1.865034391534391602e+02 5.576613756613756578e+00 2.042132275132275154e+01
1.866114285714285757e+02 5.606666666666666465e+00 2.026587301587301582e+01
1.868680423280423213e+02 5.575026455026454997e+00 2.037830687830687992e+01
1.869259259259259238e+02 5.604338624338624619e+00 2.036534391534391375e+01
1.869938624338624322e+02 5.570952380952380878e+00 2.057481481481481467e+01
1.871260317460317424e+02 5.624444444444444358e+00 2.056402116402116320e+01
1.872986243386243359e+02 5.577619047619047699e+00 2.037449735449735400e+01
1.873649206349206224e+02 5.511216931216931236e+00 2.050936507936507880e+01
1.874333862433862521e+02 5.526984126984126888e+00 2.056259259259259409e+01
1.874354497354497369e+02 5.526878306878306724e+00 2.069386243386243507e+01
1.870201058201058117e+02 5.419576719576719270e+00 2.053343915343915427e+01
1.863317460317460359e+02 5.338465608465608803e+00 2.049280423280423236e+01
1.858050264550264501e+02 5.308042328042327895e+00 2.014253968253968097e+01
1.854586243386243325e+02 5.193015873015872863e+00 2.000206349206349188e+01
1.853737037037037112e+02 5.177354497354497376e+00 1.997931216931216980e+01
1.851850793650793605e+02 5.103650793650793993e+00 1.989380952380952294e+01
1.851696296296296396e+02 5.175661375661375629e+00 1.980206349206349259e+01
1.852719576719576651e+02 5.206560846560846834e+00 1.980486772486772651e+01
1.854768253968254044e+02 5.271481481481481879e+00 1.994349206349206227e+01
1.856659259259259329e+02 5.224708994708994858e+00 2.005264550264550394e+01
1.858831746031746093e+02 5.261693121693121533e+00 2.022767195767195858e+01
1.860133333333333212e+02 5.210846560846561282e+00 2.034947089947089793e+01
1.860791534391534299e+02 5.185238095238095646e+00 2.038619047619047464e+01
1.860911111111111040e+02 5.175661375661375629e+00 2.018592592592592538e+01
1.862346560846560806e+02 5.204391534391534790e+00 2.023947089947089850e+01
1.863514285714285847e+02 5.287248677248677531e+00 2.028031746031745897e+01
1.860987830687830638e+02 5.275873015873015603e+00 2.018232804232804156e+01
1.856657671957671880e+02 5.137195767195767537e+00 2.000888888888889028e+01
1.852233333333333292e+02 5.071746031746031669e+00 1.978894179894179928e+01
1.850200000000000102e+02 5.109047619047618838e+00 1.953671957671957671e+01
1.848019576719576662e+02 5.136402116402116746e+00 1.959846560846560948e+01
1.847767724867725008e+02 5.068941798941798638e+00 1.969264550264550095e+01
1.848586772486772531e+02 5.059576719576719839e+00 1.981248677248677126e+01
1.851476190476190595e+02 5.075978835978835590e+00 1.991714285714285637e+01
1.853424338624338645e+02 5.153068783068783354e+00 1.998116402116401957e+01
1.854791534391534356e+02 5.097513227513227108e+00 1.996597883597883438e+01
1.857791005291005320e+02 5.179047619047619122e+00 2.016814814814814838e+01
1.859198941798941860e+02 5.291957671957671749e+00 2.004190476190476033e+01
1.861826455026454994e+02 5.317142857142856727e+00 2.024857142857142733e+01
1.863810052910052946e+02 5.275502645502645471e+00 2.015523809523809362e+01
1.866865608465608375e+02 5.345767195767195723e+00 2.037269841269841208e+01
1.866902645502645441e+02 5.377936507936508015e+00 2.048830687830687936e+01
1.865647089947090080e+02 5.373174603174603270e+00 2.038111111111111029e+01
1.861875132275132216e+02 5.314391534391534222e+00 2.000846560846560962e+01
1.854600529100529229e+02 5.154179894179893751e+00 1.995962962962962806e+01
1.852995238095238051e+02 5.119735449735450139e+00 1.983587301587301610e+01
1.848989947089947066e+02 5.055608465608465885e+00 1.986497354497354451e+01
1.846137566137566068e+02 5.070211640211640614e+00 1.979984126984127002e+01
1.847418518518518624e+02 4.998941798941799242e+00 1.967402116402116263e+01
1.848253968253968367e+02 5.033968253968254203e+00 1.989957671957671792e+01
1.849056084656084522e+02 5.004126984126983757e+00 1.995952380952380878e+01
1.850380423280423372e+02 5.014285714285714235e+00 1.994809523809523810e+01
1.851460317460317526e+02 5.049047619047619229e+00 2.003037037037037038e+01
1.852804761904761790e+02 5.074497354497354173e+00 2.007174603174603078e+01
1.856390476190476306e+02 5.075291005291004964e+00 2.016941798941799036e+01
1.856975132275132410e+02 5.167830687830687886e+00 2.014793650793650670e+01
1.858221693121693079e+02 5.191640211640211611e+00 2.016957671957672105e+01
1.859196296296296396e+02 5.184391534391534329e+00 2.014915343915344081e+01
1.856747619047619082e+02 5.163121693121692779e+00 2.019693121693121540e+01
1.851926455026454903e+02 5.098835978835978722e+00 1.994703703703703823e+01
1.845357671957671926e+02 5.080105820105820236e+00 1.962867724867724917e+01
1.841647619047619173e+02 5.014814814814815058e+00 1.957137566137566154e+01
1.839930158730158780e+02 5.022328042328042308e+00 1.953328042328042358e+01
1.839331746031745922e+02 5.056031746031745655e+00 1.957777777777777928e+01
1.838105820105820101e+02 5.037989417989417795e+00 1.934486772486772566e+01
1.839355026455026518e+02 5.070211640211640614e+00 1.950068783068783063e+01
1.841799470899470919e+02 5.025502645502645471e+00 1.954439153439153287e+01
1.842529100529100390e+02 5.001005291005291120e+00 1.958597883597883538e+01
1.842059259259259250e+02 4.955555555555555713e+00 1.946502645502645379e+01
1.843313227513227446e+02 4.964338624338624051e+00 1.950306878306878389e+01
1.842434920634920559e+02 4.919047619047619335e+00 1.945740740740740904e+01
1.843634391534391455e+02 4.904761904761905100e+00 1.963243386243386368e+01
1.845853439153439126e+02 4.977989417989418186e+00 1.976582010582010440e+01
1.846448148148148221e+02 4.953862433862433967e+00 1.967312169312169345e+01
1.843110052910053014e+02 4.924550264550264345e+00 1.957793650793650642e+01
1.837312698412698353e+02 4.866878306878306581e+00 1.930989417989417944e+01
1.832066666666666777e+02 4.856084656084656004e+00 1.916523809523809518e+01
1.826653439153439251e+02 4.804814814814815094e+00 1.891201058201058061e+01
1.825185185185185048e+02 4.777407407407407547e+00 1.897417989417989403e+01
1.825897883597883720e+02 4.761798941798941698e+00 1.899052910052910192e+01
1.827492592592592473e+02 4.818412698412698703e+00 1.917724867724867721e+01
1.828625396825396763e+02 4.796243386243386198e+00 1.914386243386243436e+01
1.829322751322751230e+02 4.811904761904761685e+00 1.910328042328042386e+01
1.830963492063492026e+02 4.801851851851852260e+00 1.934550264550264487e+01
1.833081481481481489e+02 4.834285714285714519e+00 1.930888888888888744e+01
1.834751851851851825e+02 4.848624338624338392e+00 1.935063492063492063e+01
1.835287301587301556e+02 4.839312169312169232e+00 1.931105820105820214e+01
1.838149735449735545e+02 4.893809523809523832e+00 1.951851851851851904e+01
1.839554497354497471e+02 4.982962962962963260e+00 1.957079365079365019e+01
1.838866666666666561e+02 4.915343915343915349e+00 1.964624338624338762e+01
1.835697883597883617e+02 4.904179894179893751e+00 1.941661375661375644e+01
1.829436507936507894e+02 4.916243386243386304e+00 1.910497354497354650e+01
1.823062433862433807e+02 4.818148148148147847e+00 1.893481481481481410e+01
1.820855026455026575e+02 4.766243386243385949e+00 1.873380952380952280e+01
1.820704761904761995e+02 4.720687830687830377e+00 1.867857142857142705e+01
1.820363492063492004e+02 4.745608465608465387e+00 1.872052910052909880e+01
1.821784656084656149e+02 4.704867724867725087e+00 1.869291005291005447e+01
1.822140211640211760e+02 4.765343915343914993e+00 1.878370370370370424e+01
1.824521164021163884e+02 4.769576719576719803e+00 1.882206349206349216e+01
1.827851851851851848e+02 4.793915343915344351e+00 1.892317460317460487e+01
1.829528042328042261e+02 4.831164021164020994e+00 1.893873015873015930e+01
1.832775132275132250e+02 4.851269841269841621e+00 1.904386243386243294e+01
1.836019576719576776e+02 4.864761904761905065e+00 1.920359788359788311e+01
1.837307407407407425e+02 4.814920634920635045e+00 1.933291005291005149e+01
1.838433333333333337e+02 4.905873015873015497e+00 1.944105820105820115e+01
1.838687301587301590e+02 4.862539682539682495e+00 1.949746031746031605e+01
1.836839682539682599e+02 4.781269841269841336e+00 1.929507936507936350e+01
1.829462433862433954e+02 4.684867724867724625e+00 1.902365079365079481e+01
1.823894708994708935e+02 4.649312169312169729e+00 1.885788359788359614e+01
1.822375661375661480e+02 4.585608465608465245e+00 1.876756613756613845e+01
1.818728571428571570e+02 4.609947089947089793e+00 1.869169312169312036e+01
1.819457142857142742e+02 4.570370370370370416e+00 1.860111111111111271e+01
1.820073015873015834e+02 4.646666666666666501e+00 1.873291005291005362e+01
1.822479894179894302e+02 4.621164021164021030e+00 1.889079365079365047e+01
1.825575661375661412e+02 4.710846560846561282e+00 1.874640211640211618e+01
1.826177777777777749e+02 4.644550264550264984e+00 1.889375661375661508e+01
1.827839682539682542e+02 4.642275132275131888e+00 1.916439153439153387e+01
1.831168253968253907e+02 4.673121693121693454e+00 1.908137566137566310e+01
1.834331746031745922e+02 4.700423280423280836e+00 1.923164021164021165e+01
1.835385185185185151e+02 4.729735449735449571e+00 1.937978835978836045e+01
1.836704232804232788e+02 4.771957671957672176e+00 1.940957671957671948e+01
1.837884656084656001e+02 4.736719576719576885e+00 1.940380952380952451e+01
1.840075661375661298e+02 4.871693121693121853e+00 1.948084656084656174e+01
1.835096825396825295e+02 4.726772486772486737e+00 1.943529100529100617e+01
1.825787830687830819e+02 4.703968253968254132e+00 1.904851851851852018e+01
1.823706349206349273e+02 4.590740740740741010e+00 1.876052910052910150e+01
1.821903174603174591e+02 4.556296296296296511e+00 1.886248677248677197e+01
1.820628571428571547e+02 4.548306878306878076e+00 1.888571428571428612e+01
1.822101058201058095e+02 4.569735449735449428e+00 1.909751322751322888e+01
1.823578306878306989e+02 4.635978835978836088e+00 1.898015873015873112e+01
1.825463492063492197e+02 4.662804232804233173e+00 1.907518518518518391e+01
1.828233333333333235e+02 4.633439153439153024e+00 1.925142857142857267e+01
1.830642857142857167e+02 4.720899470899470707e+00 1.929264550264550238e+01
1.832133862433862532e+02 4.719417989417989290e+00 1.941497354497354522e+01
1.834849735449735419e+02 4.766137566137565784e+00 1.944719576719576892e+01
1.837088888888888789e+02 4.788518518518518619e+00 1.943402116402116420e+01
1.839284656084656149e+02 4.850423280423280303e+00 1.953941798941798780e+01
1.840561904761904657e+02 4.919153439153439500e+00 1.948005291005290829e+01
1.840313227513227616e+02 4.968518518518518334e+00 1.950116402116402270e+01
1.836612169312169272e+02 4.845238095238094900e+00 1.941201058201058061e+01
1.831246031746031804e+02 4.735079365079364777e+00 1.914365079365079225e+01
1.824256613756613774e+02 4.570476190476190581e+00 1.893037037037036896e+01
1.821247619047618969e+02 4.561746031746031882e+00 1.866523809523809518e+01
1.820477248677248667e+02 4.630687830687830520e+00 1.876195767195767061e+01
1.822057142857142935e+02 4.633121693121693419e+00 1.881809523809523910e+01
1.824114814814814736e+02 4.705079365079365417e+00 1.896518518518518448e+01
1.827368783068783102e+02 4.757460317460317611e+00 1.906746031746031633e+01
1.829591005291005388e+02 4.704867724867725087e+00 1.914772486772486815e+01
1.832803174603174625e+02 4.767089947089947266e+00 1.945783068783068614e+01
1.833657671957672051e+02 4.803227513227513512e+00 1.929280423280423307e+01
1.835404761904761983e+02 4.843544973544973153e+00 1.939497354497354564e+01
1.837379365079364959e+02 4.803650793650793283e+00 1.943015873015873041e+01
1.839846560846560806e+02 4.860846560846560749e+00 1.957201058201058075e+01
1.841084126984127067e+02 4.874338624338624193e+00 1.958735449735449663e+01
1.838369312169312195e+02 4.865661375661376020e+00 1.959121693121693042e+01
1.833501058201058243e+02 4.819206349206349493e+00 1.939380952380952294e+01
1.826585185185185196e+02 4.702645502645502518e+00 1.897968253968253904e+01
1.822559788359788229e+02 4.702116402116401694e+00 1.899825396825396950e+01
1.820665079365079464e+02 4.666613756613756436e+00 1.893582010582010611e+01
1.819825396825396808e+02 4.639788359788359351e+00 1.903047619047618966e+01
1.820502645502645578e+02 4.690158730158730194e+00 1.896962962962962962e+01
