1.605334654942294037e+02 5.526399466122320803e+00 1.215294025280678269e+01
1.601811847373792830e+02 5.609641202795006443e+00 1.211780639082986610e+01
1.602024220774122512e+02 5.624558373243306875e+00 1.214722854675355279e+01
1.602688819973306238e+02 5.633881604773494978e+00 1.225039255711705977e+01
1.607014210567637633e+02 5.611643244092014982e+00 1.232462510795320654e+01
1.608071170605323061e+02 5.632625421998900705e+00 1.234093585616707145e+01
1.610868336342937823e+02 5.664363664913245167e+00 1.259427259166208657e+01
1.611989479469262676e+02 5.655904059040590681e+00 1.255941351966711217e+01
1.612826411242835718e+02 5.693471775143283509e+00 1.258551856795163637e+01
1.614496545497369766e+02 5.720185286959252657e+00 1.267771060689330298e+01
1.615542710214336068e+02 5.720028264112428040e+00 1.268986024966632620e+01
1.617938682578315195e+02 5.770432597943000452e+00 1.282358483159299745e+01
1.619916189055507516e+02 5.828531051267959562e+00 1.286497997958703010e+01
1.621836185915050521e+02 5.862742404019784637e+00 1.287648190311690399e+01
1.625053780325037280e+02 5.819404098296302230e+00 1.287061317421684770e+01
1.626140182146502298e+02 5.758302583025829868e+00 1.289819031169035135e+01
1.627945944884980634e+02 5.768096883096490934e+00 1.292998743817225460e+01
1.630185286959252551e+02 5.812907278008950129e+00 1.309598021512129939e+01
1.632434639240009346e+02 5.831867786762973793e+00 1.321678966789667875e+01
1.634530109130878657e+02 5.851240480489911633e+00 1.322122556331946264e+01
1.632190076156080636e+02 5.865882860956268985e+00 1.324735023945984125e+01
1.622843291198869338e+02 5.861231059119101694e+00 1.297036193766192902e+01
1.606044594488498092e+02 5.763896521943943085e+00 1.260394912459762828e+01
1.596283269215670941e+02 5.760952343565988620e+00 1.222630917798539762e+01
1.590417877051110906e+02 5.649210960194708697e+00 1.215297950851848974e+01
1.587004592918269736e+02 5.592447201067755280e+00 1.200141320562141800e+01
1.586207505692078144e+02 5.522218732825626475e+00 1.195854596843840767e+01
1.587557705896207949e+02 5.510991599277694775e+00 1.201148229567402126e+01
1.589713040747428749e+02 5.499018607207348808e+00 1.209024888121221686e+01
1.593249195257909889e+02 5.510206485043573466e+00 1.216422626992227407e+01
1.596308589149721229e+02 5.566479547774201286e+00 1.218929104184658918e+01
1.598849218811336925e+02 5.611859150506398386e+00 1.224725210018057631e+01
1.599883999371908487e+02 5.613311611839522541e+00 1.227863704168956538e+01
1.600372144146973312e+02 5.623380701892124911e+00 1.223918505142498248e+01
1.601882703933422363e+02 5.662538274318912990e+00 1.237306665619847657e+01
1.603483944413912354e+02 5.735966083065085819e+00 1.246441469733846219e+01
1.605829080631231705e+02 5.776517233257439266e+00 1.262253670409044481e+01
1.609131859935620525e+02 5.874538745387454242e+00 1.270361937661929730e+01
1.613345764308706975e+02 6.000196278558529883e+00 1.279369160712883691e+01
1.617094881055193412e+02 6.066832849179555787e+00 1.288986810080866796e+01
1.621043809374263844e+02 6.134941508989557590e+00 1.297895893852555460e+01
1.623375794928162179e+02 6.116353929496741948e+00 1.306995367826018750e+01
1.625504435895422830e+02 6.144735809060218656e+00 1.311770825155060116e+01
1.628218575802779355e+02 6.193707309413519546e+00 1.323386590248881234e+01
1.630858914972128559e+02 6.290021198084321696e+00 1.331043416817146863e+01
1.631108188741461902e+02 6.265918191096804257e+00 1.335712883724581879e+01
1.630046518018371557e+02 6.271924314987830762e+00 1.328933422312946533e+01
1.623116903509460656e+02 6.287881761796341173e+00 1.306936484258459608e+01
1.611327039334223059e+02 6.138474523043102593e+00 1.274784093585616773e+01
1.602345136217319634e+02 6.019451205150349260e+00 1.245656355499725265e+01
1.596823820365863185e+02 5.880505613566773704e+00 1.227689016251864729e+01
1.593870809452775461e+02 5.742816204757792420e+00 1.218656276988301812e+01
1.593460587265447259e+02 5.671194158750098246e+00 1.211470518960508791e+01
1.594600573133390924e+02 5.571975347413048674e+00 1.209319305959017044e+01
1.596604773494543394e+02 5.551758655884431626e+00 1.213089817068383525e+01
1.600812985789432332e+02 5.608208369317735809e+00 1.223692784800188349e+01
1.603333987595194969e+02 5.660889534427258951e+00 1.235471461097589696e+01
1.605911713904372959e+02 5.689467692549265543e+00 1.253956975739970225e+01
1.607124322838973001e+02 5.780521315851456343e+00 1.258418387375363068e+01
1.607510206485043511e+02 5.814732668603281418e+00 1.260865981000235614e+01
1.609249234513621616e+02 5.844881055193530628e+00 1.263670801601633009e+01
1.610200596686817960e+02 5.914442176336656587e+00 1.263990735652037323e+01
1.611500353301405255e+02 5.886511737457800209e+00 1.264638454895187181e+01
1.612708447829159013e+02 5.846196121535683687e+00 1.264667896678966841e+01
1.614828648818402996e+02 5.780423176572191402e+00 1.264693412891575797e+01
1.617233649996074405e+02 5.747487634450812344e+00 1.271936091701342519e+01
1.619031757870770321e+02 5.749430792180262095e+00 1.280521315851456343e+01
1.623294928162047484e+02 5.815262620711313168e+00 1.295654392714139824e+01
1.625951951008871674e+02 5.843212687446023068e+00 1.302431891340190084e+01
1.628356559629426101e+02 5.854400565282248614e+00 1.301566302897071559e+01
1.630724856716652198e+02 5.870475779225877488e+00 1.310237889612938744e+01
1.633986613802308341e+02 5.980116982020883931e+00 1.326289550129543926e+01
1.634435699144225396e+02 6.053623302190469069e+00 1.331304467299992211e+01
1.629007615608070978e+02 6.030756850121692381e+00 1.319486535290884888e+01
1.615692470754494821e+02 5.929712648190311519e+00 1.276481903116903460e+01
1.604677514328334667e+02 5.730097354165031298e+00 1.231536075999057900e+01
1.597543181282876787e+02 5.579139514799403621e+00 1.214293004632173911e+01
1.593315341132134790e+02 5.590975111878778492e+00 1.200370966475622225e+01
1.591092682735337860e+02 5.509676532935541715e+00 1.201782209311454785e+01
1.592471343330454658e+02 5.507438957368297139e+00 1.195199026458349678e+01
1.595393538509853215e+02 5.557529245505221205e+00 1.204457486064222316e+01
1.599655531129779433e+02 5.684285938604066502e+00 1.217912381251472098e+01
1.604889102614430385e+02 5.819835911125069039e+00 1.239989793514956418e+01
1.608562259558765675e+02 5.885216298971500670e+00 1.255558608777577057e+01
1.610878542827981335e+02 5.901448535761953273e+00 1.263460783544005572e+01
1.612222658396796646e+02 5.998135353693962557e+00 1.271327628169898638e+01
1.612480568422705574e+02 6.026399466122320803e+00 1.269425688937740482e+01
1.612373007772631013e+02 6.039550129543848733e+00 1.264807254455523200e+01
1.613601318991913445e+02 6.019843762267409915e+00 1.268165580591976216e+01
1.614321072466043745e+02 6.035487163382271980e+00 1.271527832299599581e+01
1.616228311219282432e+02 6.018803485907199935e+00 1.268777969694590624e+01
1.619141477584988706e+02 6.031561592211667211e+00 1.271309963099630913e+01
1.622998547538666969e+02 6.125657533171076530e+00 1.291183167150820488e+01
1.625396090131114022e+02 6.230313260579414703e+00 1.304076705660673596e+01
1.628314556017900543e+02 6.273612310591190955e+00 1.313678652743974240e+01
1.629457486064222280e+02 6.293907513543220311e+00 1.316300934285938595e+01
1.631484258459605883e+02 6.272670173510245917e+00 1.318346156865823993e+01
1.635322681950223682e+02 6.255221009656905196e+00 1.330829473188348899e+01
1.635840661066185078e+02 6.314673785035722631e+00 1.330696003768548330e+01
1.631251275810630545e+02 6.285310512679594730e+00 1.316079139514799401e+01
1.620062024024495599e+02 6.208114155609640861e+00 1.290060453796027318e+01
1.606769647483708923e+02 6.123400329747978432e+00 1.252308235848316009e+01
1.597720224542671019e+02 6.080415325429849638e+00 1.230831435973934163e+01
1.594027243463924037e+02 6.024181518410928859e+00 1.219598414069247028e+01
1.592056410457721540e+02 5.972403234670644601e+00 1.212169270628876561e+01
1.593291198869435448e+02 6.048716338227212219e+00 1.212090759205464430e+01
1.595570581769647447e+02 6.056704875559393741e+00 1.218467849572112804e+01
1.599549540708173083e+02 6.047263876894088064e+00 1.228207191646384544e+01
1.602660752139436227e+02 6.052210096569051068e+00 1.243801523121614139e+01
1.605411988694355045e+02 6.047185365470675755e+00 1.245664206642066496e+01
1.606831475229645889e+02 6.042729842192039236e+00 1.253340661066185113e+01
1.606825979430007010e+02 6.043711234984690428e+00 1.253870613174216864e+01
1.606089542278401439e+02 6.093487477427966148e+00 1.255010991599277759e+01
1.606926474051974481e+02 6.129936405747035799e+00 1.262506869749548599e+01
1.607423647640731588e+02 6.136747271728036246e+00 1.267221480725445559e+01
1.609203501609484306e+02 6.187917091936876446e+00 1.270497369867315740e+01
1.611104852005966848e+02 6.217025202166915676e+00 1.276440684619612220e+01
1.615162911203580052e+02 6.290492266624793771e+00 1.290998665305802007e+01
1.618949517154746047e+02 6.291768077255240676e+00 1.292784800188427496e+01
1.622086048520059762e+02 6.268096883096490934e+00 1.300056920781973702e+01
1.627838973070581687e+02 6.244445316793593825e+00 1.305346627934364534e+01
1.629487712962236117e+02 6.300953913794456795e+00 1.315411792415796555e+01
1.631359425296380721e+02 6.286723718301012731e+00 1.318836853262149589e+01
1.633587186935699265e+02 6.274260029834341168e+00 1.328527125696788858e+01
1.634733846274633038e+02 6.234140692470754530e+00 1.332405590013346952e+01
1.629021551385726525e+02 6.186582397738870753e+00 1.312928868650388559e+01
1.616649132448771411e+02 6.101103085498940537e+00 1.283665698359111218e+01
1.602573604459448973e+02 6.011658946376697621e+00 1.236672685875794997e+01
1.593955405511501908e+02 5.958683363429378765e+00 1.213765015309727602e+01
1.590145834968988083e+02 5.947731019863390145e+00 1.203656669545418900e+01
1.589244131271100002e+02 5.976387689408809045e+00 1.206057156316244061e+01
1.591026733139671876e+02 5.982119023317892470e+00 1.208673549501452449e+01
1.593823310041611023e+02 6.008027793043887677e+00 1.211967103713590355e+01
1.597729057077804953e+02 6.028322995995917033e+00 1.213568736751197363e+01
1.601098963649210987e+02 6.030266153725366784e+00 1.227863704168956538e+01
1.602281345685797191e+02 6.000628091387296692e+00 1.229320091073251220e+01
1.603771099945041954e+02 5.992776949046086266e+00 1.231801052053073775e+01
1.603470793750490770e+02 6.002060924864568214e+00 1.230605715631624442e+01
1.603415443196985279e+02 6.002944178377953577e+00 1.235021983198555340e+01
1.603591308785428282e+02 6.061199654549737303e+00 1.238050561356677370e+01
1.604193295124440510e+02 6.085440056528224950e+00 1.250280678338698337e+01
1.605498743817225318e+02 6.059276124676140185e+00 1.253478056057156387e+01
1.608257635235926841e+02 6.082024809609798410e+00 1.252033445866373640e+01
1.610993758341838600e+02 6.090445159770746741e+00 1.267074271806547792e+01
1.615026497605401516e+02 6.109130878542828214e+00 1.277506477192431511e+01
1.619222148072544485e+02 6.157886472481745699e+00 1.290221402214022106e+01
1.621818324566224305e+02 6.224051974562298639e+00 1.291885844390358784e+01
1.625157807961058438e+02 6.237398916542357341e+00 1.298425845960587210e+01
1.627969105754887380e+02 6.256359425296381005e+00 1.317945748606422285e+01
1.630421410065164594e+02 6.226956897228546950e+00 1.317146894873204133e+01
1.631534702049148109e+02 6.239028028578157858e+00 1.320626913715945605e+01
1.623904569364842700e+02 6.173942058569521940e+00 1.298796812436209436e+01
1.604997840935856175e+02 6.024731098374813243e+00 1.253756771610269283e+01
1.591254808824683948e+02 5.906885451833241873e+00 1.216236162361623663e+01
1.582911792415796413e+02 5.833398759519510257e+00 1.193363821936091718e+01
1.579038627620318778e+02 5.860033759912067097e+00 1.174789981942372563e+01
1.578748331632252473e+02 5.848963649210960014e+00 1.174097118630760761e+01
1.580506006123891041e+02 5.863527518253905946e+00 1.177647797754573311e+01
1.584267880976682079e+02 5.895363900447515348e+00 1.189697338462746323e+01
1.588173824291434357e+02 5.920252021669153208e+00 1.200119729920703548e+01
1.591532935542121265e+02 5.960548009735416208e+00 1.209223129465337188e+01
1.594794496349218775e+02 5.908651958860014375e+00 1.213578550679123857e+01
1.595147012640339028e+02 5.942804428044280662e+00 1.204763680615529609e+01
1.595828688074114723e+02 5.985259480254376818e+00 1.209291826960822824e+01
1.596215356834419481e+02 5.984611761011227493e+00 1.216579649839051669e+01
1.597657611682499805e+02 6.060865981000235436e+00 1.222201067755358395e+01
1.599680851063829721e+02 6.052877443668053914e+00 1.224860642223443463e+01
1.602131781424197357e+02 6.073879249430792271e+00 1.231112114312632499e+01
1.604806665619847763e+02 6.144225484808039539e+00 1.234154431969851551e+01
1.608018764230195359e+02 6.219733846274633216e+00 1.240835754102221955e+01
1.610551346470911653e+02 6.214218418779932307e+00 1.257621496427730179e+01
1.612816793593467821e+02 6.300051032425217912e+00 1.261405747036193681e+01
1.619104380937426413e+02 6.337893538509852931e+00 1.281170997880191642e+01
1.622946729999214881e+02 6.315753317107638765e+00 1.308418387375363068e+01
1.625764308706916950e+02 6.288765015309727424e+00 1.315021198084321341e+01
1.628641556096412160e+02 6.308687289000549647e+00 1.315011384156394669e+01
1.630803368140064435e+02 6.371790845568030548e+00 1.323145167621889051e+01
1.628073329669466887e+02 6.438918112585381159e+00 1.321659338933814887e+01
1.617748881212216361e+02 6.422823270785899652e+00 1.292725916620868354e+01
1.605334851220852670e+02 6.344822171625971841e+00 1.253048206013975019e+01
1.598034466514878034e+02 6.311101515270471474e+00 1.234550914658082732e+01
1.597188505927612425e+02 6.311788490225327841e+00 1.223747742796576965e+01
1.598602300384706041e+02 6.349925414147758573e+00 1.225396482688231181e+01
1.602802857815812274e+02 6.371103870613174180e+00 1.242580670487556027e+01
1.608832535133861938e+02 6.399976446572976485e+00 1.249438643322603504e+01
1.614647287430321114e+02 6.429261207505692077e+00 1.262135903273926374e+01
1.618660791395147953e+02 6.451597707466436127e+00 1.266277380858914903e+01
1.621517036978880526e+02 6.432146502316086867e+00 1.272324723247232470e+01
1.624715396090131208e+02 6.393813299835126251e+00 1.279893224464159474e+01
1.627882939467692438e+02 6.363409751118787483e+00 1.288036821857580350e+01
1.630219046871319790e+02 6.326509382115097502e+00 1.292559079846117598e+01
1.632462118238203743e+02 6.329061003375991312e+00 1.296747664285153512e+01
1.634275143283347802e+02 6.338030933500824027e+00 1.298451362173196166e+01
1.636289942686661050e+02 6.342093899662400780e+00 1.298659417445238340e+01
1.638409162283112153e+02 6.311081887414618841e+00 1.312020098924393530e+01
1.641230666561984890e+02 6.322564183088639211e+00 1.309917955562534431e+01
1.643700047106854072e+02 6.323918505142498425e+00 1.322678024652586970e+01
1.645933893381487110e+02 6.344056685247703165e+00 1.332395776085420458e+01
1.646889377404412471e+02 6.337324330690115026e+00 1.334925806704875484e+01
1.648821936091701446e+02 6.300443589542278566e+00 1.343469812357698068e+01
1.650620632802072691e+02 6.310021983198555340e+00 1.350312082908063083e+01
1.652287430321111685e+02 6.275830258302582898e+00 1.349348355185679438e+01
1.655362722776164048e+02 6.289942686660909388e+00 1.365105597864489262e+01
1.656506830493836731e+02 6.270805527204208474e+00 1.366320562141791584e+01
1.657824252178691893e+02 6.306744131271099896e+00 1.366218497291355938e+01
1.658856088560885667e+02 6.295654392714140180e+00 1.377316086990657062e+01
1.660218850592761157e+02 6.295595509146580504e+00 1.388268430556646038e+01
1.658580513464709156e+02 6.308922823270785685e+00 1.385830650859700164e+01
1.656276006909005218e+02 6.353458428201303576e+00 1.382595980215121223e+01
1.651957682342780913e+02 6.261874852791081025e+00 1.359857109209390025e+01
1.649899309099473896e+02 6.220852634058255504e+00 1.353640967260736439e+01
1.647521394362879903e+02 6.199791944727958359e+00 1.351619298107874734e+01
1.647998547538666969e+02 6.173039177200283056e+00 1.352123734003297528e+01
1.648647837010285002e+02 6.186425374892047024e+00 1.350849886158436064e+01
1.650006280913872843e+02 6.159908141634607759e+00 1.348887100573133324e+01
1.651313888670801475e+02 6.160025908769726222e+00 1.349291434403705736e+01
1.651899583889455982e+02 6.194865352908847989e+00 1.350241422626992183e+01
1.653158710842427581e+02 6.176650702677239479e+00 1.362508832535133863e+01
1.654103399544633817e+02 6.139377404412342365e+00 1.361325272827196287e+01
1.656268155766664165e+02 6.175217869199968845e+00 1.366348041139985803e+01
1.658025045144068486e+02 6.159790374499489296e+00 1.362394990971186282e+01
1.659424903823506270e+02 6.205209232943393438e+00 1.374367983041532604e+01
1.660289707152390690e+02 6.226996152940253104e+00 1.385359582319227378e+01
1.661860524456308497e+02 6.216495250058883926e+00 1.388213472560257600e+01
1.663570503258223994e+02 6.246643636649132247e+00 1.396351181596922331e+01
1.663660006280913990e+02 6.209900290492266883e+00 1.395573918505142430e+01
1.664798029363272462e+02 6.202049148151055569e+00 1.397289393106697020e+01
1.664271806547852748e+02 6.256084635314437925e+00 1.389155609641202815e+01
1.665715042788725668e+02 6.325920546439506964e+00 1.399899897935149617e+01
1.667505103242521898e+02 6.425551542749469824e+00 1.415814163460783526e+01
1.670527596765329292e+02 6.572937112349847233e+00 1.431222030305409376e+01
1.672240519745622862e+02 6.640967260736436728e+00 1.445303054094370765e+01
1.674661615765093927e+02 6.705562534348747938e+00 1.453177749862605062e+01
1.675828884352673356e+02 6.764249823349297586e+00 1.460532307450734102e+01
1.676685443982099457e+02 6.755162126089346408e+00 1.473219753474130478e+01
1.673170094998822321e+02 6.715984925806704808e+00 1.453699850828295581e+01
1.658545575881290688e+02 6.520903666483473415e+00 1.410875794928162108e+01
1.640559001334694074e+02 6.444178377953992509e+00 1.351880348590719905e+01
1.634330493836853293e+02 6.377953992305880782e+00 1.342411870927219830e+01
1.633993483551856798e+02 6.467457014995681597e+00 1.338093742639554051e+01
1.635381958074899842e+02 6.506241658161262542e+00 1.336768862369474675e+01
1.635535251629111997e+02 6.542082122948889022e+00 1.349625107953207248e+01
1.637266428515349048e+02 6.510245740755279620e+00 1.350508361466593321e+01
1.639478487869985202e+02 6.541866216534505618e+00 1.355166051660516580e+01
1.642188898484729407e+02 6.566028107089581844e+00 1.355729371123498517e+01
1.643923215827902879e+02 6.586499960744288451e+00 1.360361545104812819e+01
1.645755672450341649e+02 6.593094920310905493e+00 1.361847373792886806e+01
1.645880505613566811e+02 6.525418073329669610e+00 1.361083850200204104e+01
1.647496270707387964e+02 6.555703854910889916e+00 1.368905550757635226e+01
1.647513150663421584e+02 6.572583810944492733e+00 1.366823035251629115e+01
1.649518332417366651e+02 6.614214493208762313e+00 1.369657297636806170e+01
1.651399269843762170e+02 6.619906571406139584e+00 1.377645834968988048e+01
1.651915678731255355e+02 6.584968987987751987e+00 1.375471068540472608e+01
1.652115686582397700e+02 6.488360681479155012e+00 1.384123027400486805e+01
1.653573447436602066e+02 6.524907749077490493e+00 1.388680615529559503e+01
1.654373282562612815e+02 6.539628640967261042e+00 1.387208526340582537e+01
1.653524574075528051e+02 6.516526654628248316e+00 1.377559472403234686e+01
1.655362526497605415e+02 6.465710135824762617e+00 1.384486142733767799e+01
1.656048127502551495e+02 6.424825312082908191e+00 1.385394912459762828e+01
1.657102339640417767e+02 6.392812279186621538e+00 1.380727408337913253e+01
1.656811454816675848e+02 6.359091622831122059e+00 1.388841563947554292e+01
1.657959095548402217e+02 6.374892046792808742e+00 1.394830022768312716e+01
1.658865117374577949e+02 6.354184658867865210e+00 1.406253434874774300e+01
1.659349336578472105e+02 6.353144382507655230e+00 1.403837245819266677e+01
1.660564693412891586e+02 6.370848708487084622e+00 1.405387846431655774e+01
1.661164913244877255e+02 6.375991206720577509e+00 1.403917720028264071e+01
1.659360720734866845e+02 6.410124048048991163e+00 1.400145246133312327e+01
1.653611525476956956e+02 6.411203580120907297e+00 1.394600376854832291e+01
1.648565596294260729e+02 6.386865038863154709e+00 1.371131349611368400e+01
1.645930360367433423e+02 6.425316008479233787e+00 1.372479783308471468e+01
1.645556645991991900e+02 6.424138337128051823e+00 1.370995917405982567e+01
1.646668760304624186e+02 6.444453167935934701e+00 1.374788019156787300e+01
1.648350278715552975e+02 6.482040511894481050e+00 1.385122085263405900e+01
1.650516605166051534e+02 6.502747899819423694e+00 1.391112506869749588e+01
1.651976721362958358e+02 6.535114234121064847e+00 1.391165502080552763e+01
1.654148347334537164e+02 6.554899112820915086e+00 1.391911360602967740e+01
1.655694237261521664e+02 6.573859621574938750e+00 1.401521158828609614e+01
1.657188113370495444e+02 6.591877993248017376e+00 1.410791395147994010e+01
1.657792455052210130e+02 6.557234827667425492e+00 1.417792651330768550e+01
1.659561513700243438e+02 6.652429928554604466e+00 1.421561199654549768e+01
1.661251472089188894e+02 6.709527361231058862e+00 1.420805527204208296e+01
1.662351417131192477e+02 6.709802151213001054e+00 1.418214650231608687e+01
1.662790688545183286e+02 6.668878071759441362e+00 1.413562848394441396e+01
1.663311219282405489e+02 6.646600455366256099e+00 1.417080160163303759e+01
1.663697299207034632e+02 6.612290963335165195e+00 1.416198869435502949e+01
1.664987241893695398e+02 6.613115333280992658e+00 1.414850435738399881e+01
1.665931145481667670e+02 6.578550679123812195e+00 1.424525005888356688e+01
1.665396678966789636e+02 6.577353379916777598e+00 1.420880113056449723e+01
1.665026890162518782e+02 6.515015309727565374e+00 1.417745544476721342e+01
1.665902096255005063e+02 6.507419329512443618e+00 1.426525084399780141e+01
1.666473855696003739e+02 6.570012561827746289e+00 1.420424746800659577e+01
1.667578118866294972e+02 6.547087226191410814e+00 1.421627934364449963e+01
1.667687446023396376e+02 6.487654078668446012e+00 1.426305252414226210e+01
1.668215042788725668e+02 6.445336421449320952e+00 1.419364842584596076e+01
1.669551110936641294e+02 6.423078432911988322e+00 1.421388474523043044e+01
1.669203305330925673e+02 6.379543848629976033e+00 1.420220617099788107e+01
1.667983434089659909e+02 6.408318285310512508e+00 1.419394284368375558e+01
1.664701264033917028e+02 6.345587658004239628e+00 1.416393185208447747e+01
1.662993248017586438e+02 6.320032189683598922e+00 1.411258538117296091e+01
1.660997880191567901e+02 6.364312632488027255e+00 1.401187485279108103e+01
1.660775692863311690e+02 6.328118866295046274e+00 1.403442725916620937e+01
1.661402802857815857e+02 6.354596843840778497e+00 1.413649210960194758e+01
1.663124362094684727e+02 6.388356755907985018e+00 1.422106854047263802e+01
1.664251393577765441e+02 6.441607128837246066e+00 1.421380623380701813e+01
1.664544241187092837e+02 6.424766428515349403e+00 1.423582868807411472e+01
1.666466200832221034e+02 6.512071131349611797e+00 1.426010834576430852e+01
1.668085695218654223e+02 6.585832613645285605e+00 1.427946141163539373e+01
1.668291983983669695e+02 6.595823192274475666e+00 1.429757792258773641e+01
1.668512993640574678e+02 6.621359032739263739e+00 1.428956975739970225e+01
1.669108110230038449e+02 6.647032268195022020e+00 1.425406296616157675e+01
1.669439624715396064e+02 6.630328962864096454e+00 1.432036586323309990e+01
1.669092211666797425e+02 6.576116824998036847e+00 1.432539059433147521e+01
1.669555625343487577e+02 6.526438721834026957e+00 1.431147444453167950e+01
1.671112899426866534e+02 6.555056135667739703e+00 1.434015074193295192e+01
1.671336853262149589e+02 6.541139985867943984e+00 1.435960194708330029e+01
1.671687603046243282e+02 6.535761953364214172e+00 1.440137002433854185e+01
1.672748881212216361e+02 6.557509617649367684e+00 1.443860406689173281e+01
1.673201107011070121e+02 6.515290099709507565e+00 1.440739577608542099e+01
1.673157533171076352e+02 6.526713511815969149e+00 1.448671194158750097e+01
1.673967378503572263e+02 6.650270864410772198e+00 1.452999136374342548e+01
1.675137198712412783e+02 6.785820836931773847e+00 1.469239224307136737e+01
1.676265015309727460e+02 6.805232786370416953e+00 1.474322838973070660e+01
1.677228939310669773e+02 6.804388788568736857e+00 1.471256967888827738e+01
1.679729331867786755e+02 6.869553270000785083e+00 1.476919604302426059e+01
1.678696906649917651e+02 6.940488341053622889e+00 1.477426002983434117e+01
1.675464002512365482e+02 6.918289236083849936e+00 1.473196200047106785e+01
1.670494425688937667e+02 6.844743660202559532e+00 1.457851142341210604e+01
1.667220695611211454e+02 6.765388238988772507e+00 1.450561356677396496e+01
1.665185483237811184e+02 6.684305566459920023e+00 1.439609013111407698e+01
1.666695257910025987e+02 6.655668524770353756e+00 1.439854361309570585e+01
1.668644500274789948e+02 6.619278480018842892e+00 1.452296459134804074e+01
1.670521119572897817e+02 6.676218889848472671e+00 1.447462118238203743e+01
1.672717869199968561e+02 6.682126874460234234e+00 1.454225877365156627e+01
1.674986456779461435e+02 6.688682578315145122e+00 1.463321425767449213e+01
1.676144500274789948e+02 6.726269922273690582e+00 1.467616000628091300e+01
1.676261678574232690e+02 6.714336185915050770e+00 1.462577530030619499e+01
1.676812043652351463e+02 6.717869199968595773e+00 1.461327235612781728e+01
1.676332535133861938e+02 6.697358090602183012e+00 1.470098924393499296e+01
1.676211038706131831e+02 6.687171233414462179e+00 1.463782680379995327e+01
1.677164363664913367e+02 6.696435581377090607e+00 1.473037214414697260e+01
1.678365981000235649e+02 6.788490225327785232e+00 1.479510481275025491e+01
1.679914226269922324e+02 6.866805370181361390e+00 1.495727015780796165e+01
1.681289942686661050e+02 6.946357069953678298e+00 1.491927062887650202e+01
1.683690822014603157e+02 6.967398131428122809e+00 1.489026065792572773e+01
1.684597432676454503e+02 6.978958938525555489e+00 1.498284525398445410e+01
1.685082044437465640e+02 6.906237732590091660e+00 1.495432597943000630e+01
1.685946455209233079e+02 6.870770197063673201e+00 1.501864646306037443e+01
1.687151605558608765e+02 6.825469105754887522e+00 1.500200204129700943e+01
1.686692117453089566e+02 6.824448457250530176e+00 1.500526026536861046e+01
1.686473266860328124e+02 6.857796184344822521e+00 1.491895658318285278e+01
1.687861348826254186e+02 6.838384234906178527e+00 1.501205150349375828e+01
1.688461372379681222e+02 6.852653686111329634e+00 1.503760697181439987e+01
1.687189291041846673e+02 6.850043181282877036e+00 1.505354479076705587e+01
1.685255358404647836e+02 6.860661851299363789e+00 1.497670173510245739e+01
1.678528303368140087e+02 6.798009735416503219e+00 1.473284525398445410e+01
1.673288254691057659e+02 6.736947475857737011e+00 1.456135667739656192e+01
1.671621653450577014e+02 6.721009656905080121e+00 1.453639004475151175e+01
1.671922155923686830e+02 6.735966083065085819e+00 1.454204286723718376e+01
1.673592093899662530e+02 6.754377011855225099e+00 1.461825783151448555e+01
1.675599042160634440e+02 6.791355892282327389e+00 1.470134254534034746e+01
1.680723679045300969e+02 6.796341367668995659e+00 1.476052053073722270e+01
1.682045026301326800e+02 6.809649053937348206e+00 1.488969145010599071e+01
1.683356952186543083e+02 6.884058255476171340e+00 1.498009735416503041e+01
1.683585224150113788e+02 6.903784250608463680e+00 1.494945827117845560e+01
1.683445473816440199e+02 6.855323074507341019e+00 1.494873204051189397e+01
1.683922823270785898e+02 6.857521394362879441e+00 1.499203109052367111e+01
1.683250372929261118e+02 6.853674334615686980e+00 1.496219674962707025e+01
1.683675316008479115e+02 6.835322289393106487e+00 1.499917563005417342e+01
1.683446062652115813e+02 6.855617492345135844e+00 1.498814477506477161e+01
1.684959174059825671e+02 6.909947397346313913e+00 1.505368218575802786e+01
1.685643597393420805e+02 6.944531679359347009e+00 1.512797362016173430e+01
1.686667582633273241e+02 6.917288215435346110e+00 1.524432754965847536e+01
1.687864685561749241e+02 6.938643322603438968e+00 1.515979037449949018e+01
1.688730666561984890e+02 6.924216848551464132e+00 1.513843526733139733e+01
1.690039059433147486e+02 6.908966004553662721e+00 1.513331239695375707e+01
1.691349415089895558e+02 6.941862290963334736e+00 1.514891654235691298e+01
1.692433265290099769e+02 6.973953835283033698e+00 1.524654549736986731e+01
1.692587932794221501e+02 6.948653529088482550e+00 1.530244563083928711e+01
1.693366962393028246e+02 6.980980607678417549e+00 1.533104341681714722e+01
1.693115922116668060e+02 7.042396168642537368e+00 1.538392086048520113e+01
1.691184148543613048e+02 6.985946455209233186e+00 1.519525791002590864e+01
1.684775064771924349e+02 6.890908377168877941e+00 1.499501452461333173e+01
1.676774161890555206e+02 6.783033681400643999e+00 1.471977310198633937e+01
1.672825429850043122e+02 6.740264583496898609e+00 1.467003611525476892e+01
1.672154942294103819e+02 6.710665776870534671e+00 1.462771845803564474e+01
1.673069404098296218e+02 6.705464395069482997e+00 1.465590405904059068e+01
1.674190547224621071e+02 6.753474130485985327e+00 1.468092957525319875e+01
1.676734906178849087e+02 6.755613566773965850e+00 1.477897071523906725e+01
1.679500274789981802e+02 6.800561356677396141e+00 1.497532778519274643e+01
1.682227761639318544e+02 6.863566773965612100e+00 1.512811101515270451e+01
1.683578550679123680e+02 6.891948653529088809e+00 1.510671665227290639e+01
1.683487477427965757e+02 6.892301954934443309e+00 1.501222815419643553e+01
1.682777734160320335e+02 6.886452853890241421e+00 1.504343644500274735e+01
1.683207387924942964e+02 6.929202323938133290e+00 1.502255240637512834e+01
1.683093350082436928e+02 6.911439114391144223e+00 1.498912616785742280e+01
1.683875127581063111e+02 6.918112585381172686e+00 1.507374185443982029e+01
1.685103635078903892e+02 6.921135275182539459e+00 1.511853262149642774e+01
1.686437151605558711e+02 6.994523828217005246e+00 1.505474208997409136e+01
1.687993640574703704e+02 6.985161340975111877e+00 1.515988851377875513e+01
1.689856520373714375e+02 6.974837088796419948e+00 1.522893931066970197e+01
1.691194551307215193e+02 7.029206249509303284e+00 1.531928633116118377e+01
1.692087226191410991e+02 7.060748213865116973e+00 1.526352359268273595e+01
1.693324762502944054e+02 7.085145638690429237e+00 1.535811023003846998e+01
1.694347373792886913e+02 7.121947868414854277e+00 1.538818010520530777e+01
1.695134254534034710e+02 7.077628169898720678e+00 1.551387689408809045e+01
1.696080709743267505e+02 7.089738556960037741e+00 1.550547617178299475e+01
1.696842663107481997e+02 7.095725052995210724e+00 1.548196200047106785e+01
1.697983630368218542e+02 7.062809138729685188e+00 1.556231844233335870e+01
1.693882782444845816e+02 6.960410614744445112e+00 1.533742246996938086e+01
1.686056567480568447e+02 6.913225249273769357e+00 1.511556881526262153e+01
1.680718772081337704e+02 6.837304702834262393e+00 1.480919761325272788e+01
1.678625264976054154e+02 6.786370416895658231e+00 1.487090759205464430e+01
1.677973620161733663e+02 6.783838423490617942e+00 1.479361309570542460e+01
1.679223522022454347e+02 6.787803250372928865e+00 1.483948339483394818e+01
1.679845921331553882e+02 6.838580513464709298e+00 1.490423569129308312e+01
1.681901154117924193e+02 6.852359268273533921e+00 1.499656512522571994e+01
1.684551307215199927e+02 6.923058805056135689e+00 1.509340896600455295e+01
1.686698987202638023e+02 6.949261992619926609e+00 1.512758106304467276e+01
1.687843487477427971e+02 6.938859229017822372e+00 1.517955562534348779e+01
1.687770275575096264e+02 6.959978801915678304e+00 1.517031090523671111e+01
1.686886040668917417e+02 6.954993326529010034e+00 1.513627620318756328e+01
1.686404176807725435e+02 6.945179398602496335e+00 1.514000549579963817e+01
1.686855813770903580e+02 6.959684384077883479e+00 1.514993719086126944e+01
1.687696082279971677e+02 6.983002276831278721e+00 1.518899662400879258e+01
1.689626874460234092e+02 6.965631624401350308e+00 1.526081494857501752e+01
1.691685247703540824e+02 6.951872497448378319e+00 1.533973855696003774e+01
1.693157729449634985e+02 6.983375206092486742e+00 1.537928868650388559e+01
1.694635314438250759e+02 7.044201931381016024e+00 1.542824055900133473e+01
1.694735023945984267e+02 7.048382664677710352e+00 1.544050796890947552e+01
1.695602378896129494e+02 7.066067362801287999e+00 1.539997644657297649e+01
1.697392439349925439e+02 7.120102849964669467e+00 1.549945042003611562e+01
1.698683559707937434e+02 7.106677396561199345e+00 1.554119886943550277e+01
1.698770707387924972e+02 7.070051817539451555e+00 1.553664520687760131e+01
1.699470833006202497e+02 7.088070189212530181e+00 1.569498312004396645e+01
1.700200204129700978e+02 7.115431420271649543e+00 1.567786762974012760e+01
1.698013268430556764e+02 7.093978173824291744e+00 1.552494700478919754e+01
1.692859974876344609e+02 7.015466750412184815e+00 1.538207584203501632e+01
1.686667975190390223e+02 6.902233649996074583e+00 1.513158514563868984e+01
1.681146659338933773e+02 6.799462196749627374e+00 1.492765172332574330e+01
1.679232354557587996e+02 6.780521315851456343e+00 1.494616079139514753e+01
1.679206642066420727e+02 6.771119572897856820e+00 1.496606343723011712e+01
1.680224738949517018e+02 6.811258538117296091e+00 1.481239695375677101e+01
1.681220656355499727e+02 6.832260343880034448e+00 1.496826175708565643e+01
1.682417759283975727e+02 6.828452539844547253e+00 1.494488498076470151e+01
1.684936209468477557e+02 6.881329983512601167e+00 1.506591033995446338e+01
1.686367080160163425e+02 6.919525791002590687e+00 1.512487241893695611e+01
1.686945513072151925e+02 6.843016408887493185e+00 1.517841720970401198e+01
1.686893891811258470e+02 6.843644500274789877e+00 1.516226348433697169e+01
1.686455798068618890e+02 6.834713825861662428e+00 1.513072151998115800e+01
1.685236123105912043e+02 6.870475779225877488e+00 1.508549894009578374e+01
1.686421449320876320e+02 6.872497448378739549e+00 1.511064222344351116e+01
1.687374578001099223e+02 6.909868885922901605e+00 1.510818874146188229e+01
1.688673745780010904e+02 6.927494700478919576e+00 1.517841720970401198e+01
1.689507144539530543e+02 6.965611996545497675e+00 1.519665148779147401e+01
1.690597668210724578e+02 7.025732119023317956e+00 1.530289707152390655e+01
1.692184384077883408e+02 7.017154746015545008e+00 1.529746015545261884e+01
1.692861937661929801e+02 7.051110936641281413e+00 1.534319305959017044e+01
1.693673942058569537e+02 7.019824134411557282e+00 1.547621103870613091e+01
1.694641202795006620e+02 7.021885059276124608e+00 1.546792808353615456e+01
1.695229057077804953e+02 7.055959017036978587e+00 1.553898092172411083e+01
1.696587500981392793e+02 7.121162754180732968e+00 1.561880741147836993e+01
1.697330022768312858e+02 7.228213080003140334e+00 1.565009421370809406e+01
1.698647248174609388e+02 7.292965376462275273e+00 1.571802622281541950e+01
1.698794849650624030e+02 7.279245505221009438e+00 1.565058491010442054e+01
1.694957014995681845e+02 7.140319541493287403e+00 1.560394912459762828e+01
1.688289432362408604e+02 7.056037528460390895e+00 1.517892753395619110e+01
1.680539766035958280e+02 6.925414147758498729e+00 1.492307843291198921e+01
1.675655177828373894e+02 6.845568030148386995e+00 1.477109994504200330e+01
1.674107128837245853e+02 6.779716573761482401e+00 1.480992384391928951e+01
1.672979508518489524e+02 6.805978644892832108e+00 1.473147130407474314e+01
1.673087658004239699e+02 6.751962785585302385e+00 1.481114077098217763e+01
1.674785271256967860e+02 6.783249587815027404e+00 1.481096412027950038e+01
1.676348041139985980e+02 6.834537175158986066e+00 1.480067912381251460e+01
1.678125539766035956e+02 6.813123184423333534e+00 1.480378032503729280e+01
1.678906139593310911e+02 6.802288607992462488e+00 1.480505613566773881e+01
1.679505378032503700e+02 6.800993169506162950e+00 1.486560807097432679e+01
1.679734435110308652e+02 6.774377796969458743e+00 1.489722854675355279e+01
1.678697299207034632e+02 6.766703305330925566e+00 1.492458977781267215e+01
1.679508911046557387e+02 6.767625814556017971e+00 1.491071288372458170e+01
1.680550365078118773e+02 6.870102849964669467e+00 1.500486770825155070e+01
1.683787194786841610e+02 6.948732040511894859e+00 1.505774515191960461e+01
1.684039216455994392e+02 6.990696396325665418e+00 1.508744209782523349e+01
1.685053387767920299e+02 7.006536075999058255e+00 1.513857266232236753e+01
1.685512679594881149e+02 6.946887022061710049e+00 1.510787469576823483e+01
1.687421292298029414e+02 6.955876580042396284e+00 1.512341995760383107e+01
1.688683952265054700e+02 6.918799560336029053e+00 1.512773808589149738e+01
1.689237065242992912e+02 6.897464081023788829e+00 1.522707466436366452e+01
1.689437661929810872e+02 6.932911988694354655e+00 1.526456386904294504e+01
1.690082633273141255e+02 6.950164873989165493e+00 1.530949203109052448e+01
1.690302661537253641e+02 7.048716338227212219e+00 1.536311533328099266e+01
1.690709154431969807e+02 7.029520295202951630e+00 1.535852241501138415e+01
1.691272277616393183e+02 6.994602339640417554e+00 1.540517782837402905e+01
1.692426788097668293e+02 7.025673235455759169e+00 1.539318520844782867e+01
1.693376187485279161e+02 7.031031640103635461e+00 1.540996702520216743e+01
1.694060218261757029e+02 7.027596765329355399e+00 1.540706210253591912e+01
1.694236672685875931e+02 6.989381329983512359e+00 1.535314438250765434e+01
1.691168642537489291e+02 6.924099081416345669e+00 1.523535761953364265e+01
1.682188113370495444e+02 6.810434168171468627e+00 1.498865509931695073e+01
1.674956229881447882e+02 6.656669545418858469e+00 1.470980215121300105e+01
1.672000863625657416e+02 6.604302426002983673e+00 1.459225092250922451e+01
1.670779814713040707e+02 6.598786998508282764e+00 1.459835518567951596e+01
1.669354047263877021e+02 6.600141320562141978e+00 1.461772787940645379e+01
1.669156787312554115e+02 6.576646777106068598e+00 1.452149250215906484e+01
1.668955209232943275e+02 6.593958545968438223e+00 1.441860328177749828e+01
1.669031954149328669e+02 6.561513700243385649e+00 1.442036978880427078e+01
1.670131506634215270e+02 6.552013818010520296e+00 1.448730077726309240e+01
1.670816911360603001e+02 6.588168328491795123e+00 1.450971578864724876e+01
1.670555075763523689e+02 6.612546125461254753e+00 1.448366962393028246e+01
1.669722658396796646e+02 6.586028892203815488e+00 1.441632645049854666e+01
1.668660987673706586e+02 6.571013582476250114e+00 1.444663185993562138e+01
1.668433500824369844e+02 6.580729371123498872e+00 1.450259087697259908e+01
1.668412891575724188e+02 6.603026615372536767e+00 1.447146109758969956e+01
1.668943628797990186e+02 6.557843291198869551e+00 1.445014524613331197e+01
1.669877129622360030e+02 6.606010049462196498e+00 1.446472874303211142e+01
1.671003572269765129e+02 6.623380701892124911e+00 1.464506948260972052e+01
1.671773965611996573e+02 6.630171940017272725e+00 1.457815812200675154e+01
1.672598728114940627e+02 6.626403391693491685e+00 1.462540237104498786e+01
1.672889416660123914e+02 6.691234199576038044e+00 1.455578236633430222e+01
1.673827824448457307e+02 6.683540080081652235e+00 1.464067284289864190e+01
1.675112860171154807e+02 6.685699144225484503e+00 1.465951558451754799e+01
1.675018057627384849e+02 6.656335871869356602e+00 1.467007537096647596e+01
1.675236711941587373e+02 6.660830650859700164e+00 1.464082986574546652e+01
1.676465219439428438e+02 6.643754416267566576e+00 1.468952657611682433e+01
1.677042474680065993e+02 6.687131977702756025e+00 1.467835832613645231e+01
1.678480411399858667e+02 6.768253905943314663e+00 1.481585145638690371e+01
1.679466711156473195e+02 6.756477192431498580e+00 1.473380701892125266e+01
1.679874774279657572e+02 6.708310434168171632e+00 1.484741304859857181e+01
1.681281698987202731e+02 6.697515113449006741e+00 1.485728586009264340e+01
1.682216181204365171e+02 6.676238517704326192e+00 1.486405747036193681e+01
1.683808000314045614e+02 6.676101122713355096e+00 1.488986810080866796e+01
1.685318756379053013e+02 6.720656355499725620e+00 1.485809060218261735e+01
1.685055350553505491e+02 6.731706838344979182e+00 1.487561827745937038e+01
1.678559707937504868e+02 6.676866609091622884e+00 1.471692706288765073e+01
1.667069168564026143e+02 6.515348983277067241e+00 1.436919996859543147e+01
1.661735887571641683e+02 6.437544162675669313e+00 1.417716102692941860e+01
1.659082790295988161e+02 6.395187249744838098e+00 1.410186857187720832e+01
1.656730195493444171e+02 6.359876737065243368e+00 1.404180733296694683e+01
1.656646973384627586e+02 6.362055429064929157e+00 1.393864332260343808e+01
1.656964552092329370e+02 6.427710606893302980e+00 1.398957760854204224e+01
1.657520609248645655e+02 6.418505142498233340e+00 1.396037135903273985e+01
1.660457917877050988e+02 6.396561199654549945e+00 1.415945670094998832e+01
1.660790806312318466e+02 6.419231373164795862e+00 1.417176336656983615e+01
1.660455562534348815e+02 6.481157258381094799e+00 1.420874224699693755e+01
1.658997016565910201e+02 6.459743267645442266e+00 1.418458035644186310e+01
1.658592879013896493e+02 6.474012718850592485e+00 1.407866844625893066e+01
1.659148936170212778e+02 6.473718301012797660e+00 1.412630525241422674e+01
1.659013307686268490e+02 6.492305880505613302e+00 1.399289471618120473e+01
1.659770157807961084e+02 6.520197063672764415e+00 1.406687210489126194e+01
1.661092682735337860e+02 6.586853262149642951e+00 1.416395147994033188e+01
1.662176140378425089e+02 6.644264740519745693e+00 1.412977938290021207e+01
1.664033328099238531e+02 6.657140613959331432e+00 1.423190311690350995e+01
1.665641634607835329e+02 6.662479390751354202e+00 1.432311376305252359e+01
1.666224581926670396e+02 6.677514328334773097e+00 1.433909083771688842e+01
1.667575763523592798e+02 6.649446494464944735e+00 1.441671900761560821e+01
1.668361074036272385e+02 6.674982334929731920e+00 1.453941273455287764e+01
1.668928122791866144e+02 6.674334615686582595e+00 1.451448535761953451e+01
1.669800973541650251e+02 6.718752453481982023e+00 1.446060689330297500e+01
1.670832613645285392e+02 6.712726701735102885e+00 1.451925492659181849e+01
1.671493287273298165e+02 6.726269922273690582e+00 1.458969930124833247e+01
1.672466436366491394e+02 6.688407788333202042e+00 1.457431106225955908e+01
1.673959723639789559e+02 6.686189840621810099e+00 1.462312553976603624e+01
1.674231962000471015e+02 6.730509539137944586e+00 1.472140221402213989e+01
1.675776477977545653e+02 6.745780010991599518e+00 1.475594724032346683e+01
1.677517468791709234e+02 6.760834576430871046e+00 1.471492502159064131e+01
1.678898288450969574e+02 6.801954934442961509e+00 1.480497762424432828e+01
1.681793789746407981e+02 6.839718929104184220e+00 1.494180340739577595e+01
1.683432323153018899e+02 6.911321347256025760e+00 1.498231530187642235e+01
1.684270236319384537e+02 7.018764230195493781e+00 1.495020412970087165e+01
1.682594998822328591e+02 7.015447122556332182e+00 1.498086284054329909e+01
1.675929378974640827e+02 6.944629818638611951e+00 1.472785977859778583e+01
1.665112860171154807e+02 6.768960508754023664e+00 1.439976054015859219e+01
1.658078040354871519e+02 6.654667504121849930e+00 1.428085498940095732e+01
1.654197416974169812e+02 6.630427102143362283e+00 1.405833398759519426e+01
1.652884117139043667e+02 6.640653215042788382e+00 1.397483708879641995e+01
1.653187956347648537e+02 6.642674884195650442e+00 1.405095391379445680e+01
1.653378739106539967e+02 6.643165580591976038e+00 1.402763602104106155e+01
1.653913401899976350e+02 6.650624165816125810e+00 1.407285860092643404e+01
1.656875441626756640e+02 6.679594881055193945e+00 1.404855931538038760e+01
1.659732079767606194e+02 6.633744209782522994e+00 1.415315615922116699e+01
1.660602378896129494e+02 6.597746722148072784e+00 1.408667661144696481e+01
1.661566695454188505e+02 6.550914658082750641e+00 1.409446887022061645e+01
1.662008714767998754e+02 6.581907042474679947e+00 1.418120436523514094e+01
1.661360995524848931e+02 6.597275653607599821e+00 1.417288215435345755e+01
1.661417916306822633e+02 6.595038078040355245e+00 1.411870927219910499e+01
1.662033053309256445e+02 6.615431420271649543e+00 1.410559786448928321e+01
1.662335714846510086e+02 6.647876265996702116e+00 1.411554918740676712e+01
1.663665698359111218e+02 6.675217869199968845e+00 1.423967574782130718e+01
1.664992933971892910e+02 6.691116432440920470e+00 1.422570071445395357e+01
1.665494818246054933e+02 6.681302504514406770e+00 1.427239538352830373e+01
1.666420271649525091e+02 6.729371123498468776e+00 1.427512365549187479e+01
1.667983237811101560e+02 6.737281149407238878e+00 1.432295674020570075e+01
1.669000942137080870e+02 6.740421606343723226e+00 1.432878621339404823e+01
1.669612546125461279e+02 6.721912538274319004e+00 1.433579335793357856e+01
1.670086951401428905e+02 6.741991834811964956e+00 1.437789510873832199e+01
1.670758616628719437e+02 6.790394127345528830e+00 1.444847687838580441e+01
1.671759244720106778e+02 6.821386511737458136e+00 1.450418073329669433e+01
1.672508439978016668e+02 6.817088011305645345e+00 1.451213001491717058e+01
1.673914775849886212e+02 6.816695454188584691e+00 1.451572191253827349e+01
1.675324448457250526e+02 6.829492816204758121e+00 1.460864018214650173e+01
1.677026183559707988e+02 6.842172411085813089e+00 1.462041689565831781e+01
1.679991363743424699e+02 6.821700557431106482e+00 1.461496035173117747e+01
1.681084831592996807e+02 6.829512444060610754e+00 1.469567009499882282e+01
1.681913912224228511e+02 6.805075763523592336e+00 1.482515506006123829e+01
1.681976917641516707e+02 6.831985553898092256e+00 1.479906963963256672e+01
1.681154117924157845e+02 6.806881526262070992e+00 1.483828609562691447e+01
1.675108934599984423e+02 6.750902881369238884e+00 1.466656198476878359e+01
1.666385726623223604e+02 6.673922430713668419e+00 1.434861034780560551e+01
1.659986653058020067e+02 6.546792808353615101e+00 1.408916934914030072e+01
1.658265878935385160e+02 6.557136688388160550e+00 1.392877051110936648e+01
1.658805056135667826e+02 6.546105833398759621e+00 1.396272670173510200e+01
1.658508479233728394e+02 6.507811886629504272e+00 1.399984297715317538e+01
1.660142105676376048e+02 6.509342859386040736e+00 1.401852869592525686e+01
1.662020295202952127e+02 6.468261757085655539e+00 1.407908063123184483e+01
1.663861976917641528e+02 6.529049226662479555e+00 1.409727565360759982e+01
1.664077490774907631e+02 6.560905236711941590e+00 1.412359660830650832e+01
1.664880858914972066e+02 6.526242443275496186e+00 1.411566695454188647e+01
1.665255750961764818e+02 6.532346706445787632e+00 1.413419565046714332e+01
1.664232354557587996e+02 6.566754337756143478e+00 1.416552170840857272e+01
1.664557391850514136e+02 6.547362016173353005e+00 1.420318756379053227e+01
1.664583300620240323e+02 6.627286645206877935e+00 1.419775064771924278e+01
1.665169388396011527e+02 6.671351181596921975e+00 1.427763602104106155e+01
1.665707191646384615e+02 6.661831671508204877e+00 1.425003925571170527e+01
1.665962157493915470e+02 6.656237732590091660e+00 1.423622124519117449e+01
1.667299403313182040e+02 6.654824526968673659e+00 1.433390908377168849e+01
1.669375049069639658e+02 6.668701421056764111e+00 1.443715160555860955e+01
1.670843212687445885e+02 6.659515584517547104e+00 1.450272827196357106e+01
1.671873675119729796e+02 6.722619141085028005e+00 1.439764073172646697e+01
1.674016055586087646e+02 6.735455758812907590e+00 1.441430478134568638e+01
1.674246879170919442e+02 6.679830415325429982e+00 1.443752453481981668e+01
1.675930752924550404e+02 6.641399073565203537e+00 1.454178770511109420e+01
1.676845999842977051e+02 6.665580591976132396e+00 1.458653921645599461e+01
1.678204640025123524e+02 6.681027714532464579e+00 1.455694040982963067e+01
1.679276517233257380e+02 6.710292847609327538e+00 1.462614822956740213e+01
1.680316401036350840e+02 6.732020884038627528e+00 1.465309727565360731e+01
1.681379053152233780e+02 6.732805998272748838e+00 1.457690193923215816e+01
1.682637787548088113e+02 6.729920703462354048e+00 1.470711313496113704e+01
1.683901036350789013e+02 6.783720656355499479e+00 1.473904765643401049e+01
1.684348747742796490e+02 6.847216770040041034e+00 1.470988066263641336e+01
1.684201931381015811e+02 6.850651644814320207e+00 1.490582554761717837e+01
1.680118159692235338e+02 6.836598100023553393e+00 1.469808432126874465e+01
1.670396090131114022e+02 6.756850121692706601e+00 1.444928162047577835e+01
1.662783229959959215e+02 6.711666797519039385e+00 1.416893695532700015e+01
1.659117727879406345e+02 6.630917798539687880e+00 1.408911046557274105e+01
1.658531443825076508e+02 6.642419722069560883e+00 1.407908063123184483e+01
1.658490814163460811e+02 6.650270864410772198e+00 1.402857815812200748e+01
1.660015309727565409e+02 6.706328020727015726e+00 1.405517390280285817e+01
1.662636609876737168e+02 6.697377718458035645e+00 1.418966397110779631e+01
1.664906963963256601e+02 6.703796027321975437e+00 1.428727329826489800e+01
1.664759755044358940e+02 6.688427416189055563e+00 1.421769254926591763e+01
1.665188427416188972e+02 6.693393263719871200e+00 1.420978252335714842e+01
1.664500667347099068e+02 6.673961686425374573e+00 1.415606108188741530e+01
1.664741501138415742e+02 6.671841877993248460e+00 1.415087932794221537e+01
1.663458035644186168e+02 6.695434560728585893e+00 1.415894637669780920e+01
1.663208173039177211e+02 6.678593860406689231e+00 1.421763366569835974e+01
1.663724189369553130e+02 6.674668289236083574e+00 1.415052602653686087e+01
1.665435345842820141e+02 6.687681557666640408e+00 1.415975111878778314e+01
1.667239342074271917e+02 6.745446337442097651e+00 1.428913794457093545e+01
1.668840582554761625e+02 6.752610504828452598e+00 1.432173981314281264e+01
1.670038863154588853e+02 6.767076234592133588e+00 1.438774829237654096e+01
1.671510952343566032e+02 6.755613566773965850e+00 1.444763288058412520e+01
1.675808863939703315e+02 6.701852869592525686e+00 1.443675904844154800e+01
1.675802190468713206e+02 6.716887807175943692e+00 1.445905629269058679e+01
1.676403195414932839e+02 6.722815419643557888e+00 1.453425060846353212e+01
1.676878582083693061e+02 6.812907278008950129e+00 1.454145403156159233e+01
1.678685718772081259e+02 6.818481589071209825e+00 1.459758969930124906e+01
1.679573879249430775e+02 6.867139043730863257e+00 1.458538117296066616e+01
1.680106971814398946e+02 6.813260579414304630e+00 1.462940645363900494e+01
1.681467182225013630e+02 6.847334537175158609e+00 1.469268666090916220e+01
1.683008754023710480e+02 6.864685561749234388e+00 1.482664677710606860e+01
1.684356795163696177e+02 6.901899976446572715e+00 1.483202480960979841e+01
1.685210018057627508e+02 6.958192667033053169e+00 1.478067833869828007e+01
1.684467888827824424e+02 6.940704247468006294e+00 1.475184501845018481e+01
1.678583261364528596e+02 6.895677946141163694e+00 1.458127895108738237e+01
1.667140025123655391e+02 6.798892988929889469e+00 1.431377090366648375e+01
1.660927416189055634e+02 6.789609013111407521e+00 1.407686268352045289e+01
1.658892203815655080e+02 6.803309256496820723e+00 1.396362958310434088e+01
1.657570660281070900e+02 6.752060924864568214e+00 1.400736044594488483e+01
1.657928868650388665e+02 6.741775928397581552e+00 1.389026065792572773e+01
1.659262581455601833e+02 6.706288765015309572e+00 1.399299285546046967e+01
1.660325626128601755e+02 6.733748135353693876e+00 1.397485671665227258e+01
1.662819148936170279e+02 6.753297479783308077e+00 1.408924786056371126e+01
1.663145756457564630e+02 6.769274554447672010e+00 1.409570542513935720e+01
1.664198594645521041e+02 6.718320640653215214e+00 1.405411399858679466e+01
1.664858483159299567e+02 6.717888827824448406e+00 1.411448928319070362e+01
1.664593899662400815e+02 6.751629112035801406e+00 1.406485043573839988e+01
1.664989793514956489e+02 6.729233728507497680e+00 1.406214179163068145e+01
1.665402959880662763e+02 6.690095783936563123e+00 1.411755122870377654e+01
1.666377875480882551e+02 6.699399387610897705e+00 1.412428358326136468e+01
1.667866059511658818e+02 6.718987987752218061e+00 1.427480960979822555e+01
1.668986810080866690e+02 6.717515898563241272e+00 1.429732276046164685e+01
1.671314281227918741e+02 6.712785585302661673e+00 1.435999450420036183e+01
1.672027164952500584e+02 6.763052524142262989e+00 1.429524220774122689e+01
1.673783661772787923e+02 6.807804035487163397e+00 1.432452696867394160e+01
1.674112232079767466e+02 6.783818795634764420e+00 1.442180262228154142e+01
1.675008243699458319e+02 6.814654157179869998e+00 1.440303839208604764e+01
1.675473816440292012e+02 6.796930203344586197e+00 1.438745387453874613e+01
1.676596726073643708e+02 6.719046871319776848e+00 1.440604145403156089e+01
1.676695454188584335e+02 6.679673392478605365e+00 1.448545575881290759e+01
1.677407160241815234e+02 6.726034388003454545e+00 1.448777184580356447e+01
1.678793475700714453e+02 6.780835361545104689e+00 1.460732511580434867e+01
1.679606854047263766e+02 6.838992698437622586e+00 1.469280442804427977e+01
1.681444610190782782e+02 6.859641202795006443e+00 1.464873989165423573e+01
1.682655452618355980e+02 6.873164795477742395e+00 1.471345293240166363e+01
1.682831907042474597e+02 6.901527047185365582e+00 1.481273062730627288e+01
1.678478448614273475e+02 6.894559158357541406e+00 1.464605087540237172e+01
1.667772827196357071e+02 6.734768783858051222e+00 1.423957760854204224e+01
1.656609484179948311e+02 6.675728193452147075e+00 1.383667661144696481e+01
1.653160869906571406e+02 6.565792572819344919e+00 1.374407238753238580e+01
1.651814202716495288e+02 6.556704875559393741e+00 1.372244249038235075e+01
1.651263445081259249e+02 6.528911831671508459e+00 1.376419093978173791e+01
1.651371202009892443e+02 6.564124205071838247e+00 1.376701735102457391e+01
1.652529245505220956e+02 6.605931538038785078e+00 1.383905158200518137e+01
1.654335793357933539e+02 6.609170134254534368e+00 1.393825076548637831e+01
1.655491677789118228e+02 6.599356206328020669e+00 1.398600533877679197e+01
1.656734513621731821e+02 6.651213001491717236e+00 1.391308785428279826e+01
1.658135942529638100e+02 6.634627463295909244e+00 1.388823898877286567e+01
1.657446808510638334e+02 6.588717908455680394e+00 1.392007537096647596e+01
1.656004749941116359e+02 6.537273298264897115e+00 1.385314438250765434e+01
1.656372183402685039e+02 6.528028578158122208e+00 1.392345136217319634e+01
1.657144735809060307e+02 6.572623066656198887e+00 1.393770118552249393e+01
1.659815301876423064e+02 6.542729842192039236e+00 1.392647405197456223e+01
1.660925453403470158e+02 6.596647562220303129e+00 1.401010834576430852e+01
1.660983748135353721e+02 6.609837481353537214e+00 1.404520295202951985e+01
1.662293514956426179e+02 6.629583104341681299e+00 1.404836303682185772e+01
1.664494975268901555e+02 6.656237732590091660e+00 1.413301797911596225e+01
1.665808275104027700e+02 6.694983120043966451e+00 1.417778911831671529e+01
1.665944296145088970e+02 6.703835283033681591e+00 1.416251864646306124e+01
1.667869396247153873e+02 6.695925257124911489e+00 1.421969459056292706e+01
1.670624165816126379e+02 6.686523514171311966e+00 1.430646934128915682e+01
1.672644068461961240e+02 6.716102692941823271e+00 1.430790217476642923e+01
1.674626481903116826e+02 6.703305330925649841e+00 1.442223443511030823e+01
1.675491285232001246e+02 6.728860799246290547e+00 1.447558294731883421e+01
1.676786527439742542e+02 6.749332652900997154e+00 1.446835989636492137e+01
1.677641320562141800e+02 6.773435659888513705e+00 1.452180654785271230e+01
1.678251550600612347e+02 6.799246290335243970e+00 1.452940252806783406e+01
1.678659024888121110e+02 6.845901703697887974e+00 1.463335165266546234e+01
1.674648661380230692e+02 6.760873832142576312e+00 1.447318834890476502e+01
1.661574546596529842e+02 6.578334772709428790e+00 1.402785192745544407e+01
1.652971853654706820e+02 6.452166915286174032e+00 1.370617099788019111e+01
1.648854910889534438e+02 6.395226505456544253e+00 1.357645049854753871e+01
1.646874263955405411e+02 6.371967496270707798e+00 1.350388631545889950e+01
1.646154117924157845e+02 6.384980764701263745e+00 1.355425139357776487e+01
1.645051228703776474e+02 6.384941508989557590e+00 1.341797519039020159e+01
1.644698712412655937e+02 6.410771767292141377e+00 1.344445316793593470e+01
1.644755829473188271e+02 6.438878856873675005e+00 1.344276517233257451e+01
1.645328374028421194e+02 6.475661458742247412e+00 1.350679123812514781e+01
1.645236319384470391e+02 6.457368297087226594e+00 1.355293632723561359e+01
1.645645167621889016e+02 6.509539137944570619e+00 1.349650624165816204e+01
1.646764740519745658e+02 6.475818481589071141e+00 1.347593624872418872e+01
1.646362762031875775e+02 6.513739499097118468e+00 1.350427887257595927e+01
1.645952932401664555e+02 6.497232472324723673e+00 1.357943393263719933e+01
1.646085616707230770e+02 6.484336971029284413e+00 1.353972678024652510e+01
1.647940841642459020e+02 6.490382350632017072e+00 1.352763602104106155e+01
1.649781934521472806e+02 6.480843212687446453e+00 1.361450891104655803e+01
1.650653607599905683e+02 6.534937583418387597e+00 1.356634215278323019e+01
1.652475857737300657e+02 6.539373478841171483e+00 1.359967025202166901e+01
1.654801562377325865e+02 6.557038549108895609e+00 1.370895815341132185e+01
1.656919408023867391e+02 6.576450498547538714e+00 1.388119258852163007e+01
1.658136138808196733e+02 6.595057705896207878e+00 1.397126481903116968e+01
1.658886511737457852e+02 6.567029127738085670e+00 1.390409829630211114e+01
1.659711077961843557e+02 6.631585145638690726e+00 1.397030305409437112e+01
1.661273455287744412e+02 6.628385805134646702e+00 1.395530737222265927e+01
1.662726898013661128e+02 6.585263405825547700e+00 1.399293397189290999e+01
1.662945159770746670e+02 6.502924550522100944e+00 1.400041218497291418e+01
1.664358169113606039e+02 6.520314830807882878e+00 1.404084556803014827e+01
1.666019274554447804e+02 6.544084164245897561e+00 1.412112349846902681e+01
1.667429143440370467e+02 6.540786684462589484e+00 1.415998665305802007e+01
1.668576195336421506e+02 6.528244484572505613e+00 1.409248645677946143e+01
1.668233296694669150e+02 6.507124911674648793e+00 1.411721755515427468e+01
1.661843644500274877e+02 6.470577844076313312e+00 1.393069404098296360e+01
1.648562848394441289e+02 6.314575645756457689e+00 1.355179791159613778e+01
1.641006123891026220e+02 6.221657376148229446e+00 1.323445473816440376e+01
1.636127620318756328e+02 6.216004553662558330e+00 1.315360759990578643e+01
1.634844547381644020e+02 6.216475622203030404e+00 1.302910811023003923e+01
1.633762267409908020e+02 6.223620161733531830e+00 1.300879327942215546e+01
1.634115961372379786e+02 6.234140692470754530e+00 1.302200282641124218e+01
1.635087147679987538e+02 6.254023710449870599e+00 1.308471382586166243e+01
1.635796498390515694e+02 6.287116275418073386e+00 1.318212687446023423e+01
1.637089974091230147e+02 6.357599905786291750e+00 1.311768862369474675e+01
1.636846784957211298e+02 6.325253199340504118e+00 1.313187956347648644e+01
1.637790099709507672e+02 6.314771924314987572e+00 1.315979037449949018e+01
1.636757085655962953e+02 6.312279186621653437e+00 1.321865431420271619e+01
1.636359425296380721e+02 6.345430635157415011e+00 1.313598178534976846e+01
1.636467182225013630e+02 6.350141320562141978e+00 1.318142027164952523e+01
1.637290570778048107e+02 6.354753866687603114e+00 1.314342074271806560e+01
1.637924746800659364e+02 6.366039883803093602e+00 1.321765329355421237e+01
1.639169545418858434e+02 6.345234356598885128e+00 1.330927612467614018e+01
1.640428672371830032e+02 6.345038078040355245e+00 1.328625264976053977e+01
1.642958310434168254e+02 6.375088325351338625e+00 1.333640182146502262e+01
1.643808392871162880e+02 6.391516840700322000e+00 1.330533092564968278e+01
1.646052053073722163e+02 6.400604537960273177e+00 1.342633665698359025e+01
1.647679006045379708e+02 6.418191096804584994e+00 1.350683049383685308e+01
1.650030815733689167e+02 6.472422862526497234e+00 1.349366020255947163e+01
1.651611250686974870e+02 6.462805213158514306e+00 1.354954070817303879e+01
1.653038980921724033e+02 6.465454973698673058e+00 1.369510088717908403e+01
1.654066106618512890e+02 6.481157258381094799e+00 1.372648582868807488e+01
1.655532503729292557e+02 6.482315301876423241e+00 1.378270000785114213e+01
1.657120986103477946e+02 6.515348983277067241e+00 1.381037528460391073e+01
1.658053898092172460e+02 6.527832299599591437e+00 1.395897778126717448e+01
1.659496938054487032e+02 6.559177985396875243e+00 1.399468085106382986e+01
1.660897581848158779e+02 6.604577215984925864e+00 1.398349297322760521e+01
1.662560650074585737e+02 6.646934128915757078e+00 1.399038235063201618e+01
1.661626167857423297e+02 6.660222187328256105e+00 1.395518960508753992e+01
1.652948692784800073e+02 6.561945513072151570e+00 1.377710606893302980e+01
1.638659024888121110e+02 6.509401742953599523e+00 1.319733846274633038e+01
1.630422195179398557e+02 6.449811572583810992e+00 1.297732982648975408e+01
1.627401468163617722e+02 6.456249509303603418e+00 1.284574468085106425e+01
1.627450341524691737e+02 6.405511501923530027e+00 1.288696317814241965e+01
1.627522964591348114e+02 6.440763131035565969e+00 1.293112585381173041e+01
1.628554408416424621e+02 6.433206406532150368e+00 1.301909790374499565e+01
1.630210410614744490e+02 6.417818167543377861e+00 1.308687289000549647e+01
1.631965729763680599e+02 6.450341524691842743e+00 1.311996545497369837e+01
1.633126913715945534e+02 6.485632409515584840e+00 1.315507968909476411e+01
1.633680026693884031e+02 6.465494229410379212e+00 1.310016094841799550e+01
1.633272944963492250e+02 6.465533485122085366e+00 1.311289942686660837e+01
1.632544162675669384e+02 6.452108031718615244e+00 1.310312475465180171e+01
1.632872536704090578e+02 6.422234435110308226e+00 1.306840307764779752e+01
1.633086676611447103e+02 6.446671115647326644e+00 1.303796027321975259e+01
1.635239656119965446e+02 6.508969930124833603e+00 1.315358797204993380e+01
1.636834026850906696e+02 6.568893774044123113e+00 1.327023631938446968e+01
1.638396993012483449e+02 6.548696710371358698e+00 1.326046164716966302e+01
1.640933697102928477e+02 6.506869749548559234e+00 1.335330140535447896e+01
1.642510206485043511e+02 6.522964591348040742e+00 1.346610269294182238e+01
1.645086951401428905e+02 6.525025516212608956e+00 1.340509931695061674e+01
1.645860288922038137e+02 6.579061003375991312e+00 1.341913323388553003e+01
1.648363233100416210e+02 6.585734474366020663e+00 1.348541650310120055e+01
1.650105009028813754e+02 6.602182617570856671e+00 1.364767998743817223e+01
1.651420664206642073e+02 6.646227526105048078e+00 1.364930909947397275e+01
1.652415796498390534e+02 6.635471461097589341e+00 1.368381487006359443e+01
1.653596804585067161e+02 6.665973149093193051e+00 1.376676218889848435e+01
1.655583536154510398e+02 6.693707309413519546e+00 1.381685247703540931e+01
1.656719400172725045e+02 6.734709900290492435e+00 1.388154588992698457e+01
1.658714375441626885e+02 6.725288529481039390e+00 1.392914344037057361e+01
1.661111132919839974e+02 6.695493444296144681e+00 1.396253042317657211e+01
1.662466436366491394e+02 6.686837559864960312e+00 1.401589856324095074e+01
1.662768901625186402e+02 6.699340504043338029e+00 1.402335714846510228e+01
1.659541297008714764e+02 6.662381251472089261e+00 1.390898563240951624e+01
1.647834262385177055e+02 6.615431420271649543e+00 1.347303132605794218e+01
1.636317617963413795e+02 6.518823113763052568e+00 1.317511972992070390e+01
1.632414226269922324e+02 6.451931381015937994e+00 1.303403470204914782e+01
1.631846392400094317e+02 6.469498312004396290e+00 1.303623302190468713e+01
1.632605205307372103e+02 6.468026222815419501e+00 1.300471068540472608e+01
1.633768940880898128e+02 6.457564575645756477e+00 1.298571092093899715e+01
1.635874617256810950e+02 6.474287508832535565e+00 1.322042082122948869e+01
1.638407592054643942e+02 6.473816440292062602e+00 1.328566381408495012e+01
1.640063005417288196e+02 6.473855696003768756e+00 1.329100259087697289e+01
1.641475818481588931e+02 6.525889141870141685e+00 1.332124911674648615e+01
1.641413794457093616e+02 6.507340818089032197e+00 1.335754102221873296e+01
1.640875206092486565e+02 6.505535055350553542e+00 1.335124048048991163e+01
1.641168642537489291e+02 6.530226898013660630e+00 1.333286880741147762e+01
1.642531208290806433e+02 6.540256732354557734e+00 1.337869985082829594e+01
1.642968909476328747e+02 6.592859386040668568e+00 1.334941508989557946e+01
1.643875716416738726e+02 6.574252178691999404e+00 1.343579728350474944e+01
1.645683049383685272e+02 6.591799481824605067e+00 1.354357383999371933e+01
1.646114273376776396e+02 6.582358483159299389e+00 1.357281934521472877e+01
1.647063476485828630e+02 6.572603438800345366e+00 1.359562691371594489e+01
1.649397817382429139e+02 6.617884902253277524e+00 1.364879877522179541e+01
1.652127463295909422e+02 6.649525005888357043e+00 1.367264662008322240e+01
1.653482963021119474e+02 6.694237261521551297e+00 1.373596608306508671e+01
1.655330925649682001e+02 6.682264269451205330e+00 1.379194472795791704e+01
1.657617374578001090e+02 6.728546753552642201e+00 1.387357698045065568e+01
1.658293161655020924e+02 6.718242129229802906e+00 1.386570621025359173e+01
1.660967260736437083e+02 6.713354793122399577e+00 1.391061474444531676e+01
1.662096058726544641e+02 6.770412970087147819e+00 1.397010677553584124e+01
1.663312200675198369e+02 6.815753317107638765e+00 1.402637983826646817e+01
1.665213943628797892e+02 6.777675276752767708e+00 1.410300698751668413e+01
1.667325115804349593e+02 6.788961293868258196e+00 1.416251864646306124e+01
1.668894166601240556e+02 6.818579728350474767e+00 1.419425688937740482e+01
1.668546753552641917e+02 6.806763759126952529e+00 1.412257595980215186e+01
1.661670330533092681e+02 6.802681165109523143e+00 1.389991756300541681e+01
1.650216887807175965e+02 6.635196671115647149e+00 1.356581220067519844e+01
1.641410065164481296e+02 6.569423726152154863e+00 1.330986496035173161e+01
1.636720970401193256e+02 6.582240716024181815e+00 1.315029049226662394e+01
1.636418112585381266e+02 6.599886158436052419e+00 1.315725838109444901e+01
1.637457211274240478e+02 6.597256025751747188e+00 1.318310826725288543e+01
1.638124362094684727e+02 6.586598100023553393e+00 1.332124911674648615e+01
1.639727565360759911e+02 6.618807411478369929e+00 1.332868807411478329e+01
1.640761364528538877e+02 6.617197927298422044e+00 1.338794457093507084e+01
1.643671782994425712e+02 6.605087540237104093e+00 1.349974483787391044e+01
1.642842506084635374e+02 6.638768940880898306e+00 1.342480568422705467e+01
1.642428162047577871e+02 6.655590013346942335e+00 1.338507890398052957e+01
1.641546478762659831e+02 6.629818638611918225e+00 1.336189840621810454e+01
1.642452893145952828e+02 6.560807097432676649e+00 1.334955248488655144e+01
1.643805252414226175e+02 6.558451754730313610e+00 1.340403941273455324e+01
1.645848512208526415e+02 6.546478762659966755e+00 1.339220381565517748e+01
1.647578315144853605e+02 6.587402842113527335e+00 1.343422705503650860e+01
1.649745426709586127e+02 6.554663578550679048e+00 1.357915914265525714e+01
1.650638101593781926e+02 6.638886708016016769e+00 1.359117139043730837e+01
1.652447397346313949e+02 6.685954306351574061e+00 1.367998743817225460e+01
1.653188152626207170e+02 6.707878621339404823e+00 1.368585616707230912e+01
1.654235887571641683e+02 6.719517939860249811e+00 1.374051974562298817e+01
1.655757242678809860e+02 6.742718065478527478e+00 1.380866766114469613e+01
1.658507694119494431e+02 6.745760383135745997e+00 1.382643087069168608e+01
1.661292494307921856e+02 6.743601318991913729e+00 1.396423804663578494e+01
1.662898641752374829e+02 6.736005338776791973e+00 1.401748841956504599e+01
1.664163264504985591e+02 6.762169270628876738e+00 1.411342937897464012e+01
1.665868336342937823e+02 6.795654392714140180e+00 1.419761325272827257e+01
1.668543809374263844e+02 6.833712805213158603e+00 1.429221951793986101e+01
1.668752453481981490e+02 6.853478056057156209e+00 1.425490696396325596e+01
1.669083182853105143e+02 6.834046478762659582e+00 1.431116039883803026e+01
1.661854636099552351e+02 6.698437622674099146e+00 1.411174138337127992e+01
1.650565085970008568e+02 6.558039569757399434e+00 1.370944884980764655e+01
1.640343487477427971e+02 6.468713197770275869e+00 1.331683284917955490e+01
1.635224738949517018e+02 6.467496270707387751e+00 1.322016565910339914e+01
1.634410379210175108e+02 6.456956112114312418e+00 1.310844390358797185e+01
1.633494543456072847e+02 6.432735337991677405e+00 1.298688859229017822e+01
1.634256104263170357e+02 6.448790924079453646e+00 1.301996152940252749e+01
1.635647522964591474e+02 6.462294888906336077e+00 1.301768469812357765e+01
1.636324095155845271e+02 6.502276831278950731e+00 1.307719635706995298e+01
1.637219321661301592e+02 6.516703305330925566e+00 1.318204836303682193e+01
1.636803996231451777e+02 6.534054329905001346e+00 1.320595509146580859e+01
1.637123734003297386e+02 6.519097903744994760e+00 1.318267645442411862e+01
1.636122713354793063e+02 6.498586794378581999e+00 1.315321504278872489e+01
1.635418662165345154e+02 6.508420350160948331e+00 1.316650310120122391e+01
1.635658710842427581e+02 6.522297244249037895e+00 1.318740676768469733e+01
1.636135667739656014e+02 6.518940880898171031e+00 1.322401271885059337e+01
1.637230116982021002e+02 6.522905707780481954e+00 1.329626285624558335e+01
1.638860995524848931e+02 6.551582005181754376e+00 1.335302661537253677e+01
1.639721480725445417e+02 6.539864175237497079e+00 1.335999450420036183e+01
1.642131388867080091e+02 6.551267959488105141e+00 1.342564968202873565e+01
1.643417994818246086e+02 6.572956740205699866e+00 1.348608385020020428e+01
1.645376658553819595e+02 6.578452539844547253e+00 1.348433697102928441e+01
1.647279775457328981e+02 6.612094684776635312e+00 1.355164088874931316e+01
1.649138533406610634e+02 6.603419172489597422e+00 1.367319620004710679e+01
1.651043024260029881e+02 6.601888199733060958e+00 1.366909397817382477e+01
1.652413637434246709e+02 6.583634293789746295e+00 1.366293083143597364e+01
1.654185247703540824e+02 6.598139279265133439e+00 1.378591897621103790e+01
1.657601476014760067e+02 6.639141870142105439e+00 1.382221088168328471e+01
1.659337756143519016e+02 6.653666483473345217e+00 1.378854910889534402e+01
1.659990971186307718e+02 6.685758027793044178e+00 1.381846196121535719e+01
1.655135432205385939e+02 6.678122791866216268e+00 1.370577844076313134e+01
1.643069992933971832e+02 6.494307921802621841e+00 1.336386119180340692e+01
1.628779343644500273e+02 6.340680694040982779e+00 1.296435581377090429e+01
1.621279932480175887e+02 6.289275339561906542e+00 1.274919525791002606e+01
1.618808000314045614e+02 6.216436366491324250e+00 1.268618984062181099e+01
1.618105519353065915e+02 6.198260971971421895e+00 1.260277145324644721e+01
1.616882311376305381e+02 6.161812043652351356e+00 1.252033445866373640e+01
1.616248135353693840e+02 6.179928554604694924e+00 1.251970636727643793e+01
1.617190272434639269e+02 6.184874774279657927e+00 1.254608620554290610e+01
1.618502394598414185e+02 6.213295909554839902e+00 1.262133940488341111e+01
1.618851377875480750e+02 6.173608385020020073e+00 1.264632566538431391e+01
1.618582476250294349e+02 6.192137080945277816e+00 1.261925885216298937e+01
1.618201695846745736e+02 6.153862762031875988e+00 1.256182774593703400e+01
1.617772630917798438e+02 6.128012875873439569e+00 1.256942372615215575e+01
1.617357305487948622e+02 6.115882860956268985e+00 1.256642066420664250e+01
1.617861348826254186e+02 6.172921410065164594e+00 1.258691214571720174e+01
1.619938172254063034e+02 6.184757007144539465e+00 1.258428201303289562e+01
1.622033642144932060e+02 6.255181753945199041e+00 1.271853654706759862e+01
1.623651173745780056e+02 6.326313103556567619e+00 1.275838109444924307e+01
1.625518764230195359e+02 6.358110230038470867e+00 1.290535447907670630e+01
1.628177553584046393e+02 6.388572662322367535e+00 1.307366334301640975e+01
1.629836107403627352e+02 6.448614273376776396e+00 1.304537960273219710e+01
1.630349179555625483e+02 6.464434325194315711e+00 1.304062966161576576e+01
1.631244798618199070e+02 6.474307136688388198e+00 1.304926591819109660e+01
1.632055625343487577e+02 6.483296694669074434e+00 1.310548009735416564e+01
1.634123419957603858e+02 6.523376776320954917e+00 1.329755829473188378e+01
1.634870456151369922e+02 6.603399544633743901e+00 1.328464316558059188e+01
1.637184384077883408e+02 6.636688388160477459e+00 1.336566695454188647e+01
1.638465690507968873e+02 6.590131114077098395e+00 1.333492973227604672e+01
1.638586401821465017e+02 6.642930046321740001e+00 1.330468320640653168e+01
1.633195807489989875e+02 6.542317657219125060e+00 1.320889926984376217e+01
1.622788725759598094e+02 6.393342231294653288e+00 1.289245897778126704e+01
1.612826411242835718e+02 6.349905786291905052e+00 1.254559550914658139e+01
1.606755122870377761e+02 6.253847059747193349e+00 1.234356598885137757e+01
1.603328884352673356e+02 6.253022689801365885e+00 1.232904137552013779e+01
1.602122360053387808e+02 6.291630682264269581e+00 1.234751118787783675e+01
1.601169623930281887e+02 6.303642930046321702e+00 1.232254455523278658e+01
1.599961136845411147e+02 6.269706367276438819e+00 1.222644657297636783e+01
1.599270236319384537e+02 6.331220067519824468e+00 1.229113998586794310e+01
1.600862447986181962e+02 6.390849493601319153e+00 1.234081808903195387e+01
1.601199654549737090e+02 6.404019784878699717e+00 1.237398916542356986e+01
1.600837324330690024e+02 6.413539294967417703e+00 1.240209625500510349e+01
1.599936209468477557e+02 6.341230274004868050e+00 1.236219282405589937e+01
1.599850828295516862e+02 6.309020962550050626e+00 1.230232786370416953e+01
1.599578393656277058e+02 6.267566930988459184e+00 1.228193452147287346e+01
1.600842231294653288e+02 6.302347491560022164e+00 1.232144539530501604e+01
1.601721166679751889e+02 6.333300620240245316e+00 1.237024024495564056e+01
1.602543770118552118e+02 6.352162989715003150e+00 1.242211666797519065e+01
1.602931027714532490e+02 6.362742404019784637e+00 1.244873204051189397e+01
1.604858679437858200e+02 6.437092721991049871e+00 1.250416110544084169e+01
1.607376540786684416e+02 6.420252021669153208e+00 1.254520295202951985e+01
1.609096922352202341e+02 6.448751668367747492e+00 1.260954306351574239e+01
1.609449046086205612e+02 6.464277302347491982e+00 1.263195807489989875e+01
1.609349532857030738e+02 6.406041454031561777e+00 1.259183873753631211e+01
1.609430988458820764e+02 6.353419172489597422e+00 1.261325272827196287e+01
1.610870495407081648e+02 6.369612153568343871e+00 1.263700243385412492e+01
1.613046046949831123e+02 6.418917327471146628e+00 1.273474915600219859e+01
1.615198830179791116e+02 6.500000000000000000e+00 1.281047342388317567e+01
1.617329433932637244e+02 6.568834890476564325e+00 1.293836853262149589e+01
1.618338502002041253e+02 6.620515034937583643e+00 1.309495956661694294e+01
1.621203580120907475e+02 6.783838423490617942e+00 1.317123341446180440e+01
1.623402488812122044e+02 6.835891497212844392e+00 1.320499332652901003e+01
1.623883567559079779e+02 6.785369396247153517e+00 1.322073486692313793e+01
1.626257360445944755e+02 6.803348512208525989e+00 1.324676140378424982e+01
1.627832888435267193e+02 6.846686817932009284e+00 1.325390594331475214e+01
1.629310277145324619e+02 6.840602182617570470e+00 1.327023631938446968e+01
1.630917602261129105e+02 6.840464787626599374e+00 1.335983748135353721e+01
1.631349022532778577e+02 6.770785899348354953e+00 1.334283975818481593e+01
1.631793789746407981e+02 6.786704090445160098e+00 1.336021041061474435e+01
1.632495681871712350e+02 6.744582711784564921e+00 1.341373557352594759e+01
1.634175826332731276e+02 6.716966318599356001e+00 1.351536861113291899e+01
1.634190939781738336e+02 6.582672528852947735e+00 1.352429928554604643e+01
1.635464983905158078e+02 6.484749156002198589e+00 1.350070660281070900e+01
1.636153136531365249e+02 6.405550757635236181e+00 1.348967574782130718e+01
1.638857658789353877e+02 6.435286959252571215e+00 1.360736437151605571e+01
1.640004121849729017e+02 6.470087147679987716e+00 1.370202952029520382e+01
1.642149053937347958e+02 6.575685012169270927e+00 1.380079689094763218e+01
1.643410928790138996e+02 6.678299442568893518e+00 1.385701107011070121e+01
1.644314595273612269e+02 6.758027793043887677e+00 1.385232001256182777e+01
1.645763131035565721e+02 6.802013818010520296e+00 1.382393813299835195e+01
1.647378307293711259e+02 6.756143518881997601e+00 1.388886708016016414e+01
1.649031954149328669e+02 6.828079610583340120e+00 1.389777812671743717e+01
1.649991167464866066e+02 6.854930517390280365e+00 1.396643636649132425e+01
1.651452853890241101e+02 6.972108816832848888e+00 1.403676297401271889e+01
1.652170644578786209e+02 7.031169035094606556e+00 1.410021983198555340e+01
1.652928083536154418e+02 7.095646541571798416e+00 1.412316479547774151e+01
1.654596058726544641e+02 7.141909397817382654e+00 1.421492502159064131e+01
1.656840504043338171e+02 7.068481589071209825e+00 1.423074507340818151e+01
1.659716377482923804e+02 7.042612075056920773e+00 1.427025594724032409e+01
1.661478173824291389e+02 7.129229802936326799e+00 1.436083850200204104e+01
1.664080434953285703e+02 7.153686111329198738e+00 1.438980921724110829e+01
1.665082436994582622e+02 7.175728193452147075e+00 1.444830022768312716e+01
1.666229881447750643e+02 7.219969380544869253e+00 1.451601633037607009e+01
1.667039726780246554e+02 7.213060375284603865e+00 1.456789275339561840e+01
1.667497448378739193e+02 7.230862840543299086e+00 1.464391143911439030e+01
1.667191057548873232e+02 7.249313025045143632e+00 1.461446965533485098e+01
1.663999568187171292e+02 7.211784564654156959e+00 1.456608699065714063e+01
1.658782680379995327e+02 7.176081494857501575e+00 1.434851220852634057e+01
1.648891026144304135e+02 7.036586323310041635e+00 1.406337834654942220e+01
1.636597118630760690e+02 6.936445002747899657e+00 1.375319934050404314e+01
1.626520962550050911e+02 6.819070424746800363e+00 1.353144382507654875e+01
1.619700282641124147e+02 6.758400722305095698e+00 1.335436130957054246e+01
1.614664363664913367e+02 6.755142498233492887e+00 1.316010442019313764e+01
1.609473580906021937e+02 6.746800659495956864e+00 1.308320248096097949e+01
1.606308000314045614e+02 6.778342623851770554e+00 1.299256104263170286e+01
1.603751668367747527e+02 6.696887022061710049e+00 1.293065478527125656e+01
1.601199065714061476e+02 6.695042003611525239e+00 1.286180026693883960e+01
1.599277694904608609e+02 6.641143911439113978e+00 1.274099081416346024e+01
1.598686111329198525e+02 6.642812279186621538e+00 1.271284446887022135e+01
1.597972442490382434e+02 6.648268823113762771e+00 1.265580591976132574e+01
1.598199536782601911e+02 6.635491088953442862e+00 1.262514720891889830e+01
1.598831750019627975e+02 6.642439349925414405e+00 1.264748370887964235e+01
1.599726387689408682e+02 6.690704247468006294e+00 1.271863468634686356e+01
1.600462236005338639e+02 6.688643322603438968e+00 1.269070424746800718e+01
1.600430831435973857e+02 6.684717751432833310e+00 1.273553427023631990e+01
1.601437544162675692e+02 6.708447829159142728e+00 1.278915757242678808e+01
1.601194747585773825e+02 6.730882468399151719e+00 1.278203266075214017e+01
1.601298186386119085e+02 6.761325272827196642e+00 1.274589777812671798e+01
1.600780796105833303e+02 6.740892674884195301e+00 1.272811494072387539e+01
1.601703894166601287e+02 6.779814713040747343e+00 1.275951951008871710e+01
1.602494700478919754e+02 6.721205935463610004e+00 1.282252492737693395e+01
1.604136963178142423e+02 6.777223836068148266e+00 1.275688937740441276e+01
1.605699929339718892e+02 6.799560336028892316e+00 1.286115254769569027e+01
1.606506437936719749e+02 6.734513621731961663e+00 1.290036900369003625e+01
1.606899583889455982e+02 6.648543613095705851e+00 1.294086127031483002e+01
1.604765447122556452e+02 6.667307843291198743e+00 1.285942529638062304e+01
1.598298068618984189e+02 6.598021512130014976e+00 1.270732904137551955e+01
1.589789981942372492e+02 6.537312553976603269e+00 1.252463295909554830e+01
1.583913401899976350e+02 6.484611761011227493e+00 1.231049305173902830e+01
1.578852751825390612e+02 6.446357069953678298e+00 1.215290099709507743e+01
1.578123969537567746e+02 6.432715710135824771e+00 1.218966397110779631e+01
1.576385530344665256e+02 6.424825312082908191e+00 1.203087461725681173e+01
1.577368689644343362e+02 6.434776635000392986e+00 1.211217319620004673e+01
1.578532425217869104e+02 6.412773808589149915e+00 1.218511030854989485e+01
1.579027832299599652e+02 6.456426160006280668e+00 1.217700400408259398e+01
1.580093036036743399e+02 6.476446572976367833e+00 1.219665148779147401e+01
1.579393106697024507e+02 6.438702206170997755e+00 1.220303054094370765e+01
1.577916306822642696e+02 6.385864018214649995e+00 1.215496192195964476e+01
1.577230902096254965e+02 6.358679437858208772e+00 1.214247860563711967e+01
1.578315341132134790e+02 6.336421449320876143e+00 1.214118316715082102e+01
1.579194472795791739e+02 6.367688623694747641e+00 1.220703462353772473e+01
1.579826489754259171e+02 6.381251472089188859e+00 1.217651330768626750e+01
1.581675237497055946e+02 6.366883881604773698e+00 1.221645599434717688e+01
1.584658671586715855e+02 6.410281070895815780e+00 1.234079846117610124e+01
1.586309177985396843e+02 6.412538274318912990e+00 1.238696317814241965e+01
1.588222697652508373e+02 6.431420271649525233e+00 1.242484493993876171e+01
1.589219596451283678e+02 6.443393263719871200e+00 1.245507183795242234e+01
1.590081651880348659e+02 6.470990029049226600e+00 1.249544633744209854e+01
1.591753356363350917e+02 6.481353536939624682e+00 1.260281070895815425e+01
1.593184815890712116e+02 6.487614822956739857e+00 1.259079846117610124e+01
1.596469341289157455e+02 6.502944178377953577e+00 1.267643479626285696e+01
1.597529245505220956e+02 6.525555468320640706e+00 1.282372222658396765e+01
1.598546753552641917e+02 6.561435188819973341e+00 1.273272748684933653e+01
1.599891065400015577e+02 6.593036036743345818e+00 1.286085812985789367e+01
1.601276595744680833e+02 6.610740362722776098e+00 1.286796341367669072e+01
1.603865902488812196e+02 6.620515034937583643e+00 1.290034937583418362e+01
1.605056331946298087e+02 6.626658553819580355e+00 1.288366569835911157e+01
1.603310630446729874e+02 6.627247389495171781e+00 1.282617570856559652e+01
1.594762306665619747e+02 6.534230980607678596e+00 1.260418465886786521e+01
1.584109680458506659e+02 6.403882389887728621e+00 1.231467378503572263e+01
1.574861034780560658e+02 6.354243542435423997e+00 1.210669702441705198e+01
1.571162361623616164e+02 6.342545340347020222e+00 1.194329512444060626e+01
1.569465337206563618e+02 6.321425767449164290e+00 1.189251786134882671e+01
1.567119219596451387e+02 6.309943471775143031e+00 1.191363743424668264e+01
1.568019353065870973e+02 6.300286566695453949e+00 1.192194001727251340e+01
1.568839012326293414e+02 6.301150192352987567e+00 1.199623145167621807e+01
1.570587658004239699e+02 6.325763523592682347e+00 1.196227526105048256e+01
1.572590091858365327e+02 6.299226662479390448e+00 1.201010834576430852e+01
1.574025476956897194e+02 6.365902488812122506e+00 1.196741775928397544e+01
1.574074546596529842e+02 6.383528303368140477e+00 1.202779304388788617e+01
1.573329080631231705e+02 6.403529088482374121e+00 1.211150584910104477e+01
1.573752846039098756e+02 6.462962236005338923e+00 1.214273376776320923e+01
1.574687917091936811e+02 6.481019863390123703e+00 1.220038078040354890e+01
1.576966514877914847e+02 6.511462667818167738e+00 1.215433383057234806e+01
1.577869788804271138e+02 6.470577844076313312e+00 1.214648268823113675e+01
1.580078315144853605e+02 6.436739420585695370e+00 1.225129543848630043e+01
1.581185522493522910e+02 6.437681557666640408e+00 1.232986574546596614e+01
1.582668799560335913e+02 6.434678495721127156e+00 1.237104498704561450e+01
1.584282209311454892e+02 6.388827824448457093e+00 1.242409908141634567e+01
1.584924629033524468e+02 6.394362879799010635e+00 1.238666876030462483e+01
1.587629347570071445e+02 6.433029755829473118e+00 1.245189212530423184e+01
1.588556567480568447e+02 6.377993248017586936e+00 1.250317971264819050e+01
1.590676964748370779e+02 6.364194865352908792e+00 1.249228625264976067e+01
1.592694315772944833e+02 6.390496192195964653e+00 1.246054800973541710e+01
1.593765996702520340e+02 6.402115882860956120e+00 1.245876187485279196e+01
1.594829630211195592e+02 6.373675119729920624e+00 1.251786134882625490e+01
1.596682696082280017e+02 6.359778597785977539e+00 1.255440841642458949e+01
1.598294731883489135e+02 6.386295831043416804e+00 1.263060375284603865e+01
1.599715592368689556e+02 6.416130171940017668e+00 1.271472874303211142e+01
1.597425021590641450e+02 6.404451597707466526e+00 1.261729606657768699e+01
1.589832378111015032e+02 6.322093114548167136e+00 1.244278480018842714e+01
1.576810669702441601e+02 6.231746094056685337e+00 1.208926748841956567e+01
1.567457407552798827e+02 6.122674099081415910e+00 1.183587186935699087e+01
1.562798735966082972e+02 6.079257281934521195e+00 1.168302975582947312e+01
1.558966593389338016e+02 6.036291905472245922e+00 1.159427259166208657e+01
1.557776949046086088e+02 5.997389495171547402e+00 1.152210096569050712e+01
1.556341760226112854e+02 5.991324487712962110e+00 1.157764779775457242e+01
1.556844429614508840e+02 5.999725210018057808e+00 1.154184658867865210e+01
1.558679241579649783e+02 6.004514406846196195e+00 1.158326136452853916e+01
1.560111878778362211e+02 6.032268195022375323e+00 1.165619847687838551e+01
1.561072073486692204e+02 6.043652351417130753e+00 1.161458742246996856e+01
1.561321936091701446e+02 6.024181518410928859e+00 1.163982884509696092e+01
1.562193609170134323e+02 5.985318363821936494e+00 1.161574546596529878e+01
1.562638180105205379e+02 6.048834105362329794e+00 1.157919839836696241e+01
1.563566185129936343e+02 5.997448378739106190e+00 1.165939781738242864e+01
1.565614548166758198e+02 6.063025045144068592e+00 1.165635549972521012e+01
1.568691214571720138e+02 6.081004161105441064e+00 1.175706602810709001e+01
1.569934050404333732e+02 6.069620004710685635e+00 1.184276124676140363e+01
1.572034034702049041e+02 6.095803564418623033e+00 1.188982884509696092e+01
1.574677318049776318e+02 6.121653450577058564e+00 1.194398209939546263e+01
1.579158357541022326e+02 6.108463531443825367e+00 1.196211823820365794e+01
1.580632998351260028e+02 6.148249195257910138e+00 1.208002276831278898e+01
1.581758067048755549e+02 6.180321111721755578e+00 1.215443196985161300e+01
1.583259401742953685e+02 6.165600219831985918e+00 1.215376462275261105e+01
1.584752689016251850e+02 6.204110073015623783e+00 1.224760540158593081e+01
1.586736280128758665e+02 6.216534505770589192e+00 1.233765800423961601e+01
1.588575213943628910e+02 6.220990029049226600e+00 1.236223207976760641e+01
1.590235534270236428e+02 6.261148622124519392e+00 1.246796733924785983e+01
1.593254102221873154e+02 6.276713511815969149e+00 1.248624087304702890e+01
1.595770589620789792e+02 6.315812200675198440e+00 1.250027478998194219e+01
1.597637983826646746e+02 6.293102771453246369e+00 1.254284760932715770e+01
1.597347295281463460e+02 6.276635000392556840e+00 1.259596058726544676e+01
1.590408063123184377e+02 6.240382350632017072e+00 1.242156708801130627e+01
1.579565242992855474e+02 6.180949203109052270e+00 1.208726544712255624e+01
1.569868493365784730e+02 6.073349297322760521e+00 1.189801366098767410e+01
1.564333241736672733e+02 6.013189919133234085e+00 1.171796733924785983e+01
1.559708330062024118e+02 5.950400408259401530e+00 1.161933736358640168e+01
1.558363233100416210e+02 5.953501609484179724e+00 1.151460312475465209e+01
1.557807764779775539e+02 5.882841328413284110e+00 1.149770354086519575e+01
1.558543416817146863e+02 5.885883646070503517e+00 1.151564340111486295e+01
1.559884588207584102e+02 5.898406218104733867e+00 1.154694983120043972e+01
1.561662283112192711e+02 5.936464630603753179e+00 1.162477427965768939e+01
1.564182303525163036e+02 5.990892674884195301e+00 1.168255868728900104e+01
1.564814124205071835e+02 6.000353301405354500e+00 1.169084164245897739e+01
1.565190390201774449e+02 5.989499097118630822e+00 1.165778833320248076e+01
1.565229057077804953e+02 6.006889377404412755e+00 1.171710371359032798e+01
1.566128994268666190e+02 5.978350474994111430e+00 1.166236162361623663e+01
1.567444649446494509e+02 5.984278087461725626e+00 1.175877365156630283e+01
1.569195061631467354e+02 6.031914893617021711e+00 1.176805762738478478e+01
1.570883057234827618e+02 6.046400251236555334e+00 1.187157493915364626e+01
1.572250333673549392e+02 6.058333987595195147e+00 1.188600141320562109e+01
1.575527204208212311e+02 6.158691214571720529e+00 1.199146188270393409e+01
1.581141163539294894e+02 6.315498154981550094e+00 1.218874146188270480e+01
1.585893656276988395e+02 6.356029677318050020e+00 1.229928554604694924e+01
1.589709704011933695e+02 6.367492345136217757e+00 1.248932244641595268e+01
1.593004043338305848e+02 6.429378974640810540e+00 1.263260579414304807e+01
1.595626913715945534e+02 6.420036115254769804e+00 1.274866530580199431e+01
1.598946965533485240e+02 6.475229645913480603e+00 1.282103321033210364e+01
1.600930556645992056e+02 6.508086676611447352e+00 1.286764936798304149e+01
1.603679045301091435e+02 6.547028342623852026e+00 1.302879406453639000e+01
1.605881879563476389e+02 6.568677867629739708e+00 1.303228782287822796e+01
1.607796380623380799e+02 6.584105362330219258e+00 1.304314202716495252e+01
1.610240441234199693e+02 6.559511658946377111e+00 1.313213472560257600e+01
1.612135903273926374e+02 6.560924864567794224e+00 1.323463138886708101e+01
1.610494033131820686e+02 6.573251158043495579e+00 1.311162361623616235e+01
1.603244288293946909e+02 6.494857501766507113e+00 1.283777577137473536e+01
1.592431891340189907e+02 6.332181832456622139e+00 1.257866844625893066e+01
1.585457329041375658e+02 6.291355892282327389e+00 1.241964355813770915e+01
1.580811219282405489e+02 6.221421841877993408e+00 1.225551542749470002e+01
1.579165227290570783e+02 6.185365470675983524e+00 1.220303054094370765e+01
1.579388788568736857e+02 6.245603360288922268e+00 1.227292533563633548e+01
1.580415717986967081e+02 6.220361937661929908e+00 1.228996231451676202e+01
1.581577294496349282e+02 6.243483551856795266e+00 1.232022846824212969e+01
1.583112585381173005e+02 6.280501687995603710e+00 1.237773808589149738e+01
1.585614744445316830e+02 6.255024731098374424e+00 1.240052602653686087e+01
1.586989479469262676e+02 6.237163382272120415e+00 1.246773180497762468e+01
1.587540237104498715e+02 6.237712962236005687e+00 1.250174687917091987e+01
1.588107482138651108e+02 6.211607913951479709e+00 1.245458114155609586e+01
