1.959398731518817272e+02 7.880187331989247035e+00 2.792996051747311981e+01
1.950474210349462396e+02 7.845430107526881969e+00 2.766698168682795611e+01
1.951123781922042895e+02 7.931913642473118031e+00 2.775441028225806406e+01
1.952013818884408636e+02 8.014637936827956111e+00 2.780577956989247213e+01
1.953620841733871032e+02 8.048681115591397983e+00 2.798219086021505220e+01
1.954046748991935374e+02 8.085055443548387899e+00 2.796893901209677580e+01
1.955121807795698885e+02 8.045992943548387899e+00 2.781926243279569988e+01
1.954976478494623677e+02 8.101142473118279952e+00 2.776402889784946382e+01
1.956849378360215042e+02 8.099672379032258007e+00 2.781021085349462396e+01
1.958128150201612812e+02 8.165196572580645906e+00 2.775886256720430012e+01
1.960701024865591364e+02 8.176033266129032029e+00 2.794338037634408778e+01
1.962356770833333428e+02 8.232862903225806051e+00 2.817882644489247213e+01
1.964145035282257936e+02 8.270875336021505930e+00 2.812126176075268802e+01
1.966823336693548470e+02 8.305485551075268091e+00 2.833885668682795611e+01
1.968835685483871032e+02 8.356791834677419928e+00 2.830712365591397983e+01
1.970409106182795824e+02 8.382665490591397983e+00 2.846948504704301186e+01
1.971577410954301115e+02 8.441469254032258007e+00 2.856777133736559193e+01
1.973032174059139834e+02 8.493804603494623962e+00 2.871223958333333215e+01
1.975251806115591364e+02 8.546769993279569988e+00 2.884282594086021589e+01
1.975959341397849585e+02 8.528057795698924082e+00 2.884822328629032384e+01
1.976407300067204176e+02 8.498739919354838079e+00 2.883230426747311981e+01
1.972293556787634543e+02 8.419774865591397983e+00 2.865026461693548399e+01
1.964453545026881613e+02 8.187899025537634046e+00 2.804981518817204389e+01
1.958482652889784958e+02 7.988428259408602017e+00 2.779523689516129181e+01
1.955695354502688303e+02 7.902049731182795966e+00 2.764717741935483986e+01
1.955408686155913927e+02 7.847047211021505042e+00 2.753167002688172005e+01
1.954446614583333428e+02 7.818128360215053974e+00 2.756197496639784816e+01
1.955599798387096655e+02 7.937899025537634046e+00 2.763634072580645196e+01
1.955968371975806406e+02 7.936218918010752965e+00 2.764959257392473191e+01
1.957672211021505291e+02 7.957031250000000000e+00 2.782291666666666785e+01
1.959106182795698885e+02 7.991746471774193949e+00 2.778881048387096797e+01
1.960320060483871032e+02 8.042926747311827995e+00 2.788678175403225978e+01
1.960579637096774093e+02 8.048723118279569988e+00 2.793554687500000000e+01
1.961303553427419217e+02 8.092510920698924082e+00 2.788434559811827995e+01
1.962048891129032313e+02 8.013524865591397983e+00 2.791559559811827995e+01
1.961851058467742064e+02 8.050424227150537959e+00 2.802219842069892408e+01
1.963203965053763511e+02 8.101205477150537959e+00 2.804758904569892408e+01
1.964843750000000000e+02 8.155010920698924082e+00 2.818962113575268802e+01
1.966801705309139834e+02 8.210055443548387899e+00 2.821286962365591222e+01
1.967594086021505291e+02 8.276503696236559904e+00 2.833885668682795611e+01
1.969999789986559051e+02 8.338961693548387899e+00 2.845079385080645196e+01
1.971152763776881613e+02 8.332199260752688019e+00 2.869579553091397983e+01
1.972554183467742064e+02 8.406943044354838079e+00 2.865106266801075208e+01
1.974443464381720332e+02 8.391381048387096087e+00 2.878616431451612812e+01
1.975573756720430083e+02 8.404002856182795966e+00 2.878309811827956821e+01
1.977395833333333428e+02 8.487819220430107947e+00 2.911078209005376394e+01
1.979350848454301115e+02 8.522366431451612101e+00 2.905594758064516014e+01
1.980571866599462396e+02 8.572538642473118031e+00 2.921398269489247213e+01
1.981913432459677438e+02 8.551894321236559904e+00 2.914199008736559193e+01
1.979917464717742064e+02 8.482190860215053974e+00 2.906821236559139621e+01
1.975127478158602230e+02 8.385122647849462041e+00 2.871150453629032384e+01
1.967772177419354875e+02 8.188886088709677935e+00 2.830995883736559193e+01
1.964308845766128968e+02 8.029233870967741993e+00 2.816473454301075208e+01
1.963135290658602230e+02 7.947538642473118031e+00 2.805168430779569988e+01
1.962872563844086073e+02 7.936806955645161032e+00 2.807043850806451601e+01
1.964684979838709751e+02 7.958921370967741993e+00 2.819764364919354804e+01
1.965581107190860166e+02 7.986874159946236951e+00 2.826409190188172005e+01
1.967339969758064626e+02 8.087092573924731909e+00 2.841059727822580783e+01
1.969624075940860166e+02 8.101709509408602017e+00 2.847488239247311981e+01
1.971293892809139834e+02 8.175424227150537959e+00 2.858186323924731198e+01
1.973683215725806406e+02 8.155052923387096087e+00 2.892788138440860379e+01
1.973774571572580783e+02 8.191070228494623962e+00 2.866843077956989205e+01
1.973039944556451530e+02 8.179918514784946026e+00 2.868187163978494780e+01
1.973491683467742064e+02 8.175445228494623962e+00 2.859624915994623606e+01
1.974678259408602230e+02 8.166687668010752077e+00 2.877335349462365599e+01
1.975888986895161281e+02 8.218119959677419928e+00 2.886071908602150415e+01
1.976698168682795824e+02 8.207430275537634046e+00 2.896295362903225978e+01
1.977715053763440949e+02 8.314243111559139976e+00 2.898082577284946382e+01
1.980686533938172147e+02 8.337092573924731909e+00 2.904349378360215184e+01
1.981902301747311697e+02 8.382518481182795966e+00 2.920039482526881613e+01
1.983864877352150415e+02 8.488890288978494070e+00 2.920738827284946382e+01
1.985888146841397770e+02 8.559496807795698103e+00 2.919092321908602017e+01
1.988251008064516157e+02 8.574722782258064058e+00 2.932621387768817200e+01
1.990218203965053760e+02 8.600218413978494070e+00 2.966112231182795611e+01
1.991400789650537604e+02 8.649172547043010084e+00 2.976930023521505220e+01
1.992813340053763511e+02 8.670425907258064058e+00 2.985414566532258007e+01
1.994342867943548470e+02 8.733282930107526099e+00 3.006256300403225978e+01
1.995593918010752645e+02 8.802419354838709964e+00 2.994781165994623606e+01
1.996112441196236489e+02 8.834236391129032029e+00 2.999859290994623606e+01
1.993218455981182728e+02 8.765225974462365954e+00 2.985194052419354804e+01
1.987115465389784958e+02 8.567372311827956111e+00 2.946538978494623606e+01
1.982406754032257936e+02 8.420257896505376038e+00 2.924863491263440807e+01
1.981510206653225907e+02 8.310378864247311981e+00 2.915137768817204389e+01
1.980256636424731198e+02 8.261403729838709964e+00 2.916689768145161210e+01
1.980782510080645125e+02 8.300718245967741993e+00 2.913075436827956821e+01
1.981951864919354875e+02 8.313382056451612101e+00 2.920230594758064413e+01
1.983623361895161281e+02 8.395959341397849940e+00 2.926276881720430012e+01
1.986147513440860166e+02 8.440566196236559904e+00 2.945396505376344010e+01
1.988583879368279668e+02 8.496954805107526099e+00 2.936737651209677580e+01
1.989434433803763511e+02 8.468455981182795966e+00 2.941819976478494780e+01
1.989960517473118387e+02 8.494728662634408067e+00 2.960250756048387188e+01
1.989909484206989134e+02 8.528372815860215894e+00 2.958845766129032384e+01
1.990224924395161281e+02 8.549038138440860024e+00 2.948044774865591222e+01
1.990324680779569917e+02 8.564180107526881969e+00 2.944947076612903203e+01
1.991410660282257936e+02 8.583585349462365954e+00 2.958780661962365599e+01
1.993502814180107521e+02 8.578650033602150060e+00 2.971492775537634401e+01
1.994264532930107521e+02 8.632623487903225978e+00 2.980017221102150415e+01
1.996514616935483843e+02 8.712617607526881969e+00 2.992813340053763582e+01
1.997958039314516157e+02 8.722719254032258007e+00 3.007077452956989205e+01
1.999516129032257936e+02 8.757140456989247923e+00 3.023970934139784816e+01
2.000736937163978553e+02 8.803364415322580072e+00 3.036806955645161210e+01
2.002036920362903345e+02 8.811029905913978055e+00 3.038724378360215184e+01
2.003327032930107521e+02 8.799899193548387899e+00 3.039791246639784816e+01
2.004216649865591364e+02 8.879116263440860024e+00 3.043378276209677580e+01
2.005462869623655990e+02 8.920320900537634046e+00 3.058159022177419217e+01
2.006181115591397770e+02 8.964990759408602017e+00 3.065591397849462396e+01
2.007930737567204176e+02 9.023269489247311981e+00 3.068180863575268802e+01
2.009161626344086073e+02 9.086105510752688019e+00 3.073233786962365599e+01
2.009633106518817272e+02 9.152763776881720048e+00 3.075130208333333215e+01
2.008571698588709751e+02 9.161059307795698103e+00 3.070793430779569988e+01
2.004253402217742064e+02 9.064390120967741993e+00 3.031812836021505220e+01
1.998975764448924792e+02 8.788621471774193949e+00 3.007405073924731198e+01
1.994951066868279668e+02 8.660744287634408067e+00 2.986737651209677580e+01
1.993716397849462396e+02 8.537004368279569988e+00 2.975035702284946382e+01
1.994055989583333428e+02 8.581086189516129892e+00 2.985097446236559193e+01
1.996115591397849585e+02 8.666666666666666075e+00 2.991454553091397983e+01
1.997862483198924792e+02 8.700499831989247923e+00 2.998637012768817200e+01
1.999987819220430083e+02 8.777175739247311981e+00 3.022769657258064413e+01
2.002521421370967687e+02 8.832409274193548043e+00 3.051390288978494780e+01
2.004157636088709751e+02 8.926747311827956111e+00 3.047641549059139621e+01
2.005527343750000000e+02 8.948546706989247923e+00 3.050121807795698814e+01
2.005273017473118387e+02 8.924584173387096087e+00 3.028015793010752787e+01
2.004303175403225907e+02 8.913390456989247923e+00 3.038411458333333215e+01
2.004341607862903345e+02 8.867187500000000000e+00 3.035282258064516014e+01
2.004706611223118387e+02 8.968161962365591933e+00 3.036155913978494780e+01
2.004324176747311697e+02 8.979187668010752077e+00 3.035626680107526809e+01
2.005290028561827853e+02 8.965431787634408067e+00 3.047561743951612812e+01
2.006844968077957105e+02 9.032174059139784106e+00 3.052935987903225978e+01
2.008528855846774093e+02 9.054519489247311981e+00 3.071494875672043179e+01
2.009787466397849585e+02 9.063592069892473901e+00 3.080078125000000000e+01
2.011622773857527022e+02 9.040931619623655990e+00 3.097416834677419217e+01
2.012125126008064626e+02 9.119098622311827995e+00 3.088417758736559193e+01
2.012856812836021447e+02 9.157636088709677935e+00 3.097187920026881613e+01
2.014222950268817272e+02 9.178490423387096087e+00 3.101617103494623606e+01
2.015588247647849585e+02 9.182186659946236063e+00 3.096660786290322420e+01
2.015900327620967687e+02 9.186848958333333925e+00 3.117607526881720403e+01
2.016635794690860166e+02 9.264532930107526099e+00 3.125123907930107592e+01
2.018008232526881613e+02 9.321341565860215894e+00 3.120016381048387188e+01
2.019299395161290249e+02 9.364310315860215894e+00 3.131691028225806406e+01
2.020254956317204176e+02 9.339465725806451957e+00 3.133644153225806406e+01
2.020445018481182728e+02 9.380292338709677935e+00 3.144422043010752787e+01
2.017277385752688303e+02 9.321362567204301897e+00 3.118306871639784816e+01
2.012853032594086073e+02 9.126890120967741993e+00 3.092412214381720403e+01
2.008576318884408636e+02 8.930821572580645906e+00 3.074147345430107592e+01
2.006689138104838719e+02 8.854250672043010084e+00 3.062924227150537604e+01
2.006944514448924792e+02 8.855678763440860024e+00 3.052444556451612812e+01
2.008311071908602230e+02 8.832073252688172005e+00 3.061836357526881613e+01
2.010156460013440949e+02 8.972467237903225978e+00 3.082134156586021589e+01
2.011275201612903345e+02 9.022303427419354094e+00 3.089516129032258007e+01
2.013308341733871032e+02 9.152721774193548043e+00 3.107024949596774022e+01
2.015866935483871032e+02 9.156439012096774022e+00 3.122099714381720403e+01
2.016639364919354875e+02 9.155640961021505930e+00 3.124002436155913998e+01
2.016745001680107521e+02 9.163936491935483986e+00 3.129397681451612812e+01
2.016712659610215042e+02 9.122878864247311981e+00 3.122267725134408778e+01
2.017495169690860166e+02 9.203923051075268091e+00 3.123830225134408778e+01
2.017844002016128968e+02 9.215431787634408067e+00 3.130699764784946382e+01
2.018054225470430083e+02 9.230531754032258007e+00 3.144957577284946382e+01
2.019139364919354875e+02 9.251869119623655990e+00 3.148580309139784816e+01
2.020675613239247355e+02 9.295530913978494070e+00 3.148687415994623606e+01
2.021086609543010866e+02 9.297190020161290036e+00 3.154777805779569988e+01
2.022029359879032313e+02 9.354901713709677935e+00 3.157608786962365599e+01
2.023354544690860166e+02 9.376407090053763937e+00 3.164820648521505220e+01
2.024958627352150415e+02 9.432690692204301897e+00 3.176409190188172005e+01
2.026531838037634543e+02 9.510878696236559904e+00 3.180055023521505220e+01
2.028101268481182728e+02 9.517746135752688019e+00 3.187613407258064413e+01
2.028647303427419217e+02 9.549605174731182089e+00 3.189140204973118387e+01
2.029859921034946240e+02 9.560084845430107947e+00 3.190482190860215184e+01
2.030692624327957105e+02 9.569934475806451957e+00 3.192685231854838790e+01
2.030929309475806406e+02 9.634786626344086002e+00 3.209425403225806406e+01
2.031249159946236489e+02 9.744371639784946026e+00 3.209269993279569633e+01
2.031114541330645125e+02 9.745085685483870108e+00 3.219006216397849585e+01
2.033436659946236489e+02 9.785597278225806051e+00 3.224485467069892763e+01
2.032744455645161281e+02 9.823378696236559904e+00 3.222145917338709609e+01
2.029791876680107521e+02 9.602990591397849940e+00 3.196331065188172005e+01
2.025621429771505291e+02 9.478956653225806051e+00 3.162922127016129181e+01
2.021927713373655990e+02 9.251176075268817911e+00 3.151539398521505220e+01
2.020236685147849585e+02 9.175256216397849940e+00 3.141351646505376394e+01
2.020172841061827853e+02 9.190902217741935942e+00 3.136164314516129181e+01
2.022064432123655990e+02 9.265982022849462041e+00 3.154284274193548399e+01
2.023971984206989134e+02 9.327536962365591933e+00 3.163665574596774022e+01
2.029185567876344010e+02 9.447580645161290036e+00 3.179315776209677580e+01
2.030300109206989134e+02 9.523920530913978055e+00 3.187386592741935587e+01
2.031283602150537604e+02 9.522618447580645906e+00 3.208434139784946382e+01
2.031066868279569917e+02 9.586882560483870108e+00 3.207871303763440807e+01
2.029997479838709751e+02 9.560105846774193949e+00 3.205376344086021589e+01
2.029594884072580783e+02 9.522471438172043889e+00 3.204498487903225623e+01
2.029467405913978553e+02 9.544249831989247923e+00 3.195749327956989205e+01
2.029840599798387188e+02 9.530619959677419928e+00 3.195810231854838790e+01
2.031437542002688303e+02 9.552188340053763937e+00 3.206943044354838435e+01
2.033020833333333428e+02 9.628822244623655990e+00 3.205976982526881613e+01
2.034616725470430083e+02 9.600008400537634046e+00 3.210700184811827995e+01
2.036024655577957105e+02 9.654506888440860024e+00 3.219241431451612812e+01
2.036852108534946240e+02 9.649760584677419928e+00 3.232629788306451957e+01
2.038211735551075208e+02 9.727759576612903913e+00 3.255913978494623962e+01
2.038679645497311697e+02 9.782006048387096087e+00 3.255231434811827995e+01
2.039499327956989134e+02 9.849777385752688019e+00 3.267019489247311981e+01
2.041035996303763511e+02 9.839171706989247923e+00 3.273410198252688019e+01
2.041783644153225907e+02 9.865906418010752077e+00 3.269346438172043179e+01
2.043029863911290249e+02 9.839108702956989916e+00 3.274057039650537604e+01
2.043739079301075208e+02 9.904065860215053974e+00 3.275497731854838435e+01
2.044676159274193594e+02 9.861496135752688019e+00 3.292555023521505575e+01
2.045430107526881613e+02 9.926033266129032029e+00 3.287428595430107237e+01
2.045837323588709751e+02 9.989982358870967971e+00 3.290937920026881613e+01
2.044644447244623677e+02 9.954532090053763937e+00 3.285884996639784816e+01
2.040457619287634543e+02 9.875714045698924082e+00 3.255447748655913642e+01
2.035640540994623677e+02 9.644741263440860024e+00 3.226814516129032029e+01
2.033540406586021447e+02 9.605363743279569988e+00 3.212025369623655990e+01
2.032798849126344010e+02 9.612273185483870108e+00 3.204034358198924792e+01
2.033055065524193594e+02 9.662718413978494070e+00 3.207581485215053618e+01
2.033435819892472978e+02 9.764280913978494070e+00 3.203994455645161565e+01
2.035275747647849585e+02 9.847866263440860024e+00 3.218048555107527164e+01
2.037730384744623677e+02 9.865801411290322065e+00 3.242870043682795966e+01
2.039910954301075208e+02 9.916582661290322065e+00 3.250285618279569633e+01
2.042015498991935374e+02 9.962029569892473901e+00 3.265471690188172005e+01
2.042289776545698885e+02 9.948042674731182089e+00 3.278162802419355160e+01
2.042416624663978553e+02 9.927692372311827995e+00 3.266807375672043179e+01
2.041870379704301115e+02 9.869203629032258007e+00 3.264843750000000000e+01
2.041892641129032313e+02 9.828734038978494070e+00 3.259614415322580783e+01
2.044010206653225907e+02 9.868867607526881969e+00 3.269545950940860024e+01
2.045433257728494709e+02 9.896715389784946026e+00 3.276967825940860024e+01
2.046671917002688303e+02 9.969863071236559904e+00 3.280416246639784816e+01
2.047222152217742064e+02 9.950100806451612101e+00 3.286124411962365599e+01
2.048637432795698885e+02 1.003614331317204389e+01 3.299733282930107237e+01
2.048864247311827853e+02 1.011038306451612989e+01 3.299563172043010439e+01
2.049601814516128968e+02 1.021938004032258007e+01 3.310156250000000000e+01
2.050508652553763511e+02 1.026917422715053796e+01 3.290020161290322420e+01
2.050340851814516157e+02 1.026192876344086002e+01 3.297022009408602372e+01
2.051407510080645125e+02 1.013405157930107592e+01 3.313974294354838435e+01
2.052867103494623677e+02 1.017567624327956999e+01 3.307111055107527164e+01
2.053515414986559051e+02 1.019655157930107592e+01 3.325873655913978411e+01
2.054121093750000000e+02 1.019537550403225801e+01 3.337781418010752787e+01
2.053979334677419217e+02 1.024934895833333393e+01 3.335450268817204034e+01
2.053226016465053760e+02 1.032982610887096797e+01 3.328589129704300831e+01
2.051482484879032313e+02 1.018172463037634401e+01 3.322738155241935232e+01
2.046524277553763511e+02 9.996072748655913998e+00 3.287558803763440807e+01
2.042722824260752645e+02 9.881804435483870108e+00 3.263132140456989561e+01
2.041176495295698885e+02 9.832871303763440096e+00 3.248697916666666430e+01
2.041609332997311697e+02 9.847950268817204034e+00 3.237823420698924792e+01
2.042089843750000000e+02 9.805296538978494070e+00 3.249435063844086358e+01
2.042805359543010866e+02 9.808782762096774022e+00 3.247427335349462396e+01
2.045944850470430083e+02 9.810735887096774022e+00 3.269795866935483986e+01
2.046676957325268802e+02 9.896169354838709964e+00 3.284906334005376038e+01
2.047414524529569917e+02 9.941217237903225978e+00 3.293134660618279241e+01
2.047491599462365457e+02 9.976898521505376038e+00 3.304616095430107237e+01
2.047940188172042895e+02 1.003106098790322598e+01 3.295711525537634401e+01
2.046639574932795824e+02 9.985803091397849940e+00 3.278975554435483986e+01
2.046565650201612812e+02 1.001621303763440807e+01 3.267947748655913642e+01
2.046182375672042895e+02 9.952620967741935942e+00 3.276226478494623962e+01
2.047206821236559051e+02 9.967027889784946026e+00 3.285076444892472836e+01
2.048598580309139834e+02 1.004851310483870996e+01 3.291817876344086358e+01
2.050402385752688303e+02 1.014511928763440807e+01 3.286813256048387188e+01
2.051252940188172147e+02 1.019823168682795611e+01 3.293214465725806406e+01
2.052559853830645125e+02 1.025619539650537604e+01 3.308230426747311981e+01
2.053269069220430083e+02 1.016857778897849407e+01 3.318476982526881613e+01
2.054479166666666572e+02 1.027354250672043001e+01 3.320173891129032029e+01
2.054225470430107521e+02 1.030472950268817200e+01 3.330483450940860024e+01
2.054995379704301115e+02 1.037605006720430190e+01 3.333375336021505575e+01
2.054872101814516157e+02 1.027102234543010795e+01 3.353188004032258362e+01
2.055388314852150415e+02 1.027423555107526809e+01 3.354382980510752787e+01
2.056023395497311697e+02 1.027612567204301008e+01 3.348979334677419217e+01
2.055833753360215042e+02 1.019842069892473191e+01 3.353830645161290391e+01
2.054635626680107521e+02 1.020022681451612989e+01 3.341017725134408778e+01
2.049951276881720332e+02 1.006747731854838790e+01 3.310057543682795966e+01
2.044380880376344010e+02 1.001293682795698992e+01 3.258005712365591222e+01
2.040575436827957105e+02 9.896463373655913998e+00 3.228941952284946382e+01
2.040510962701612812e+02 9.856707829301075918e+00 3.234937836021505575e+01
2.040951360887096655e+02 9.867460517473118031e+00 3.247221522177419217e+01
2.042400243615591364e+02 9.875567036290322065e+00 3.240152469758064768e+01
2.044323756720430083e+02 9.911038306451612101e+00 3.271786794354838435e+01
2.046689978158602230e+02 9.969695060483870108e+00 3.288148941532258362e+01
2.048057165658602230e+02 1.001482694892473191e+01 3.298340893817204034e+01
2.048725848454301115e+02 1.005853074596774199e+01 3.298156081989247213e+01
2.047757056451612812e+02 1.001875420026881791e+01 3.293640793010752787e+01
2.046280451948924792e+02 9.954952116935483986e+00 3.275170110887096797e+01
2.044729502688172147e+02 9.931976646505376038e+00 3.265402385752688019e+01
2.044217069892472978e+02 9.910471270161290036e+00 3.260939600134408778e+01
2.044241641465053760e+02 9.924647177419354094e+00 3.258083417338709609e+01
2.045261256720430083e+02 9.917212701612903913e+00 3.270167590725806406e+01
2.045652931787634543e+02 9.975449428763440096e+00 3.271433971774193594e+01
2.046198546706989134e+02 1.005254536290322598e+01 3.278887348790322420e+01
2.046912382392472978e+02 1.001986727150537604e+01 3.277110635080644840e+01
2.046868909610215042e+02 1.010971102150537604e+01 3.280695564516128826e+01
2.047654149865591364e+02 1.009698420698924792e+01 3.281821236559139976e+01
2.049116473454301115e+02 1.018132560483870996e+01 3.293663894489247213e+01
2.049439054099462396e+02 1.012983030913978411e+01 3.307029149865591222e+01
2.049615045362903345e+02 1.014501428091397806e+01 3.309876932123655990e+01
2.051195816532257936e+02 1.019703461021505397e+01 3.305928679435483986e+01
2.051951024865591364e+02 1.026409190188172005e+01 3.301732610887096797e+01
2.051330015120967687e+02 1.021387768817204389e+01 3.297152217741935232e+01
2.047581275201612812e+02 1.013965893817204389e+01 3.270028981854838435e+01
2.042149697580645125e+02 9.960853494623655990e+00 3.232644489247311981e+01
2.038213835685483843e+02 9.688382056451612101e+00 3.209448504704300831e+01
2.034963457661290249e+02 9.567498319892473901e+00 3.191775873655913998e+01
2.034448714717742064e+02 9.526104670698924082e+00 3.186044606854838790e+01
2.032980090725806406e+02 9.517851142473118031e+00 3.188256048387096797e+01
2.035110257056451530e+02 9.492964549731182089e+00 3.198328293010752787e+01
2.036142053091397770e+02 9.611979166666666075e+00 3.198777721774193594e+01
2.037093413978494709e+02 9.668556787634408067e+00 3.211907762096774377e+01
2.038409988239247355e+02 9.737819220430107947e+00 3.223481602822580783e+01
2.037176999327957105e+02 9.720073084677419928e+00 3.228740339381720759e+01
2.038647513440860166e+02 9.694598454301075918e+00 3.235744287634408778e+01
2.037325478830645125e+02 9.726310483870967971e+00 3.213678175403225623e+01
2.036298093077957105e+02 9.656691028225806051e+00 3.201539398521505575e+01
2.036247479838709751e+02 9.678364415322580072e+00 3.201218077956989561e+01
2.035221144153225907e+02 9.622227822580645906e+00 3.199346858198924792e+01
2.036276671706989134e+02 9.715809811827956111e+00 3.186783854166666785e+01
2.036705099126344010e+02 9.691154233870967971e+00 3.192456317204301186e+01
2.037804099462365457e+02 9.746324764784946026e+00 3.204727402553763227e+01
2.038036794354838719e+02 9.766696068548387899e+00 3.207085853494623962e+01
2.037870883736559051e+02 9.830435147849462041e+00 3.205477150537634401e+01
2.038374285954301115e+02 9.803133400537634046e+00 3.207919606854838435e+01
2.039650537634408636e+02 9.791561659946236063e+00 3.200982862903225623e+01
2.040166540658602230e+02 9.847152217741935942e+00 3.205435147849462396e+01
2.039528939852150415e+02 9.888314852150537959e+00 3.201018565188172005e+01
2.040358072916666572e+02 9.886802755376344010e+00 3.207671790994623962e+01
2.041837617607527022e+02 9.924920194892473901e+00 3.222290826612903203e+01
2.040762978830645125e+02 9.852192540322580072e+00 3.213508064516128826e+01
2.036869959677419217e+02 9.765772009408602017e+00 3.189875252016129181e+01
2.030430107526881613e+02 9.566448252688172005e+00 3.136174815188172005e+01
2.023656964045698885e+02 9.334551411290322065e+00 3.108625252016129181e+01
2.021025285618279668e+02 9.207556283602150060e+00 3.090448588709677580e+01
2.020684433803763511e+02 9.125399025537634046e+00 3.090505292338709609e+01
2.019482106854838719e+02 9.127121135752688019e+00 3.089096102150537604e+01
2.020446488575268802e+02 9.146610383064516014e+00 3.092426915322580783e+01
2.021168514784946240e+02 9.136088709677419928e+00 3.100774949596774022e+01
2.021095430107527022e+02 9.148206485215053974e+00 3.094304435483870819e+01
2.022850092405913927e+02 9.149256552419354094e+00 3.111475134408602017e+01
2.022970850134408636e+02 9.250525033602150060e+00 3.109885332661290391e+01
2.022462407594086073e+02 9.224147345430107947e+00 3.107421875000000000e+01
2.022431115591397770e+02 9.210475470430107947e+00 3.104580393145161210e+01
2.021326654905913927e+02 9.180401545698924082e+00 3.110845094086021589e+01
2.019709761424731198e+02 9.152448756720430012e+00 3.105722866263440807e+01
2.019336567540322562e+02 9.193212365591397983e+00 3.088617271505376394e+01
2.019779275873655990e+02 9.204763104838709964e+00 3.093649193548387188e+01
2.020356602822580783e+02 9.239373319892473901e+00 3.090984122983870819e+01
2.020891297043010866e+02 9.251869119623655990e+00 3.094518649193548399e+01
2.021972026209677438e+02 9.297694052419354094e+00 3.098655913978494780e+01
2.022707913306451530e+02 9.357421875000000000e+00 3.102711273521505220e+01
2.023373655913978553e+02 9.300697244623655990e+00 3.099336357526881613e+01
2.023378696236559051e+02 9.328040994623655990e+00 3.110303259408602017e+01
2.023475512432795824e+02 9.288600470430107947e+00 3.113812584005376394e+01
2.024337407594086073e+02 9.320585517473118031e+00 3.111788054435483986e+01
2.025173471102150415e+02 9.370568716397849940e+00 3.098687415994623606e+01
2.025341271841397770e+02 9.353662634408602017e+00 3.111582241263440807e+01
2.026369077620967687e+02 9.435903897849462041e+00 3.116798975134408778e+01
2.026638734879032313e+02 9.505208333333333925e+00 3.122032510080645196e+01
2.027033140120967687e+02 9.450877856182795966e+00 3.114509828629032384e+01
2.022952368951612812e+02 9.329049059139784106e+00 3.091003024193548399e+01
2.015833543346774093e+02 9.126344086021505930e+00 3.052119035618279597e+01
2.010250966061827853e+02 8.912529401881720048e+00 3.028091397849462396e+01
2.006869539650537604e+02 8.781985047043010084e+00 3.001113071236559193e+01
2.004702200940860166e+02 8.697748655913978055e+00 2.998744119623655990e+01
2.003221816196236489e+02 8.747605846774193949e+00 2.983482442876344010e+01
2.001460853494623677e+02 8.712890625000000000e+00 2.988613071236559193e+01
2.002613617271505291e+02 8.705036122311827995e+00 2.995885836693548399e+01
2.003291960685483843e+02 8.736622143817204034e+00 2.992319808467741993e+01
2.004595514112903345e+02 8.803070396505376038e+00 3.001239079301075208e+01
2.005525243615591364e+02 8.808005712365591933e+00 2.988239247311827995e+01
2.004742943548387188e+02 8.796875000000000000e+00 2.995339801747311981e+01
2.004521169354838719e+02 8.797505040322580072e+00 2.992788138440860379e+01
2.003455771169354875e+02 8.685126848118279952e+00 2.986853158602150415e+01
2.002344170026881613e+02 8.718476982526881969e+00 2.980586357526881613e+01
2.002666120631720332e+02 8.739940356182795966e+00 2.977746975806451601e+01
2.003265709005376323e+02 8.772534442204301897e+00 2.973758820564516014e+01
2.004466775873655990e+02 8.813781081989247923e+00 2.977742775537634401e+01
2.005075394825268802e+02 8.805674563172043889e+00 2.992468918010752787e+01
2.005723706317204176e+02 8.898962533602150060e+00 2.985485971102150415e+01
2.007263104838709751e+02 8.914629536290322065e+00 2.989457325268817200e+01
2.007811869959677438e+02 8.976520497311827995e+00 3.004036458333333215e+01
2.008972824260752645e+02 8.981203797043010084e+00 3.026341985887096797e+01
2.009562121975806406e+02 8.973475302419354094e+00 3.033996975806451601e+01
2.010566616263440949e+02 9.001323084677419928e+00 3.040429687500000000e+01
2.011322454637096655e+02 8.986328125000000000e+00 3.038600470430107592e+01
2.011162004368279668e+02 8.992166498655913998e+00 3.029017557123655990e+01
2.011192246303763511e+02 9.058614751344086002e+00 3.026726310483870819e+01
2.012094884072580783e+02 9.061806955645161921e+00 3.027583165322580783e+01
2.013901839717742064e+02 9.081044186827956111e+00 3.044531250000000000e+01
2.014530199932795824e+02 9.096690188172043889e+00 3.055296538978494780e+01
2.016431871639784958e+02 9.154401881720430012e+00 3.063848286290322420e+01
2.016913012432795824e+02 9.202830981182795966e+00 3.062489499327956821e+01
2.018115549395161281e+02 9.253570228494623962e+00 3.060945900537634401e+01
2.018616011424731198e+02 9.266843077956989916e+00 3.069926075268817200e+01
2.016755502352150415e+02 9.192330309139784106e+00 3.058629452284946382e+01
2.008423849126344010e+02 9.010185651881720048e+00 3.017447916666666785e+01
2.002146547379032313e+02 8.802377352150537959e+00 2.980685063844086002e+01
1.998365885416666572e+02 8.632287466397849940e+00 2.954334677419354804e+01
1.996063928091397770e+02 8.627583165322580072e+00 2.942441616263440807e+01
1.994848580309139834e+02 8.567897345430107947e+00 2.936506636424731198e+01
1.994351268481182728e+02 8.548261088709677935e+00 2.931760332661290391e+01
1.994350428427419217e+02 8.454931115591397983e+00 2.930233534946236418e+01
1.993794732862903345e+02 8.459719422043010084e+00 2.935307459677419217e+01
1.994527259744623677e+02 8.493258568548387899e+00 2.934322496639784816e+01
1.995841523857527022e+02 8.593224966397849940e+00 2.936420530913978411e+01
1.995832703293010866e+02 8.543577788978494070e+00 2.941874579973118387e+01
1.995097446236559051e+02 8.563256048387096087e+00 2.938865087365591222e+01
1.994720682123655990e+02 8.504830309139784106e+00 2.934383400537634401e+01
1.993382476478494709e+02 8.514322916666666075e+00 2.933327032930107592e+01
1.993684475806451530e+02 8.575121807795698103e+00 2.941164734543010795e+01
1.993356224798387188e+02 8.644762264784946026e+00 2.923611811155913998e+01
1.993859627016128968e+02 8.685168850806451957e+00 2.917053091397849585e+01
1.995045992943548470e+02 8.687710013440860024e+00 2.925073504704301186e+01
1.995369203629032313e+02 8.726583501344086002e+00 2.934855930779569988e+01
1.997099084341397770e+02 8.758820564516129892e+00 2.946165154569892408e+01
1.998583879368279668e+02 8.748382896505376038e+00 2.960254956317204389e+01
1.998135920698924792e+02 8.824176747311827995e+00 2.963963793682795611e+01
1.998390036962365457e+02 8.835853494623655990e+00 2.961134912634408778e+01
1.999297715053763511e+02 8.834782426075268091e+00 2.966357946908602017e+01
1.998954133064516157e+02 8.792128696236559904e+00 2.959578713037634401e+01
1.999840599798387188e+02 8.870904737903225978e+00 2.956655325940860379e+01
1.999872941868279668e+02 8.824134744623655990e+00 2.960924899193548399e+01
2.000644741263440949e+02 8.850155409946236063e+00 2.963491263440860379e+01
2.000638440860215042e+02 8.915574596774193949e+00 2.971217657930107592e+01
2.001603872647849585e+02 8.930380544354838079e+00 2.981418010752688019e+01
2.001946824596774093e+02 8.920131888440860024e+00 2.987775117607526809e+01
2.002621807795698885e+02 8.993216565860215894e+00 2.988350554435483986e+01
2.004742523521505291e+02 8.994140625000000000e+00 2.994959677419354804e+01
2.005901587701612812e+02 9.062226982526881969e+00 3.003047295026881613e+01
2.007426495295698885e+02 9.101709509408602017e+00 3.015843413978494780e+01
2.006890330981182728e+02 9.091712869623655990e+00 3.013791582661290391e+01
2.003809433803763511e+02 8.971249159946236063e+00 2.986189516129032384e+01
1.995395875336021447e+02 8.743447580645161921e+00 2.921261760752688019e+01
1.988965473790322562e+02 8.536731350806451957e+00 2.878112399193548399e+01
1.985691784274193594e+02 8.420866935483870108e+00 2.861840557795698814e+01
1.982907006048387188e+02 8.368426579301075918e+00 2.856739331317204389e+01
1.982046790994623677e+02 8.389721942204301897e+00 2.848321992607526809e+01
1.981739121303763511e+02 8.343182963709677935e+00 2.862174479166666785e+01
1.982204721102150415e+02 8.381825436827956111e+00 2.863907090053763582e+01
1.982896085349462396e+02 8.349294354838709964e+00 2.869930275537634401e+01
1.983852276545698885e+02 8.390309979838709964e+00 2.882512180779569988e+01
1.984773605510752645e+02 8.500021001344086002e+00 2.873706317204301186e+01
1.983984585013440949e+02 8.445795530913978055e+00 2.882974210349462396e+01
1.984370169690860166e+02 8.448735719086021945e+00 2.882045950940860379e+01
1.984044018817204176e+02 8.458144321236559904e+00 2.857440776209677580e+01
1.984245421706989134e+02 8.414041498655913998e+00 2.871368867607526809e+01
1.984541540658602230e+02 8.470745127688172005e+00 2.875854754704301186e+01
1.985298849126344010e+02 8.456779233870967971e+00 2.887367691532258007e+01
1.985123697916666572e+02 8.526818716397849940e+00 2.880174731182795611e+01
1.986893061155913927e+02 8.541834677419354094e+00 2.894619455645161210e+01
1.988190314180107521e+02 8.604901713709677935e+00 2.897733954973118387e+01
1.989689390120967687e+02 8.574848790322580072e+00 2.900680443548387188e+01
1.990816322244623677e+02 8.635290658602150060e+00 2.907715893817204389e+01
1.991603662634408636e+02 8.643355174731182089e+00 2.909448504704301186e+01
1.992571194556451530e+02 8.755838373655913998e+00 2.915049563172043179e+01
1.993260248655913927e+02 8.768334173387096087e+00 2.929538390456989205e+01
1.993775201612903345e+02 8.768712197580645906e+00 2.932585685483870819e+01
1.994749243951612812e+02 8.793493783602150060e+00 2.937686911962365599e+01
1.995483660954301115e+02 8.809160786290322065e+00 2.946667086693548399e+01
1.995711945564516157e+02 8.837176579301075918e+00 2.953860047043010795e+01
1.996719590053763511e+02 8.878171202956989916e+00 2.959702620967741993e+01
1.997299227150537604e+02 8.908182123655913998e+00 2.961235719086021589e+01
1.998723538306451530e+02 8.932963709677419928e+00 2.981581821236559193e+01
1.999943716397849585e+02 9.014763944892473901e+00 2.978878948252688019e+01
2.001735131048387188e+02 9.049227150537634046e+00 2.979924815188172005e+01
2.001997227822580783e+02 9.075625840053763937e+00 2.986937163978494780e+01
2.002785408266128968e+02 9.092363911290322065e+00 2.977410954301075208e+01
2.000078125000000000e+02 8.997752856182795966e+00 2.965696404569892408e+01
1.994328167002688303e+02 8.751029065860215894e+00 2.927599966397849585e+01
1.986737651209677438e+02 8.574659778225806051e+00 2.891192036290322420e+01
1.983923051075268802e+02 8.459383400537634046e+00 2.880502352150537604e+01
1.982815020161290249e+02 8.516234038978494070e+00 2.871007644489247213e+01
1.982239793346774093e+02 8.444997479838709964e+00 2.877713373655913998e+01
1.982293346774193594e+02 8.469212029569892053e+00 2.884288894489247213e+01
1.983835055443548470e+02 8.505334341397849940e+00 2.887594506048387188e+01
1.985195312500000000e+02 8.539524529569892053e+00 2.902923387096774022e+01
1.987739625336021447e+02 8.598790322580645906e+00 2.908089717741935587e+01
1.989075100806451530e+02 8.620484711021505930e+00 2.915225974462365599e+01
1.989443254368279668e+02 8.634975638440860024e+00 2.914320816532258007e+01
1.988486643145161281e+02 8.648962533602150060e+00 2.912054771505376394e+01
1.986792674731182728e+02 8.588583669354838079e+00 2.895102486559139621e+01
1.987518481182795824e+02 8.577578965053763937e+00 2.910756888440860379e+01
1.987983450940860166e+02 8.635395665322580072e+00 2.906590221774193594e+01
1.987688382056451530e+02 8.618279569892473901e+00 2.910051243279569988e+01
1.988711147513440949e+02 8.737903225806451957e+00 2.896954805107526809e+01
1.990004200268817272e+02 8.793766801075268091e+00 2.908041414650537604e+01
1.990859375000000000e+02 8.853410618279569988e+00 2.913646673387096797e+01
1.992175949260752645e+02 8.848265288978494070e+00 2.930479250672043179e+01
1.993931451612903345e+02 8.853893649193548043e+00 2.933534946236559193e+01
1.994540910618279668e+02 8.891927083333333925e+00 2.942361811155913998e+01
1.995643061155913927e+02 8.949092741935483986e+00 2.950978662634408778e+01
1.996911122311827853e+02 8.932102654569892053e+00 2.953475722446236418e+01
1.998711147513440949e+02 8.933887768817204034e+00 2.973185483870967616e+01
1.998539356518817272e+02 8.940146169354838079e+00 2.972351730510752787e+01
1.999257392473118387e+02 8.963457661290322065e+00 2.971310063844086002e+01
1.999379830309139834e+02 8.935546875000000000e+00 2.968565188172043179e+01
2.000039692540322562e+02 8.956233198924731909e+00 2.978064096102150415e+01
2.001635164650537604e+02 9.046160954301075918e+00 2.978038894489247213e+01
2.002037760416666572e+02 9.051579301075268091e+00 2.989883652553763582e+01
2.003770581317204176e+02 9.165910618279569988e+00 2.999813088037634401e+01
2.004600134408602230e+02 9.235845094086021945e+00 2.991238239247311981e+01
2.002916876680107521e+02 9.283224126344086002e+00 2.982776797715053618e+01
1.999623025873655990e+02 9.146442372311827995e+00 2.956420110887096797e+01
1.991819346438172147e+02 8.973265288978494070e+00 2.924206149193548399e+01
1.988272009408602230e+02 8.733597950268817911e+00 2.894382140456989205e+01
1.985802881384408636e+02 8.656565020161290036e+00 2.878637432795698814e+01
1.985679603494623677e+02 8.654884912634408067e+00 2.870633820564516014e+01
1.985935399865591364e+02 8.636025705645161921e+00 2.876764112903225978e+01
1.986753402217742064e+02 8.690293178763440096e+00 2.890259576612903203e+01
1.988324722782257936e+02 8.720031081989247923e+00 2.904994119623655990e+01
1.988805443548387188e+02 8.707115255376344010e+00 2.907260164650537604e+01
1.990722236223118387e+02 8.781859038978494070e+00 2.918185063844086002e+01
1.991255460349462396e+02 8.807858702956989916e+00 2.916591061827956821e+01
1.990386844758064626e+02 8.789608534946236063e+00 2.922456737231182800e+01
1.989787256384408636e+02 8.772303427419354094e+00 2.910076444892473191e+01
1.988695606518817272e+02 8.734753024193548043e+00 2.895205393145161210e+01
1.988704427083333428e+02 8.776314684139784106e+00 2.902677671370967616e+01
1.988957073252688303e+02 8.733513944892473901e+00 2.899019237231182800e+01
1.990070774529569917e+02 8.808887768817204034e+00 2.908919270833333215e+01
1.991542548723118387e+02 8.868279569892473901e+00 2.914262012768817200e+01
1.992195270497311697e+02 8.901041666666666075e+00 2.912968329973118387e+01
1.993626932123655990e+02 8.909295194892473901e+00 2.922213121639784816e+01
1.994614205309139834e+02 8.996513776881720048e+00 2.922572244623655990e+01
1.995699554771505291e+02 9.052524361559139976e+00 2.920119287634408778e+01
1.996827746975806406e+02 9.033518145161290036e+00 2.938361055107526809e+01
1.996363827284946240e+02 9.010689684139784106e+00 2.943577788978494780e+01
1.997188970094086073e+02 9.076591901881720048e+00 2.934860131048387188e+01
1.997008988575268802e+02 9.050046202956989916e+00 2.938879788306451601e+01
1.997035030241935374e+02 9.061449932795698103e+00 2.936895161290322420e+01
1.997916036626344010e+02 9.156439012096774022e+00 2.942947748655913998e+01
1.998029863911290249e+02 9.177167338709677935e+00 2.950907258064516014e+01
2.000400075604838719e+02 9.211042506720430012e+00 2.965207073252688019e+01
2.000866935483871032e+02 9.286878360215053974e+00 2.957390372983870819e+01
2.000916078629032313e+02 9.259408602150537959e+00 2.976514196908602017e+01
2.000409526209677438e+02 9.162382392473118031e+00 2.961279821908602017e+01
1.994564432123655990e+02 9.078776041666666075e+00 2.924705981182795611e+01
1.987782888104838719e+02 8.849252352150537959e+00 2.895957241263440807e+01
1.985031922043010866e+02 8.774802587365591933e+00 2.868840305779569988e+01
1.982543892809139834e+02 8.699512768817204034e+00 2.843401377688172005e+01
1.981386928763440949e+02 8.704259072580645906e+00 2.850102906586021589e+01
1.982010248655913927e+02 8.769363239247311981e+00 2.856260500672043179e+01
1.982964969758064626e+02 8.852381552419354094e+00 2.861179015456989205e+01
1.983924731182795824e+02 8.841901881720430012e+00 2.872731854838709609e+01
1.985441658266128968e+02 8.874663978494623962e+00 2.880563256048387188e+01
1.986277931787634543e+02 8.921643985215053974e+00 2.877024529569892408e+01
1.985107526881720332e+02 8.953734038978494070e+00 2.887854922715053618e+01
1.984151545698924792e+02 8.933698756720430012e+00 2.884347698252688019e+01
1.983499033938172147e+02 8.864163306451612101e+00 2.877883484543010795e+01
1.982952368951612812e+02 8.889889952956989916e+00 2.871320564516129181e+01
1.983517305107527022e+02 8.787802419354838079e+00 2.865066364247311981e+01
1.984640036962365457e+02 8.811008904569892053e+00 2.873076276881720403e+01
1.986164524529569917e+02 8.861307123655913998e+00 2.882833501344086002e+01
1.989086021505376323e+02 8.944388440860215894e+00 2.918560987903225978e+01
1.989364289314516157e+02 8.942771337365591933e+00 2.901520497311827995e+01
1.990074554771505291e+02 8.938277049731182089e+00 2.908719758064516014e+01
1.990639490927419217e+02 9.055380544354838079e+00 2.921868699596774022e+01
1.990320690524193594e+02 9.067666330645161921e+00 2.915028561827956821e+01
1.990641171034946240e+02 9.100092405913978055e+00 2.923492103494623606e+01
1.991944934475806406e+02 9.203587029569892053e+00 2.920323000672043179e+01
1.993307081653225907e+02 9.092678931451612101e+00 2.931117691532258007e+01
1.993616221438172147e+02 9.133526545698924082e+00 2.936435231854838790e+01
1.994479796706989134e+02 9.149655577956989916e+00 2.943768901209677580e+01
1.994517599126344010e+02 9.227990591397849940e+00 2.936540238575268802e+01
1.995938340053763511e+02 9.206317204301075918e+00 2.944548051075268802e+01
1.997545992943548470e+02 9.204112063172043889e+00 2.946946404569892408e+01
1.996723370295698885e+02 9.140856014784946026e+00 2.939755544354838790e+01
1.992755586357527022e+02 9.055401545698924082e+00 2.915559895833333215e+01
1.987279905913978553e+02 8.793178763440860024e+00 2.876348286290322420e+01
1.981637054771505291e+02 8.744560651881720048e+00 2.846631384408602017e+01
1.979104922715053760e+02 8.729334677419354094e+00 2.834049479166666785e+01
1.977135626680107521e+02 8.761739751344086002e+00 2.827738575268817200e+01
1.977201780913978553e+02 8.876281081989247923e+00 2.835324260752688019e+01
1.978064516129032313e+02 8.896967405913978055e+00 2.840868615591397983e+01
1.979280703965053760e+02 8.987882224462365954e+00 2.844608954973118387e+01
1.981868489583333428e+02 8.992691532258064058e+00 2.861307123655913998e+01
1.983546917002688303e+02 9.023185483870967971e+00 2.856073588709677580e+01
1.984363029233871032e+02 9.033203125000000000e+00 2.863331653225806406e+01
1.983188844086021447e+02 8.967090893817204034e+00 2.855504452284946382e+01
1.981876050067204176e+02 8.897030409946236063e+00 2.852912886424731198e+01
1.981006384408602230e+02 8.866221438172043889e+00 2.847874663978494780e+01
1.979277763776881613e+02 8.761760752688172005e+00 2.844875672043010795e+01
1.979713541666666572e+02 8.743237567204301897e+00 2.838873487903225978e+01
1.980589507728494709e+02 8.679372479838709964e+00 2.834053679435483986e+01
1.981004494287634543e+02 8.722026209677419928e+00 2.842078293010752787e+01
1.983013272849462396e+02 8.800214213709677935e+00 2.855199932795698814e+01
1.983451990927419217e+02 8.933908770161290036e+00 2.859662718413978411e+01
1.984835139448924792e+02 8.963730678763440096e+00 2.873307291666666785e+01
1.985564936155913927e+02 9.003507224462365954e+00 2.877089633736559193e+01
1.986831527217742064e+02 9.094359038978494070e+00 2.876291582661290391e+01
1.987326738911290249e+02 9.121870799731182089e+00 2.873170782930107592e+01
1.987695732526881613e+02 9.116221438172043889e+00 2.881445312500000000e+01
1.988267389112903345e+02 9.141738071236559904e+00 2.887697412634408778e+01
1.988846186155913927e+02 9.205708165322580072e+00 2.898219086021505220e+01
1.989191448252688303e+02 9.245190692204301897e+00 2.905874075940860379e+01
1.990165070564516157e+02 9.178889448924731909e+00 2.902929687500000000e+01
1.988553847446236489e+02 9.108828965053763937e+00 2.903131300403225978e+01
1.983259198588709751e+02 8.928028393817204034e+00 2.868407678091397983e+01
1.977604586693548470e+02 8.761529737903225978e+00 2.829021757392473191e+01
1.972605006720430083e+02 8.647513440860215894e+00 2.805311239919354804e+01
1.969604334677419217e+02 8.559958837365591933e+00 2.794268733198924792e+01
1.968654233870967687e+02 8.575289818548387899e+00 2.784175487231182800e+01
1.968931871639784958e+02 8.575604838709677935e+00 2.785813592069892408e+01
1.969509198588709751e+02 8.494098622311827995e+00 2.803332913306451601e+01
1.970294858870967687e+02 8.498802923387096087e+00 2.799663978494623606e+01
1.971377058131720332e+02 8.628801243279569988e+00 2.800350722446236418e+01
1.971778603830645125e+02 8.672610047043010084e+00 2.794869371639784816e+01
1.971376848118279668e+02 8.722005208333333925e+00 2.791122731854838790e+01
1.971156334005376323e+02 8.656376008064516014e+00 2.785057543682795611e+01
1.969159736223118387e+02 8.636949764784946026e+00 2.776570900537634401e+01
1.966786584341397770e+02 8.610299059139784106e+00 2.766754872311827995e+01
1.965617019489247355e+02 8.601730510752688019e+00 2.773731518817204389e+01
1.965385164650537604e+02 8.662739415322580072e+00 2.770787130376344010e+01
1.967577914986559051e+02 8.669102822580645906e+00 2.780624159946236418e+01
1.967168598790322562e+02 8.715011760752688019e+00 2.777513860887096797e+01
1.969235341061827853e+02 8.627982190860215894e+00 2.788340053763440807e+01
1.970475470430107521e+02 8.619896673387096087e+00 2.796047547043010795e+01
1.971018565188172147e+02 8.700604838709677935e+00 2.795558215725806406e+01
1.971938004032257936e+02 8.712911626344086002e+00 2.807663390456989205e+01
1.973302671370967687e+02 8.752058131720430012e+00 2.805323840725806406e+01
1.973191994287634543e+02 8.776881720430107947e+00 2.790486391129032384e+01
1.974479376680107521e+02 8.774214549731182089e+00 2.795094086021505220e+01
1.973827914986559051e+02 8.749201948924731909e+00 2.802047631048387188e+01
1.973258988575268802e+02 8.756048387096774022e+00 2.797744455645161210e+01
1.975469380040322562e+02 8.826780913978494070e+00 2.793413978494623606e+01
1.973830435147849585e+02 8.800130208333333925e+00 2.791164734543010795e+01
1.967624537970430083e+02 8.673723118279569988e+00 2.757589885752688019e+01
1.958801033266128968e+02 8.440230174731182089e+00 2.722017809139784816e+01
1.953375546034946240e+02 8.269804267473118031e+00 2.678055695564516014e+01
1.949920824932795824e+02 8.232148857526881969e+00 2.660880796370967616e+01
1.947068212365591364e+02 8.109459005376344010e+00 2.647526041666666785e+01
1.946527637768817272e+02 8.096879200268817911e+00 2.647988071236559193e+01
1.946451402889784958e+02 8.112126176075268091e+00 2.645379704301075208e+01
1.946864709341397770e+02 8.108513944892473901e+00 2.647471438172043179e+01
1.946836147513440949e+02 8.117880544354838079e+00 2.648828125000000000e+01
1.947791078629032313e+02 8.167905745967741993e+00 2.651390288978494780e+01
1.948277679771505291e+02 8.185462869623655990e+00 2.652597866263440807e+01
1.947985551075268802e+02 8.225596438172043889e+00 2.652339549731182800e+01
1.946707409274193594e+02 8.191343245967741993e+00 2.648214885752688019e+01
1.945779989919354875e+02 8.200583837365591933e+00 2.630674563172043179e+01
1.944818968413978553e+02 8.194157426075268091e+00 2.633530745967741993e+01
1.945190062163978553e+02 8.231665826612903913e+00 2.643185063844086002e+01
1.946097320228494709e+02 8.264427923387096087e+00 2.652606266801075208e+01
1.946616053427419217e+02 8.256930443548387899e+00 2.667872143817204389e+01
1.946769153225806406e+02 8.285219254032258007e+00 2.666891381048387188e+01
1.948073966733871032e+02 8.353641633064516014e+00 2.681014784946236418e+01
1.950466649865591364e+02 8.402070732526881969e+00 2.683917170698924792e+01
1.951272261424731198e+02 8.350806451612903913e+00 2.688573168682795611e+01
1.951564810147849585e+02 8.432522681451612101e+00 2.687170278897849585e+01
1.953209215389784958e+02 8.425487231182795966e+00 2.695814432123655990e+01
1.953561617943548470e+02 8.484269993279569988e+00 2.693615591397849585e+01
1.954468665994623677e+02 8.525537634408602017e+00 2.710517473118279597e+01
1.954890582997311697e+02 8.540238575268817911e+00 2.706728830645161210e+01
1.955504872311827853e+02 8.476100470430107947e+00 2.719268733198924792e+01
1.953581149193548470e+02 8.475281418010752077e+00 2.708530745967741993e+01
1.948051075268817272e+02 8.311428931451612101e+00 2.677213541666666785e+01
1.939613365255376323e+02 8.098454301075268091e+00 2.632052251344086002e+01
1.933285240255376323e+02 7.954847110215053974e+00 2.588228746639784816e+01
1.929409652217742064e+02 7.888608870967741993e+00 2.570064684139784816e+01
1.927602066532257936e+02 7.846039146505376038e+00 2.558081317204301186e+01
1.926476814516128968e+02 7.812163978494623962e+00 2.557791498655913998e+01
1.925423597110215042e+02 7.856581821236559016e+00 2.533755460349462396e+01
1.926097740255376323e+02 7.825604838709677047e+00 2.551814516129032384e+01
1.926816406250000000e+02 7.867145497311827995e+00 2.551245379704301186e+01
1.927978830645161281e+02 7.899634576612903025e+00 2.552713373655913998e+01
1.928058215725806406e+02 7.942477318548387011e+00 2.560055443548387188e+01
1.928109879032257936e+02 7.973496303763440984e+00 2.555008820564516014e+01
1.928130670362903345e+02 7.947244623655913998e+00 2.566483954973118387e+01
1.927692582325268802e+02 7.984711021505376038e+00 2.560807291666666785e+01
1.926455603158602230e+02 8.010542674731182089e+00 2.550926159274193594e+01
1.927645119287634543e+02 7.925130208333333037e+00 2.556712029569892408e+01
1.928654233870967687e+02 7.965221774193548043e+00 2.564396421370967616e+01
1.930408686155913927e+02 8.017536122311827995e+00 2.574057039650537604e+01
1.933737189180107521e+02 8.013734879032258007e+00 2.578387516801075208e+01
1.933759450604838719e+02 8.114142305107526099e+00 2.585110047043010795e+01
1.934409442204301115e+02 8.093035954301075918e+00 2.589747143817204389e+01
1.936785744287634543e+02 8.050466229838709964e+00 2.597011508736559193e+01
1.937503570228494709e+02 8.051705309139784106e+00 2.599510668682795611e+01
1.938841145833333428e+02 8.138524865591397983e+00 2.604725302419354804e+01
1.939235971102150415e+02 8.108597950268817911e+00 2.617090893817204389e+01
1.940143229166666572e+02 8.160114247311827995e+00 2.613333753360215184e+01
1.941897681451612812e+02 8.187331989247311981e+00 2.626778813844086002e+01
1.942207451276881613e+02 8.184979838709677935e+00 2.627870883736559193e+01
1.943344884072580783e+02 8.247059811827956111e+00 2.655790070564516014e+01
1.943679645497311697e+02 8.198672715053763937e+00 2.652675571236559193e+01
1.942299227150537604e+02 8.216082829301075918e+00 2.647047211021505220e+01
1.936388398857527022e+02 8.044123823924731909e+00 2.606751932123655990e+01
1.927782258064516157e+02 7.877961189516129004e+00 2.561410030241935587e+01
1.921240549395161281e+02 7.777658770161290036e+00 2.528347614247311981e+01
1.918606140793010866e+02 7.676222278225806051e+00 2.515230174731182800e+01
1.916935063844086073e+02 7.608324932795698992e+00 2.502917086693548399e+01
1.914861811155913927e+02 7.603515625000000000e+00 2.486536038306451601e+01
1.914402091733871032e+02 7.600596438172043001e+00 2.483482442876344010e+01
1.915524613575268802e+02 7.591649865591397983e+00 2.491532258064516014e+01
1.916634114583333428e+02 7.701297883064516014e+00 2.493569388440860379e+01
1.917925907258064626e+02 7.736202116935483986e+00 2.501262180779569988e+01
1.918520035282257936e+02 7.691847278225806051e+00 2.510758988575268802e+01
1.918570228494623677e+02 7.669207829301075030e+00 2.520724126344086002e+01
1.918336693548387188e+02 7.732673891129032029e+00 2.518602990591397983e+01
1.917854082661290249e+02 7.756678427419354982e+00 2.511853158602150415e+01
1.917854292674731198e+02 7.830582157258064946e+00 2.507230762768817200e+01
1.918077326948924792e+02 7.815629200268817023e+00 2.508644153225806406e+01
1.919074050739247355e+02 7.852696572580645018e+00 2.510483870967741993e+01
1.918860887096774093e+02 7.852192540322580960e+00 2.509572412634408778e+01
1.921179645497311697e+02 7.897177419354838968e+00 2.520971942204301186e+01
1.922473748319892479e+02 7.931199596774193949e+00 2.529903813844086002e+01
1.924618615591397770e+02 7.998907930107526987e+00 2.528040994623655990e+01
1.926422631048387188e+02 8.024235551075268091e+00 2.539770245295698814e+01
1.927450016801075208e+02 8.045677923387096087e+00 2.546608282930107592e+01
1.928601310483871032e+02 8.025495631720430012e+00 2.548246387768817200e+01
1.929503108198924792e+02 8.037130376344086002e+00 2.561851058467741993e+01
1.930866935483871032e+02 8.052566364247311981e+00 2.580477150537634401e+01
1.930956821236559051e+02 8.077767977150537959e+00 2.585332661290322420e+01
1.932043220766128968e+02 8.128675235215053974e+00 2.586437331989247213e+01
1.933139490927419217e+02 8.085223454301075918e+00 2.598057375672043179e+01
1.934483576948924792e+02 8.184433803763440096e+00 2.593143061155913998e+01
1.936081779233871032e+02 8.165007560483870108e+00 2.609219590053763582e+01
1.937276335685483843e+02 8.242565524193548043e+00 2.602610467069892408e+01
1.937917926747311697e+02 8.220052083333333925e+00 2.616811575940860379e+01
1.936695648521505291e+02 8.209089381720430012e+00 2.599002436155913998e+01
1.930028561827957105e+02 8.087008568548387899e+00 2.556283602150537604e+01
1.921123151881720332e+02 7.941280241935483986e+00 2.520304099462365599e+01
1.915933509744623677e+02 7.792359711021505042e+00 2.498107778897849585e+01
1.912337449596774093e+02 7.688235047043010972e+00 2.476621303763440807e+01
1.911179855510752645e+02 7.727150537634408956e+00 2.460712785618279597e+01
1.910369623655913927e+02 7.638965893817204034e+00 2.463251848118279597e+01
1.911301243279569917e+02 7.638776881720430012e+00 2.471131552419354804e+01
1.912848202284946240e+02 7.662865423387096975e+00 2.496324764784946382e+01
1.914410702284946240e+02 7.716187836021505042e+00 2.500512432795698814e+01
1.917340599798387188e+02 7.781502016129032029e+00 2.509576612903225978e+01
1.918037214381720332e+02 7.811428931451612989e+00 2.506770833333333215e+01
1.918273689516128968e+02 7.809370799731182977e+00 2.521746891801075208e+01
1.918047715053763511e+02 7.790805611559139976e+00 2.518250168010752787e+01
1.919414902553763511e+02 7.797127016129032029e+00 2.503507224462365599e+01
1.919273773521505291e+02 7.810000840053763049e+00 2.513886088709677580e+01
1.919825688844086073e+02 7.871114751344086002e+00 2.524384660618279597e+01
1.920458039314516157e+02 7.946908602150537959e+00 2.530164230510752787e+01
1.921196446572580783e+02 8.046811995967741993e+00 2.535826192876344010e+01
1.922933467741935374e+02 8.115528393817204034e+00 2.535116347446236418e+01
1.923907510080645125e+02 8.152133736559139976e+00 2.541624663978494780e+01
1.927124495967742064e+02 8.129452284946236063e+00 2.566051327284946382e+01
1.929266213037634543e+02 8.173051075268817911e+00 2.582673891129032384e+01
1.930827452956989134e+02 8.168010752688172005e+00 2.575699344758064413e+01
1.931397639448924792e+02 8.126806115591397983e+00 2.588799983198924792e+01
1.932450226814516157e+02 8.166246639784946026e+00 2.605168430779569988e+01
1.933440020161290249e+02 8.233261928763440096e+00 2.609694220430107592e+01
1.933020833333333428e+02 8.238239247311827995e+00 2.608255628360215184e+01
1.934406502016128968e+02 8.271841397849462041e+00 2.615811911962365599e+01
1.934843750000000000e+02 8.349105342741935942e+00 2.624901293682795611e+01
1.936949344758064626e+02 8.404842909946236063e+00 2.623748319892473191e+01
1.938967993951612812e+02 8.412298387096774022e+00 2.633329133064516014e+01
1.941455603158602230e+02 8.386403729838709964e+00 2.640217573924731198e+01
1.943154191868279668e+02 8.464906754032258007e+00 2.642510920698924792e+01
1.944302755376344010e+02 8.467615927419354094e+00 2.647645749327956821e+01
1.943350764448924792e+02 8.433824764784946026e+00 2.632169858870967616e+01
1.936393859206989134e+02 8.256426411290322065e+00 2.599485467069892408e+01
1.927999621975806406e+02 8.134387600806451957e+00 2.555567456317204389e+01
1.923100638440860166e+02 7.980972782258064946e+00 2.536617943548387188e+01
1.920049353158602230e+02 7.972404233870967971e+00 2.521908602150537604e+01
1.919157006048387188e+02 7.872311827956989028e+00 2.522599546370967616e+01
1.919431913642472978e+02 7.924080141129032029e+00 2.521299563172043179e+01
1.919647177419354875e+02 7.978452620967741993e+00 2.527683971774193594e+01
1.921822496639784958e+02 8.032006048387096087e+00 2.540337281586021589e+01
1.923240507392472978e+02 8.058509744623655990e+00 2.545707325268817200e+01
1.924718371975806406e+02 8.148899529569892053e+00 2.543573588709677580e+01
1.924484627016128968e+02 8.123025873655913998e+00 2.559822328629032384e+01
1.925483660954301115e+02 8.113449260752688019e+00 2.566754872311827995e+01
1.924447034610215042e+02 8.113512264784946026e+00 2.555277637768817200e+01
1.923838625672042895e+02 8.048954133064516014e+00 2.572316028225806406e+01
1.923774361559139834e+02 8.073630712365591933e+00 2.562693212365591222e+01
1.925009450604838719e+02 8.113365255376344010e+00 2.560397765456989205e+01
1.926919522849462396e+02 8.139154905913978055e+00 2.569079721102150415e+01
1.928600890456989134e+02 8.184412802419354094e+00 2.566530157930107592e+01
1.929925235215053760e+02 8.245232694892473901e+00 2.578792842741935587e+01
1.930989373319892479e+02 8.232358870967741993e+00 2.569999579973118387e+01
1.932964129704301115e+02 8.266717069892473901e+00 2.593264868951612812e+01
1.933968413978494709e+02 8.333228326612903913e+00 2.593936911962365599e+01
1.935068884408602230e+02 8.330834173387096087e+00 2.608245127688172005e+01
1.935984332997311697e+02 8.384324596774193949e+00 2.614602234543010795e+01
1.936038516465053760e+02 8.363197244623655990e+00 2.621202956989247213e+01
1.937962239583333428e+02 8.408707157258064058e+00 2.631027385752688019e+01
1.939221900201612812e+02 8.409400201612903913e+00 2.638598370295698814e+01
1.940295278897849585e+02 8.487294186827956111e+00 2.636061407930107592e+01
1.941082829301075208e+02 8.451486895161290036e+00 2.659141885080645196e+01
1.942679351478494709e+02 8.512579805107526099e+00 2.659099882392473191e+01
1.945025411626344010e+02 8.518376176075268091e+00 2.670264196908602017e+01
1.947678301411290249e+02 8.539482526881720048e+00 2.667168598790322420e+01
1.947653099798387188e+02 8.554435483870967971e+00 2.670673723118279597e+01
1.945613869287634543e+02 8.488659274193548043e+00 2.647977570564516014e+01
1.938181073588709751e+02 8.408770161290322065e+00 2.610811491935483986e+01
1.933494413642472978e+02 8.264679939516129892e+00 2.576138272849462396e+01
1.929004746303763511e+02 8.192267305107526099e+00 2.555913978494623606e+01
1.927154527889784958e+02 8.109543010752688019e+00 2.551512096774193594e+01
1.927425865255376323e+02 8.102528561827956111e+00 2.546152553763440807e+01
1.927527721774193594e+02 8.130250336021505930e+00 2.551304183467741993e+01
1.930258106518817272e+02 8.188487063172043889e+00 2.572162718413978411e+01
1.932714423723118387e+02 8.260941700268817911e+00 2.579498487903225978e+01
1.935783980174731198e+02 8.348496303763440096e+00 2.590950520833333215e+01
1.936163684475806406e+02 8.322538642473118031e+00 2.595705225134408778e+01
1.935425907258064626e+02 8.320648521505376038e+00 2.591614163306451601e+01
1.935631510416666572e+02 8.322853662634408067e+00 2.591408350134408778e+01
1.934384660618279668e+02 8.343855006720430012e+00 2.572297127016129181e+01
1.932713583669354875e+02 8.345367103494623962e+00 2.578658434139784816e+01
1.933904149865591364e+02 8.361496135752688019e+00 2.594527049731182800e+01
1.934881762432795824e+02 8.426852318548387899e+00 2.597712953629032384e+01
1.938389826948924792e+02 8.483723958333333925e+00 2.614780745967741993e+01
1.940229544690860166e+02 8.482358870967741993e+00 2.624401461693548399e+01
1.942432375672042895e+02 8.507686491935483986e+00 2.632505880376344010e+01
1.944633736559139834e+02 8.493279569892473901e+00 2.642655829973118387e+01
1.946449092741935374e+02 8.481497815860215894e+00 2.646364667338709609e+01
1.947427755376344010e+02 8.556808635752688019e+00 2.658413138440860379e+01
1.948301411290322562e+02 8.581443212365591933e+00 2.666502856182795611e+01
1.950175991263440949e+02 8.581044186827956111e+00 2.677501260080645196e+01
1.951894951276881613e+02 8.644699260752688019e+00 2.689016297043010795e+01
1.952849462365591364e+02 8.609206989247311981e+00 2.694709761424731198e+01
1.953256888440860166e+02 8.724483366935483986e+00 2.707986811155913998e+01
1.954619245631720332e+02 8.721543178763440096e+00 2.719965977822580783e+01
1.956772723454301115e+02 8.764217909946236063e+00 2.731081989247311981e+01
1.958415028561827853e+02 8.801894321236559904e+00 2.745732526881720403e+01
1.959204889112903345e+02 8.902574764784946026e+00 2.743750000000000000e+01
1.957547883064516157e+02 8.842468918010752077e+00 2.731756132392473191e+01
1.950552755376344010e+02 8.737798219086021945e+00 2.697379032258064413e+01
1.944828839045698885e+02 8.566133232526881969e+00 2.655252436155913998e+01
1.940261256720430083e+02 8.459908434139784106e+00 2.623372395833333215e+01
1.938394237231182728e+02 8.406544018817204034e+00 2.601543598790322420e+01
1.937270035282257936e+02 8.357799899193548043e+00 2.611435231854838790e+01
1.937791078629032313e+02 8.334950436827956111e+00 2.607585685483870819e+01
1.938738449260752645e+02 8.399466565860215894e+00 2.600875756048387188e+01
1.941498445900537604e+02 8.446530577956989916e+00 2.618466481854838790e+01
1.943946152553763511e+02 8.505691364247311981e+00 2.641381048387096797e+01
1.945191532258064626e+02 8.480048723118279952e+00 2.653448420698924792e+01
1.945314600134408636e+02 8.505250336021505930e+00 2.640883316532258007e+01
1.945051453293010866e+02 8.521022345430107947e+00 2.639169606854838790e+01
1.944822538642472978e+02 8.486076108870967971e+00 2.638281250000000000e+01
1.944258022513440949e+02 8.466145833333333925e+00 2.636599042338709609e+01
1.944383820564516157e+02 8.438130040322580072e+00 2.634658518145161210e+01
1.945452158938172147e+02 8.499264952956989916e+00 2.654311575940860379e+01
1.946992397513440949e+02 8.569535450268817911e+00 2.667189600134408778e+01
1.948532216061827853e+02 8.576990927419354094e+00 2.679107862903225978e+01
1.950346102150537604e+02 8.646589381720430012e+00 2.700388524865591222e+01
1.952444766465053760e+02 8.652616767473118031e+00 2.698889028897849585e+01
1.953740549395161281e+02 8.733513944892473901e+00 2.704840809811827995e+01
1.955014490927419217e+02 8.782825100806451957e+00 2.712436995967741993e+01
1.956251470094086073e+02 8.845808131720430012e+00 2.716126932123655990e+01
1.957919396841397770e+02 8.857757896505376038e+00 2.731394909274193594e+01
1.958180863575268802e+02 8.893040154569892053e+00 2.733337533602150415e+01
1.959408392137096655e+02 8.886613743279569988e+00 2.737205981182795611e+01
1.960751428091397770e+02 8.896799395161290036e+00 2.758639952956989205e+01
1.962710223454301115e+02 8.911563340053763937e+00 2.753217405913978411e+01
1.964551411290322562e+02 8.961252520161290036e+00 2.772227822580645196e+01
1.965587407594086073e+02 8.992334509408602017e+00 2.768571488575268802e+01
1.966201696908602230e+02 9.032720094086021945e+00 2.778872647849462396e+01
1.960483660954301115e+02 8.903561827956989916e+00 2.742170698924731198e+01
1.951396589381720332e+02 8.653771841397849940e+00 2.690190272177419217e+01
1.944773815524193594e+02 8.481749831989247923e+00 2.660626680107526809e+01
1.940794690860215042e+02 8.394153225806451957e+00 2.627998991935483986e+01
1.938464591733871032e+02 8.401881720430107947e+00 2.611164314516129181e+01
1.938319472446236489e+02 8.370337701612903913e+00 2.607999411962365599e+01
1.938916750672042895e+02 8.379410282258064058e+00 2.617842741935483986e+01
1.939046748991935374e+02 8.394846270161290036e+00 2.627581065188172005e+01
1.939325436827957105e+02 8.452536962365591933e+00 2.634251092069892408e+01
1.941279191868279668e+02 8.476961525537634046e+00 2.637836021505376394e+01
1.943436029905913927e+02 8.467216901881720048e+00 2.644800067204301186e+01
1.944018187163978553e+02 8.471354166666666075e+00 2.645499411962365599e+01
1.943492733534946240e+02 8.503423219086021945e+00 2.650480930779569988e+01
1.942959509408602230e+02 8.489877352150537959e+00 2.645325100806451601e+01
1.943086147513440949e+02 8.470199092741935942e+00 2.648051075268817200e+01
1.944100092405913927e+02 8.495379704301075918e+00 2.651398689516129181e+01
1.944711441532257936e+02 8.500609038978494070e+00 2.661435231854838790e+01
1.946216607862903345e+02 8.493972614247311981e+00 2.670253696236559193e+01
1.948030913978494709e+02 8.571047547043010084e+00 2.681273101478494780e+01
1.948862987231182728e+02 8.599357358870967971e+00 2.689077200940860379e+01
1.950166960685483843e+02 8.649592573924731909e+00 2.698088877688172005e+01
1.952018439180107521e+02 8.671853998655913998e+00 2.706667926747311981e+01
1.953361895161290249e+02 8.727696572580645906e+00 2.712594506048387188e+01
1.955056913642472978e+02 8.722509240591397983e+00 2.728650033602150415e+01
1.956186995967742064e+02 8.764721942204301897e+00 2.713316952284946382e+01
1.957191700268817272e+02 8.773752520161290036e+00 2.729807207661290391e+01
1.958277679771505291e+02 8.790532594086021945e+00 2.737636508736559193e+01
1.959343918010752645e+02 8.840872815860215894e+00 2.738342153897849585e+01
1.960624369959677438e+02 8.804960517473118031e+00 2.737445396505376394e+01
1.961958375336021447e+02 8.900621639784946026e+00 2.739291414650537604e+01
1.962747815860215042e+02 8.865654401881720048e+00 2.752599966397849585e+01
1.960576486895161281e+02 8.856350806451612101e+00 2.739175907258064413e+01
1.952933887768817272e+02 8.680632560483870108e+00 2.690225974462365599e+01
1.945091145833333428e+02 8.494392641129032029e+00 2.644077620967741993e+01
1.938961693548387188e+02 8.350260416666666075e+00 2.603326612903225978e+01
1.936239499327957105e+02 8.220514112903225978e+00 2.600409526209677580e+01
1.933325772849462396e+02 8.206695228494623962e+00 2.592013188844086002e+01
1.931601772513440949e+02 8.217300907258064058e+00 2.587130376344086002e+01
1.932431745631720332e+02 8.185147849462365954e+00 2.588230846774193594e+01
1.932821950604838719e+02 8.235404065860215894e+00 2.594228830645161210e+01
1.933359585013440949e+02 8.235971102150537959e+00 2.606651125672043179e+01
1.935613239247311697e+02 8.325499831989247923e+00 2.607780997983870819e+01
1.935759828629032313e+02 8.321467573924731909e+00 2.608566448252688019e+01
1.935995883736559051e+02 8.325478830645161921e+00 2.609963037634408778e+01
1.935169270833333428e+02 8.337659610215053974e+00 2.605034022177419217e+01
1.935500672043010866e+02 8.328503024193548043e+00 2.612025369623655990e+01
1.935586147513440949e+02 8.411647345430107947e+00 2.603782342069892408e+01
1.936958375336021447e+02 8.414419522849462041e+00 2.615018061155913998e+01
1.938596690188172147e+02 8.437668010752688019e+00 2.628532426075268802e+01
1.940074554771505291e+02 8.466544858870967971e+00 2.633621051747311981e+01
1.941672967069892479e+02 8.495778729838709964e+00 2.640877016129032384e+01
1.943595010080645125e+02 8.498886928763440096e+00 2.656541918682795611e+01
1.945070354502688303e+02 8.544732862903225978e+00 2.675808551747311981e+01
1.946385038642472978e+02 8.566049227150537959e+00 2.672765456989247213e+01
1.948136130712365457e+02 8.616851478494623962e+00 2.675560735887096797e+01
1.948793682795698885e+02 8.594884072580645906e+00 2.682371471774193594e+01
1.950400495631720332e+02 8.644804267473118031e+00 2.679809307795698814e+01
1.951119581653225907e+02 8.701213877688172005e+00 2.673899529569892408e+01
1.951582661290322562e+02 8.689348118279569988e+00 2.681928343413978411e+01
1.952407174059139834e+02 8.792422715053763937e+00 2.695320900537634401e+01
1.953467951948924792e+02 8.824218750000000000e+00 2.693981014784946382e+01
1.956103410618279668e+02 8.839885752688172005e+00 2.720010080645161210e+01
1.954676369287634543e+02 8.870883736559139976e+00 2.712331989247311981e+01
1.950937710013440949e+02 8.678343413978494070e+00 2.672221522177419217e+01
1.943373865927419217e+02 8.541540658602150060e+00 2.634003276209677580e+01
1.936375588037634543e+02 8.280913978494623962e+00 2.593575688844086002e+01
1.931161164314516157e+02 8.201129872311827995e+00 2.554647597446236418e+01
1.928542716733871032e+02 8.187478998655913998e+00 2.550079805107526809e+01
1.927568254368279668e+02 8.138671875000000000e+00 2.542716733870967616e+01
1.927300067204301115e+02 8.146862399193548043e+00 2.551131972446236418e+01
1.926829217069892479e+02 8.113764280913978055e+00 2.563151041666666785e+01
1.927562584005376323e+02 8.197391633064516014e+00 2.570259996639784816e+01
1.929674899193548470e+02 8.245295698924731909e+00 2.583005712365591222e+01
1.929750924059139834e+02 8.282552083333333925e+00 2.582237063172043179e+01
1.930722656250000000e+02 8.265204973118279952e+00 2.584824428763440807e+01
1.930438718077957105e+02 8.215473790322580072e+00 2.585391465053763582e+01
1.929827788978494709e+02 8.241452452956989916e+00 2.572565944220430012e+01
1.929784736223118387e+02 8.201843918010752077e+00 2.572824260752688019e+01
1.929818758400537604e+02 8.261340725806451957e+00 2.571946404569892408e+01
1.931032846102150415e+02 8.341544858870967971e+00 2.583110719086021589e+01
1.931822286626344010e+02 8.304036458333333925e+00 2.582720094086021589e+01
1.933686995967742064e+02 8.340116767473118031e+00 2.586118111559139621e+01
1.935520623319892479e+02 8.439390120967741993e+00 2.588810483870967616e+01
1.937733954973118387e+02 8.421748991935483986e+00 2.614436323924731198e+01
1.939086441532257936e+02 8.499075940860215894e+00 2.618983114919354804e+01
1.941052587365591364e+02 8.495820732526881969e+00 2.624878192204301186e+01
1.941396799395161281e+02 8.490528393817204034e+00 2.638100638440860379e+01
1.943578209005376323e+02 8.527805779569892053e+00 2.645581317204301186e+01
1.943898689516128968e+02 8.532615087365591933e+00 2.639112903225806406e+01
1.944787886424731198e+02 8.529821908602150060e+00 2.647097614247311981e+01
1.946037676411290249e+02 8.597446236559139976e+00 2.648632812500000000e+01
1.947263524865591364e+02 8.630376344086021945e+00 2.657690692204301186e+01
1.948580309139784958e+02 8.624936995967741993e+00 2.672194220430107592e+01
1.950132518481182728e+02 8.638734879032258007e+00 2.681420110887096797e+01
1.951791834677419217e+02 8.649949596774193949e+00 2.695121387768817200e+01
1.948216985887096655e+02 8.616935483870967971e+00 2.686162214381720403e+01
1.940571026545698885e+02 8.438634072580645906e+00 2.638220346102150415e+01
1.933463541666666572e+02 8.289902553763440096e+00 2.588627772177419217e+01
1.927606476814516157e+02 8.125357022849462041e+00 2.560194052419354804e+01
1.924341187836021447e+02 8.070900537634408067e+00 2.543726898521505220e+01
1.923327032930107521e+02 8.093182963709677935e+00 2.533253528225806406e+01
1.923479502688172147e+02 8.093939012096774022e+00 2.535939600134408778e+01
1.923843245967742064e+02 8.100743447580645906e+00 2.543453881048387188e+01
1.925389574932795824e+02 8.110635080645161921e+00 2.548185483870967616e+01
1.926308173723118387e+02 8.239625336021505930e+00 2.553937752016129181e+01
1.927610047043010866e+02 8.295404905913978055e+00 2.555401545698924792e+01
1.929332577284946240e+02 8.314810147849462041e+00 2.571980006720430012e+01
1.929073420698924792e+02 8.363890288978494070e+00 2.569718161962365599e+01
1.928969674059139834e+02 8.294564852150537959e+00 2.566777973790322420e+01
1.929218329973118387e+02 8.302104334677419928e+00 2.574130544354838790e+01
1.929752604166666572e+02 8.247857862903225978e+00 2.579660198252688019e+01
1.930275957661290249e+02 8.341103830645161921e+00 2.581420110887096797e+01
1.932931787634408636e+02 8.379935315860215894e+00 2.595266297043010795e+01
1.934472236223118387e+02 8.431766633064516014e+00 2.600105006720430012e+01
1.936221228158602230e+02 8.446215557795698103e+00 2.615240675403225978e+01
1.937429645497311697e+02 8.471564180107526099e+00 2.614390120967741993e+01
1.939846060147849585e+02 8.489688340053763937e+00 2.629349378360215184e+01
1.941246219758064626e+02 8.563634072580645906e+00 2.629872311827956821e+01
1.942579805107527022e+02 8.581506216397849940e+00 2.652589465725806406e+01
1.943689936155913927e+02 8.567624327956989916e+00 2.669508148521505220e+01
1.945305779569892479e+02 8.559496807795698103e+00 2.673546706989247213e+01
1.948710937500000000e+02 8.702200940860215894e+00 2.673095178091397983e+01
1.948895119287634543e+02 8.698483702956989916e+00 2.678406418010752787e+01
1.949848790322580783e+02 8.743594590053763937e+00 2.679536290322580783e+01
1.951192456317204176e+02 8.709509408602150060e+00 2.691666666666666785e+01
1.953188214045698885e+02 8.780556955645161921e+00 2.696469674059139621e+01
1.953872017809139834e+02 8.814642137096774022e+00 2.698760920698924792e+01
1.953740339381720332e+02 8.784253192204301897e+00 2.695060483870967616e+01
1.948956653225806406e+02 8.650306619623655990e+00 2.676159274193548399e+01
1.940948000672042895e+02 8.512222782258064058e+00 2.629088961693548399e+01
1.932357820900537604e+02 8.358975974462365954e+00 2.585905997983870819e+01
1.929033518145161281e+02 8.303616431451612101e+00 2.560364163306451601e+01
1.927358870967742064e+02 8.251050067204301897e+00 2.565839213709677580e+01
1.927492649529569917e+02 8.267662130376344010e+00 2.559410702284946382e+01
1.929277133736559051e+02 8.269384240591397983e+00 2.564335517473118387e+01
1.930605888776881613e+02 8.315293178763440096e+00 2.585488071236559193e+01
1.931689558131720332e+02 8.374285954301075918e+00 2.593170362903225978e+01
1.932657930107527022e+02 8.480951780913978055e+00 2.594056619623655990e+01
1.933218876008064626e+02 8.489835349462365954e+00 2.594600554435483986e+01
1.931939684139784958e+02 8.478620631720430012e+00 2.589247311827956821e+01
1.932120925739247355e+02 8.438277049731182089e+00 2.601386088709677580e+01
1.931880040322580783e+02 8.444409442204301897e+00 2.595516213037634401e+01
1.932910366263440949e+02 8.453776041666666075e+00 2.596207157258064413e+01
1.934266213037634543e+02 8.434034778225806051e+00 2.604710601478494780e+01
1.937043640793010866e+02 8.421832997311827995e+00 2.624741683467741993e+01
1.938598580309139834e+02 8.507497479838709964e+00 2.622364331317204389e+01
1.940591187836021447e+02 8.562815020161290036e+00 2.629221270161290391e+01
1.942411164314516157e+02 8.597635248655913998e+00 2.630500252016129181e+01
1.944606854838709751e+02 8.637306787634408067e+00 2.649913894489247213e+01
1.945692624327957105e+02 8.675781250000000000e+00 2.657827200940860379e+01
1.947253444220430083e+02 8.708858366935483986e+00 2.668302671370967616e+01
1.947485299059139834e+02 8.738260248655913998e+00 2.666859879032258007e+01
1.947878444220430083e+02 8.771421370967741993e+00 2.674863491263440807e+01
1.949341397849462396e+02 8.804330477150537959e+00 2.678578629032258007e+01
1.950307879704301115e+02 8.794039818548387899e+00 2.687941028225806406e+01
1.952462197580645125e+02 8.849945396505376038e+00 2.696268061155913998e+01
1.953660324260752645e+02 8.837848622311827995e+00 2.716775873655913998e+01
1.954928805443548470e+02 8.898563508064516014e+00 2.717069892473118387e+01
1.955530283938172147e+02 8.951087869623655990e+00 2.735259156586021589e+01
1.951724630376344010e+02 8.860404065860215894e+00 2.712894825268817200e+01
1.946754662298387188e+02 8.710034442204301897e+00 2.672185819892473191e+01
1.940568926411290249e+02 8.573357694892473901e+00 2.640097866263440807e+01
1.935824512768817272e+02 8.496450772849462041e+00 2.624012936827956821e+01
1.934377100134408636e+02 8.457451276881720048e+00 2.603175403225806406e+01
1.935036962365591364e+02 8.444430443548387899e+00 2.601346186155913998e+01
1.935149949596774093e+02 8.490570396505376038e+00 2.607928007392473191e+01
1.937310777889784958e+02 8.546643985215053974e+00 2.612869623655913998e+01
1.941040616599462396e+02 8.592825940860215894e+00 2.642124495967741993e+01
1.943271379368279668e+02 8.614142305107526099e+00 2.644333837365591222e+01
1.944548891129032313e+02 8.655262936827956111e+00 2.653881048387096797e+01
1.943556157594086073e+02 8.658392137096774022e+00 2.641557459677419217e+01
1.942518061155913927e+02 8.642851142473118031e+00 2.643365675403225978e+01
1.941395329301075208e+02 8.685315860215053974e+00 2.635408266129032384e+01
1.941336315524193594e+02 8.688907090053763937e+00 2.626115171370967616e+01
1.942416834677419217e+02 8.664272513440860024e+00 2.635097446236559193e+01
1.943825394825268802e+02 8.772639448924731909e+00 2.645764028897849585e+01
1.945726646505376323e+02 8.850575436827956111e+00 2.668897009408602017e+01
1.948293640793010866e+02 8.926915322580645906e+00 2.680130628360215184e+01
1.951106350806451530e+02 8.927062331989247923e+00 2.702095934139784816e+01
1.953077536962365457e+02 8.917506720430107947e+00 2.710347362231182800e+01
1.954363659274193594e+02 8.950394825268817911e+00 2.721545278897849585e+01
1.956546748991935374e+02 8.980993783602150060e+00 2.714367019489247213e+01
1.957452746975806406e+02 8.967468918010752077e+00 2.730580057123655990e+01
1.958313172043010866e+02 9.017032090053763937e+00 2.728759240591397983e+01
1.958327242943548470e+02 9.058404737903225978e+00 2.731210097446236418e+01
1.958897219422042895e+02 9.069178427419354094e+00 2.729067960349462396e+01
1.959681829637096655e+02 9.102906586021505930e+00 2.729214969758064413e+01
1.961471564180107521e+02 9.144321236559139976e+00 2.743955813172043179e+01
1.961898521505376323e+02 9.153393817204301897e+00 2.745467909946236418e+01
1.960537214381720332e+02 9.041162634408602017e+00 2.740780409946236418e+01
1.954445354502688303e+02 8.959782426075268091e+00 2.710828293010752787e+01
1.946748781922042895e+02 8.832787298387096087e+00 2.667265204973118387e+01
1.942536542338709751e+02 8.607526881720430012e+00 2.644249831989247213e+01
1.939249201948924792e+02 8.582178259408602017e+00 2.625810651881720403e+01
1.938396337365591364e+02 8.633169522849462041e+00 2.616576360887096797e+01
1.938512684811827853e+02 8.700562836021505930e+00 2.623857526881720403e+01
1.939602864583333428e+02 8.729124663978494070e+00 2.635238155241935587e+01
1.942344380040322562e+02 8.835874495967741993e+00 2.646849798387096797e+01
1.945795740927419217e+02 8.773815524193548043e+00 2.665925319220430012e+01
1.946934223790322562e+02 8.870274697580645906e+00 2.668892809139784816e+01
1.947064852150537604e+02 8.796139952956989916e+00 2.671566280241935587e+01
1.946796244959677438e+02 8.771694388440860024e+00 2.669270833333333215e+01
1.945828503024193594e+02 8.734311995967741993e+00 2.650739247311827995e+01
1.946190986223118387e+02 8.750231014784946026e+00 2.658469842069892408e+01
1.946297253024193594e+02 8.740423387096774022e+00 2.662859122983870819e+01
1.948068506384408636e+02 8.711462533602150060e+00 2.667708333333333215e+01
1.952628948252688303e+02 8.757623487903225978e+00 2.669228830645161210e+01
1.961322874663978553e+02 8.915091565860215894e+00 2.714358618951612812e+01
1.968499453965053760e+02 9.075793850806451957e+00 2.751358786962365599e+01
1.970472530241935374e+02 9.144951276881720048e+00 2.746675487231182800e+01
1.971204847110215042e+02 9.049017137096774022e+00 2.745827032930107592e+01
1.971808425739247355e+02 9.079364079301075918e+00 2.748103578629032384e+01
1.971600722446236489e+02 9.064684139784946026e+00 2.751972026209677580e+01
1.970754578293010866e+02 9.018187163978494070e+00 2.743569388440860379e+01
1.969811827956989134e+02 9.024991599462365954e+00 2.747131216397849585e+01
1.969978158602150415e+02 9.087449596774193949e+00 2.740929519489247213e+01
1.969960937500000000e+02 9.051978326612903913e+00 2.750384324596774022e+01
1.970840893817204176e+02 9.088919690860215894e+00 2.753549227150537604e+01
1.970169690860215042e+02 9.012054771505376038e+00 2.752471858198924792e+01
1.964724882392472978e+02 8.989793346774193949e+00 2.724132644489247213e+01
1.955704175067204176e+02 8.791414650537634046e+00 2.669632056451612812e+01
1.943861307123655990e+02 8.576549899193548043e+00 2.615658602150537604e+01
1.935152679771505291e+02 8.475554435483870108e+00 2.568124159946236418e+01
1.931301243279569917e+02 8.324659778225806051e+00 2.535647681451612812e+01
1.929373949932795824e+02 8.262264784946236063e+00 2.532111055107526809e+01
1.928154611895161281e+02 8.227360551075268091e+00 2.520108786962365599e+01
1.927712953629032313e+02 8.202788978494623962e+00 2.513850386424731198e+01
1.927222362231182728e+02 8.195669522849462041e+00 2.509450604838709609e+01
1.927253444220430083e+02 8.157216061827956111e+00 2.504563592069892408e+01
1.928269489247311697e+02 8.148458501344086002e+00 2.519724462365591222e+01
1.926801705309139834e+02 8.129011256720430012e+00 2.518361475134408778e+01
1.925932039650537604e+02 8.097950268817204034e+00 2.501627604166666785e+01
1.924132854502688303e+02 8.043472782258064058e+00 2.491492355510752787e+01
1.923044144825268802e+02 8.017116095430107947e+00 2.478584929435483986e+01
1.922207871303763511e+02 8.023353494623655990e+00 2.478475722446236418e+01
1.921658056115591364e+02 7.991137432795698992e+00 2.473433299731182800e+01
1.922760416666666572e+02 7.971606182795698992e+00 2.478792842741935587e+01
1.923793262768817272e+02 8.006783434139784106e+00 2.478815944220430012e+01
1.924426873319892479e+02 8.005040322580645906e+00 2.492137096774193594e+01
1.925949680779569917e+02 8.004410282258064058e+00 2.495600218413978411e+01
1.927500000000000000e+02 8.027595766129032029e+00 2.509017977150537604e+01
1.929127394153225907e+02 8.024739583333333925e+00 2.507934307795698814e+01
1.928349924395161281e+02 8.045278897849462041e+00 2.499731182795698814e+01
1.928433719758064626e+02 8.056787634408602017e+00 2.498849126344086002e+01
1.928368615591397770e+02 8.043241767473118031e+00 2.490011760752688019e+01
1.929153225806451530e+02 8.116683467741935942e+00 2.501031165994623606e+01
1.928880838373655990e+02 8.122059811827956111e+00 2.505094926075268802e+01
1.930186701948924792e+02 8.135962701612903913e+00 2.517237903225806406e+01
1.930373613911290249e+02 8.130166330645161921e+00 2.507858702956989205e+01
1.926724630376344010e+02 8.059013776881720048e+00 2.481472614247311981e+01
1.917364961357527022e+02 7.839150705645161032e+00 2.430029821908602017e+01
1.904740423387096655e+02 7.707199260752688019e+00 2.368243867607526809e+01
1.895353242607527022e+02 7.467762936827956999e+00 2.335803091397849585e+01
1.889405031922042895e+02 7.348160282258064946e+00 2.309057879704301186e+01
1.886179225470430083e+02 7.334278393817204034e+00 2.283280829973118387e+01
1.883684475806451530e+02 7.372731854838709964e+00 2.273718918010752787e+01
1.880923849126344010e+02 7.302566364247311981e+00 2.264715641801075208e+01
1.879873571908602230e+02 7.255355342741935054e+00 2.273307291666666785e+01
1.879668388776881613e+02 7.275537634408602017e+00 2.273975134408602017e+01
1.879804687500000000e+02 7.294984879032258007e+00 2.274972698252688019e+01
1.879644867271505291e+02 7.304162466397849052e+00 2.271492775537634401e+01
1.878624831989247355e+02 7.246744791666666963e+00 2.261911962365591222e+01
1.877547463037634543e+02 7.244434643817204034e+00 2.247343329973118387e+01
1.875580897177419217e+02 7.234669018817204034e+00 2.255080225134408778e+01
1.873966733870967687e+02 7.190566196236559016e+00 2.256468413978494780e+01
1.873856896841397770e+02 7.217657930107526987e+00 2.248153981854838790e+01
1.873532846102150415e+02 7.211126512096774022e+00 2.262924227150537604e+01
1.874096312163978553e+02 7.210685483870967971e+00 2.260506972446236418e+01
1.875798471102150415e+02 7.254683299731182977e+00 2.267321908602150415e+01
1.877139406922042895e+02 7.291330645161290036e+00 2.261340725806451601e+01
1.878302461357527022e+02 7.282321068548387011e+00 2.275306619623655990e+01
1.879666078629032313e+02 7.261949764784946026e+00 2.267412214381720403e+01
1.881706359206989134e+02 7.252016129032258007e+00 2.286092909946236418e+01
1.882620127688172147e+02 7.314600134408602017e+00 2.282917506720430012e+01
1.884181157594086073e+02 7.316217237903225978e+00 2.284488407258064413e+01
1.884923555107527022e+02 7.300025201612903025e+00 2.288839885752688019e+01
1.885871555779569917e+02 7.293304771505376038e+00 2.305502352150537604e+01
1.887499579973118387e+02 7.344023017473118031e+00 2.317032090053763582e+01
1.888269489247311697e+02 7.370106686827956999e+00 2.312917926747311981e+01
1.888437289986559051e+02 7.392305107526881969e+00 2.314770245295698814e+01
1.883676705309139834e+02 7.341544858870967971e+00 2.287785618279569988e+01
1.873492943548387188e+02 7.183236727150537959e+00 2.237056871639784816e+01
1.860551705309139834e+02 7.045530913978494958e+00 2.186109711021505220e+01
1.852641759072580783e+02 6.891822076612903025e+00 2.148687415994623606e+01
1.848356014784946240e+02 6.785933299731182977e+00 2.114619035618279597e+01
1.844502688172042895e+02 6.726352486559139976e+00 2.098918430779569988e+01
1.843261088709677438e+02 6.738134240591397983e+00 2.088375756048387188e+01
1.842929897513440949e+02 6.728074596774193949e+00 2.086099210349462396e+01
1.842658770161290249e+02 6.701402889784946026e+00 2.091437752016129181e+01
1.843302251344086073e+02 6.699449764784946026e+00 2.101077368951612812e+01
1.844124033938172147e+02 6.758064516129032029e+00 2.109538810483870819e+01
1.844496177755376323e+02 6.784610215053763049e+00 2.114705141129032384e+01
1.844259282594086073e+02 6.735362063172043001e+00 2.113403057795698814e+01
1.842827200940860166e+02 6.733765961021505042e+00 2.111510836693548399e+01
1.842737735215053760e+02 6.691679267473118031e+00 2.099907594086021589e+01
1.843929981518817272e+02 6.722446236559139976e+00 2.115032762096774022e+01
1.844497437836021447e+02 6.756825436827956999e+00 2.104752604166666785e+01
1.845814012096774093e+02 6.784757224462365954e+00 2.112829721102150415e+01
1.847699302755376323e+02 6.825331821236559016e+00 2.119037718413978411e+01
1.849174437163978553e+02 6.877436155913978055e+00 2.134595514112903203e+01
1.850469590053763511e+02 6.852465557795698992e+00 2.135410366263440807e+01
1.854523059475806406e+02 6.959467405913978055e+00 2.143006552419354804e+01
1.854804897513440949e+02 6.979082661290322953e+00 2.149008736559139621e+01
1.856765582997311697e+02 6.986223118279569988e+00 2.162508400537634401e+01
1.857371471774193594e+02 6.971102150537634046e+00 2.164209509408602017e+01
1.860132518481182728e+02 6.972698252688172005e+00 2.178267809139784816e+01
1.861000714045698885e+02 7.038978494623655990e+00 2.177980090725806406e+01
1.863206485215053760e+02 7.078797043010752965e+00 2.190456989247311981e+01
1.864050319220430083e+02 7.038789482526881969e+00 2.200126008064516014e+01
1.865673723118279668e+02 7.078566028225806051e+00 2.205283938172043179e+01
1.867486559139784958e+02 7.106896841397849052e+00 2.208942372311827995e+01
1.868429099462365457e+02 7.089549731182795966e+00 2.211685147849462396e+01
1.867319808467742064e+02 7.142641129032258007e+00 2.199185147849462396e+01
1.864013986895161281e+02 7.037445396505376038e+00 2.179571992607526809e+01
1.855478830645161281e+02 6.893481182795698992e+00 2.144734963037634401e+01
1.843581989247311697e+02 6.752415154569892053e+00 2.093827704973118387e+01
1.834941196236559051e+02 6.628738239247311981e+00 2.057192960349462396e+01
1.829665868615591364e+02 6.607442876344086002e+00 2.032174059139784816e+01
1.827439726142472978e+02 6.535639280913978055e+00 2.026594002016129181e+01
1.826749411962365457e+02 6.495463709677419040e+00 2.005758568548387188e+01
1.826590431787634543e+02 6.512348790322580960e+00 2.012159778225806406e+01
1.827559433803763511e+02 6.503801243279569988e+00 2.020633820564516014e+01
1.828413558467742064e+02 6.551684307795698992e+00 2.023798723118279597e+01
1.829836609543010866e+02 6.516780073924731020e+00 2.039671538978494780e+01
1.830674773185483843e+02 6.501260080645161032e+00 2.046148353494623606e+01
1.830458879368279668e+02 6.546391969086021945e+00 2.040898017473118387e+01
1.829976688508064626e+02 6.496471774193548043e+00 2.044161626344086002e+01
1.830146589381720332e+02 6.500126008064516014e+00 2.039003696236559193e+01
1.829499537970430083e+02 6.523605510752688019e+00 2.037615507392473191e+01
1.830560525873655990e+02 6.604439684139784994e+00 2.040423387096774022e+01
1.831205267137096655e+02 6.578671034946236951e+00 2.035670782930107592e+01
1.833023143481182728e+02 6.621723790322580960e+00 2.048055275537634401e+01
1.835785450268817272e+02 6.649781586021505042e+00 2.065704805107526809e+01
1.838303931451612812e+02 6.651629704301075030e+00 2.079536290322580783e+01
1.841717069892472978e+02 6.696131552419354982e+00 2.087201780913978411e+01
1.843502394153225907e+02 6.691259240591397983e+00 2.100875756048387188e+01
1.845379074260752645e+02 6.730636760752688019e+00 2.103259408602150415e+01
1.845869455645161281e+02 6.743279569892473013e+00 2.121431871639784816e+01
1.847443086357527022e+02 6.743678595430107947e+00 2.120310399865591222e+01
1.849121723790322562e+02 6.751785114247311981e+00 2.128824344758064413e+01
1.851136382728494709e+02 6.780598958333333037e+00 2.138308551747311981e+01
1.852303637432795824e+02 6.788306451612903025e+00 2.143363575268817200e+01
1.853725638440860166e+02 6.748907930107526987e+00 2.152108534946236418e+01
1.855986433131720332e+02 6.762516801075268980e+00 2.156180695564516014e+01
1.857097194220430083e+02 6.779968918010752965e+00 2.155855174731182800e+01
1.857808929771505291e+02 6.815986223118279952e+00 2.153330813172043179e+01
1.855665532594086073e+02 6.826633904569892053e+00 2.143884408602150415e+01
1.849485677083333428e+02 6.698210685483870996e+00 2.112365591397849585e+01
1.841194136424731198e+02 6.563088037634408956e+00 2.074151545698924792e+01
1.834936995967742064e+02 6.487000168010752965e+00 2.048433299731182800e+01
1.830697034610215042e+02 6.435819892473118031e+00 2.032153057795698814e+01
1.829098202284946240e+02 6.396400369623655990e+00 2.023479502688172005e+01
1.828950772849462396e+02 6.419984879032258007e+00 2.026457493279569988e+01
1.830161920362903345e+02 6.376953125000000000e+00 2.026104670698924792e+01
1.832679141465053760e+02 6.362924227150537959e+00 2.027633568548387188e+01
1.836289692540322562e+02 6.348853326612903025e+00 2.039566532258064413e+01
1.838713037634408636e+02 6.369098622311827995e+00 2.038058635752688019e+01
1.839970598118279668e+02 6.335055443548387011e+00 2.045476310483870819e+01
1.839547001008064626e+02 6.255103326612903025e+00 2.039381720430107592e+01
