2.059107519157088007e+02 7.512404214559387228e+00 3.298352490421456196e+01
2.051754789272030735e+02 7.456393678160919691e+00 3.260196360153256734e+01
2.049017001915708818e+02 7.424545019157088532e+00 3.250344827586206975e+01
2.048037116858237425e+02 7.339966475095785370e+00 3.244664750957854693e+01
2.049582614942528664e+02 7.336877394636015737e+00 3.272045019157088319e+01
2.049888170498084321e+02 7.302322796934865856e+00 3.264731800766283243e+01
2.050563936781609300e+02 7.277298850574712930e+00 3.271649904214559257e+01
2.052607998084291125e+02 7.307878352490421392e+00 3.292571839080459739e+01
2.054044779693486475e+02 7.334099616858237525e+00 3.297013888888888999e+01
2.055584530651341026e+02 7.326628352490421214e+00 3.296537356321839241e+01
2.055701628352490502e+02 7.342121647509578963e+00 3.287837643678160759e+01
2.056565373563218486e+02 7.377538314176245393e+00 3.283776340996168841e+01
2.057735632183907910e+02 7.354190613026819534e+00 3.304820402298850723e+01
2.058828544061302637e+02 7.325694444444444287e+00 3.308374042145593563e+01
2.059083333333333314e+02 7.319612068965517082e+00 3.310823754789272044e+01
2.059966714559386958e+02 7.344157088122605259e+00 3.313903256704981004e+01
2.059445402298850638e+02 7.312164750957854231e+00 3.310177203065133966e+01
2.056985392720306436e+02 7.272892720306513681e+00 3.293436302681992345e+01
2.054106082375479048e+02 7.253999042145593990e+00 3.283692528735632266e+01
2.051238505747126339e+02 7.218821839080459490e+00 3.256159003831417920e+01
2.049563697318007769e+02 7.173204022988505457e+00 3.243778735632184151e+01
2.049302921455938815e+02 7.185129310344827935e+00 3.238208812260536718e+01
2.049205220306513411e+02 7.237068965517241104e+00 3.240131704980842642e+01
2.050098180076628296e+02 7.258812260536398497e+00 3.247808908045976750e+01
2.050949473180076552e+02 7.296216475095785192e+00 3.252959770114942728e+01
2.051768678160919421e+02 7.282327586206896797e+00 3.265771072796935215e+01
2.052654932950191551e+02 7.297222222222222499e+00 3.269382183908045647e+01
2.052290948275862092e+02 7.321575670498083888e+00 3.255809386973179897e+01
2.052462404214559513e+02 7.303568007662835093e+00 3.265902777777777999e+01
2.051752873563218316e+02 7.255914750957854764e+00 3.270634578544061100e+01
2.051405890804597618e+02 7.267456896551724554e+00 3.258623084291187411e+01
2.051460727969348738e+02 7.298778735632184045e+00 3.271221264367816417e+01
2.051394157088122654e+02 7.307926245210728311e+00 3.277749042145593705e+01
2.051678879310344712e+02 7.333548850574712397e+00 3.275718390804597391e+01
2.052319683908046102e+02 7.347581417624520661e+00 3.283500957854406010e+01
2.052119971264367848e+02 7.327203065134099802e+00 3.280323275862068755e+01
2.053498323754789396e+02 7.351724137931034520e+00 3.287859195402298695e+01
2.054173611111111200e+02 7.333045977011494188e+00 3.287231800766283385e+01
2.055095306513410094e+02 7.350694444444444642e+00 3.282715517241379644e+01
2.055941810344827445e+02 7.353304597701149525e+00 3.287262931034482705e+01
2.056499281609195293e+02 7.369013409961685745e+00 3.283314176245210803e+01
2.056942528735632152e+02 7.385129310344827225e+00 3.291408045977011199e+01
2.056082375478927133e+02 7.389894636015325702e+00 3.277847222222222001e+01
2.051786877394636122e+02 7.312954980842912178e+00 3.255495689655172242e+01
2.049688936781609243e+02 7.278448275862069217e+00 3.236630747126437058e+01
2.046446120689655288e+02 7.229046934865900553e+00 3.220572318007663171e+01
2.045290469348659030e+02 7.144372605363984441e+00 3.218467432950191665e+01
2.044695641762451999e+02 7.178065134099616884e+00 3.205007183908045931e+01
2.045348659003831528e+02 7.186518199233716153e+00 3.205864463601532321e+01
2.045535919540229770e+02 7.237476053639846363e+00 3.220859674329501843e+01
2.045904693486590133e+02 7.214655172413793061e+00 3.224576149425287497e+01
2.046953065134099745e+02 7.279454022988505635e+00 3.228005268199233768e+01
2.046512691570881088e+02 7.279286398467433195e+00 3.228261494252873831e+01
2.047034243295019280e+02 7.282638888888889106e+00 3.225687260536398782e+01
2.046705220306513411e+02 7.241475095785440352e+00 3.212919061302682167e+01
2.046936302681992288e+02 7.275478927203065105e+00 3.207440134099616813e+01
2.046187021072796881e+02 7.284961685823755140e+00 3.205419061302681882e+01
2.046029932950191608e+02 7.270689655172414056e+00 3.219511494252873263e+01
2.046038793103448370e+02 7.271264367816091756e+00 3.222751436781609158e+01
2.046037595785440715e+02 7.317720306513409767e+00 3.215907567049808335e+01
2.048997605363984746e+02 7.308979885057471648e+00 3.212444923371647576e+01
2.049146791187739325e+02 7.311542145593869613e+00 3.215639367816091720e+01
2.049799568965517267e+02 7.333812260536398675e+00 3.232389846743294726e+01
2.049903735632183839e+02 7.323227969348659272e+00 3.247629310344827758e+01
2.050391762452107400e+02 7.325981800766283136e+00 3.260038314176244967e+01
2.051093869731800794e+02 7.369013409961685745e+00 3.269044540229884888e+01
2.051764607279693564e+02 7.351077586206896441e+00 3.281314655172413808e+01
2.051899425287356280e+02 7.378783524904214630e+00 3.266376915708812589e+01
2.051687739463601474e+02 7.392361111111110716e+00 3.251822318007663171e+01
2.047695402298850524e+02 7.287763409961685923e+00 3.226506226053639637e+01
2.043832375478927190e+02 7.244612068965516904e+00 3.195704022988505599e+01
2.041384339080459824e+02 7.161278735632183867e+00 3.170256226053639992e+01
2.039266044061302807e+02 7.118414750957854586e+00 3.173417145593869648e+01
2.037962643678160930e+02 7.155483716475095513e+00 3.175203544061302807e+01
2.036908764367816218e+02 7.103496168582375425e+00 3.170869252873563227e+01
2.037652777777777828e+02 7.162787356321839383e+00 3.172430555555555642e+01
2.037755268199233853e+02 7.172605363984674298e+00 3.174920977011494116e+01
2.038629549808429147e+02 7.181681034482758186e+00 3.178244731800766232e+01
2.039396551724137794e+02 7.260512452107279913e+00 3.188180076628352566e+01
2.039543103448275758e+02 7.201340996168582365e+00 3.168900862068965552e+01
2.039893678160919421e+02 7.205747126436781613e+00 3.178342911877394528e+01
2.039626915708812191e+02 7.190804597701148992e+00 3.168982279693486603e+01
2.039506704980842926e+02 7.206130268199233413e+00 3.166403256704980862e+01
2.039714080459770003e+02 7.155795019157087822e+00 3.171096743295019138e+01
2.039475574712643606e+02 7.168510536398467359e+00 3.160284961685823646e+01
2.040840517241379359e+02 7.199904214559387228e+00 3.180160440613026651e+01
2.041456178160919421e+02 7.153017241379310498e+00 3.184137931034482705e+01
2.041686542145593819e+02 7.204454022988505457e+00 3.175988984674329529e+01
2.042192768199233797e+02 7.254094827586206939e+00 3.180548371647509498e+01
2.043421934865900482e+02 7.277131226053639601e+00 3.184403735632183796e+01
2.042929358237547888e+02 7.256728927203065282e+00 3.188318965517241210e+01
2.043653735632183839e+02 7.309985632183908066e+00 3.196008141762452226e+01
2.044030411877394613e+02 7.369276819923372024e+00 3.214343869731801107e+01
2.045319204980843040e+02 7.325431034482758896e+00 3.208297413793103203e+01
2.045925526819923448e+02 7.356441570881226077e+00 3.210933908045976892e+01
2.045362068965517324e+02 7.338577586206896264e+00 3.204741379310344485e+01
2.042107279693486532e+02 7.251915708812260775e+00 3.196424808429118869e+01
2.036750000000000114e+02 7.215996168582375248e+00 3.155124521072796995e+01
2.033926724137930933e+02 7.122174329501915757e+00 3.133929597701149561e+01
2.031069444444444514e+02 7.105914750957854409e+00 3.126367337164750992e+01
2.030193007662835214e+02 7.133931992337164907e+00 3.114056513409961724e+01
2.030284482758620754e+02 7.119947318007662673e+00 3.113101053639846683e+01
2.030976293103448143e+02 7.123706896551723844e+00 3.110584291187739581e+01
2.030387452107279671e+02 7.118965517241379715e+00 3.111015325670497944e+01
2.031709051724137964e+02 7.166546934865900553e+00 3.124456417624520910e+01
2.032776101532567168e+02 7.134602490421455556e+00 3.122938218390804721e+01
2.033219109195402439e+02 7.116858237547893040e+00 3.129655172413793096e+01
2.033567528735632095e+02 7.129980842911877836e+00 3.139988026819923306e+01
2.032306273946360022e+02 7.120929118773946520e+00 3.142677203065134250e+01
2.033062739463601645e+02 7.165756704980842606e+00 3.153785919540229798e+01
2.032604166666666572e+02 7.176436781609194959e+00 3.140771072796934860e+01
2.032318486590038447e+02 7.178615900383142012e+00 3.142636494252873547e+01
2.032884339080459881e+02 7.158979885057471293e+00 3.152147988505747023e+01
2.033088122605363992e+02 7.235296934865900198e+00 3.144061302681992487e+01
2.034007662835249164e+02 7.197341954022988375e+00 3.159578544061302807e+01
2.035159482758620584e+02 7.236470306513409945e+00 3.156228448275862064e+01
2.036202346743295095e+02 7.242744252873563049e+00 3.152016283524904239e+01
2.036733955938697420e+02 7.260225095785440175e+00 3.162054597701149561e+01
2.037622605363984576e+02 7.270809386973180466e+00 3.171010536398467394e+01
2.037630268199233683e+02 7.326053639846743515e+00 3.163436302681992274e+01
2.038350574712643777e+02 7.307183908045977283e+00 3.177626915708812305e+01
2.037944683908046102e+02 7.345474137931034875e+00 3.167375478927203147e+01
2.039103448275862149e+02 7.322198275862069394e+00 3.174909003831417564e+01
2.040337883141762347e+02 7.395114942528735469e+00 3.174944923371647576e+01
2.041579262452107173e+02 7.308285440613026651e+00 3.187971743295019067e+01
2.039976053639846612e+02 7.335799808429118940e+00 3.179612068965517224e+01
2.036755028735632322e+02 7.221647509578543733e+00 3.161024904214559328e+01
2.032010775862069067e+02 7.144779693486589700e+00 3.123089080459770273e+01
2.027728687739463567e+02 7.050933908045976750e+00 3.103026819923371704e+01
2.025725095785440715e+02 7.046000957854405833e+00 3.089022988505747236e+01
2.024989463601532691e+02 7.063601532567049368e+00 3.094446839080459810e+01
2.025743534482758719e+02 7.059937739463601147e+00 3.105818965517241281e+01
2.026834770114942614e+02 7.085656130268199071e+00 3.095926724137931174e+01
2.026827825670497987e+02 7.109889846743294939e+00 3.101975574712643535e+01
2.027978208812260448e+02 7.093390804597700772e+00 3.099738984674329600e+01
2.029013409961685852e+02 7.077322796934866211e+00 3.120529214559386944e+01
2.029562260536398526e+02 7.162260536398467714e+00 3.114099616858237596e+01
2.029246886973180040e+02 7.180627394636015737e+00 3.117535919540229727e+01
2.028836685823754920e+02 7.164224137931034520e+00 3.115603448275862064e+01
2.028830220306513468e+02 7.098515325670498477e+00 3.116261973180076694e+01
2.028897988505747207e+02 7.132303639846742982e+00 3.108989463601532677e+01
2.030202346743295152e+02 7.157567049808428727e+00 3.127667624521072653e+01
2.030293582375478820e+02 7.190876436781609371e+00 3.120553160919540403e+01
2.031030172413793196e+02 7.242145593869731890e+00 3.121568486590038205e+01
2.032354406130268103e+02 7.194899425287355932e+00 3.136312260536398355e+01
2.033219348659003742e+02 7.234075670498084421e+00 3.141257183908046002e+01
2.034409243295019110e+02 7.293295019157087999e+00 3.135941091954023108e+01
2.034417624521072696e+02 7.311637931034482563e+00 3.140150862068965409e+01
2.035363745210727870e+02 7.358979885057471471e+00 3.144489942528735682e+01
2.035869013409961781e+02 7.350454980842911823e+00 3.160136494252873618e+01
2.036628113026820017e+02 7.378184865900383471e+00 3.169612068965517082e+01
2.037207614942528835e+02 7.367432950191570740e+00 3.169614463601532606e+01
2.037990421455938588e+02 7.404238505747126275e+00 3.162931034482758719e+01
2.038460249042145733e+02 7.403472222222221788e+00 3.175419061302682167e+01
2.038915229885057556e+02 7.389511494252873902e+00 3.182363505747126453e+01
2.039772270114942501e+02 7.356010536398467359e+00 3.200749521072796711e+01
2.040669779693486703e+02 7.377753831417624752e+00 3.204157088122605046e+01
2.041348898467433060e+02 7.405124521072797172e+00 3.209142720306513752e+01
2.040344109195402211e+02 7.357686781609195315e+00 3.199102011494252906e+01
2.037911159003831472e+02 7.264248084291187624e+00 3.185505268199233697e+01
2.034242816091953898e+02 7.198395593869731712e+00 3.148821839080459739e+01
2.031079980842911823e+02 7.121168582375479339e+00 3.131496647509578679e+01
2.028640086206896456e+02 7.141139846743294939e+00 3.123465038314176212e+01
2.027509578544061242e+02 7.134722222222221966e+00 3.116530172413792954e+01
2.026823036398467366e+02 7.180172413793103559e+00 3.120883620689655302e+01
2.027296216475095889e+02 7.131441570881226433e+00 3.111922892720306422e+01
2.027694683908046045e+02 7.149353448275862277e+00 3.110730363984674440e+01
2.028982040229884944e+02 7.141642720306513148e+00 3.111989942528735753e+01
2.030865660919540119e+02 7.161135057471263998e+00 3.135478927203065069e+01
2.031814655172413779e+02 7.156465517241379359e+00 3.134046934865900269e+01
2.032044779693486589e+02 7.163170498084291182e+00 3.132818486590038276e+01
2.031635057471264361e+02 7.211230842911877659e+00 3.131185344827586192e+01
2.031396312260536376e+02 7.215229885057471648e+00 3.123450670498084136e+01
2.031056752873563198e+02 7.187045019157087822e+00 3.119446839080459810e+01
2.031441810344827559e+02 7.196695402298850297e+00 3.124068486590038418e+01
2.032107758620689708e+02 7.231657088122605437e+00 3.141477490421456054e+01
2.033309865900383215e+02 7.242983716475095868e+00 3.143546455938697193e+01
2.033875957854406238e+02 7.224257662835248617e+00 3.144533045977011554e+01
2.035490660919540176e+02 7.247054597701149348e+00 3.161901340996168486e+01
2.036459291187739495e+02 7.275239463601532286e+00 3.167502394636015239e+01
2.038402538314176127e+02 7.388098659003831337e+00 3.168644636015325844e+01
2.038183908045976978e+02 7.351891762452106960e+00 3.167947796934866034e+01
2.038392001915708818e+02 7.391666666666666607e+00 3.169272030651341154e+01
2.039402777777777658e+02 7.303304597701149703e+00 3.176068007662835413e+01
2.040042385057471392e+02 7.345306513409961546e+00 3.163886494252873405e+01
2.040431034482758719e+02 7.361494252873563404e+00 3.180009578544061455e+01
2.041218151340996201e+02 7.392624521072796995e+00 3.186108716475095903e+01
2.041845067049808335e+02 7.402873563218390629e+00 3.197624521072797066e+01
2.042400862068965637e+02 7.500215517241379359e+00 3.208266283524903884e+01
2.043926005747126453e+02 7.511230842911877481e+00 3.208831417624521265e+01
2.045445162835248993e+02 7.628951149425287070e+00 3.237095306513410264e+01
2.046310823754789396e+02 7.645977011494252906e+00 3.228797892720306351e+01
2.044799568965517267e+02 7.581249999999999822e+00 3.226475095785440317e+01
2.042102250957854324e+02 7.449185823754789659e+00 3.201288314176245109e+01
2.039657327586207032e+02 7.383429118773946698e+00 3.176367337164750992e+01
2.037930316091953955e+02 7.290852490421455556e+00 3.170536398467432804e+01
2.037397030651341083e+02 7.286997126436781436e+00 3.170866858237548058e+01
2.037138888888889028e+02 7.334458812260536753e+00 3.166029693486590091e+01
2.037623323754789340e+02 7.278759578544061526e+00 3.163405172413792954e+01
2.037045258620689765e+02 7.351748084291187979e+00 3.164909003831417778e+01
2.038344109195402325e+02 7.330316091954022895e+00 3.171712164750957896e+01
2.038744252873563312e+02 7.348778735632183867e+00 3.163836206896551673e+01
2.039196120689655061e+02 7.391259578544061348e+00 3.176980363984674227e+01
2.040114463601532577e+02 7.404501915708812554e+00 3.183014846743294868e+01
2.040862308429118741e+02 7.440708812260536043e+00 3.198007662835248865e+01
2.041370210727969265e+02 7.472557471264368090e+00 3.188979885057471364e+01
2.040528256704980947e+02 7.493414750957854586e+00 3.197310823754789411e+01
2.041694683908046102e+02 7.529022988505746916e+00 3.202444923371647434e+01
2.042232998084291182e+02 7.460895593869731890e+00 3.200859674329502269e+01
2.042145114942528608e+02 7.491882183908045612e+00 3.203091475095785512e+01
2.043080220306513297e+02 7.515493295019156861e+00 3.208469827586206691e+01
2.043565373563218373e+02 7.504118773946360399e+00 3.217658045977011483e+01
2.044368055555555657e+02 7.547868773946360577e+00 3.227042624521072867e+01
2.044755747126436916e+02 7.574329501915708640e+00 3.226084770114942302e+01
2.045692049808429260e+02 7.597222222222222321e+00 3.235902777777777573e+01
2.046574952107279728e+02 7.606010536398467359e+00 3.238199233716475334e+01
2.048160201149425177e+02 7.621216475095785370e+00 3.242116858237547916e+01
2.047286877394635951e+02 7.628472222222222321e+00 3.239389367816092147e+01
2.047485632183908137e+02 7.633189655172413879e+00 3.237016283524904026e+01
2.048487787356321803e+02 7.646671455938697015e+00 3.251046455938697477e+01
2.048602490421455968e+02 7.670593869731800574e+00 3.254051724137931245e+01
2.048092193486590133e+02 7.721623563218391162e+00 3.256599616858237312e+01
2.050300047892720272e+02 7.673491379310345195e+00 3.255574712643678481e+01
2.050469588122605273e+02 7.652227011494252551e+00 3.252998084291187553e+01
2.051979645593869748e+02 7.649664750957854586e+00 3.267904693486590162e+01
2.052533285440613042e+02 7.670354406130268643e+00 3.271443965517241281e+01
2.051223180076628410e+02 7.657136015325670897e+00 3.266115900383141479e+01
2.049647749042145506e+02 7.598994252873563227e+00 3.243206417624521265e+01
2.046514128352490332e+02 7.535967432950191558e+00 3.229190613026820245e+01
2.043713601532567168e+02 7.491499042145593812e+00 3.206408045977011767e+01
2.042937978927203062e+02 7.401508620689654983e+00 3.196807950191571024e+01
2.042444923371647576e+02 7.400957854406129854e+00 3.189410919540229727e+01
2.042778496168582478e+02 7.391451149425287248e+00 3.187215038314176141e+01
2.042585009578544089e+02 7.414655172413793238e+00 3.191340996168582222e+01
2.042407806513409980e+02 7.405459770114942941e+00 3.197066570881225900e+01
2.043328304597701219e+02 7.429885057471264709e+00 3.205522030651341225e+01
2.043304358237547831e+02 7.442289272030651048e+00 3.214171455938697619e+01
2.043228208812260505e+02 7.455316091954022895e+00 3.198381226053639992e+01
2.043376197318007712e+02 7.434530651340995888e+00 3.200684865900382903e+01
2.043122365900383102e+02 7.476197318007662851e+00 3.202562260536398497e+01
2.044494492337164786e+02 7.471934865900383471e+00 3.195284961685823788e+01
2.044206657088122654e+02 7.484889846743294939e+00 3.189554597701149419e+01
2.044735632183908081e+02 7.447653256704980684e+00 3.201113505747126453e+01
2.044155890804597675e+02 7.432662835249042033e+00 3.201736111111111427e+01
2.044927203065134051e+02 7.459818007662835093e+00 3.209034961685824072e+01
2.046659243295019053e+02 7.474856321839080664e+00 3.217555076628352140e+01
2.047602011494252849e+02 7.478065134099616706e+00 3.230754310344827474e+01
2.048041187739463567e+02 7.535967432950191558e+00 3.234307950191571024e+01
2.048845306513410094e+02 7.600359195402298873e+00 3.235634578544060957e+01
2.049540708812260448e+02 7.611159003831417635e+00 3.231810344827586334e+01
2.050422892720306436e+02 7.613050766283524950e+00 3.247569444444444287e+01
2.050780172413793139e+02 7.604741379310344662e+00 3.241788793103448540e+01
2.051799808429118741e+02 7.623659003831417813e+00 3.251151819923371988e+01
2.052568247126436916e+02 7.649377394636015737e+00 3.255031130268199036e+01
2.053424808429118684e+02 7.719636015325670897e+00 3.274607279693486817e+01
2.053551484674329402e+02 7.679022988505747271e+00 3.271223659003831585e+01
2.054058429118773859e+02 7.678999042145593812e+00 3.275495689655172526e+01
2.055089319923371534e+02 7.748802681992336794e+00 3.276475095785440317e+01
2.055714080459770230e+02 7.746743295019157038e+00 3.284798850574712503e+01
2.056522509578544202e+02 7.785847701149425149e+00 3.286398467432950099e+01
2.057758860153256819e+02 7.801867816091953678e+00 3.286357758620689395e+01
2.056978687739463680e+02 7.834434865900383294e+00 3.262368295019157216e+01
2.055846503831417635e+02 7.789894636015326057e+00 3.278850574712643606e+01
2.052954741379310235e+02 7.626293103448276156e+00 3.262696360153256592e+01
2.051433908045977148e+02 7.569564176245211051e+00 3.238196839080459455e+01
2.050855603448275986e+02 7.489439655172414056e+00 3.232622126436781684e+01
2.050666906130268217e+02 7.464966475095785370e+00 3.235438218390804366e+01
2.049473659003831472e+02 7.505627394636015026e+00 3.241824712643678197e+01
2.050003591954022966e+02 7.555196360153257018e+00 3.246285919540230225e+01
2.051141522988505699e+02 7.572365900383141835e+00 3.241829501915708533e+01
2.052518678160919592e+02 7.631297892720306564e+00 3.253036398467433088e+01
2.053196360153256705e+02 7.673970306513409945e+00 3.253896072796934646e+01
2.053767241379310349e+02 7.694109195402298873e+00 3.264307950191570740e+01
2.053484195402298838e+02 7.685704022988505635e+00 3.264767720306513610e+01
2.052943726053639750e+02 7.641163793103448398e+00 3.269001436781609016e+01
2.052558668582375390e+02 7.597701149425287070e+00 3.279633620689655515e+01
2.053064176245210604e+02 7.638481800766283136e+00 3.269360632183907711e+01
2.053659961685823703e+02 7.616762452107280090e+00 3.271252394636015026e+01
2.054759578544061185e+02 7.662021072796934895e+00 3.264681513409961866e+01
2.055536877394636122e+02 7.663649425287355932e+00 3.269952107279693365e+01
2.056173132183907910e+02 7.644133141762452510e+00 3.277066570881225971e+01
2.056409482758620584e+02 7.647485632183908422e+00 3.292365900383141764e+01
2.057517959770114828e+02 7.782782567049808087e+00 3.291942049808429260e+01
2.057967432950191551e+02 7.833285440613027006e+00 3.294537835249042246e+01
2.058626915708812248e+02 7.919588122605364156e+00 3.315648946360153104e+01
2.058577825670498100e+02 7.969181034482758719e+00 3.313711685823754749e+01
2.059583812260536320e+02 7.926340996168582009e+00 3.318591954022988233e+01
2.060891044061302750e+02 7.960680076628352531e+00 3.323503352490421747e+01
2.061974377394635951e+02 7.994636015325670364e+00 3.322648467432950525e+01
2.062638888888888857e+02 7.991283524904214453e+00 3.328244731800766232e+01
2.063310344827586107e+02 8.001700191570881415e+00 3.339121168582375532e+01
2.063732040229885172e+02 8.010584291187740291e+00 3.329425287356321661e+01
2.064843869731800794e+02 8.044085249042145946e+00 3.341848659003831301e+01
2.065269636015325716e+02 8.014679118773946342e+00 3.359255268199233768e+01
2.064905411877394670e+02 8.072246168582376313e+00 3.346108716475095690e+01
2.064069444444444343e+02 8.047629310344827758e+00 3.342282088122605188e+01
2.061328544061302637e+02 7.951556513409961724e+00 3.311022509578543804e+01
2.059052442528735583e+02 7.926556513409961369e+00 3.293723659003831727e+01
2.058845545977011398e+02 7.902969348659003579e+00 3.294877873563218174e+01
2.058727250957854267e+02 7.839272030651341261e+00 3.304609674329501701e+01
2.059080220306513525e+02 7.898946360153257018e+00 3.287830459770115255e+01
2.058908764367816104e+02 7.918797892720306209e+00 3.292186302681992061e+01
2.059261973180076666e+02 7.912116858237547845e+00 3.305881226053639921e+01
2.060480363984674455e+02 7.933045977011493832e+00 3.312732279693486248e+01
2.061050287356321746e+02 7.940038314176245393e+00 3.316532567049808478e+01
2.062564894636015254e+02 7.986733716475096223e+00 3.317519157088122483e+01
2.062074473180076666e+02 8.034410919540230012e+00 3.320996168582375674e+01
2.061971264367816161e+02 8.038074712643677344e+00 3.314961685823755033e+01
2.060998802681992288e+02 8.013697318007663384e+00 3.306506226053640063e+01
2.061033045977011398e+02 7.927418582375478806e+00 3.304276819923371988e+01
2.062181752873563312e+02 8.007782567049808620e+00 3.313079501915709102e+01
2.063176005747126567e+02 8.007662835249041322e+00 3.323673371647509356e+01
2.063271791187739552e+02 8.024545019157088177e+00 3.322622126436781542e+01
2.064567049808429147e+02 8.061230842911877303e+00 3.335131704980842926e+01
2.065383860153256705e+02 8.057998084291186913e+00 3.345246647509578253e+01
2.065529454022988602e+02 8.075263409961685568e+00 3.339401340996168699e+01
2.066690613026819960e+02 8.151005747126436773e+00 3.341647509578544373e+01
2.067051005747126453e+02 8.157327586206896797e+00 3.362143199233716473e+01
2.068100095785440544e+02 8.201795977011494543e+00 3.364118773946360363e+01
2.069115421455938701e+02 8.259339080459769278e+00 3.372806513409961582e+01
2.070073275862068840e+02 8.237404214559386872e+00 3.369916187739463709e+01
2.069847461685823760e+02 8.213170498084291893e+00 3.369485153256704990e+01
2.070857040229884944e+02 8.235201149425288136e+00 3.368419540229884745e+01
2.071147509578543975e+02 8.264583333333332504e+00 3.383333333333333570e+01
2.071252155172413723e+02 8.305316091954022539e+00 3.368886494252873831e+01
2.071788314176245080e+02 8.315565134099616174e+00 3.371520593869731641e+01
2.072880028735632152e+02 8.317337164750957967e+00 3.384018199233716473e+01
2.072907567049808506e+02 8.317313218390804508e+00 3.387203065134099944e+01
2.071455699233716530e+02 8.290972222222222854e+00 3.375112547892720016e+01
2.068729645593869861e+02 8.200502873563218387e+00 3.348685344827585908e+01
2.066220306513409923e+02 8.166666666666666075e+00 3.351800766283525235e+01
2.064240900383141764e+02 8.074137931034483628e+00 3.332440134099616813e+01
2.063090756704980890e+02 8.070833333333332860e+00 3.331843869731800822e+01
2.063787835249042075e+02 8.087236590038314077e+00 3.322150383141762120e+01
2.064073994252873661e+02 8.081992337164750850e+00 3.319707854406130565e+01
2.064865421455938588e+02 8.088721264367816133e+00 3.326470306513409980e+01
2.065158524904214516e+02 8.163266283524905020e+00 3.333297413793103203e+01
2.065344588122605387e+02 8.202131226053639423e+00 3.330241858237548058e+01
2.066185344827586334e+02 8.240134099616858165e+00 3.338407567049808478e+01
2.066314894636015254e+02 8.203903256704981217e+00 3.335926724137931387e+01
2.066703065134099688e+02 8.217648467432949744e+00 3.323285440613026509e+01
2.067171216475095719e+02 8.211446360153257018e+00 3.335222701149425006e+01
2.067352250957854380e+02 8.210799808429118940e+00 3.335668103448276156e+01
2.067281130268199263e+02 8.200790229885058125e+00 3.333999042145593705e+01
2.067198275862068897e+02 8.256369731800766942e+00 3.337753831417624184e+01
2.067550526819923391e+02 8.249161877394636022e+00 3.334161877394635809e+01
2.067942528735632095e+02 8.309937739463601147e+00 3.342344348659003828e+01
2.068674329501915850e+02 8.355148467432950810e+00 3.357507183908045789e+01
2.069551245210728041e+02 8.286925287356321945e+00 3.365361590038314432e+01
2.070026819923371590e+02 8.240828544061303162e+00 3.371115900383141906e+01
2.070869252873563084e+02 8.310512452107278847e+00 3.361781609195402609e+01
2.071343869731800851e+02 8.312667624521072440e+00 3.371831896551724128e+01
2.072688457854406181e+02 8.326197318007663384e+00 3.382385057471264389e+01
2.073935584291187695e+02 8.336422413793103559e+00 3.383908045977011625e+01
2.074396072796934902e+02 8.356106321839080309e+00 3.386099137931034164e+01
2.074696120689655174e+02 8.338649425287355754e+00 3.383247126436781826e+01
2.074845785440612929e+02 8.379645593869732068e+00 3.376570881226053444e+01
2.075465996168582308e+02 8.340900383141763186e+00 3.382871168582375532e+01
2.076530890804597789e+02 8.332950191570880349e+00 3.401750478927203147e+01
2.076875718390804479e+02 8.366259578544061881e+00 3.392758620689654947e+01
2.077430316091954126e+02 8.285225095785440530e+00 3.399154693486590162e+01
2.074558429118773972e+02 8.223754789272030408e+00 3.380610632183908137e+01
2.070340277777777658e+02 8.228232758620690035e+00 3.342780172413792883e+01
2.066968630268199263e+02 8.189583333333333215e+00 3.333223180076628012e+01
2.066144875478927077e+02 8.223754789272030408e+00 3.328704501915709102e+01
2.066292863984674284e+02 8.268055555555555713e+00 3.322729885057471222e+01
2.065542624521072810e+02 8.298084291187739936e+00 3.325332854406130423e+01
2.066155172413793082e+02 8.230699233716475050e+00 3.343979885057471080e+01
2.067465517241379303e+02 8.267863984674329814e+00 3.338917624521072725e+01
2.068423371647509441e+02 8.305220306513410478e+00 3.345749521072796995e+01
2.069517720306513411e+02 8.260799808429119651e+00 3.363208812260536718e+01
2.070661637931034420e+02 8.308141762452107670e+00 3.376010536398467110e+01
2.070003831417624554e+02 8.341546934865901264e+00 3.372033045977011767e+01
2.069014128352490332e+02 8.373084291187739225e+00 3.368505747126436489e+01
2.069968390804597789e+02 8.371216475095785370e+00 3.374547413793103345e+01
2.069477969348658917e+02 8.358405172413792883e+00 3.360759099616858236e+01
2.070177442528735696e+02 8.383572796934865679e+00 3.360387931034482989e+01
2.071523227969348682e+02 8.377538314176245393e+00 3.370696839080459739e+01
2.071839559386973235e+02 8.414966475095784659e+00 3.381877394636015310e+01
2.071667863984674227e+02 8.396958812260535865e+00 3.381544540229884888e+01
2.072083812260536320e+02 8.418199233716475050e+00 3.376618773946360363e+01
2.073650143678160873e+02 8.419827586206896086e+00 3.385155651340996030e+01
2.073215038314176297e+02 8.456681034482759429e+00 3.374161877394635667e+01
2.073504789272030564e+02 8.500694444444444997e+00 3.383211206896551460e+01
2.074191810344827616e+02 8.502993295019157571e+00 3.383405172413792883e+01
2.074141044061302637e+02 8.534195402298850652e+00 3.377212643678161186e+01
2.074946120689655231e+02 8.540325670498084776e+00 3.391000957854406295e+01
2.075062260536398355e+02 8.474832375478927204e+00 3.402547892720306777e+01
2.076007183908045874e+02 8.517385057471264176e+00 3.397425766283524950e+01
2.077021312260536376e+02 8.553615900383141124e+00 3.409954501915709102e+01
2.077348419540229827e+02 8.517001915708812376e+00 3.419066091954022824e+01
2.076052681992337057e+02 8.619037356321838317e+00 3.408005268199233484e+01
2.074572796934865835e+02 8.452490421455939540e+00 3.387219827586206833e+01
2.071005986590038219e+02 8.402873563218390629e+00 3.360943486590038276e+01
2.069223419540229827e+02 8.353184865900383116e+00 3.350268199233716615e+01
2.068699233716475021e+02 8.325694444444444287e+00 3.339964080459770202e+01
2.067527777777777658e+02 8.322892720306512615e+00 3.339082854406129997e+01
2.068508141762452226e+02 8.319516283524905020e+00 3.357796934865900340e+01
2.067999281609195350e+02 8.382136015325670542e+00 3.346511015325670257e+01
2.069422653256704905e+02 8.443175287356321945e+00 3.359932950191571166e+01
2.070225095785440601e+02 8.455387931034483273e+00 3.366719348659003685e+01
2.070084291187739325e+02 8.493103448275862277e+00 3.367957375478927418e+01
2.071189415708812191e+02 8.463864942528735114e+00 3.375294540229884888e+01
2.070800526819923277e+02 8.390373563218391340e+00 3.370052681992336829e+01
2.070527538314176184e+02 8.421958812260536220e+00 3.353395593869731783e+01
2.070098659003831472e+02 8.421599616858237880e+00 3.362610153256704848e+01
2.069240181992337284e+02 8.432590996168581654e+00 3.365874042145593847e+01
2.070038553639846839e+02 8.473706896551723489e+00 3.357356321839080238e+01
2.071103927203065211e+02 8.423778735632183157e+00 3.364674329501915651e+01
2.071983237547892713e+02 8.440684865900383471e+00 3.375172413793103487e+01
2.071949712643678083e+02 8.515684865900382761e+00 3.373879310344827331e+01
2.072534003831417522e+02 8.501795977011493477e+00 3.377203065134099802e+01
2.072896312260536433e+02 8.463242337164750495e+00 3.385512452107279557e+01
2.072959051724137964e+02 8.525000000000000355e+00 3.374492337164750921e+01
2.072633141762452169e+02 8.595090996168583075e+00 3.376676245210727956e+01
2.073356321839080465e+02 8.647940613026820600e+00 3.359789272030651119e+01
2.072829501915708761e+02 8.593869731800765521e+00 3.372136015325670400e+01
2.073536159003831472e+02 8.560895593869732423e+00 3.383369252873563227e+01
2.074252155172413836e+02 8.594588122605363978e+00 3.395909961685823930e+01
2.074989703065133995e+02 8.586566091954022539e+00 3.384133141762452368e+01
2.076496168582375503e+02 8.589104406130267932e+00 3.378352490421455911e+01
2.074301963601532464e+02 8.574568965517240571e+00 3.372610153256704990e+01
2.071978927203065268e+02 8.459602490421456622e+00 3.362054597701149561e+01
2.068880986590038447e+02 8.431992337164750495e+00 3.338776340996168557e+01
2.066236590038314205e+02 8.429501915708812021e+00 3.325792624521072582e+01
2.065426963601532577e+02 8.367217432950191380e+00 3.321369731800766090e+01
2.065874042145593990e+02 8.416163793103448754e+00 3.325011973180076552e+01
2.066117576628352595e+02 8.417145593869731712e+00 3.319528256704980862e+01
2.067795737547892827e+02 8.408189655172414234e+00 3.332409003831417493e+01
2.068754070881226141e+02 8.488074712643678410e+00 3.343201628352490218e+01
2.069880986590038390e+02 8.497006704980842429e+00 3.357413793103448540e+01
2.069815852490421548e+02 8.529956896551723844e+00 3.340040708812260561e+01
2.068823754789272016e+02 8.506489463601532464e+00 3.345229885057471364e+01
2.067320641762452169e+02 8.456872605363985329e+00 3.329331896551724412e+01
2.066399185823754863e+02 8.473706896551723489e+00 3.326884578544061100e+01
2.066909482758620697e+02 8.470114942528734758e+00 3.322006704980842784e+01
2.066591235632184009e+02 8.512523946360152749e+00 3.332143199233716757e+01
2.066621647509578565e+02 8.532447318007662318e+00 3.333778735632184009e+01
2.067460967432950270e+02 8.517193486590038276e+00 3.332131226053639494e+01
2.068584051724137964e+02 8.528591954022989086e+00 3.345268199233716189e+01
2.069597461685823703e+02 8.526724137931035230e+00 3.358687739463601218e+01
2.070204501915708875e+02 8.553951149425287781e+00 3.379588122605363765e+01
2.070485632183907967e+02 8.637045019157088888e+00 3.357344348659003685e+01
2.071174329501915850e+02 8.630531609195402964e+00 3.357825670498084492e+01
2.071615181992337114e+02 8.706202107279693791e+00 3.349861111111111001e+01
2.071848659003831301e+02 8.620617816091954211e+00 3.351187739463601645e+01
2.072002873563218373e+02 8.654813218390804863e+00 3.353338122605364191e+01
2.071911877394636008e+02 8.658022030651341794e+00 3.353960727969348454e+01
2.072015804597701276e+02 8.656273946360153460e+00 3.344272030651340799e+01
2.071146072796934732e+02 8.548946360153257373e+00 3.333769157088122626e+01
2.068410201149425234e+02 8.532998084291188334e+00 3.326319444444444429e+01
2.066482998084291296e+02 8.451843869731801462e+00 3.310179597701149135e+01
2.065063697318007598e+02 8.427203065134099447e+00 3.303802681992337398e+01
2.064112308429118912e+02 8.433716475095785370e+00 3.303750000000000142e+01
2.064617576628352538e+02 8.436015325670497944e+00 3.304595306513409980e+01
2.064083812260536490e+02 8.408405172413793593e+00 3.294492337164751206e+01
2.065238505747126396e+02 8.482543103448275446e+00 3.308362068965517011e+01
2.065996647509578565e+02 8.470162835249041677e+00 3.322011494252873831e+01
2.065309147509578622e+02 8.450047892720306209e+00 3.318371647509578537e+01
2.065453544061302580e+02 8.510057471264367734e+00 3.328788314176244967e+01
2.064637212643678197e+02 8.476532567049808620e+00 3.317306034482758292e+01
2.063802681992337114e+02 8.469444444444444997e+00 3.295931513409961866e+01
2.063680076628352538e+02 8.462428160919539977e+00 3.305663314176245393e+01
2.063403735632183782e+02 8.406393678160918981e+00 3.313271072796934646e+01
2.062081657088122597e+02 8.465373563218390629e+00 3.312749042145593847e+01
2.063136733716474964e+02 8.422916666666667496e+00 3.301659482758620356e+01
2.063725814176245308e+02 8.453041187739463780e+00 3.311685823754789482e+01
2.063555795019157131e+02 8.479693486590038631e+00 3.308881704980842642e+01
2.064339559386973235e+02 8.498012452107278847e+00 3.313855363984674085e+01
2.064155651340996087e+02 8.493247126436781258e+00 3.312155172413793025e+01
2.064484674329501956e+02 8.495498084291186913e+00 3.312765804597701447e+01
2.065062260536398355e+02 8.544372605363983908e+00 3.317231800766283811e+01
2.065720785440612985e+02 8.530555555555555003e+00 3.314772509578543946e+01
2.066440134099616728e+02 8.521144636015325347e+00 3.317066570881225829e+01
2.066199473180076609e+02 8.545450191570880705e+00 3.314267241379310036e+01
2.065111590038314091e+02 8.503759578544061171e+00 3.301072796934865750e+01
2.062091475095785427e+02 8.419636015325670186e+00 3.286939655172413666e+01
2.058669540229884944e+02 8.404190613026820245e+00 3.258742816091954353e+01
2.055666427203065041e+02 8.309075670498083710e+00 3.252543103448275730e+01
2.053916427203065211e+02 8.319516283524905020e+00 3.229267241379310605e+01
2.055392241379310292e+02 8.251867816091953856e+00 3.234600095785440743e+01
2.055649425287356280e+02 8.297772988505746738e+00 3.235636973180076836e+01
2.054820162835248993e+02 8.305148467432950099e+00 3.241242816091953927e+01
2.054639128352490332e+02 8.273706896551724199e+00 3.243314176245210945e+01
2.055142959770114999e+02 8.293295019157088888e+00 3.232193486590038134e+01
2.055522509578543975e+02 8.270450191570880349e+00 3.234135536398467536e+01
2.054933668582375503e+02 8.268893678160919691e+00 3.240692049808428976e+01
2.053856082375478991e+02 8.338864942528735114e+00 3.228405172413793167e+01
2.053832136015325602e+02 8.307279693486590233e+00 3.224554597701149561e+01
2.053633381226053700e+02 8.258500957854405300e+00 3.219686302681992629e+01
2.052823275862068897e+02 8.267792145593869435e+00 3.216836685823754749e+01
2.052170258620689651e+02 8.261135057471264531e+00 3.219772509578544373e+01
2.052708093869731840e+02 8.246336206896550891e+00 3.225881226053639494e+01
2.053011973180076666e+02 8.265852490421455201e+00 3.221829501915708960e+01
2.053467193486590077e+02 8.234099616858237880e+00 3.233278256704981146e+01
2.054597701149425291e+02 8.248515325670497944e+00 3.240905172413793167e+01
2.054466714559386844e+02 8.289104406130268998e+00 3.230945881226053729e+01
2.055133860153256649e+02 8.324113984674330169e+00 3.238625478927203005e+01
2.055443007662835271e+02 8.347294061302681811e+00 3.238421934865900198e+01
2.055274425287356337e+02 8.282016283524903599e+00 3.251087164750958181e+01
2.055497605363984803e+02 8.329430076628351998e+00 3.253386015325670400e+01
2.053938457854406181e+02 8.292528735632183512e+00 3.239461206896551460e+01
2.050706657088122711e+02 8.251125478927203716e+00 3.210057471264367734e+01
2.046842911877394613e+02 8.122509578544061526e+00 3.188254310344827758e+01
2.043507423371647462e+02 8.047270114942529418e+00 3.167619731800766303e+01
2.042229885057471392e+02 7.999856321839080131e+00 3.153678160919540119e+01
2.040200909961685909e+02 8.039870689655172598e+00 3.134128352490421321e+01
2.039297174329501843e+02 8.067241379310344129e+00 3.129353448275861993e+01
2.039814894636015197e+02 8.070498084291187979e+00 3.134738984674329387e+01
2.040028975095785313e+02 8.055316091954022539e+00 3.139025383141762404e+01
2.040416187739463680e+02 8.077274904214560181e+00 3.146024904214559470e+01
2.040121168582375617e+02 8.112164750957854054e+00 3.129183429118774029e+01
2.040379549808429260e+02 8.102681992337164019e+00 3.140534003831417564e+01
2.039464559386973121e+02 8.040205938697317478e+00 3.140050287356321945e+01
2.039153735632183952e+02 8.024018199233715620e+00 3.136436781609195279e+01
2.038840038314176297e+02 7.991762452107280090e+00 3.141094348659003899e+01
2.037624042145593819e+02 7.994085249042145236e+00 3.129988026819923519e+01
2.037445162835249164e+02 8.025957854406129854e+00 3.128306992337164871e+01
2.036724137931034591e+02 8.053591954022987665e+00 3.118287835249042317e+01
2.037689655172413836e+02 8.032255747126436418e+00 3.130974616858237525e+01
2.038216714559386844e+02 8.077346743295018783e+00 3.133383620689655302e+01
2.039304597701149362e+02 8.038266283524905020e+00 3.145141283524904097e+01
2.038961206896551630e+02 8.067289272030651048e+00 3.151819923371647647e+01
2.040102250957854437e+02 8.057040229885057414e+00 3.145215517241379288e+01
2.040067049808429260e+02 8.040421455938696838e+00 3.144583333333333286e+01
2.040766522988505756e+02 8.060081417624521904e+00 3.154475574712643748e+01
2.041048850574712503e+02 8.043271072796935428e+00 3.151968390804597675e+01
2.041453304597701219e+02 8.062428160919539621e+00 3.155462164750957754e+01
2.040672413793103317e+02 8.057519157088123052e+00 3.150720785440612914e+01
2.036788793103448256e+02 8.021647509578544444e+00 3.121891762452107244e+01
2.033088362068965580e+02 7.928687739463601503e+00 3.103996647509578466e+01
2.029499281609195407e+02 7.849209770114942586e+00 3.080830938697317833e+01
2.026833333333333371e+02 7.806657088122605614e+00 3.059595306513410051e+01
2.026545498084291239e+02 7.744707854406129854e+00 3.052368295019157074e+01
2.025201867816091976e+02 7.717887931034482563e+00 3.051910919540229727e+01
2.024312260536398469e+02 7.812571839080459490e+00 3.041767241379310249e+01
2.024724616858237596e+02 7.759315134099616706e+00 3.042998084291187766e+01
2.023820162835249050e+02 7.826891762452107493e+00 3.031530172413793167e+01
2.025376436781609186e+02 7.847557471264368090e+00 3.039612068965517366e+01
2.025170258620689765e+02 7.854909003831417991e+00 3.049454022988505741e+01
2.027300287356321746e+02 7.854885057471264531e+00 3.054568965517241352e+01
2.026619013409961667e+02 7.789822796934865679e+00 3.045749521072796995e+01
2.025976532567049730e+02 7.786422413793103736e+00 3.045141283524904097e+01
2.026264128352490559e+02 7.799018199233716864e+00 3.039315134099616955e+01
2.025487787356321974e+02 7.828065134099617239e+00 3.050287356321839027e+01
2.026247365900383102e+02 7.782279693486589878e+00 3.053254310344827616e+01
2.026883860153256762e+02 7.816906130268199249e+00 3.053122605363984832e+01
2.027802681992337170e+02 7.846264367816091934e+00 3.065881226053639708e+01
2.028418342911877517e+02 7.867193486590037921e+00 3.052792145593869577e+01
2.028826867816092090e+02 7.901843869731800751e+00 3.043290229885057485e+01
2.029542385057471279e+02 7.879238505747126808e+00 3.066546934865900553e+01
2.029374760536398412e+02 7.809889846743295116e+00 3.062698754789272115e+01
2.030663074712643663e+02 7.883572796934865679e+00 3.089398946360153175e+01
2.029995689655172555e+02 7.854334291187739403e+00 3.091123084291187695e+01
2.031114224137930933e+02 7.845282567049808087e+00 3.096465517241379217e+01
2.031074233716475135e+02 7.867863984674329458e+00 3.088814655172413737e+01
2.032386494252873490e+02 7.902131226053639601e+00 3.092772988505747023e+01
2.031923132183908081e+02 7.922030651340996599e+00 3.083505747126436702e+01
2.033182231800766147e+02 7.910368773946360399e+00 3.088912835249042033e+01
2.033653256704980947e+02 7.968151340996168841e+00 3.085687260536398568e+01
2.032648946360153275e+02 7.980196360153256840e+00 3.084346264367816204e+01
2.031175287356321917e+02 7.872772988505746916e+00 3.065325670498084421e+01
2.027223898467432832e+02 7.713960727969348952e+00 3.047684386973180182e+01
2.024525383141762518e+02 7.612116858237548023e+00 3.028759578544061171e+01
2.022135775862068954e+02 7.612260536398467003e+00 3.020476532567049688e+01
2.021334051724138021e+02 7.637835249042145946e+00 3.018263888888888857e+01
2.020186063218390871e+02 7.591499042145593457e+00 3.008888888888888857e+01
2.019612308429118741e+02 7.565900383141762831e+00 3.018955938697317976e+01
2.019099377394636008e+02 7.633596743295019138e+00 3.010569923371647505e+01
2.019995689655172555e+02 7.637523946360153637e+00 3.006491858237547987e+01
2.020087404214559399e+02 7.601532567049808620e+00 3.015184386973180253e+01
2.021017241379310292e+02 7.685033524904214985e+00 3.024406130268199178e+01
2.021786877394636122e+02 7.677897509578544444e+00 3.025730363984674298e+01
2.021518438697318061e+02 7.646958812260536753e+00 3.028419540229884888e+01
2.021185105363984746e+02 7.632998084291187979e+00 3.021352969348658846e+01
2.019627155172413779e+02 7.656633141762451800e+00 3.031293103448275872e+01
2.020577346743295095e+02 7.679717432950191380e+00 3.030004789272030763e+01
2.021225335249042132e+02 7.690014367816091934e+00 3.033479406130268075e+01
2.022021072796934789e+02 7.688266283524904487e+00 3.025038314176245180e+01
2.023005028735632322e+02 7.673347701149425326e+00 3.027782567049808549e+01
2.023335249042145563e+02 7.672413793103448398e+00 3.034583333333333499e+01
2.024733716475095662e+02 7.732758620689654805e+00 3.032995689655172455e+01
2.025165229885057556e+02 7.720641762452107315e+00 3.049305555555555713e+01
2.026437500000000114e+02 7.692840038314176176e+00 3.061817528735632266e+01
2.026509339080459711e+02 7.706824712643678410e+00 3.064066091954023108e+01
2.027400622605364049e+02 7.713912835249042033e+00 3.057159961685823646e+01
2.027771072796934959e+02 7.781273946360153460e+00 3.065344827586206833e+01
2.027652298850574653e+02 7.757231800766283492e+00 3.064540229885057343e+01
2.027983237547892656e+02 7.772270114942529062e+00 3.064901819923371562e+01
2.028191570881226085e+02 7.775263409961685745e+00 3.065761494252873476e+01
2.028953065134099631e+02 7.811925287356321412e+00 3.073505747126436916e+01
2.028956178160919421e+02 7.774952107279693436e+00 3.090167624521072653e+01
2.030205699233716530e+02 7.885392720306513503e+00 3.089583333333333215e+01
2.031544300766283584e+02 7.862476053639846363e+00 3.093769157088122768e+01
2.031987068965517267e+02 7.893965517241379182e+00 3.089801245210728098e+01
2.030482519157088177e+02 7.854382183908046322e+00 3.084616858237547987e+01
2.026890325670498214e+02 7.731297892720306209e+00 3.076408045977011341e+01
2.024142241379310292e+02 7.608381226053639423e+00 3.046441570881226113e+01
2.022598659003831472e+02 7.612428160919540332e+00 3.034506704980842784e+01
2.021633860153256705e+02 7.564439655172414234e+00 3.031973180076628438e+01
2.021167145593869634e+02 7.543295019157087999e+00 3.038278256704980862e+01
2.021688218390804650e+02 7.594420498084291538e+00 3.030000000000000071e+01
2.021402059386973065e+02 7.572725095785440175e+00 3.030445402298850510e+01
2.020920737547892827e+02 7.624401340996168841e+00 3.018891283524904168e+01
2.022153975095785370e+02 7.576628352490421214e+00 3.026896551724138007e+01
2.022833093869731726e+02 7.642863984674329814e+00 3.039609674329501843e+01
2.024011733716475021e+02 7.635488505747126453e+00 3.041927681992337185e+01
2.024411159003831528e+02 7.589319923371647292e+00 3.054913793103448327e+01
2.023575670498084378e+02 7.669995210727969415e+00 3.038682950191570953e+01
2.023347222222222115e+02 7.698012452107279913e+00 3.040864463601532464e+01
2.023455220306513525e+02 7.651005747126436773e+00 3.032835249042145520e+01
2.023661877394636122e+02 7.689822796934866034e+00 3.031293103448275872e+01
2.025123323754789340e+02 7.664272030651341439e+00 3.047976532567049901e+01
2.025312260536398412e+02 7.651843869731800751e+00 3.052727490421455769e+01
2.026938697318007598e+02 7.680962643678160617e+00 3.058326149425287355e+01
2.027523227969348625e+02 7.716259578544061526e+00 3.057466475095785441e+01
2.028173850574712560e+02 7.771096743295019316e+00 3.066039272030651475e+01
2.028836925287356223e+02 7.754334291187739758e+00 3.078218390804597604e+01
2.029031848659003856e+02 7.720977011494253084e+00 3.071170977011494330e+01
2.030036637931034420e+02 7.756010536398467714e+00 3.081779214559387015e+01
2.030670258620689594e+02 7.761949233716475050e+00 3.089710249042145662e+01
2.030889607279693507e+02 7.731968390804597746e+00 3.090553160919540332e+01
2.031735153256705075e+02 7.736877394636015204e+00 3.098673371647509711e+01
2.032055795019157074e+02 7.767385057471264176e+00 3.100464559386973207e+01
2.032712643678160873e+02 7.772916666666666252e+00 3.100739942528735682e+01
2.033617576628352595e+02 7.714487547892720620e+00 3.112377873563218245e+01
2.034158764367816161e+02 7.728184865900383116e+00 3.117947796934866034e+01
2.034690373563218486e+02 7.802729885057471115e+00 3.123855363984674227e+01
2.036164990421455911e+02 7.877897509578543733e+00 3.110261015325670542e+01
2.036434386973180040e+02 7.927945402298850475e+00 3.127543103448275730e+01
2.036877394636015310e+02 7.917385057471264531e+00 3.116805555555555429e+01
2.034123084291187809e+02 7.854597701149425681e+00 3.092662835249042175e+01
2.031483477011494188e+02 7.703544061302681989e+00 3.070732758620689751e+01
2.028677442528735639e+02 7.659458812260536043e+00 3.073127394636015453e+01
2.027341235632183896e+02 7.680076628352490609e+00 3.061896551724137794e+01
2.027954501915708931e+02 7.605004789272030941e+00 3.069355842911877374e+01
2.027860632183908081e+02 7.628184865900383471e+00 3.064499521072796995e+01
2.028597940613026935e+02 7.634794061302682344e+00 3.059865900383141835e+01
2.028431992337164615e+02 7.696863026819923626e+00 3.071034482758620854e+01
2.029314655172413779e+02 7.744707854406129854e+00 3.078029214559386872e+01
2.030036398467432832e+02 7.747174329501915757e+00 3.079039750957854338e+01
2.030727250957854437e+02 7.730172413793103381e+00 3.089437260536398355e+01
2.030443965517241338e+02 7.762212643678161328e+00 3.088876915708812376e+01
2.030985871647509668e+02 7.760033524904214275e+00 3.087729885057471435e+01
2.030476532567049901e+02 7.757902298850575029e+00 3.085569923371647505e+01
2.030505507662835214e+02 7.776963601532567161e+00 3.081312260536398639e+01
2.030910919540229997e+02 7.777322796934865501e+00 3.081072796934865821e+01
2.032110632183907910e+02 7.747102490421456267e+00 3.082614942528735469e+01
2.033350574712643777e+02 7.795713601532566983e+00 3.099669540229885101e+01
2.034927921455938815e+02 7.807902298850574851e+00 3.102650862068965409e+01
2.035298611111111029e+02 7.838457854406129854e+00 3.105605842911877446e+01
2.034880507662835214e+02 7.851963601532567338e+00 3.102638888888888857e+01
2.035908524904214687e+02 7.837954980842911645e+00 3.111616379310344982e+01
2.037775862068965580e+02 7.849999999999999645e+00 3.123699712643677984e+01
2.037128113026819847e+02 7.852035440613026829e+00 3.119885057471264389e+01
2.037466954022988546e+02 7.877274904214559115e+00 3.124011015325670471e+01
2.038015086206896456e+02 7.958477011494252906e+00 3.120416666666666572e+01
2.039544061302682110e+02 7.964918582375479339e+00 3.127765804597701305e+01
2.039642001915708818e+02 7.985225095785440708e+00 3.123879310344827687e+01
2.038974377394636122e+02 7.982998084291187624e+00 3.129149904214559541e+01
2.041651340996168642e+02 7.978424329501915935e+00 3.144348659003831514e+01
2.041333333333333258e+02 7.948635057471264531e+00 3.143948754789272115e+01
2.042738266283524808e+02 8.003041187739462714e+00 3.147423371647509427e+01
2.043482279693486703e+02 8.018223180076628154e+00 3.152847222222222356e+01
2.043420258620689651e+02 8.022294061302682522e+00 3.161774425287356394e+01
2.044019636015325716e+02 8.042504789272030052e+00 3.158127394636015239e+01
2.043237547892720443e+02 7.990253831417624575e+00 3.146942049808428976e+01
2.042096264367816048e+02 7.999066091954023072e+00 3.146015325670498086e+01
2.039801005747126510e+02 7.906848659003831159e+00 3.133263888888888715e+01
2.037656609195402382e+02 7.789008620689655160e+00 3.124856321839080309e+01
2.035892959770114885e+02 7.753615900383142190e+00 3.109925766283524950e+01
2.035859913793103431e+02 7.787763409961685923e+00 3.111247605363984547e+01
2.036009099616858293e+02 7.796767241379310320e+00 3.115356800766283385e+01
2.036409722222222172e+02 7.785344827586206939e+00 3.111676245210728098e+01
2.036591714559386901e+02 7.851700191570881060e+00 3.116273946360153246e+01
2.036932471264367734e+02 7.836733716475095868e+00 3.126932471264367663e+01
2.037303400383141820e+02 7.907543103448276156e+00 3.129032567049808478e+01
2.038244971264367678e+02 7.925694444444444819e+00 3.140586685823754820e+01
2.038665708812260675e+02 7.911470306513409767e+00 3.131223659003831372e+01
2.039102011494252906e+02 7.942863984674329636e+00 3.139626436781609087e+01
2.038904214559387071e+02 7.850670498084291182e+00 3.140316091954023037e+01
2.039355842911877517e+02 7.839248084291187801e+00 3.135893199233716544e+01
2.038918342911877346e+02 7.796647509578543911e+00 3.146096743295019138e+01
2.040060823754789396e+02 7.843702107279693081e+00 3.144327107279693578e+01
2.039914511494252736e+02 7.894971264367816488e+00 3.138601532567049901e+01
2.041298132183908081e+02 7.916235632183908244e+00 3.142138409961685852e+01
2.041686063218390927e+02 7.928256704980842784e+00 3.143163314176245038e+01
2.043092432950191437e+02 7.932950191570880882e+00 3.150672892720306351e+01
2.042962404214559342e+02 7.939870689655172065e+00 3.151937260536398355e+01
2.044624521072796881e+02 8.015876436781608660e+00 3.154137931034482634e+01
2.045086925287356223e+02 8.000550766283524240e+00 3.162478448275862064e+01
2.046367337164751063e+02 8.020474137931033809e+00 3.174111590038314290e+01
2.046260057471264417e+02 8.069396551724137723e+00 3.186434386973180111e+01
2.046187260536398469e+02 8.016522988505746738e+00 3.181012931034482705e+01
2.046138409961685909e+02 8.024042145593869080e+00 3.174181034482758790e+01
2.047392720306513354e+02 8.030148467432949744e+00 3.190246647509578537e+01
2.048033524904214460e+02 8.029477969348658206e+00 3.192497605363984547e+01
2.048194444444444571e+02 8.053496168582375603e+00 3.187191091954023037e+01
2.048948754789271902e+02 8.049760536398467892e+00 3.194643199233716402e+01
2.049082854406130139e+02 8.126245210727969237e+00 3.190110153256705061e+01
2.049995689655172555e+02 8.170522030651341083e+00 3.198304597701149277e+01
2.051364463601532577e+02 8.157159961685824356e+00 3.196568486590038205e+01
2.050979406130268217e+02 8.150143678160919336e+00 3.202883141762452368e+01
2.048541427203065268e+02 8.048587164750957257e+00 3.183891283524904381e+01
2.044680795019156960e+02 7.977969348659003757e+00 3.162365900383141692e+01
2.042588601532567054e+02 7.916283524904214275e+00 3.153635057471264247e+01
2.041122365900383215e+02 7.897772988505747271e+00 3.142171934865900340e+01
2.040675766283524979e+02 7.902442528735631910e+00 3.144695881226053658e+01
2.040490660919540176e+02 7.879549808429119118e+00 3.148374042145593776e+01
2.041605842911877460e+02 7.889679118773946342e+00 3.162868773946360079e+01
2.041548611111111029e+02 7.923850574712643535e+00 3.154547413793103416e+01
2.042814655172413723e+02 7.962667624521072796e+00 3.164516283524904239e+01
2.044295258620689708e+02 8.060656130268199604e+00 3.169394157088122554e+01
2.044135057471264361e+02 8.078663793103448398e+00 3.169042145593869719e+01
2.045391762452107400e+02 8.137883141762452865e+00 3.178979885057471222e+01
2.045287356321838956e+02 8.109243295019156861e+00 3.159480363984674156e+01
2.044518917624521066e+02 8.104334291187740291e+00 3.166261973180076694e+01
2.045196120689655288e+02 8.075838122605363267e+00 3.166803160919540261e+01
2.046551245210727927e+02 8.049592911877395451e+00 3.180821360153256805e+01
2.045532088122605501e+02 8.123108237547892685e+00 3.177705938697317833e+01
2.047390086206896456e+02 8.109291187739463780e+00 3.186800766283525022e+01
2.047613505747126510e+02 8.101939655172413879e+00 3.186209291187739368e+01
2.048528017241379189e+02 8.033309386973179755e+00 3.194834770114942657e+01
2.048623563218390871e+02 8.057734674329502411e+00 3.193414750957854409e+01
2.048760775862068897e+02 8.056297892720307274e+00 3.197892720306513326e+01
2.049545498084291069e+02 8.066834291187738870e+00 3.208445881226053586e+01
2.050374760536398355e+02 8.109434865900382761e+00 3.206166187739463425e+01
2.050974616858237596e+02 8.098587164750957967e+00 3.215682471264367592e+01
2.051136494252873490e+02 8.176939655172413168e+00 3.198101053639846825e+01
2.051758381226053700e+02 8.164080459770115539e+00 3.196357758620689538e+01
2.051028975095785540e+02 8.143965517241380070e+00 3.202243773946360506e+01
2.051722461685823760e+02 8.160680076628352708e+00 3.206515804597701447e+01
2.053269636015325545e+02 8.120019157088123052e+00 3.220062260536398213e+01
2.053220067049808506e+02 8.158860153256705772e+00 3.225665708812260846e+01
2.053975335249042189e+02 8.207136015325669831e+00 3.221760057471264105e+01
2.054888649425287497e+02 8.194899425287356820e+00 3.224284003831417778e+01
2.054734195402298838e+02 8.164248084291187979e+00 3.225759099616858094e+01
2.053849137931034363e+02 8.201915708812260064e+00 3.212437739463601361e+01
2.051076867816092033e+02 8.131226053639846185e+00 3.202234195402299122e+01
2.048825909961685738e+02 8.078855363984674298e+00 3.182547892720306493e+01
2.046703783524904168e+02 8.025143678160919336e+00 3.174968869731800680e+01
2.046698994252873547e+02 7.992073754789272400e+00 3.180483716475095690e+01
2.047519875478927247e+02 8.012954980842911468e+00 3.172277298850574567e+01
2.047575191570881259e+02 8.035560344827585411e+00 3.172648467432950170e+01
2.047620689655172441e+02 8.038888888888889639e+00 3.176015325670498157e+01
2.048724616858237653e+02 8.053615900383141124e+00 3.187203065134099589e+01
2.050777059386973065e+02 8.108069923371648002e+00 3.190962643678160759e+01
2.051149185823754806e+02 8.156561302681993197e+00 3.190962643678160759e+01
2.050971024904214630e+02 8.143127394636016092e+00 3.217844827586206691e+01
2.050470067049808449e+02 8.118773946360153815e+00 3.213022030651340799e+01
2.050344827586206975e+02 8.116858237547893040e+00 3.213704501915708533e+01
2.051433429118773972e+02 8.107854406130268643e+00 3.208136973180076978e+01
2.051938218390804707e+02 8.148108237547893040e+00 3.207837643678161044e+01
2.051253591954022966e+02 8.134243295019157216e+00 3.213189655172413950e+01
2.051601772030651318e+02 8.161039272030651048e+00 3.203860153256704990e+01
2.052727729885057499e+02 8.225886015325670542e+00 3.208869731800766090e+01
2.053844588122605330e+02 8.137931034482758008e+00 3.224274425287356394e+01
2.054108716475095662e+02 8.183477011494252551e+00 3.233838601532566770e+01
2.054920737547892600e+02 8.233620689655172242e+00 3.231781609195402183e+01
2.054975335249042132e+02 8.238194444444443931e+00 3.237231800766283385e+01
2.055637691570881316e+02 8.280411877394636022e+00 3.247152777777777999e+01
2.055750957854406238e+02 8.263266283524904665e+00 3.258963122605364049e+01
2.056429358237547831e+02 8.282136015325670897e+00 3.245816570881225971e+01
2.056298611111110972e+02 8.264391762452106605e+00 3.241300287356321519e+01
2.056223419540229997e+02 8.258381226053639779e+00 3.242943007662834987e+01
2.056996886973180096e+02 8.254573754789271689e+00 3.244061302681992487e+01
2.056748084291187695e+02 8.364607279693487385e+00 3.235639367816092005e+01
2.058375478927202948e+02 8.288505747126436063e+00 3.246151819923371562e+01
2.059006944444444400e+02 8.328831417624520839e+00 3.253443486590037992e+01
2.059166427203065268e+02 8.350838122605363623e+00 3.255658524904214346e+01
2.059170258620689538e+02 8.335656130268199959e+00 3.240993773946360079e+01
2.057714319923371704e+02 8.347988505747126808e+00 3.236985153256704706e+01
2.056035201149425404e+02 8.234339080459770699e+00 3.225335249042145591e+01
2.053852250957854437e+02 8.146527777777777146e+00 3.217435344827585908e+01
2.051868295019156960e+02 8.128017241379311031e+00 3.225603448275862206e+01
2.051071120689655061e+02 8.135249042145593634e+00 3.215263409961686136e+01
2.051783045977011568e+02 8.163194444444444642e+00 3.216099137931034591e+01
2.051767480842911766e+02 8.128951149425287070e+00 3.212219827586206833e+01
2.051877873563218486e+02 8.168151340996168130e+00 3.217878352490421179e+01
2.053422413793103374e+02 8.234554597701150058e+00 3.221997126436781400e+01
2.054839319923371761e+02 8.224808429118773745e+00 3.216355363984674653e+01
2.055482758620689765e+02 8.245306513409961013e+00 3.221082375478927418e+01
2.055100814176245194e+02 8.234650383141762120e+00 3.229231321839080238e+01
2.054228687739463624e+02 8.230316091954023250e+00 3.218927203065133824e+01
2.054591235632183839e+02 8.190086206896552312e+00 3.219973659003831301e+01
2.054341475095785370e+02 8.213242337164750495e+00 3.216096743295019422e+01
2.054563697318007769e+02 8.225550766283525661e+00 3.219746168582375390e+01
2.054632423371647576e+02 8.222222222222221433e+00 3.223148946360153388e+01
2.055016522988505869e+02 8.215948275862068328e+00 3.240469348659004112e+01
2.054757662835249050e+02 8.234554597701150058e+00 3.241415229885057414e+01
2.055803400383141764e+02 8.277442528735631910e+00 3.228575191570881486e+01
2.056246886973180210e+02 8.350359195402297985e+00 3.237147988505746810e+01
2.057071120689655288e+02 8.339583333333333570e+00 3.245414272030651404e+01
2.058216475095785540e+02 8.404022988505747804e+00 3.238948754789272044e+01
2.058388170498084264e+02 8.332375478927202650e+00 3.244097222222222143e+01
2.058505028735632152e+02 8.345186781609195137e+00 3.243539272030651688e+01
2.058933668582375560e+02 8.357638888888889284e+00 3.246417624521073009e+01
2.059630028735632266e+02 8.387212643678161328e+00 3.257006704980842926e+01
2.059472701149425404e+02 8.353352490421455556e+00 3.250361590038313864e+01
2.058889607279693621e+02 8.385177203065133256e+00 3.243539272030651688e+01
2.059999760536398412e+02 8.371024904214559470e+00 3.255011973180076978e+01
2.060486829501915622e+02 8.364703065134099447e+00 3.260629789272030621e+01
2.060827825670498044e+02 8.412452107279692726e+00 3.270694444444444571e+01
2.061467911877394670e+02 8.462715517241379715e+00 3.267207854406129997e+01
2.060188936781609073e+02 8.435488505747127164e+00 3.243647030651340657e+01
2.057735871647509498e+02 8.338649425287355754e+00 3.226482279693486532e+01
2.054559865900383215e+02 8.237595785440612772e+00 3.225014367816091720e+01
2.053933189655172384e+02 8.184530651340995888e+00 3.228929597701149135e+01
2.053723659003831301e+02 8.153903256704980507e+00 3.225323275862069039e+01
2.053902059386973065e+02 8.192528735632183867e+00 3.218699712643677913e+01
2.054640565134099575e+02 8.169947318007663384e+00 3.235591475095785086e+01
2.056122365900383215e+02 8.281681034482758719e+00 3.223802681992336971e+01
2.057062021072796938e+02 8.260201149425286715e+00 3.235933908045976892e+01
2.057118295019157017e+02 8.296791187739463780e+00 3.237519157088122768e+01
2.057840517241379246e+02 8.277897509578544089e+00 3.243726053639846896e+01
2.057383141762452112e+02 8.277897509578544089e+00 3.230287356321839098e+01
2.057466714559386958e+02 8.280244252873563582e+00 3.220905172413792883e+01
2.057132423371647576e+02 8.329310344827586476e+00 3.229305555555555429e+01
2.056345785440612985e+02 8.242025862068965480e+00 3.240270593869731641e+01
2.057107279693486532e+02 8.322725095785440175e+00 3.239808429118773603e+01
2.057553879310344769e+02 8.294468390804597746e+00 3.227722701149425433e+01
2.058123323754789169e+02 8.325598659003832225e+00 3.237222222222222001e+01
2.058161159003831528e+02 8.326029693486589167e+00 3.240517241379310320e+01
2.059547892720306379e+02 8.349185823754789126e+00 3.245900383141762546e+01
2.058957375478927077e+02 8.364942528735632266e+00 3.260747126436781684e+01
2.059875239463601417e+02 8.350215517241379004e+00 3.263388409961685710e+01
2.060106561302681882e+02 8.347174329501916290e+00 3.260601053639846469e+01
2.060629789272030621e+02 8.355603448275861211e+00 3.262808908045977319e+01
2.060501436781609073e+02 8.372461685823754607e+00 3.259003831417624752e+01
2.060781369731800794e+02 8.308141762452107670e+00 3.255337643678161186e+01
2.061011254789272016e+02 8.357399425287356465e+00 3.261925287356321945e+01
2.061166906130268330e+02 8.375407088122605259e+00 3.274176245210728098e+01
2.061933429118774086e+02 8.353160919540229656e+00 3.274518678160919194e+01
2.062128831417624610e+02 8.340517241379309610e+00 3.273424329501915508e+01
2.061991858237547888e+02 8.345234674329502056e+00 3.280205938697317691e+01
2.061031848659003742e+02 8.382614942528736179e+00 3.264169061302681740e+01
2.059035680076628410e+02 8.295593869731801462e+00 3.244037356321839383e+01
2.056522988505747094e+02 8.182614942528735114e+00 3.223615900383141764e+01
2.055296695402298894e+02 8.160225095785440530e+00 3.221288314176245393e+01
2.054773706896551744e+02 8.207638888888888928e+00 3.221467911877394386e+01
2.055380747126436916e+02 8.243295019157088177e+00 3.220890804597701162e+01
2.055214559386973292e+02 8.182782567049807554e+00 3.229348659003831301e+01
2.055862068965517153e+02 8.271623563218390984e+00 3.225977011494252622e+01
2.056661159003831472e+02 8.314822796934866034e+00 3.220483716475095548e+01
2.057424568965517153e+02 8.292911877394635312e+00 3.237394636015325489e+01
2.058755507662835385e+02 8.317409003831418346e+00 3.232341954022988517e+01
2.058340996168582251e+02 8.376340996168583075e+00 3.229525862068965836e+01
2.057561063218390700e+02 8.279286398467432306e+00 3.239887452107279842e+01
2.057460967432950270e+02 8.276484674329502411e+00 3.242052203065134108e+01
2.056082375478927133e+02 8.276293103448276511e+00 3.239415708812260419e+01
2.056659243295019053e+02 8.293606321839080309e+00 3.230469348659003970e+01
2.056368534482758719e+02 8.309770114942528707e+00 3.225505268199233910e+01
2.057510775862068897e+02 8.290660919540229656e+00 3.239073275862068613e+01
2.057262931034482847e+02 8.354573754789271334e+00 3.236704980842911539e+01
2.058544779693486646e+02 8.399113984674329458e+00 3.247198275862069039e+01
2.058755747126436688e+02 8.397198275862068684e+00 3.254243295019156790e+01
2.059034003831417579e+02 8.423108237547893395e+00 3.249434865900383329e+01
2.059439415708812362e+02 8.421360153256705061e+00 3.256769636015325631e+01
2.060261494252873433e+02 8.477705938697317478e+00 3.256484674329502127e+01
2.059740421455938701e+02 8.404741379310344485e+00 3.253963122605364333e+01
2.060194683908046045e+02 8.453089080459770699e+00 3.241736111111111285e+01
2.060823036398467423e+02 8.469899425287357175e+00 3.249444444444444713e+01
2.061114703065134108e+02 8.447078544061302097e+00 3.247579022988505670e+01
2.060861111111111086e+02 8.393414750957854054e+00 3.249839559386973065e+01
2.061154214559387015e+02 8.417073754789271334e+00 3.249537835249041962e+01
2.059842432950191551e+02 8.399233716475094980e+00 3.249806034482758577e+01
2.057607519157088234e+02 8.332662835249042388e+00 3.225689655172413950e+01
2.055431752873563198e+02 8.300957854406130210e+00 3.215423850574712361e+01
2.054181513409961610e+02 8.298156130268198538e+00 3.200871647509578821e+01
2.054562260536398526e+02 8.306106321839079598e+00 3.206010536398467536e+01
2.054162595785440715e+02 8.285009578544061171e+00 3.206156609195402041e+01
2.054160680076628296e+02 8.308979885057471648e+00 3.194877873563218529e+01
2.054803879310344712e+02 8.335320881226053302e+00 3.202025862068965267e+01
2.055172413793103487e+02 8.396360153256704706e+00 3.221290708812260561e+01
2.056460249042145563e+02 8.378591954022988730e+00 3.220596264367816275e+01
2.056492576628352538e+02 8.358955938697317123e+00 3.220897988505747378e+01
2.056202346743295095e+02 8.325167624521073506e+00 3.210670498084291324e+01
2.055117816091953955e+02 8.384243295019157216e+00 3.201738505747126595e+01
2.053925766283524865e+02 8.323778735632183512e+00 3.208345306513410122e+01
2.053345785440613156e+02 8.301628352490421747e+00 3.213074712643678055e+01
2.053744013409961724e+02 8.305292145593869080e+00 3.211063218390804508e+01
2.053191091954022909e+02 8.275335249042145236e+00 3.219647988505747094e+01
2.054557231800766317e+02 8.336446360153257018e+00 3.213505747126436773e+01
2.054386254789272073e+02 8.319659961685824001e+00 3.210299329501915366e+01
2.054750239463601531e+02 8.312260536398467181e+00 3.211369731800765948e+01
2.054989703065133995e+02 8.310201149425287426e+00 3.212777777777777999e+01
2.055535919540229770e+02 8.364607279693487385e+00 3.203697318007662886e+01
2.055591714559386958e+02 8.354430076628352353e+00 3.203675766283524950e+01
2.055202825670498044e+02 8.380914750957854764e+00 3.208702107279693649e+01
2.055553160919540119e+02 8.430100574712643180e+00 3.206209291187739296e+01
2.056469109195402325e+02 8.374401340996168841e+00 3.215641762452107599e+01
2.057263888888888914e+02 8.397701149425287781e+00 3.210256226053639494e+01
2.056622365900383045e+02 8.509291187739464135e+00 3.207406609195402325e+01
2.055846743295019223e+02 8.502490421455938474e+00 3.211731321839080522e+01
2.053085249042145506e+02 8.426556513409961369e+00 3.188910440613026864e+01
2.050001436781609243e+02 8.396144636015325347e+00 3.180986590038314077e+01
2.048740181992337170e+02 8.369612068965517793e+00 3.175526819923371491e+01
2.047194204980843040e+02 8.241786398467432662e+00 3.154202586206896441e+01
2.047862308429118912e+02 8.263625478927203005e+00 3.162353927203065140e+01
2.047911159003831472e+02 8.326987547892720443e+00 3.162351532567049972e+01
2.049968630268199092e+02 8.309554597701149348e+00 3.163024425287356323e+01
2.049600814176245080e+02 8.383333333333332860e+00 3.167950191570881202e+01
2.050078304597701049e+02 8.377179118773947053e+00 3.172516762452107386e+01
2.049827586206896513e+02 8.321240421455938119e+00 3.177207854406130139e+01
2.050644875478927247e+02 8.324185823754788771e+00 3.180387931034482918e+01
2.049923850574712674e+02 8.352322796934865679e+00 3.172703544061302594e+01
2.049715277777777658e+02 8.330100574712643535e+00 3.164319923371647647e+01
2.048707375478927304e+02 8.287164750957854764e+00 3.162672413793103487e+01
2.048795498084291182e+02 8.314056513409962434e+00 3.164286398467432804e+01
2.048754070881226141e+02 8.370809386973180111e+00 3.167092911877394812e+01
2.048387931034482676e+02 8.314894636015326412e+00 3.166374521072797066e+01
2.048875239463601474e+02 8.318845785440613483e+00 3.163134578544061171e+01
2.049963601532567168e+02 8.342480842911877303e+00 3.168417145593869577e+01
2.049368534482758548e+02 8.352586206896551957e+00 3.172796934865900553e+01
2.049863984674329629e+02 8.291714559386972994e+00 3.171120689655172242e+01
2.050664750957854494e+02 8.330627394636016092e+00 3.182588601532567196e+01
2.050959051724137794e+02 8.267456896551724554e+00 3.183055555555555571e+01
2.050251197318007712e+02 8.315445402298850652e+00 3.174128352490421534e+01
2.050605603448275929e+02 8.325646551724137368e+00 3.173510536398467607e+01
2.049682471264367791e+02 8.310296934865901264e+00 3.170423850574712787e+01
2.050374760536398355e+02 8.310680076628353063e+00 3.170055076628352353e+01
2.049901101532566940e+02 8.302131226053639068e+00 3.160771072796934789e+01
2.047327586206896513e+02 8.278759578544061526e+00 3.156408045977011412e+01
2.043500478927203119e+02 8.171072796934865323e+00 3.132430555555555429e+01
2.041459291187739495e+02 8.084291187739463425e+00 3.115914750957854551e+01
2.038923132183907967e+02 8.042720306513409412e+00 3.095490900383141764e+01
2.038283524904214516e+02 8.023443486590037921e+00 3.096127873563218458e+01
2.038107040229885172e+02 7.996479885057471648e+00 3.089533045977011483e+01
2.037163553639846612e+02 8.034865900383142190e+00 3.086372126436781471e+01
2.037103448275861979e+02 8.041882183908045434e+00 3.081762452107279771e+01
2.037724137931034534e+02 8.022701149425287781e+00 3.089482758620689751e+01
2.037190613026819790e+02 8.070929118773946698e+00 3.083323754789272186e+01
2.036456657088122597e+02 8.021743295019156506e+00 3.081297892720306564e+01
2.036981800766283470e+02 8.030651340996168841e+00 3.083929597701149561e+01
2.035322796934866005e+02 8.029430076628353063e+00 3.077327586206896726e+01
2.034211446360153275e+02 7.978568007662834916e+00 3.075620210727969450e+01
2.034758860153256705e+02 8.001269157088122697e+00 3.065574712643678268e+01
2.034519157088122654e+02 7.967432950191571273e+00 3.070921934865900482e+01
2.034176963601532577e+02 8.013218390804597746e+00 3.066788793103448185e+01
2.034441570881226085e+02 8.021072796934866744e+00 3.073781130268199391e+01
2.034345306513409923e+02 7.997940613026820245e+00 3.085459770114942657e+01
2.034272749042145563e+02 7.996815134099616529e+00 3.079475574712643748e+01
2.034975814176245308e+02 8.042528735632183512e+00 3.086544540229884959e+01
2.035498323754789283e+02 8.018773946360152394e+00 3.089837164750957754e+01
2.035705220306513468e+02 8.026724137931035230e+00 3.093122605363984690e+01
2.035223419540229770e+02 8.031106321839081019e+00 3.090493295019157216e+01
2.034763409961685738e+02 8.022629310344827402e+00 3.080210727969348738e+01
2.035237308429118741e+02 8.005052681992337327e+00 3.081738505747126311e+01
2.035800766283524865e+02 8.078735632183908777e+00 3.081182950191571024e+01
2.035678879310344769e+02 8.085584291187739581e+00 3.083565613026819818e+01
2.035649904214559456e+02 8.061494252873563582e+00 3.082720306513409980e+01
2.033417624521072753e+02 8.036949233716475405e+00 3.062349137931034448e+01
2.029709530651340970e+02 7.985656130268199426e+00 3.036041666666666572e+01
2.026547653256704962e+02 7.887404214559387228e+00 3.019990421455938545e+01
2.024149664750957811e+02 7.842193486590038454e+00 3.012327586206896513e+01
2.022632183908046102e+02 7.821455938697318366e+00 3.005981800766283385e+01
2.021963601532567054e+02 7.782854406130268465e+00 3.004250478927203005e+01
2.020482758620689765e+02 7.761661877394636200e+00 2.996527777777777857e+01
2.020942768199233797e+02 7.770785440613027006e+00 2.981364942528735540e+01
2.021258620689655174e+02 7.699592911877394918e+00 2.986764846743295010e+01
2.021968630268199263e+02 7.772677203065134321e+00 2.996870210727969308e+01
2.021096743295019280e+02 7.794109195402298518e+00 2.992466475095785583e+01
2.020586925287356337e+02 7.749736590038314610e+00 2.986767241379310178e+01
2.020644636015325659e+02 7.679813218390804330e+00 2.988232758620689822e+01
2.020296695402298894e+02 7.760033524904214275e+00 2.988350095785440530e+01
2.019409722222222285e+02 7.717600574712643713e+00 2.976827107279693507e+01
2.019211925287356451e+02 7.707686781609194959e+00 2.972890325670498157e+01
2.018539750957854437e+02 7.718055555555555891e+00 2.983917624521072653e+01
2.018740900383141650e+02 7.804190613026819712e+00 2.978773946360153246e+01
2.019487787356321746e+02 7.815038314176245393e+00 2.981125478927203076e+01
2.020085488505747264e+02 7.782950191570881415e+00 2.993963122605363836e+01
2.019581896551724185e+02 7.828831417624520839e+00 2.991455938697318118e+01
2.019502155172413893e+02 7.809147509578544089e+00 2.994410919540229798e+01
2.019633620689655231e+02 7.872533524904214985e+00 2.964442049808429047e+01
2.019508620689655061e+02 7.880411877394635667e+00 2.965244252873563369e+01
2.019408764367816218e+02 7.877059386973179755e+00 2.974734195402298909e+01
2.020273227969348682e+02 7.847988505747126808e+00 2.983304597701149419e+01
2.020323994252873661e+02 7.805914750957854586e+00 2.992193486590038276e+01
2.021309626436781741e+02 7.831824712643678410e+00 3.000627394636015310e+01
2.021273946360153388e+02 7.814319923371647825e+00 2.994425287356321874e+01
2.021543582375478820e+02 7.752634099616858343e+00 3.008419540229884959e+01
2.021648227969348568e+02 7.740349616858237525e+00 3.000193965517241423e+01
2.021250000000000000e+02 7.815469348659004112e+00 2.988867337164750992e+01
2.021679837164751063e+02 7.826125478927203005e+00 2.989904214559387086e+01
2.021969588122605330e+02 7.817121647509578608e+00 2.986927681992337114e+01
2.020145833333333201e+02 7.851388888888888751e+00 2.966594827586206762e+01
2.016330459770115056e+02 7.684746168582375248e+00 2.944068486590038347e+01
2.012626915708812305e+02 7.616427203065134321e+00 2.912018678160919549e+01
2.008755268199233797e+02 7.480914750957854409e+00 2.920316091954023108e+01
2.006791187739463567e+02 7.542097701149425681e+00 2.904966475095785583e+01
2.006033045977011398e+02 7.498826628352490253e+00 2.893970306513410051e+01
2.004655890804597789e+02 7.494971264367816133e+00 2.886056034482758648e+01
2.003885775862069067e+02 7.527131226053639601e+00 2.882715517241379288e+01
2.003687021072796881e+02 7.542409003831417991e+00 2.881587643678160759e+01
2.004393917624521180e+02 7.492361111111111249e+00 2.888920019157088248e+01
2.004464559386973121e+02 7.525119731800765877e+00 2.893520114942528565e+01
2.004442049808429260e+02 7.549616858237548023e+00 2.896530172413793025e+01
2.003746886973180210e+02 7.583069923371647647e+00 2.894015804597701091e+01
2.003618295019157074e+02 7.541834291187739403e+00 2.877974137931034448e+01
2.001813218390804536e+02 7.529717432950191913e+00 2.886606800766283598e+01
2.002588601532567054e+02 7.537571839080460023e+00 2.883891283524904381e+01
2.001995689655172441e+02 7.498299808429118585e+00 2.884554597701149348e+01
2.001724616858237482e+02 7.549185823754789304e+00 2.877064176245210803e+01
2.002073515325670598e+02 7.581728927203065460e+00 2.880761494252873689e+01
2.002018438697317890e+02 7.504358237547892330e+00 2.886527777777777715e+01
2.002494971264367791e+02 7.504861111111111427e+00 2.885114942528735682e+01
2.002093151340996258e+02 7.581154214559386872e+00 2.878096264367816204e+01
2.003341714559387015e+02 7.579454022988505457e+00 2.889410919540229727e+01
2.003107040229885172e+02 7.542768199233716331e+00 2.878682950191570811e+01
2.003763409961685795e+02 7.608093869731800574e+00 2.879913793103448327e+01
2.003709291187739439e+02 7.569252873563218742e+00 2.884051724137930961e+01
2.004046216475095719e+02 7.556297892720306386e+00 2.885332854406130210e+01
2.003756704980843040e+02 7.567935823754789126e+00 2.896355363984674369e+01
2.003936781609195350e+02 7.538793103448275801e+00 2.895124521072796853e+01
2.002992337164751007e+02 7.577203065134099802e+00 2.886381704980842855e+01
2.004807231800766374e+02 7.605172413793103381e+00 2.889212164750957967e+01
2.005367576628352424e+02 7.622725095785440885e+00 2.895354406130268288e+01
2.005709291187739325e+02 7.602490421455939007e+00 2.902883141762452013e+01
2.005774664750957754e+02 7.633668582375478628e+00 2.903761973180076694e+01
2.006213122605363992e+02 7.591882183908046144e+00 2.911190134099616955e+01
2.008029932950191494e+02 7.576963601532566983e+00 2.922701149425287426e+01
2.007637212643678026e+02 7.594947318007663206e+00 2.916091954022988375e+01
2.005039511494252906e+02 7.562452107279693081e+00 2.900335249042145591e+01
2.000552921455938815e+02 7.491403256704980862e+00 2.882016283524904310e+01
1.996093390804597618e+02 7.365924329501916112e+00 2.855483716475095690e+01
1.994391283524904281e+02 7.329789272030651226e+00 2.840787835249042104e+01
1.992103687739463567e+02 7.323467432950191203e+00 2.827674808429118869e+01
1.991157088122605501e+02 7.323204022988505812e+00 2.821051245210728098e+01
1.990855842911877289e+02 7.274592911877394208e+00 2.834188218390804437e+01
1.990861350574712674e+02 7.307782567049808442e+00 2.817732279693486674e+01
1.990586446360153161e+02 7.295737547892720443e+00 2.825672892720306351e+01
1.990609913793103374e+02 7.321479885057470938e+00 2.837121647509578537e+01
1.989942049808429090e+02 7.305244252873563049e+00 2.833493773946360150e+01
1.990167863984674455e+02 7.331728927203065460e+00 2.817444923371647647e+01
1.990916427203065098e+02 7.323754789272030941e+00 2.814236111111111072e+01
1.990081657088122711e+02 7.302634099616858165e+00 2.815974616858237667e+01
1.989665469348659030e+02 7.323994252873562871e+00 2.813891283524904097e+01
1.988799568965517324e+02 7.288146551724137723e+00 2.800797413793103274e+01
1.989211446360153275e+02 7.322749042145593634e+00 2.809844348659003899e+01
1.989157567049808506e+02 7.356681034482758896e+00 2.791774425287356465e+01
1.990034003831417522e+02 7.344971264367815778e+00 2.809952107279693578e+01
1.990718630268199263e+02 7.339966475095785370e+00 2.821254789272030550e+01
1.991083812260536376e+02 7.331465517241379182e+00 2.825536398467432875e+01
1.991410680076628239e+02 7.356776819923371846e+00 2.823840996168582507e+01
1.991869731800766203e+02 7.361446360153256485e+00 2.825859674329501914e+01
1.992837643678161044e+02 7.400502873563218564e+00 2.830009578544061455e+01
1.993659482758620811e+02 7.436973180076628331e+00 2.835045498084291182e+01
1.994219109195402382e+02 7.451245210727969415e+00 2.850636973180076694e+01
1.994528017241379416e+02 7.518031609195402254e+00 2.842159961685823788e+01
1.994495929118774029e+02 7.522964559386973171e+00 2.847255747126436631e+01
1.994839798850574653e+02 7.544109195402298518e+00 2.850548371647509427e+01
1.995054837164750836e+02 7.504909003831417458e+00 2.853201628352490360e+01
1.995843630268199149e+02 7.519612068965517260e+00 2.854252873563218529e+01
1.995760775862069067e+02 7.572557471264367734e+00 2.857483237547892685e+01
1.996770593869731840e+02 7.576388888888889284e+00 2.849643199233716473e+01
1.997504070881226141e+02 7.583740421455938296e+00 2.850002394636015168e+01
1.997592432950191608e+02 7.527394636015325879e+00 2.847059386973180040e+01
1.999571360153256592e+02 7.579765325670497766e+00 2.852943007662835129e+01
1.998868773946360022e+02 7.546431992337164552e+00 2.849954501915708960e+01
1.997006704980842926e+02 7.502658045977011803e+00 2.837840038314176283e+01
1.993210009578544089e+02 7.459291187739463425e+00 2.808457854406130139e+01
1.990197796934865835e+02 7.324616858237547490e+00 2.788965517241379288e+01
1.987334291187739552e+02 7.297318007662835448e+00 2.779753352490421392e+01
1.985612068965517381e+02 7.317313218390804508e+00 2.765622605363984832e+01
1.985139367816092033e+02 7.279358237547892685e+00 2.764944923371647434e+01
1.984842193486589963e+02 7.256202107279693614e+00 2.770526819923371775e+01
1.985482519157088177e+02 7.276436781609195492e+00 2.763893678160919620e+01
1.984010057471264474e+02 7.251388888888889106e+00 2.765656130268199320e+01
1.984953783524904338e+02 7.313386015325670897e+00 2.770555555555555571e+01
1.985966714559386901e+02 7.310608237547892685e+00 2.782353927203065069e+01
1.985247126436781571e+02 7.275407088122605614e+00 2.777246168582375319e+01
1.985043103448275872e+02 7.319348659003831692e+00 2.780026340996168699e+01
1.983691570881225914e+02 7.260272988505747094e+00 2.779073275862068826e+01
1.983295019157088177e+02 7.240014367816091756e+00 2.773510536398467607e+01
1.984393917624521180e+02 7.242504789272030230e+00 2.782425766283524737e+01
1.983971264367816048e+02 7.247796934865900376e+00 2.776757662835249008e+01
1.984090517241379246e+02 7.283908045977011803e+00 2.777670019157088177e+01
1.984681273946360136e+02 7.326245210727969415e+00 2.772952586206896441e+01
1.984318726053639921e+02 7.330435823754789304e+00 2.771137452107279842e+01
1.985352011494252906e+02 7.377753831417624752e+00 2.771403256704980933e+01
1.985848180076628466e+02 7.397198275862068684e+00 2.797353927203065282e+01
1.986143917624521009e+02 7.405986590038314610e+00 2.800979406130268146e+01
1.986280890804597732e+02 7.401293103448275623e+00 2.795701628352490431e+01
1.986178879310344882e+02 7.395378352490421747e+00 2.797136015325670400e+01
1.986675047892720443e+02 7.321336206896551957e+00 2.802274904214559470e+01
1.986953065134099745e+02 7.342648467432950632e+00 2.814827586206896726e+01
1.987307231800766374e+02 7.409746168582375780e+00 2.796211685823754678e+01
1.987464080459770059e+02 7.396408045977011625e+00 2.806927681992337043e+01
1.987643678160919478e+02 7.392720306513409945e+00 2.810620210727969237e+01
1.988460727969348625e+02 7.379501915708812199e+00 2.800419061302682167e+01
1.988725095785440544e+02 7.383141762452106960e+00 2.810340038314176070e+01
1.989463840996168642e+02 7.430890804597701127e+00 2.804947318007662815e+01
1.990760057471264304e+02 7.452107279693486852e+00 2.826283524904214417e+01
1.991005268199233740e+02 7.437188697318007691e+00 2.831819923371647363e+01
1.990943965517241452e+02 7.471360153256704884e+00 2.825555555555555642e+01
1.989090277777777658e+02 7.388457854406130565e+00 2.812856800766283527e+01
1.985770354406130309e+02 7.249257662835248972e+00 2.800718390804597746e+01
1.983539511494252849e+02 7.230340038314175821e+00 2.776238026819923377e+01
1.982431513409961781e+02 7.197988505747126453e+00 2.761867816091953998e+01
1.981828065134099575e+02 7.200790229885057236e+00 2.760644157088122697e+01
1.981807471264367848e+02 7.208141762452107137e+00 2.753338122605363836e+01
1.980706896551724014e+02 7.202610153256705061e+00 2.736051245210727956e+01
1.981391044061302580e+02 7.247341954022988197e+00 2.760706417624520981e+01
1.981090038314176240e+02 7.258165708812260419e+00 2.763007662835249079e+01
1.981498802681992402e+02 7.278065134099616529e+00 2.770366379310344840e+01
1.981953065134099745e+02 7.274042145593869968e+00 2.773951149425287355e+01
1.981304118773946357e+02 7.257279693486590411e+00 2.762880747126436631e+01
1.980933668582375446e+02 7.255603448275862455e+00 2.770079022988505812e+01
1.979883860153256592e+02 7.222749042145593990e+00 2.761673850574712574e+01
1.979137452107279671e+02 7.233261494252873902e+00 2.752775383141762333e+01
1.979654214559386958e+02 7.274233716475095868e+00 2.756185344827586192e+01
1.979594109195402325e+02 7.260871647509578253e+00 2.744178639846743195e+01
1.980850095785440601e+02 7.271120689655172775e+00 2.759363026819923448e+01
1.981034482758620641e+02 7.289870689655172598e+00 2.747971743295019209e+01
1.982205220306513525e+02 7.252634099616858343e+00 2.760292145593869861e+01
1.981959291187739325e+02 7.307902298850574851e+00 2.761989942528735753e+01
1.982204022988505869e+02 7.275311302681992665e+00 2.760986590038314148e+01
1.983594588122605273e+02 7.327083333333333393e+00 2.771182950191570882e+01
1.983444444444444343e+02 7.331896551724137900e+00 2.766484674329501914e+01
1.983348419540229770e+02 7.377969348659004112e+00 2.768309386973180253e+01
1.984823994252873547e+02 7.377418582375478984e+00 2.774681513409961653e+01
1.985667145593869805e+02 7.345617816091953856e+00 2.776089559386973349e+01
1.985248323754789226e+02 7.366331417624521372e+00 2.766645114942528849e+01
1.985825670498084321e+02 7.327729885057471471e+00 2.778223180076628296e+01
1.986220067049808335e+02 7.326891762452107493e+00 2.783817049808429189e+01
1.987361829501915622e+02 7.357758620689654805e+00 2.780217911877394599e+01
1.987511494252873661e+02 7.356345785440613128e+00 2.799571360153256805e+01
1.987369013409961553e+02 7.361877394636015204e+00 2.808896072796934718e+01
1.987675047892720386e+02 7.384602490421455556e+00 2.803306992337164871e+01
1.988928879310344939e+02 7.409051724137930783e+00 2.804717432950191736e+01
1.986844348659003856e+02 7.374640804597700772e+00 2.795574712643677984e+01
1.983767959770114828e+02 7.295162835249041855e+00 2.774130747126436702e+01
1.980047653256704905e+02 7.247581417624521016e+00 2.761779214559387086e+01
1.977193007662835385e+02 7.199137931034482740e+00 2.749327107279693649e+01
1.975320641762451999e+02 7.190445402298850652e+00 2.730160440613026651e+01
1.975298371647509441e+02 7.182998084291187801e+00 2.721096743295019138e+01
1.975424090038314091e+02 7.183524904214559470e+00 2.732454501915708889e+01
1.975083572796934845e+02 7.209003831417624575e+00 2.731276340996168628e+01
1.974636015325670542e+02 7.243486590038314077e+00 2.724930555555555500e+01
1.975483716475095832e+02 7.263553639846743515e+00 2.730651340996168486e+01
1.976477250957854324e+02 7.261829501915708640e+00 2.728862547892720158e+01
1.976623563218390700e+02 7.270617816091953678e+00 2.734564176245210732e+01
1.975499042145593762e+02 7.270545977011494188e+00 2.732528735632184080e+01
1.974811542145593819e+02 7.214703065134099980e+00 2.727921455938697193e+01
1.973920019157088177e+02 7.237907088122605082e+00 2.722684386973180182e+01
1.973324473180076666e+02 7.237045019157088532e+00 2.713120210727969450e+01
1.973276819923371761e+02 7.255699233716475405e+00 2.715718390804597604e+01
1.974521791187739552e+02 7.204573754789271867e+00 2.730359195402298766e+01
1.976213601532567168e+02 7.221910919540230012e+00 2.739058908045976892e+01
1.976886254789272073e+02 7.247006704980843317e+00 2.745811781609195279e+01
1.977127155172413779e+02 7.251987547892720265e+00 2.744312739463601503e+01
1.977898227969348568e+02 7.245426245210728311e+00 2.744861111111111285e+01
1.978919540229885001e+02 7.267289272030651226e+00 2.746733716475095832e+01
1.979233716475095832e+02 7.257806513409962079e+00 2.742006704980843068e+01
1.979125957854406010e+02 7.298180076628352886e+00 2.751549329501915864e+01
1.979120450191570910e+02 7.301795977011494188e+00 2.746815134099616884e+01
1.980006704980843040e+02 7.239391762452107137e+00 2.743797892720306564e+01
1.981147988505747151e+02 7.280363984674329103e+00 2.772919061302681953e+01
1.980697318007662773e+02 7.251843869731800396e+00 2.767418582375479019e+01
1.981022270114942501e+02 7.266235632183907889e+00 2.764327107279693507e+01
1.981883381226053586e+02 7.291235632183908244e+00 2.761465517241379430e+01
1.982409003831417635e+02 7.329693486590038276e+00 2.769386973180076694e+01
1.982182950191570967e+02 7.292193486590038631e+00 2.769868295019157145e+01
1.982780172413793025e+02 7.335153256704980862e+00 2.765213122605364049e+01
1.984481321839080579e+02 7.296886973180076730e+00 2.781942049808429118e+01
1.984839319923371761e+02 7.349066091954022717e+00 2.772504789272030479e+01
1.984061063218390757e+02 7.272078544061302274e+00 2.772282088122605259e+01
1.979045977011494131e+02 7.238984674329501878e+00 2.756472701149425220e+01
1.974658524904214687e+02 7.182734674329501523e+00 2.739257662835249008e+01
1.971531848659003856e+02 7.111350574712643535e+00 2.715272988505747165e+01
1.969421455938697250e+02 7.044731800766283136e+00 2.703225574712643819e+01
1.968488026819923391e+02 7.057159961685823824e+00 2.702219827586207046e+01
1.968267959770114999e+02 7.049688697318007513e+00 2.693570402298850652e+01
1.967788074712643720e+02 7.092073754789272044e+00 2.678869731800766374e+01
1.967332854406130309e+02 7.097054597701148992e+00 2.682971743295018996e+01
1.968348419540229770e+02 7.127945402298850652e+00 2.689806034482758790e+01
1.968489463601532634e+02 7.152897509578544089e+00 2.686906130268199178e+01
1.968909961685823760e+02 7.108716475095785192e+00 2.692792145593869790e+01
1.968449952107279728e+02 7.167073754789272222e+00 2.691467911877394670e+01
1.968011015325670598e+02 7.147150383141762653e+00 2.690311302681992345e+01
1.967810584291187865e+02 7.144564176245210341e+00 2.681147030651341012e+01
1.966974137931034363e+02 7.087428160919539977e+00 2.687009099616858165e+01
1.967333812260536376e+02 7.122198275862069217e+00 2.698639846743294868e+01
1.967515086206896626e+02 7.187428160919540510e+00 2.681939655172413950e+01
1.968388409961685852e+02 7.126987547892720265e+00 2.701293103448275801e+01
1.969101772030651318e+02 7.199616858237547490e+00 2.699128352490421534e+01
1.969375718390804479e+02 7.158596743295019493e+00 2.710773467432950312e+01
1.970527777777777771e+02 7.201412835249041855e+00 2.717545498084291111e+01
1.970883381226053643e+02 7.189990421455938474e+00 2.700526819923371491e+01
1.971652777777777885e+02 7.207567049808429438e+00 2.715033524904214701e+01
1.971976053639846782e+02 7.213625478927203183e+00 2.715773467432950028e+01
1.973182231800766147e+02 7.221791187739463602e+00 2.717191091954023108e+01
1.972757183908045988e+02 7.223970306513409767e+00 2.711872605363984690e+01
1.973240900383141820e+02 7.288242337164750673e+00 2.710069444444444287e+01
1.973192768199233740e+02 7.240565134099616884e+00 2.706642720306513539e+01
1.974007183908045988e+02 7.294228927203064927e+00 2.715320881226053729e+01
1.973881226053639750e+02 7.256872605363984263e+00 2.712691570881225900e+01
1.974124521072797052e+02 7.257495210727969770e+00 2.716063218390804579e+01
