1.825164207332689728e+02 7.735475482180500073e+00 2.096018440079591727e+01
1.818630784688429571e+02 7.719340412537677665e+00 2.078587048602218346e+01
1.817325597430997561e+02 7.740065801138714008e+00 2.074804468173131866e+01
1.817354951831202357e+02 7.776689848105754699e+00 2.080261628479678393e+01
1.819836285190803551e+02 7.842234874603518868e+00 2.121753777655194284e+01
1.817960755728048241e+02 7.748635709923362924e+00 2.124683307393762632e+01
1.810156425461494507e+02 7.564648633739829542e+00 2.088681810122342952e+01
1.798084280620185496e+02 7.288027738923146259e+00 2.042108788589215607e+01
1.789868594731968585e+02 7.165980417265903846e+00 2.000742725428002800e+01
1.786299769499005095e+02 7.065367718040150180e+00 1.967942630863492326e+01
1.784005595066884666e+02 7.053389546681376743e+00 1.957849839437341188e+01
1.783645855907326734e+02 7.038929056916014559e+00 1.949839437341161030e+01
1.784823184065880071e+02 7.026084044208908530e+00 1.960560688744853053e+01
1.786993636596465649e+02 7.062274670501783369e+00 1.961392068401662669e+01
1.789508461553616030e+02 7.147343328276758889e+00 1.976161862920861267e+01
1.790855414803286010e+02 7.178845130912744565e+00 1.993224846825193453e+01
1.791941921629661749e+02 7.124628144762505499e+00 1.997935341515790242e+01
1.791378868772040391e+02 7.174589727930022143e+00 1.988323253019169101e+01
1.791202348352016429e+02 7.169979708032073518e+00 1.979219448767706169e+01
1.789348686932366661e+02 7.170708642802261501e+00 1.971500620579601559e+01
1.788994464035934584e+02 7.164680155243405402e+00 1.974156307255855936e+01
1.790630627080911665e+02 7.192970704702614348e+00 1.981538249374495209e+01
1.792363127721192200e+02 7.224551311097539674e+00 1.991449792155085774e+01
1.793526665221931182e+02 7.281191512835162527e+00 1.991885182923225273e+01
1.794415374613369067e+02 7.242420063437026378e+00 1.999420792371796196e+01
1.796670344175417142e+02 7.347485175042849370e+00 2.008495045213656738e+01
1.798341574893122470e+02 7.388857148485982407e+00 2.020380622155676775e+01
1.800107567130952191e+02 7.359995271774463887e+00 2.026127386276325382e+01
1.801356803719537538e+02 7.414566874839930044e+00 2.022029590811481725e+01
1.802423806615575472e+02 7.454283969345337546e+00 2.030333536909710546e+01
1.803790460804980285e+02 7.461396008589609607e+00 2.039031501802636015e+01
1.805142142280186874e+02 7.536968813412399548e+00 2.039070903682105751e+01
1.803517011761460935e+02 7.486672314269390505e+00 2.026219980693079137e+01
1.795334226442601278e+02 7.392580626095864638e+00 1.991501014598396324e+01
1.784424240036249785e+02 7.187237731239780381e+00 1.959510628656986952e+01
1.776812978979097295e+02 7.081916507417403750e+00 1.920427904411040387e+01
1.772825311767371375e+02 7.011071928130971465e+00 1.900793947871313350e+01
1.771033117279694125e+02 6.962331803227013616e+00 1.896759195413621057e+01
1.772037471187375672e+02 6.980377864024114309e+00 1.904472113319805260e+01
1.773613546366161700e+02 7.019425126578537899e+00 1.916944778265923333e+01
1.775998542130459725e+02 7.047932386374830216e+00 1.926430780748241745e+01
1.779751768159341339e+02 7.077759609133355667e+00 1.941198605173466873e+01
1.782054808014342200e+02 7.058137473157469977e+00 1.938144959514568910e+01
1.782299493685848688e+02 7.077286786579719546e+00 1.940002758131562999e+01
1.781970487992277299e+02 7.050592013239031175e+00 1.942463405504442520e+01
1.781071731121574544e+02 7.053428948560846123e+00 1.942550089639275868e+01
1.780672787091944258e+02 7.055064126558836968e+00 1.936235938454264272e+01
1.781183238440473531e+02 7.071120392442719726e+00 1.941139502354262447e+01
1.781518351425362994e+02 7.104730195630331480e+00 1.946259776591343282e+01
1.781905080872357701e+02 7.094387202269547998e+00 1.938209972615693744e+01
1.783586162059930302e+02 7.121338087826789121e+00 1.953003408262573970e+01
1.786082271124332692e+02 7.227821667093520475e+00 1.966827557674501037e+01
1.787754880907819199e+02 7.256328926889812792e+00 1.975436868338619689e+01
1.789739159557910853e+02 7.310132193305620696e+00 1.988291731515593241e+01
1.792439961386158132e+02 7.364388581335330031e+00 2.004824760141058704e+01
1.794492405287732311e+02 7.420930278374278544e+00 2.018615417955436442e+01
1.795666975314722436e+02 7.446521799089816263e+00 2.015536161074883381e+01
1.797430012411591917e+02 7.416339959416063721e+00 2.017181189542741038e+01
1.799902086329518056e+02 7.442699816781260580e+00 2.039855001083551755e+01
1.799688134123997827e+02 7.459977540928702133e+00 2.036777714296971808e+01
1.793365905553694972e+02 7.337102779802596508e+00 2.005037530290194780e+01
1.782687996217419482e+02 7.137276148072262849e+00 1.946907937508619213e+01
1.773585965050532991e+02 6.981638724167142485e+00 1.907482416911286549e+01
1.767842747099036558e+02 6.847416221753777954e+00 1.891916704426801132e+01
1.765747749167635163e+02 6.791544356665813353e+00 1.877777339979116888e+01
1.764291455702436906e+02 6.781693886798400683e+00 1.878096495202821004e+01
1.765077523197856522e+02 6.782442522508323357e+00 1.873354479008648710e+01
1.767033826513524559e+02 6.818298232825705796e+00 1.892068401662759314e+01
1.769812447053724327e+02 6.932524281408222855e+00 1.908790559309679224e+01
1.774046770030930418e+02 6.969502945290490636e+00 1.923227407947359069e+01
1.775473315077129257e+02 7.003487066333064170e+00 1.920969680253748280e+01
1.776594495557438051e+02 6.982544967394944457e+00 1.923542622983116246e+01
1.775388601036269449e+02 6.999704485903977869e+00 1.924708918615418085e+01
1.774607458775783471e+02 7.022616678815579938e+00 1.917167398884926754e+01
1.775011328040347394e+02 7.020804192359975993e+00 1.921454323371224859e+01
1.775052305994995834e+02 7.080852656671723366e+00 1.922526054492799474e+01
1.776527906381134301e+02 7.140073681514608417e+00 1.939910163714809244e+01
1.778676096849819714e+02 7.212336728461947288e+00 1.942585551330798310e+01
1.780728934770188516e+02 7.262652928544691910e+00 1.941249827616777424e+01
1.782911798892807269e+02 7.320869205461100648e+00 1.938980279359325465e+01
1.784746744419708762e+02 7.338343939005890881e+00 1.953779625288126098e+01
1.786450678697373746e+02 7.368781890896196174e+00 1.959083118264741330e+01
1.788540160365649569e+02 7.363836955022754260e+00 1.968054926219980771e+01
1.790842215173663874e+02 7.473472684647057385e+00 1.984057999566579156e+01
1.793082606040308065e+02 7.466478851041194353e+00 1.990628262968143503e+01
1.794965227841368005e+02 7.524360211982111579e+00 2.006186095076735043e+01
1.796565535176027879e+02 7.561870801237218664e+00 2.011450186173880539e+01
1.793472487637660322e+02 7.532595204791268984e+00 1.996272582202171009e+01
1.782482909434779970e+02 7.369983648220020278e+00 1.953397427057270619e+01
1.771231899761618536e+02 7.222206899269095537e+00 1.901028389054157941e+01
1.764601351484465681e+02 7.009239740735632829e+00 1.869187730254733282e+01
1.760151303217163559e+02 6.872180303000453350e+00 1.851908036013317727e+01
1.758287397308851610e+02 6.816800961405858672e+00 1.849691680293150142e+01
1.758732638546858595e+02 6.832660217892393639e+00 1.849051399751768088e+01
1.760624519789593876e+02 6.864398431805197376e+00 1.853801296321834613e+01
1.763428751551448954e+02 6.963415354912429578e+00 1.869634941586713595e+01
1.768087629779940642e+02 7.035441990582950389e+00 1.895683524104099860e+01
1.770360527197147178e+02 7.135719773833211654e+00 1.902915739080754065e+01
1.771848145156523913e+02 7.171949802005555874e+00 1.910532122382237574e+01
1.771461612718926801e+02 7.181504757776945524e+00 1.905697511771311525e+01
1.769986012332788334e+02 7.182351898185543426e+00 1.899672964400402009e+01
1.769113654721330136e+02 7.169723595815520767e+00 1.894077897515711584e+01
1.769517918004688966e+02 7.165152977797040634e+00 1.902064658484209758e+01
1.771115270198388600e+02 7.202545361413739577e+00 1.909377647313776905e+01
1.774086565929194705e+02 7.235288323253018739e+00 1.923093441557162109e+01
1.775752083374376866e+02 7.329695226462302315e+00 1.935589747630962165e+01
1.777296243030792482e+02 7.368407573041234393e+00 1.928026556866762675e+01
1.780381607202663474e+02 7.448097874268603036e+00 1.939858941271498693e+01
1.783312318997616046e+02 7.495695344667940851e+00 1.954116511357591790e+01
1.787205618708012480e+02 7.526468212533737656e+00 1.969201520912547565e+01
1.788709194428574278e+02 7.552315845465829014e+00 1.977799011012825403e+01
1.789883567446167092e+02 7.599420792371796018e+00 1.971006126992257634e+01
1.791380444847219167e+02 7.647668393782383056e+00 1.985949289781122573e+01
1.792224827124253750e+02 7.672156661872771011e+00 1.988246419354203098e+01
1.789359325439823465e+02 7.641935420319549088e+00 1.976232786303906863e+01
1.779813826119505791e+02 7.554463247896924472e+00 1.947333477806891366e+01
1.768453673240213675e+02 7.323174215410075405e+00 1.896258791544356725e+01
1.760344963454756737e+02 7.160858172934848831e+00 1.862128883547745062e+01
1.755908902854666280e+02 7.056738706436297193e+00 1.832002206505250186e+01
1.754237278118166330e+02 7.027719222206899374e+00 1.829590811481707746e+01
1.755924269587659410e+02 6.996434129907996180e+00 1.831294942768770184e+01
1.755991449792155095e+02 7.004885833054236954e+00 1.838739927894560466e+01
1.758021434622431514e+02 7.031009279142614865e+00 1.836559033865915325e+01
1.761263027246399702e+02 7.133375362004767517e+00 1.841259678086644769e+01
1.764888591185799669e+02 7.164049725171890870e+00 1.858505880730510995e+01
1.765806260958647727e+02 7.158277349829586633e+00 1.867073819421186442e+01
1.766319864457534550e+02 7.169526586418172087e+00 1.865856301345574053e+01
1.764485706968222303e+02 7.157174097204436869e+00 1.854191374928583969e+01
1.764762111152701891e+02 7.158947181780570546e+00 1.862765223901180178e+01
1.764997143363738417e+02 7.186981619023227630e+00 1.866378376248546900e+01
1.766225496956204779e+02 7.215626785397663667e+00 1.870216119308890868e+01
1.767983608818140624e+02 7.215370673181110917e+00 1.879174136606316026e+01
1.769163301089461982e+02 7.328966291692113444e+00 1.881908627041509874e+01
1.770442483106444058e+02 7.422112334758367957e+00 1.899278945605705360e+01
1.773120825863393577e+02 7.444610807935538865e+00 1.905549754723300282e+01
1.776397880178884634e+02 7.587147106916999562e+00 1.913501054000275658e+01
1.778175889989952623e+02 7.578202880277388864e+00 1.936342323528832310e+01
1.780609744084792965e+02 7.642250635355306798e+00 1.942091057743454385e+01
1.783100139876672188e+02 7.738115408104966342e+00 1.943641521700585173e+01
1.786406942611162663e+02 7.781122559546090223e+00 1.963482338107527880e+01
1.787681199393211102e+02 7.903012273685455114e+00 1.965541086309816876e+01
1.786549774424240127e+02 7.921058334482554919e+00 1.957079532693709467e+01
1.777892393467168404e+02 7.808093146043066035e+00 1.920469276384483592e+01
1.767575208337437687e+02 7.568805532023877625e+00 1.879166256230422150e+01
1.759907011564451693e+02 7.496325774739455383e+00 1.850184203786520598e+01
1.754860812860773365e+02 7.365452432081010414e+00 1.832660217892393462e+01
1.753451210622746714e+02 7.311018735593687978e+00 1.823073740617427418e+01
1.754263480368013575e+02 7.286589570322504095e+00 1.837354951831202499e+01
1.756852380858566960e+02 7.333832423806615708e+00 1.849526192399377322e+01
1.759874110995094441e+02 7.373982938986189950e+00 1.859603223073740708e+01
1.763278433381272237e+02 7.457475521582379585e+00 1.869175909690892112e+01
1.767257235170117724e+02 7.490159380602454675e+00 1.887594318248980585e+01
1.768585078508244806e+02 7.556512145629346477e+00 1.892529403652554265e+01
1.768414862388935944e+02 7.479166256230421972e+00 1.892229949368584840e+01
1.768130971847357102e+02 7.493843456332866637e+00 1.890405642349140081e+01
1.767523591875332443e+02 7.504107645934711357e+00 1.884302291219291092e+01
1.768341574893122470e+02 7.466734963257747104e+00 1.885182923225437790e+01
1.768684962272700432e+02 7.537421935026300979e+00 1.884757382927165636e+01
1.771375322602888218e+02 7.539313225240843686e+00 1.891534506195945653e+01
1.773891920644614686e+02 7.616836423097382180e+00 1.903158060639492533e+01
1.776069662522902206e+02 7.630114856478654062e+00 1.906221556768257841e+01
1.778722985086388633e+02 7.705530053783565592e+00 1.919752162178135890e+01
1.780993715400224460e+02 7.747965877972379012e+00 1.937839594948679078e+01
1.783881085127760571e+02 7.783801887350026760e+00 1.946117929825252801e+01
1.785980023247108761e+02 7.791918674520774246e+00 1.966210918260800966e+01
1.788130577828562480e+02 7.811974231170826677e+00 1.971798104769597515e+01
1.791434622431490027e+02 7.921215942000433330e+00 1.989942670265371660e+01
1.791674776886857501e+02 7.965385448885911934e+00 1.984406706199885662e+01
1.788415453417127878e+02 7.902007525758978801e+00 1.976847455623633110e+01
1.781019720640674677e+02 7.800567387064362812e+00 1.931850509269292004e+01
1.770195236312772238e+02 7.670501782935046364e+00 1.885669536436888194e+01
1.763882661202939346e+02 7.562264820031915136e+00 1.868427273980968906e+01
1.760007880375893876e+02 7.465139187139226529e+00 1.848001339663901987e+01
1.758498197364014288e+02 7.426032821765597980e+00 1.843284934691384791e+01
1.758786422112334833e+02 7.441261648180618415e+00 1.842782560728146635e+01
1.760068362260879837e+02 7.444866920152091616e+00 1.847676274158277465e+01
1.762861561496483489e+02 7.522193108611280543e+00 1.863671467128981973e+01
1.764702614314702771e+02 7.594988080931460495e+00 1.879294312338698703e+01
1.766824405524143629e+02 7.599834512106227180e+00 1.889022636379755227e+01
1.767210149924151494e+02 7.584625386630942323e+00 1.891443881873165367e+01
1.768278728895368204e+02 7.606454027857128430e+00 1.906846076557851788e+01
1.767604759747039793e+02 7.609133355661064968e+00 1.898467266888630434e+01
1.766762741582773515e+02 7.594791071534111815e+00 1.888675899840422545e+01
1.766894146850804646e+02 7.565771587304713997e+00 1.887736165015071066e+01
1.768890640083531878e+02 7.649224768021434251e+00 1.898488937922338948e+01
1.771189148722394009e+02 7.686794460095746295e+00 1.905417758427077146e+01
1.773282570578616628e+02 7.732126322425579623e+00 1.913790657814377738e+01
1.776116156740676502e+02 7.777753698851435082e+00 1.926168758249768587e+01
1.778750172383222719e+02 7.809078193029807657e+00 1.933278827400067001e+01
1.782048700723024410e+02 7.878425500896392819e+00 1.952199609921393275e+01
1.784854902578852887e+02 7.903701806576173716e+00 1.978839220630824158e+01
1.787663665556846979e+02 7.970015169723596138e+00 1.990013593648416901e+01
1.789735416379361368e+02 8.019602435036151888e+00 1.987052542406272693e+01
1.791468902066628459e+02 8.092495912055005292e+00 1.983516223723871619e+01
1.791153687030871424e+02 8.077464095037333536e+00 1.981528398904627863e+01
1.787250142831813093e+02 7.973935656730826160e+00 1.962052049882779414e+01
1.777440847928446317e+02 7.801631237810043196e+00 1.924155322208869379e+01
1.769025591520715466e+02 7.668906006816524901e+00 1.890456864792450631e+01
1.764535944364546083e+02 7.589984042238814510e+00 1.877974349376465213e+01
1.762404893713430170e+02 7.565003250655056632e+00 1.867664847613231061e+01
1.762703953978604829e+02 7.583975255619693101e+00 1.865286944187237594e+01
1.763975649638487653e+02 7.635493213026260939e+00 1.870722433460075962e+01
1.768647727496601476e+02 7.633503418113043892e+00 1.880618215488878775e+01
1.773656100395988915e+02 7.698437715479028220e+00 1.901016568490317127e+01
1.776652613329655708e+02 7.737898697767883860e+00 1.917246202643866226e+01
1.777311412754388300e+02 7.717547627021809298e+00 1.919653657479461728e+01
1.777544868890246050e+02 7.753363935459721468e+00 1.919344352725624958e+01
1.776900254142122719e+02 7.728343741996493321e+00 1.913932504580468574e+01
1.775355700466912197e+02 7.790953328473768202e+00 1.918654819834906178e+01
1.776161862920861267e+02 7.767134892334364160e+00 1.914998325420122427e+01
1.777129573080636078e+02 7.827616777320278274e+00 1.921544947694005145e+01
1.778834098386492997e+02 7.845840146574992069e+00 1.933040446029275472e+01
1.780721054394294640e+02 7.880533501448018896e+00 1.946508008432002157e+01
1.783491991567997843e+02 7.900096534604700516e+00 1.952302054808014375e+01
1.785731988415847411e+02 7.972517189069918686e+00 1.968844933903347183e+01
1.787854764672274825e+02 8.039559486987529979e+00 1.977229653854488944e+01
1.790395200851080517e+02 8.051458854587364655e+00 1.990531728363442809e+01
1.792290825272365566e+02 8.008057684351543415e+00 1.998975551133788997e+01
1.794277862054019863e+02 8.101440138694615101e+00 1.999257274571997200e+01
1.795932543982347909e+02 8.129750389093560514e+00 2.007175082251423248e+01
1.798207805512323034e+02 8.162985874426210486e+00 2.021410981303808185e+01
1.797966074981776501e+02 8.143521345968203207e+00 2.018359305738883691e+01
1.791032526251502190e+02 7.946945369294115658e+00 1.983242380661557647e+01
1.780359345140763310e+02 7.729998620934218856e+00 1.918237159912527900e+01
1.772409621938966495e+02 7.544868890246064552e+00 1.888427667999763671e+01
1.769002541421225772e+02 7.446206584054059441e+00 1.873736677239504189e+01
1.766689651096357352e+02 7.396954234716996091e+00 1.866199097696960152e+01
1.765995389980102175e+02 7.395437262357414276e+00 1.877471975413227057e+01
1.767585255816702556e+02 7.490435193758742116e+00 1.885791682263243985e+01
1.769502354262298240e+02 7.513544396067692865e+00 1.889117200890482451e+01
1.772480742331409260e+02 7.516972359581552077e+00 1.905232569593569636e+01
1.775494986110837488e+02 7.591047892984495782e+00 1.921950787052542253e+01
1.777721783329064920e+02 7.627868949348884264e+00 1.935313934474674369e+01
1.779511219685178958e+02 7.608975748143186557e+00 1.943316456194960651e+01
1.779207234185070661e+02 7.567682578458992282e+00 1.931972655095648150e+01
1.778881774660651445e+02 7.549203096987726624e+00 1.936509781516578244e+01
1.779267322051261715e+02 7.559073267794873985e+00 1.931350105400027672e+01
1.780407415433716096e+02 7.642723457908942031e+00 1.935229220433814845e+01
1.782851119998423997e+02 7.661636360054374428e+00 1.939478713134616683e+01
1.785240843988258348e+02 7.705352745325952490e+00 1.948710573494355813e+01
1.791440926732205128e+02 7.748241691128666453e+00 1.974166157725723636e+01
1.792597371894639480e+02 7.784491420240745363e+00 1.973655903386591604e+01
1.794639177288756571e+02 7.820071317401840361e+00 1.985082448432790159e+01
1.795971945861817574e+02 7.859059477137059879e+00 1.993985303098957829e+01
1.798084083610788184e+02 7.837526350006895015e+00 1.999475955003053684e+01
1.800317579148525340e+02 7.896215449476939874e+00 2.018597687109675221e+01
1.802034713055812745e+02 7.881459445615555559e+00 2.026474122815658419e+01
1.803450422585157185e+02 7.957091353257550459e+00 2.036570854429756139e+01
1.805646092318603735e+02 7.968675505821627425e+00 2.042390512027423810e+01
1.805205776315530386e+02 8.023128903248684551e+00 2.038341968911917235e+01
1.799578596899071954e+02 7.892097953072361172e+00 2.013993577493646470e+01
1.787446955219764106e+02 7.672452175968794030e+00 1.966758604385429265e+01
1.778947772808762977e+02 7.465907523788884781e+00 1.936458559073267693e+01
1.774374002639926005e+02 7.377864024113950592e+00 1.904216001103252509e+01
1.772590870584526783e+02 7.299848302764042174e+00 1.904883862960263130e+01
1.772399771469098937e+02 7.273862763253807096e+00 1.902480348312614566e+01
1.773430918654819948e+02 7.297070470261431296e+00 1.914340314032979506e+01
1.776697334462853917e+02 7.349061250221635255e+00 1.922421639512204905e+01
1.779148722394058098e+02 7.371343013061722793e+00 1.920790401702161176e+01
1.782097953072361634e+02 7.442246695167359150e+00 1.922455131109753879e+01
1.785422289643215947e+02 7.453003408262573792e+00 1.944234519986603260e+01
1.786860655253255459e+02 7.480171004156898285e+00 1.949136113792627967e+01
1.787172324119860605e+02 7.522429519888098604e+00 1.959920408203471354e+01
1.786643353887980368e+02 7.510825666384286947e+00 1.963578872712228218e+01
1.787964301897200414e+02 7.497094111389113635e+00 1.973094426604149021e+01
1.789327409917453053e+02 7.470399338048425264e+00 1.973498295868713015e+01
1.791712799700545702e+02 7.511928919009436711e+00 1.974826139206840026e+01
1.793183474851750532e+02 7.645008766918182097e+00 1.979806536771803849e+01
1.795176618924722618e+02 7.651667684548552728e+00 1.979518903051675593e+01
1.797575011328040375e+02 7.688547843732146170e+00 1.989710199176500893e+01
1.800115447506846067e+02 7.720522468921767967e+00 2.004105675840737533e+01
1.801807955239465002e+02 7.764002442916527080e+00 2.010628656986938267e+01
1.804018597687109775e+02 7.844658090190901767e+00 2.024679367205815694e+01
1.806066313363147344e+02 7.874426210130223147e+00 2.034413601528792981e+01
1.807192616087787371e+02 7.874564116708366868e+00 2.039866821647392570e+01
1.809348489922969350e+02 7.913867491479343208e+00 2.048860300636340526e+01
1.812015603144269846e+02 7.902401544553675272e+00 2.063833014834807500e+01
1.814031797316731911e+02 7.950432435627179828e+00 2.071035678401859670e+01
1.816508796469591687e+02 8.016686695955396402e+00 2.077406962312102223e+01
1.816992848558876119e+02 8.043795189030516823e+00 2.070854429756299453e+01
1.812576488898520495e+02 7.935203609212159392e+00 2.056023562323922960e+01
1.801598731259481099e+02 7.758840796706002685e+00 2.006004846431174826e+01
1.793716779290372187e+02 7.553458499970448159e+00 1.966248350046297233e+01
1.790776414034949369e+02 7.372662976023955927e+00 1.953811146791701958e+01
1.789644595047183770e+02 7.320475186666404177e+00 1.953007348450521263e+01
1.789341594594062030e+02 7.299493685848815083e+00 1.960826651431273149e+01
1.790133769380799436e+02 7.287850430465533158e+00 1.960554778462932646e+01
1.792490395791879223e+02 7.374199649323272432e+00 1.974256782048503567e+01
1.793444512303236991e+02 7.441616265095845506e+00 1.979875490060875975e+01
1.797820682046533705e+02 7.505467010776413872e+00 2.007267676668177003e+01
1.800353040840048209e+02 7.545322011859965983e+00 2.019170984455958617e+01
1.801259875096042151e+02 7.607340570145195713e+00 2.021801059910557896e+01
1.802115683918122784e+02 7.622608798439685529e+00 2.017362438188301610e+01
1.803067633326109558e+02 7.639906223526862661e+00 2.018174116905376536e+01
1.803776079118973996e+02 7.651135759175712536e+00 2.022331015189424619e+01
1.806610650328020711e+02 7.732717350617624774e+00 2.033064087156957456e+01
1.807504678973187140e+02 7.731732303630883152e+00 2.040227348844539890e+01
1.810379046080498142e+02 7.771705510352843405e+00 2.051315037727299639e+01
1.814162414547173796e+02 7.800133966390196960e+00 2.071356803719537254e+01
1.816381331389507352e+02 7.867038357729663645e+00 2.081232884808605377e+01
1.821899367599834534e+02 7.859157981835733331e+00 2.099982269154238779e+01
1.823023503221103567e+02 7.929825252664552515e+00 2.104919324651785928e+01
1.824228412695285613e+02 7.965385448885911934e+00 2.107590772079828056e+01
1.826419157193798242e+02 8.034929766149845776e+00 2.109308694024705133e+01
1.828211351681475207e+02 8.081975610236607821e+00 2.123706140782915242e+01
1.829159163892117590e+02 8.154494769400500331e+00 2.131958864437833512e+01
1.829774818258831033e+02 8.172265017041313584e+00 2.142971689749601083e+01
1.831567603774699933e+02 8.195413621229732826e+00 2.150550641265588325e+01
1.833352114895880618e+02 8.218562225418152067e+00 2.155471936011347722e+01
1.835031620008274444e+02 8.265371658228097829e+00 2.159782501625327455e+01
1.836122264031994291e+02 8.292460450363481783e+00 2.168878425500896512e+01
1.839550227545854000e+02 8.351169250773262220e+00 2.172077858113831894e+01
1.840866447329537721e+02 8.382296735554286116e+00 2.188029709017120084e+01
1.838380385744399916e+02 8.366949703500857538e+00 2.170602257727693640e+01
1.829156011741760040e+02 8.143028822474832396e+00 2.131941133592072291e+01
1.820695837191433952e+02 7.958194605882700223e+00 2.093073149589235271e+01
1.814271163734510139e+02 7.828306310210996877e+00 2.077598061427530141e+01
1.812052640910971490e+02 7.763293209086073787e+00 2.071378474753245769e+01
1.811797513741405510e+02 7.756555487696763507e+00 2.065560787249551922e+01
1.813325518627238466e+02 7.765972536890009437e+00 2.080358163084379086e+01
1.815642940168245900e+02 7.835694162611556379e+00 2.085712878504304513e+01
1.818932209066372536e+02 7.900273843062314505e+00 2.109042731338284682e+01
1.821244311353651710e+02 7.897771823715991069e+00 2.112677554719360273e+01
1.823236470379637240e+02 7.966725112787879759e+00 2.119917650071908355e+01
1.823697472369431978e+02 7.952461632419866255e+00 2.109204279044110564e+01
1.824382474044011815e+02 7.946708958017297597e+00 2.114005398057487284e+01
1.824171082960657202e+02 7.932760692685040915e+00 2.124082428731850669e+01
1.824897653618077698e+02 7.917216651234263658e+00 2.129421383399988343e+01
1.826310210997064587e+02 7.983983135995586622e+00 2.135902992572745873e+01
1.828774601548493877e+02 7.995114166945763046e+00 2.150714159065387321e+01
1.830308713725644623e+02 8.098898717468824060e+00 2.161443290844973220e+01
1.831963986682164602e+02 8.118737563781792232e+00 2.170714553084182086e+01
1.835019799444433488e+02 8.146003664374790176e+00 2.187413069603420013e+01
1.838411513229181082e+02 8.225043834590909597e+00 2.193985303098957829e+01
1.841184814515652306e+02 8.297484189995863346e+00 2.210360724206544702e+01
1.843209283082803154e+02 8.337122480742332087e+00 2.214913611379262903e+01
1.844206741661577382e+02 8.366732993163774168e+00 2.224046967040327871e+01
1.845741838885714969e+02 8.423412596780867290e+00 2.222181288047439907e+01
1.846486731417088549e+02 8.428928859906617888e+00 2.211477767489509105e+01
1.847670560885754298e+02 8.498079158375855258e+00 2.220433814692960794e+01
1.849747630961996947e+02 8.534604700644221609e+00 2.230079394787131264e+01
1.850769715715439645e+02 8.529955278866802715e+00 2.240059890856793956e+01
1.851500423570204248e+02 8.609803187612049769e+00 2.250318170176717558e+01
1.852843830650722055e+02 8.639728915069248671e+00 2.254555842313678227e+01
1.854172265017041354e+02 8.704407100218681137e+00 2.258042908646742575e+01
1.855196319864457450e+02 8.751709056521995933e+00 2.265292854469158002e+01
1.851499438523217691e+02 8.616068086447723928e+00 2.254451427333083657e+01
1.841403297937311550e+02 8.452510884769203869e+00 2.197535412439173186e+01
1.834760338068125805e+02 8.302547331507712514e+00 2.170919442857424286e+01
1.831017750546700995e+02 8.116944778265922977e+00 2.158035028270848343e+01
1.829799641442896814e+02 8.058551192891901138e+00 2.151841052818219424e+01
1.830071711420634699e+02 8.099174530625111501e+00 2.149675919541362035e+01
1.831011840264780517e+02 8.106641186784608877e+00 2.155897476309619876e+01
1.832915936090151376e+02 8.124175023148604069e+00 2.164295986918575920e+01
1.835942788471010090e+02 8.231170826848440925e+00 2.189952520735239005e+01
1.838148505683721226e+02 8.271932071159794120e+00 2.197251718906991869e+01
1.839711578242282144e+02 8.302507929628243133e+00 2.200973226422900453e+01
1.840825272365491969e+02 8.298942059536239313e+00 2.203207312988829614e+01
1.840875115743020842e+02 8.307846884296381518e+00 2.206731811107389873e+01
1.840743907484387023e+02 8.321479934592879601e+00 2.213069603420083098e+01
1.841289229496246946e+02 8.304812939577217890e+00 2.212673614531412980e+01
1.840869993498689894e+02 8.351011643255382921e+00 2.216332079040170200e+01
1.842612541618235298e+02 8.330266553714611888e+00 2.216430583738844362e+01
1.844084595835221307e+02 8.398904627750743757e+00 2.217736756043263213e+01
1.846500719084300215e+02 8.487066333064086976e+00 2.220418053941173042e+01
1.847497980653677132e+02 8.493823755393131947e+00 2.228794893516420572e+01
1.849530723615516479e+02 8.494572391103055509e+00 2.238799030713764893e+01
1.851205106483579357e+02 8.496345475679190073e+00 2.251535688252329592e+01
1.852607419373904065e+02 8.566362615496759148e+00 2.261648180618215420e+01
1.855623633247305975e+02 8.575326543076105423e+00 2.262574124785752261e+01
1.856881144230579821e+02 8.581630843791248964e+00 2.271177525167950506e+01
1.857526350006895370e+02 8.628932800094563760e+00 2.284079670600287670e+01
1.858837841565042766e+02 8.674461671821745767e+00 2.280736421127287628e+01
1.860397958982643445e+02 8.690813451801650658e+00 2.289924939419610439e+01
1.860478141807364239e+02 8.696723733722098615e+00 2.287641600504344197e+01
1.861736440828227614e+02 8.725270395397860312e+00 2.300356587009200382e+01
1.862543982347957865e+02 8.776729249985224968e+00 2.309261411769341521e+01
1.863845032408045768e+02 8.859177682775468909e+00 2.314218168206623361e+01
1.862813294194133107e+02 8.828188104572587847e+00 2.299795110226757799e+01
1.857309245651017591e+02 8.705431549084892140e+00 2.271096751315037565e+01
1.847811816623652987e+02 8.529088437518469235e+00 2.232159814023128774e+01
1.842000236411276717e+02 8.352804428771252176e+00 2.204783388167615499e+01
1.839578793908469549e+02 8.200772276837605901e+00 2.190011623554443432e+01
1.839307905987115532e+02 8.193443527256249581e+00 2.185456766287751762e+01
1.840939931834748506e+02 8.200713174018400053e+00 2.196572036486140433e+01
1.842648200319155194e+02 8.210149924151382450e+00 2.201812486455603946e+01
1.845818672550680617e+02 8.269134537717448552e+00 2.212622392088102430e+01
1.848424515849405907e+02 8.399200141846765888e+00 2.232177544868890351e+01
1.850996079512992765e+02 8.447231032920269556e+00 2.249246439055142943e+01
1.852394649224767988e+02 8.504442561910202869e+00 2.236194566480821067e+01
1.852353277251324926e+02 8.492720502767982182e+00 2.235904962666719342e+01
1.852287082093815798e+02 8.454027857128785683e+00 2.239413700033491494e+01
1.853195492424988799e+02 8.477668984810575736e+00 2.251110147954057439e+01
1.853596800567387106e+02 8.486297996414428724e+00 2.251919856577158896e+01
1.854604503634823516e+02 8.477885695147659106e+00 2.255377371500620498e+01
1.855586792490001642e+02 8.523926791307944839e+00 2.264378730865462330e+01
1.858370732283929954e+02 8.609763785732578611e+00 2.274231170826848469e+01
1.859790973029413408e+02 8.689276778502334153e+00 2.291164128528930988e+01
1.861384385035166247e+02 8.731653499871944391e+00 2.297807285407514044e+01
1.864223487460351976e+02 8.733800902303039848e+00 2.312263834984928934e+01
1.865959928288579306e+02 8.815421895624421467e+00 2.321501605626588471e+01
1.866686498945999801e+02 8.847219212356430162e+00 2.320211194073957373e+01
1.867167004866132061e+02 8.865994207923717951e+00 2.330589649126263296e+01
1.867789554561752539e+02 8.965267243247502904e+00 2.332185425244784227e+01
1.869070312653913675e+02 8.955672885596642985e+00 2.333391122756555447e+01
1.870210012017573149e+02 8.995626391378868547e+00 2.338787210149924078e+01
1.872156858882168819e+02 9.028290549459208947e+00 2.354354892728383319e+01
1.873479579975964953e+02 9.023877538958608113e+00 2.368324829094347805e+01
1.875970960814830732e+02 9.105971354833625853e+00 2.376650446226285140e+01
1.876715262318012662e+02 9.146338580350283465e+00 2.378258042908646885e+01
1.877344904351937487e+02 9.112551468705056834e+00 2.376023956342717725e+01
1.872020725388601079e+02 8.981284107251916282e+00 2.351825292066431672e+01
1.864184676609074245e+02 8.768533659055536944e+00 2.303981559920408273e+01
1.858522232510490824e+02 8.601509091983688293e+00 2.281228944620658439e+01
1.856366555684706157e+02 8.512145629346520082e+00 2.261801847948147071e+01
1.855048956835240972e+02 8.467286589570322874e+00 2.260968498197363985e+01
1.855951850903288118e+02 8.535471541992553313e+00 2.272757540534683329e+01
1.857624657696172221e+02 8.509229890265766372e+00 2.280527591166098489e+01
1.859823479579976038e+02 8.590121948816959119e+00 2.296550365452431919e+01
1.863281585531629787e+02 8.673200811678716704e+00 2.305268031285092434e+01
1.867021611930888980e+02 8.742528418605568064e+00 2.325150219665477991e+01
1.866925274335585812e+02 8.709844559585492973e+00 2.316657144545794722e+01
1.865779467680608263e+02 8.736519631986444878e+00 2.319188715301719839e+01
1.865493213026261401e+02 8.704761717133907339e+00 2.325686085226265121e+01
1.864903563899997891e+02 8.723260899544907687e+00 2.317679623318032256e+01
1.865209913512874493e+02 8.709253531393446934e+00 2.312317027522212953e+01
1.865501290411552588e+02 8.676510569554167773e+00 2.325745188045469902e+01
1.866437479067751610e+02 8.749601055970369856e+00 2.339384148623889459e+01
1.867647510786264604e+02 8.817057073622411423e+00 2.333873795780058558e+01
1.868781693886798507e+02 8.831734273724856976e+00 2.336795445142733385e+01
1.870176717429421274e+02 8.928367383124175660e+00 2.345467798814003402e+01
1.872675190606591968e+02 8.941035087373668588e+00 2.343680923580054909e+01
1.873686045824385928e+02 8.930849701530762630e+00 2.363108020252565922e+01
1.875432928150672751e+02 8.966469000571327896e+00 2.375107862645048229e+01
1.876886463484308081e+02 9.057704052483304125e+00 2.368980870387517612e+01
1.877758230067574345e+02 9.037530290194842664e+00 2.384515061368427169e+01
1.878217064953998374e+02 9.044622628499379147e+00 2.382139128036407172e+01
1.880857581906657003e+02 9.036781654484919102e+00 2.393482929135719672e+01
1.882959081148170810e+02 8.982840481490967477e+00 2.412104257373076521e+01
1.884629720837683919e+02 9.028625465434700459e+00 2.403632853287101767e+01
1.886626017061013840e+02 9.046435114954983092e+00 2.415579503142300055e+01
1.886271400145786856e+02 9.041647786599421366e+00 2.412720896786776592e+01
1.881303611182253519e+02 8.983333004984338288e+00 2.388699540968104174e+01
1.872902539451131929e+02 8.793120431844599239e+00 2.344535944364546154e+01
1.865766268050986127e+02 8.597371894639374901e+00 2.312744537914458576e+01
1.862751827262160305e+02 8.510017927855159314e+00 2.294783191158218116e+01
1.861558147323627281e+02 8.493291830020291755e+00 2.296908922555605770e+01
1.863250261037451594e+02 8.486258594534959343e+00 2.304647451683445425e+01
1.865481392462420445e+02 8.562383025670325054e+00 2.306176244606867698e+01
1.867603577690655925e+02 8.706810614866329345e+00 2.324901987824819116e+01
1.870842609192458497e+02 8.815067278709195264e+00 2.338714316672905369e+01
1.872649776394333969e+02 8.829980890088457102e+00 2.349307511968320838e+01
1.873702988632557833e+02 8.826848440670620022e+00 2.348889852045942561e+01
1.873310939931834866e+02 8.782560728146732387e+00 2.344638389251167254e+01
1.874047361059122636e+02 8.740873539667841641e+00 2.342408242873185031e+01
1.873502039047262429e+02 8.754151973049115298e+00 2.339453101912961230e+01
1.873532378494454065e+02 8.760929096317894960e+00 2.331651529777970566e+01
1.874458716680785813e+02 8.750921018932602991e+00 2.353517602789652940e+01
1.876041687188478875e+02 8.719832936031048476e+00 2.363740420418054100e+01
1.877452274473492366e+02 8.777615792273291362e+00 2.374938434563328826e+01
1.878211942709667142e+02 8.740735633089698808e+00 2.373066845288520099e+01
1.879599676904588250e+02 8.729624303079257075e+00 2.379650899347898729e+01
1.881075868318918936e+02 8.791406450087668745e+00 2.379235209519493921e+01
1.881826277113418371e+02 8.838294686656553267e+00 2.388029709017120084e+01
1.882709667251127996e+02 8.844500482673023356e+00 2.380671408026162794e+01
1.884822593037687852e+02 8.911306369313816589e+00 2.403686045824385786e+01
1.885386630942296051e+02 8.925156129947398043e+00 2.397186705805867035e+01
1.884987883922063077e+02 9.007092338304536483e+00 2.386347248763766160e+01
1.885998148111664818e+02 9.055536949112472200e+00 2.403473275675249710e+01
1.887516105518233189e+02 9.065151007703066810e+00 2.413079453889950443e+01
1.888348864240824412e+02 9.055418743474064058e+00 2.419234027463109982e+01
1.888778344727043361e+02 9.033432494729998652e+00 2.429492306783033584e+01
1.884369471423786990e+02 8.942433854094840484e+00 2.402539451131818993e+01
1.875776906558442931e+02 8.824838944817667397e+00 2.356214661439350522e+01
1.869986406351582957e+02 8.599854213045961870e+00 2.325469374889182106e+01
1.866107094308398473e+02 8.530053783565476166e+00 2.308030103035914848e+01
1.865701648968655775e+02 8.521799089816584072e+00 2.304822790047085235e+01
1.867622687602198539e+02 8.486554108630981474e+00 2.315969581749049411e+01
1.869817175279260937e+02 8.590673575129534001e+00 2.330225181741169038e+01
1.872243740026399337e+02 8.629149510431647130e+00 2.334226442601312002e+01
1.877022793987273133e+02 8.720877085836994169e+00 2.371693689789002946e+01
1.877255659094938949e+02 8.827577375440808893e+00 2.360468094328099298e+01
1.876545440217498424e+02 8.771035678401860380e+00 2.351456884493390476e+01
1.875183317244232626e+02 8.728284639177289250e+00 2.350926929214523398e+01
1.873626548986386524e+02 8.664453594436453798e+00 2.341846766090742449e+01
1.872792411198014122e+02 8.628716089757482166e+00 2.334785949289781115e+01
1.872930711794952572e+02 8.682952776847455922e+00 2.337798222975235873e+01
1.873959691877302589e+02 8.675269410350873400e+00 2.350921018932602991e+01
1.875334029433203966e+02 8.706968222384206868e+00 2.359370751984869585e+01
1.876942217143757716e+02 8.807324809393408671e+00 2.358702890127858964e+01
1.878493075119683340e+02 8.806517070864281038e+00 2.369883173427372469e+01
1.879174924643905626e+02 8.810181445654958310e+00 2.371740972044366558e+01
1.881767174294213874e+02 8.891585728639256558e+00 2.381390492326483965e+01
1.883234697295060869e+02 8.932603085167162504e+00 2.386709746054886949e+01
1.884060363679347461e+02 8.959219054748912114e+00 2.387615989282688744e+01
1.885437459366811765e+02 8.964479205658109962e+00 2.396286372859985292e+01
1.885850982091845651e+02 9.016982210051420310e+00 2.402216355720167940e+01
1.886812387950905361e+02 9.039106365373628549e+00 2.401678520065406985e+01
1.886732993163773813e+02 9.010894619673358363e+00 2.402570972635394853e+01
1.887110266159695868e+02 9.060777399081935357e+00 2.391292184637207185e+01
1.886631927342934318e+02 9.050926929214522687e+00 2.392941153293012135e+01
1.881292775665399120e+02 8.907188872909237887e+00 2.364630902894068143e+01
1.873191946255836342e+02 8.723044189207826093e+00 2.325680174944344714e+01
1.867899091786678127e+02 8.533383242380661926e+00 2.308865422880671403e+01
1.865473118067731946e+02 8.500403869264564705e+00 2.303035914813136742e+01
1.864966606907149469e+02 8.509210189326031681e+00 2.296962115092889789e+01
1.866024153352115036e+02 8.547252703953978070e+00 2.303788490711006887e+01
1.868266317303335313e+02 8.561969305935893004e+00 2.322112334758368135e+01
1.870898362851908132e+02 8.686085226265293002e+00 2.328300399929076647e+01
1.873705155735928543e+02 8.739317165428790446e+00 2.351915916389211603e+01
1.875001477570480120e+02 8.803936247759018840e+00 2.344153746133690674e+01
1.875240843988258348e+02 8.826612029393801961e+00 2.338373490415492739e+01
1.873452983707322801e+02 8.760338068125848920e+00 2.333004984337753029e+01
1.872309344155716246e+02 8.724383853109793918e+00 2.317955436474319697e+01
1.870822711243326353e+02 8.724462656868732680e+00 2.308014342284127096e+01
1.870374120845564221e+02 8.755038515337181693e+00 2.310997064559979464e+01
1.870711006915029770e+02 8.748261392068402031e+00 2.317051163340491371e+01
1.871363699048444573e+02 8.778837250536851045e+00 2.324815303689986123e+01
1.872257924703008314e+02 8.887113615319449877e+00 2.329512007722768274e+01
1.873095805669930485e+02 8.920585511928919686e+00 2.337130361118225252e+01
1.874341890108158282e+02 8.911700388108512172e+00 2.342983510313441897e+01
1.874932524281408348e+02 8.921235642940168020e+00 2.344738864043814885e+01
1.876550168443034750e+02 8.946354341102070507e+00 2.350328020646584903e+01
1.878013751255934949e+02 8.891152307965089818e+00 2.352240981894836480e+01
1.879169408380779771e+02 8.953072361551646097e+00 2.354849386315727244e+01
1.880685986721566678e+02 9.030260643432692191e+00 2.361839279733643338e+01
1.881351681475206306e+02 8.993991213380878591e+00 2.367420555960519479e+01
1.880909395378159559e+02 8.989164483145845708e+00 2.355174451821351767e+01
1.876474319825055659e+02 8.837959770681061755e+00 2.337975531432849507e+01
1.868760416871884900e+02 8.611871786284206465e+00 2.293510510451348594e+01
1.860905061171417856e+02 8.475856498354971791e+00 2.268596702062688308e+01
1.857646328729880452e+02 8.373214602336531698e+00 2.259636714671289681e+01
1.856025729427293811e+02 8.303867294469945648e+00 2.249654248507653875e+01
1.854730392639728791e+02 8.302370023050100301e+00 2.239013770956874794e+01
1.855811383202978675e+02 8.335979826237711166e+00 2.243261293563703163e+01
1.857945783013849734e+02 8.387635690222422724e+00 2.267924900017730749e+01
1.860504147047814172e+02 8.473689394984139867e+00 2.274893122401938683e+01
1.862077858113831894e+02 8.486278295474694033e+00 2.281760869993498630e+01
1.861697038948757950e+02 8.528320100868810982e+00 2.284337752910813890e+01
1.860139088634527980e+02 8.514233928958411468e+00 2.269380799464134313e+01
1.858669595539707302e+02 8.439035441990583308e+00 2.267225516657144624e+01
1.856684922870821026e+02 8.382848361866860998e+00 2.257069682223842122e+01
1.856110443468153335e+02 8.389901298291928100e+00 2.263572962430307811e+01
1.856626805098603086e+02 8.439015741050848618e+00 2.254325341318780929e+01
1.857597076380543228e+02 8.447270434799740713e+00 2.264313717764337497e+01
1.858563801493331198e+02 8.461593017986958287e+00 2.270952934454973615e+01
1.859096908922555542e+02 8.478476723339703369e+00 2.269128627435528500e+01
1.860549065190409692e+02 8.533698457416418748e+00 2.280962981934238343e+01
1.861226580507890276e+02 8.473906105321223237e+00 2.270608168009614047e+01
1.862736066510372552e+02 8.480368013554246076e+00 2.276008195590929617e+01
1.863679938533068139e+02 8.465020981500817498e+00 2.273082606040308207e+01
1.864095628361472734e+02 8.492405287732225361e+00 2.274294213833999834e+01
1.865164995370279257e+02 8.573651963198644310e+00 2.284562343623790781e+01
1.864694930948206206e+02 8.593707519848697629e+00 2.284215607084458100e+01
1.861194073957327646e+02 8.547252703953978070e+00 2.268752339486593428e+01
1.852185622254181396e+02 8.298626844500482491e+00 2.225258574834019498e+01
1.842543194310368619e+02 8.074784767233397886e+00 2.197040918851829261e+01
1.838044681731318519e+02 7.929982860182430926e+00 2.167942630863492326e+01
1.834142319588644341e+02 7.837053527453259782e+00 2.147169960007092371e+01
1.834166945763312810e+02 7.803089107350420939e+00 2.137256447132528336e+01
1.833876553911621556e+02 7.810713371027797614e+00 2.139569337457396614e+01
1.834612975038909326e+02 7.847376819874307685e+00 2.146571051439153521e+01
1.835868909947004397e+02 7.979924742410212879e+00 2.151374140546504066e+01
1.837839397939281696e+02 8.051064835792667296e+00 2.154490829212553393e+01
1.838376248547055809e+02 8.034122027620718143e+00 2.163626154967591830e+01
1.837256053113733572e+02 8.032900569357158460e+00 2.158501940542564057e+01
1.835962292401347611e+02 8.002482318406588746e+00 2.144431529383951585e+01
1.834375381705707468e+02 7.967651056955416422e+00 2.140552414350164412e+01
1.832776256427431463e+02 8.027482810930081314e+00 2.132668098268287338e+01
1.831707480446817442e+02 8.014558994464035635e+00 2.127451289426505809e+01
1.832413168108118668e+02 8.021080005516262545e+00 2.140459819933410657e+01
1.832724442955928907e+02 8.136488110482870795e+00 2.139321105616738095e+01
1.835310979333714272e+02 8.135306054098780493e+00 2.151293366693591125e+01
1.837611261057152490e+02 8.107232214976654916e+00 2.164668334679564055e+01
1.839131976595283504e+02 8.151342619042928561e+00 2.159790382001221332e+01
1.840175141354242498e+02 8.132804034752457056e+00 2.159410153864339321e+01
1.841346362221478046e+02 8.159104789298449845e+00 2.164276285978841230e+01
1.841704919324651826e+02 8.225260544927992967e+00 2.161246281447624895e+01
1.841784117102385778e+02 8.232372584172264141e+00 2.172698437715478903e+01
1.841191118816367407e+02 8.295652002600524710e+00 2.177408932406075692e+01
1.838015721349908347e+02 8.275813156287554762e+00 2.161005929982860252e+01
1.829357749364644690e+02 8.061210819756102097e+00 2.130611320159971456e+01
1.819658976733190059e+02 7.875017238322268298e+00 2.088993084970153191e+01
1.812432081010264255e+02 7.681652514824957478e+00 2.059961780176914559e+01
1.808498591382808911e+02 7.523256959356960927e+00 2.045048168797651655e+01
1.806366555684706157e+02 7.472802852696073472e+00 2.026247562008707703e+01
1.805469965917374395e+02 7.492858409346125903e+00 2.023260899544908398e+01
1.805377174491223116e+02 7.462578064973699021e+00 2.023582024862585982e+01
1.806559033865915467e+02 7.506668768100237976e+00 2.031468311038436525e+01
1.809123308181800382e+02 7.535373037293878973e+00 2.035012510096731475e+01
1.810373332807974975e+02 7.582596189838255007e+00 2.036947142378691566e+01
1.810604818849859043e+02 7.603676195354518441e+00 2.036888039559487140e+01
1.810006895328907319e+02 7.590003743178549200e+00 2.035950274828109130e+01
1.809538209972615732e+02 7.579660749817766607e+00 2.027248369747237078e+01
1.807941842825902654e+02 7.520577631553025277e+00 2.026566717232411818e+01
1.807567524970941122e+02 7.512165330286254772e+00 2.031369806339762363e+01
1.807771232687799170e+02 7.554876967631355633e+00 2.032538072066037671e+01
1.809428869757087455e+02 7.634429362280580555e+00 2.032608995449082911e+01
1.810678894383262048e+02 7.673535727654209104e+00 2.036693000256112285e+01
1.812030378849071042e+02 7.694832443507555020e+00 2.042699816781260580e+01
1.814412222463011517e+02 7.762288461159597475e+00 2.048424909868200672e+01
1.816006422506353601e+02 7.830315806063949502e+00 2.051955318268681339e+01
1.815948304734135945e+02 7.829133749679860088e+00 2.060554778462932646e+01
1.816892176756831248e+02 7.861916113398609518e+00 2.059819933410823722e+01
1.818241888138064155e+02 7.870840639098484637e+00 2.070472231525443618e+01
1.818313599558698854e+02 7.857818317933765506e+00 2.069737386473334695e+01
1.818449930061663906e+02 7.869166059221024412e+00 2.071737031856419620e+01
1.819475955003053684e+02 7.913512874564117006e+00 2.072343820800252345e+01
1.818507456805689628e+02 7.922319194625583982e+00 2.062887369727535969e+01
1.811967532851317060e+02 7.858704860221832789e+00 2.034110207056876618e+01
1.800182627711341752e+02 7.598869166059221136e+00 1.984085580882208077e+01
1.792309738174510869e+02 7.369885143521345938e+00 1.953533363541441048e+01
1.786350400914123497e+02 7.211982111546721086e+00 1.925112787879981724e+01
1.782717153608227250e+02 7.159557910912350387e+00 1.914635828129001638e+01
1.781438562619436823e+02 7.132469118776965544e+00 1.910209026970586521e+01
1.779411335920723332e+02 7.073425402391694483e+00 1.906274749305541860e+01
1.778504304655332078e+02 7.024764081246675396e+00 1.904202210445438226e+01
1.778631769735416412e+02 7.032782363718749430e+00 1.904391339466892674e+01
1.779828207805512363e+02 7.141492149175515891e+00 1.908739336866368674e+01
1.780832167694399004e+02 7.144703402352292620e+00 1.917443212041214196e+01
1.779983648220020029e+02 7.118816367540731882e+00 1.912055005023739795e+01
1.779442266396107186e+02 7.136113792627908126e+00 1.906103351129848988e+01
1.779148131365866163e+02 7.144368486376800220e+00 1.906997773793809969e+01
1.778699540968104316e+02 7.150534880513800928e+00 1.902488228688508443e+01
1.779158769873322967e+02 7.089343761697432633e+00 1.914409267322051278e+01
1.779986209342185646e+02 7.063771941921629605e+00 1.911584152564077144e+01
1.780617033432494623e+02 7.108296065722335300e+00 1.925361019720640599e+01
1.783120825863393577e+02 7.136054689808704055e+00 1.926346066707381866e+01
1.784923658858527631e+02 7.200535865560786952e+00 1.943338127228668810e+01
1.787392777635493246e+02 7.205145885458736466e+00 1.946173092456510290e+01
1.789257865600189064e+02 7.230067574223290272e+00 1.952081404282984423e+01
1.790123327882739943e+02 7.287101794755609596e+00 1.962335743414960731e+01
1.790631218109103884e+02 7.284166354735121196e+00 1.956760377470005352e+01
1.790743119446797493e+02 7.256841151322918293e+00 1.959800232471089032e+01
1.790917866782245653e+02 7.282688784255008763e+00 1.958893989243286882e+01
1.791700191099115500e+02 7.310486810220847786e+00 1.968309068342560053e+01
1.792120806162454016e+02 7.349061250221635255e+00 1.962737642585551257e+01
1.792602691148367740e+02 7.363935459721428600e+00 1.956567308260603966e+01
1.794494375381705709e+02 7.374239051202742701e+00 1.969166059221024767e+01
1.795152780787643678e+02 7.429086467424496298e+00 1.974337555901416508e+01
1.795637620914517640e+02 7.420595362398786143e+00 1.971853267400855003e+01
1.796732402135581879e+02 7.455032605055261108e+00 1.978921964577710213e+01
1.797767292499852374e+02 7.475383675801335670e+00 1.981936208357138796e+01
1.799636911680687206e+02 7.540120963769972207e+00 1.988364624992612306e+01
1.801757717843141222e+02 7.500640280541381877e+00 2.000683622608798373e+01
1.802666522193108563e+02 7.565121456293464774e+00 1.997135483362556485e+01
1.804778462932681862e+02 7.625662444098583848e+00 2.001658819125672295e+01
1.804295592899781298e+02 7.643137177643373192e+00 2.004147047814180738e+01
1.798856754467188068e+02 7.558639847120707245e+00 1.985297188675899704e+01
1.785282018952304099e+02 7.300616639413700426e+00 1.930398550010835379e+01
1.772291613309954812e+02 6.987686912665734162e+00 1.886906755452234918e+01
1.764708918615417872e+02 6.799385330680273398e+00 1.860123327882740085e+01
1.759181228944620727e+02 6.679524813333595823e+00 1.823140723812525721e+01
1.756156149648338101e+02 6.572371402115880556e+00 1.809560866053310590e+01
1.754375381705707468e+02 6.533718158356153438e+00 1.795057034220532444e+01
1.753695896294253203e+02 6.563722689572292879e+00 1.793786323607636035e+01
1.754214819046868570e+02 6.555467995823400784e+00 1.797982623771153854e+01
1.754590318958214255e+02 6.610354813924623762e+00 1.804119466498551816e+01
1.756490868614432941e+02 6.684450048267302158e+00 1.822752615299749834e+01
1.757708189680647877e+02 6.743395259953899767e+00 1.831196438070096022e+01
1.759364644693552009e+02 6.719517720995291654e+00 1.842238814791465629e+01
1.758071277999960671e+02 6.738745838176480873e+00 1.835885261726984297e+01
1.758798636694970412e+02 6.751472645245177873e+00 1.837664256585039269e+01
1.760325853543214123e+02 6.753048720423964646e+00 1.846708958017297419e+01
1.762288461159597261e+02 6.756910104611989709e+00 1.846068677475915720e+01
1.763220709627849203e+02 6.838550798873106018e+00 1.851817411690537796e+01
1.765606296420339163e+02 6.895348608128608170e+00 1.864705766465060321e+01
1.766723930731495784e+02 6.957505072991981621e+00 1.865637620914517569e+01
1.769032880868417408e+02 6.992730353237849528e+00 1.878555527098642486e+01
1.770273843062313972e+02 7.007328749581355432e+00 1.886841742351110085e+01
1.771909809097894026e+02 7.061585137611063878e+00 1.884909080163123818e+01
1.773717961346756340e+02 7.083985106089560446e+00 1.894322189168423165e+01
1.775948107724738350e+02 7.062274670501783369e+00 1.909277172521129273e+01
1.778267302350322154e+02 7.134892334364349331e+00 1.910289800823499107e+01
1.779669812250044458e+02 7.201717921944876366e+00 1.920081167871707351e+01
1.781163143481944076e+02 7.245532811915128768e+00 1.919330562067810675e+01
1.782780984652968073e+02 7.219369963947280588e+00 1.932973462834177170e+01
1.783240804586378658e+02 7.248881971670048330e+00 1.931663350341811380e+01
1.784999901495301344e+02 7.295711105419728781e+00 1.942073326897693164e+01
1.786334837171733056e+02 7.364802301069761192e+00 1.952512854863176983e+01
1.788322267972182260e+02 7.404164778659942492e+00 1.959053566855138939e+01
1.789985618313993712e+02 7.462400756516085920e+00 1.965458342362930821e+01
1.791392856439252057e+02 7.486435902992572444e+00 1.971987233791051963e+01
1.793399003132449536e+02 7.472763450816604092e+00 1.978750566402017341e+01
1.791816032624756190e+02 7.432415926239682058e+00 1.965927224728619649e+01
1.781701373155499653e+02 7.282688784255008763e+00 1.923193916349809740e+01
1.771735849800035396e+02 7.031462400756516296e+00 1.889101440138694699e+01
1.763640339644201163e+02 6.873460864083217103e+00 1.851510077030674495e+01
1.758438897535412480e+02 6.768573060935006325e+00 1.835792667310230541e+01
1.757134695324967026e+02 6.786225102937410547e+00 1.833783171457278627e+01
1.757184538702496184e+02 6.773104277074016188e+00 1.833544790086487097e+01
1.759412911995902107e+02 6.775763903938218036e+00 1.834630311865875996e+01
1.761272877716266976e+02 6.798183573356449294e+00 1.839080754151973096e+01
1.763904529246045172e+02 6.856104336176835901e+00 1.859331350105400205e+01
1.766723536712701161e+02 6.891743336157134969e+00 1.869197580724600627e+01
1.768311432455328145e+02 6.915482968537599362e+00 1.873384030418251101e+01
1.769009042731338184e+02 6.938631572726018604e+00 1.881926357887271095e+01
1.767939478713134633e+02 6.968990720857385135e+00 1.867394944738864027e+01
1.768207805512323034e+02 6.985618313993577466e+00 1.870598317539746702e+01
1.768308083295573283e+02 6.928485588762583802e+00 1.868649894599972328e+01
1.768933785141551311e+02 6.959573671664138317e+00 1.871987233791051963e+01
1.770183809767725904e+02 7.003506767272798861e+00 1.877944797966863177e+01
1.772775665399239529e+02 7.039283673831241650e+00 1.887015110620776781e+01
1.774766248350046283e+02 7.080498039756496276e+00 1.897348253511692562e+01
1.777905002068598606e+02 7.124175023148604069e+00 1.913745345652987595e+01
1.780624519789593876e+02 7.184381094978230742e+00 1.927861068972989855e+01
1.782719714730392582e+02 7.235977856143738229e+00 1.936994424634055179e+01
1.785626982407060837e+02 7.287082093815874906e+00 1.948220020094958471e+01
1.788448353986485131e+02 7.276187474142516542e+00 1.959256486534407671e+01
1.791895427411887454e+02 7.281368821292775628e+00 1.969629031304793187e+01
1.792451387931204181e+02 7.346145511140881545e+00 1.976069268504107512e+01
1.794155913237061384e+02 7.331980535471542382e+00 1.972052246892176797e+01
1.796148269272444224e+02 7.381094978230462011e+00 1.982525266455209945e+01
1.798261195059004365e+02 7.408893004196300147e+00 1.988603006363403480e+01
1.799348095904174727e+02 7.439350657026340130e+00 1.995108256663842994e+01
1.801052227191237023e+02 7.475383675801335670e+00 2.002356232392284952e+01
1.803529029334699203e+02 7.556886463484308258e+00 2.007740499221812769e+01
1.805660474004610023e+02 7.590870584526881792e+00 2.028694418723773296e+01
1.807291711814653468e+02 7.592702771922220428e+00 2.040142634803680011e+01
1.808921570558915732e+02 7.596505053291042309e+00 2.048617979077602058e+01
1.812633030595559376e+02 7.665497744242400380e+00 2.056935715833645162e+01
1.809330562067810604e+02 7.629287417009791739e+00 2.041259678086644769e+01
1.799244665970566928e+02 7.460332157843929224e+00 1.989379223388955609e+01
1.788251344589136806e+02 7.269154238657184131e+00 1.940930672393073309e+01
1.780748438700526037e+02 7.078035422289643108e+00 1.915949880809314720e+01
1.776674284363364222e+02 6.990779960204101862e+00 1.897299001162355481e+01
1.775094268996631115e+02 6.956559427884710267e+00 1.896445950471837349e+01
1.775114954983352789e+02 6.939675722531965185e+00 1.888272030575858551e+01
1.775574971926160970e+02 6.970192478181209239e+00 1.896656750527000312e+01
1.776185701057940491e+02 6.998069307905987024e+00 1.899722216749739090e+01
1.778032664158080252e+02 7.036978663882266893e+00 1.914754033767410846e+01
1.779333123189976220e+02 7.093756772198033467e+00 1.928812624362182149e+01
1.780937961740775108e+02 7.140881420043736050e+00 1.928467857916822581e+01
1.780128253117673580e+02 7.164089127051360251e+00 1.928574242991390619e+01
1.779985421304596116e+02 7.096751315037727714e+00 1.918312023483520079e+01
1.780113871431667292e+02 7.126086014302882354e+00 1.921231702752221437e+01
1.780343190370180650e+02 7.060087866191217643e+00 1.926263322760495811e+01
1.782426170728343777e+02 7.072913177958588982e+00 1.931692901751413416e+01
1.784803483126145238e+02 7.137729269686164280e+00 1.944912232313481226e+01
1.787508816170531247e+02 7.175220158001536674e+00 1.959274217380168892e+01
1.790158198546070594e+02 7.232569593569613708e+00 1.965164798360881804e+01
1.792348943044583223e+02 7.308595520006304191e+00 1.973906105321223947e+01
1.794382474044011815e+02 7.333950629445024738e+00 2.000878661912173229e+01
1.795920132390315018e+02 7.347820091018341770e+00 1.998802182864122656e+01
1.797986366949703552e+02 7.415315510549853606e+00 2.009395378159538126e+01
1.798719241907838864e+02 7.459425914616127251e+00 2.007145530841821213e+01
1.799431824898047694e+02 7.493213026261352994e+00 2.012805610827636471e+01
1.800353631868240143e+02 7.508481254555841922e+00 2.013244941783722908e+01
1.801484662818416496e+02 7.521365669142418220e+00 2.024567071849327249e+01
1.801740578025571722e+02 7.565456372268957175e+00 2.022567426466242324e+01
1.803076104730195652e+02 7.580271478949545561e+00 2.018398707618353427e+01
1.805125002462617374e+02 7.580369983648219900e+00 2.031430879252940258e+01
1.807741287259402156e+02 7.672727989125081471e+00 2.038927086822041446e+01
1.809499399121338001e+02 7.709824858645757395e+00 2.047355148840599526e+01
1.811501802635985712e+02 7.780216316318288250e+00 2.055416773380090234e+01
1.813385409484032493e+02 7.810614866329124162e+00 2.063580842806201687e+01
1.815604720345160388e+02 7.821115467207786054e+00 2.079284461868831002e+01
1.814583029610512313e+02 7.852893083000059171e+00 2.065903583600937665e+01
1.807735376977481963e+02 7.718690281526428443e+00 2.028402844815697748e+01
1.797872101499241637e+02 7.478535826158907440e+00 1.979499202111940903e+01
1.789991134577119283e+02 7.312082586339368362e+00 1.957759215114560902e+01
1.785930770897771822e+02 7.198349061250221226e+00 1.943946886266475005e+01
1.783587935144506389e+02 7.135542465375598553e+00 1.938466084832246494e+01
1.784097598455446416e+02 7.105636438858133452e+00 1.939756496384877593e+01
1.785380129632183355e+02 7.184262889339821712e+00 1.942506747571859194e+01
1.787329537618944357e+02 7.204594259146161583e+00 1.953155105498532151e+01
1.789655824582832508e+02 7.235130715735140328e+00 1.963496128765342164e+01
1.792496306073799701e+02 7.276246576961721502e+00 1.977099627652238922e+01
1.793983530014381813e+02 7.304221911385172739e+00 1.975476270218089425e+01
1.792231919462558380e+02 7.285348411119210610e+00 1.964518607537579697e+01
1.790590831182647378e+02 7.229831162946472212e+00 1.973780019306920863e+01
1.789591599519297063e+02 7.268070686971768168e+00 1.965889792943123382e+01
1.787390610532122253e+02 7.279280521680884242e+00 1.965570637719419267e+01
1.787527532063279523e+02 7.355030634961287284e+00 1.965726275143324386e+01
1.788552177938887553e+02 7.385212474635039825e+00 1.974861600898362823e+01
1.789902283338915367e+02 7.417719025197501814e+00 1.982011071928130974e+01
1.791690143619850630e+02 7.461514214228018638e+00 1.993681908627041466e+01
1.794605685691207384e+02 7.494690596741464539e+00 2.000035461691522798e+01
1.797066727082881812e+02 7.445201836127583128e+00 2.013995547587619939e+01
1.799171575484150480e+02 7.550976181563860301e+00 2.010201146594692645e+01
1.803995744597017392e+02 7.505841328631375653e+00 2.032449417837230854e+01
1.803662207687306704e+02 7.558107921747867053e+00 2.026590358360093802e+01
1.803720522468921672e+02 7.566717232411986238e+00 2.026334246143541051e+01
1.804922673811540790e+02 7.592880080379834418e+00 2.029663704958726456e+01
1.805508776768651842e+02 7.664335388798045656e+00 2.035971945861817645e+01
1.807028113241001677e+02 7.650012805610827193e+00 2.032545952441931547e+01
1.808466281841643877e+02 7.622746705017829250e+00 2.039043322366476829e+01
1.808659745069839744e+02 7.676648476132311494e+00 2.046553320593392300e+01
1.811424180933430534e+02 7.728599854213046072e+00 2.061364487086034103e+01
1.813852124746350398e+02 7.752536495990859144e+00 2.074686262534723014e+01
1.816143541046907899e+02 7.808152248862270994e+00 2.084223487460351976e+01
1.815312555408893047e+02 7.787111645225476941e+00 2.075673279615437750e+01
1.807334856872672901e+02 7.702082389329970802e+00 2.035004629720837599e+01
1.797193798144171524e+02 7.493291830020291755e+00 1.990104217971197187e+01
1.789570322504383455e+02 7.354735120865265152e+00 1.951880454697689160e+01
1.785518824247916712e+02 7.278847101006718390e+00 1.945832266199097660e+01
1.785179377056285546e+02 7.298705648259422141e+00 1.948048621919265599e+01
1.785556256033412694e+02 7.296814358044878546e+00 1.946722748675111703e+01
1.786395713075513640e+02 7.324198664276286408e+00 1.948239721034693517e+01
1.788003900786067391e+02 7.402825114757973779e+00 1.964073366299572498e+01
1.790961602868456737e+02 7.479737583482732433e+00 1.967920959829783811e+01
1.793495537737150016e+02 7.557970015169723332e+00 1.984219547272405038e+01
1.795754447487145171e+02 7.612778029512007549e+00 2.000632400165487823e+01
1.795111802832995238e+02 7.643610000197009313e+00 1.988727122283733095e+01
1.793750270887921374e+02 7.644929963159242448e+00 1.979065781437774518e+01
1.792134793829665682e+02 7.609763785732579500e+00 1.968795681554010102e+01
1.791210425737307617e+02 7.559585492227979486e+00 1.965107665635650847e+01
1.791139699363659759e+02 7.561476782442522193e+00 1.977663074528654974e+01
1.792200988987174810e+02 7.608581729348490086e+00 1.983364526487913437e+01
1.793216966449299719e+02 7.715301719892038612e+00 1.987655391162158480e+01
1.795960125297976617e+02 7.753521542977599879e+00 2.006684528852026261e+01
1.797444000078803867e+02 7.806812584960302281e+00 2.009818948363836810e+01
1.799875687070273216e+02 7.872259106759392111e+00 2.015037727299592163e+01
1.801919659567761300e+02 7.890403672255166256e+00 2.031036860458243964e+01
1.803810949782304647e+02 7.932366673890344444e+00 2.043814889970251514e+01
1.804154140152485297e+02 7.918851829232254502e+00 2.044409858350243425e+01
1.805414015248527448e+02 7.937232806004846708e+00 2.046618333694517133e+01
1.804878937725329422e+02 7.871549872928938818e+00 2.044819637896727826e+01
1.805330680273449104e+02 7.957603577690655960e+00 2.042979570125494959e+01
1.806755649244468884e+02 8.018696191808349027e+00 2.036929411532929990e+01
1.807909533284737620e+02 8.057605547784628897e+00 2.047193601134773999e+01
1.809904450442286077e+02 8.099765558817155764e+00 2.055731988415847411e+01
1.810937567721980201e+02 8.135818278531885994e+00 2.064703796371086852e+01
1.811874741425166064e+02 8.156937685927617920e+00 2.061693492779605563e+01
1.806617348647530434e+02 8.042238814791465629e+00 2.033950629445024560e+01
1.794479796686301825e+02 7.806044248310644029e+00 1.987958785634074843e+01
1.784443349947792399e+02 7.642408242873185209e+00 1.934027463109990208e+01
1.777705825567879572e+02 7.486573809570716165e+00 1.908294095628361475e+01
1.774125179771075125e+02 7.437360862113123083e+00 1.897864418132745001e+01
1.773281979550424694e+02 7.396954234716996091e+00 1.894253235879351394e+01
1.773689197974743479e+02 7.418644969365038477e+00 1.902699028743671050e+01
1.775087373667724080e+02 7.423117082684844270e+00 1.912425382690754461e+01
1.776975905750704214e+02 7.448925313737465359e+00 1.918684371244508213e+01
1.779555349790184948e+02 7.479028349652278251e+00 1.920756910104611848e+01
1.780718099253334401e+02 7.505683721113497242e+00 1.932443507555310447e+01
1.781200181248645436e+02 7.513839910163714997e+00 1.936962903130479319e+01
1.780713174018400764e+02 7.560905455190212621e+00 1.931545144703402528e+01
1.779943261293563808e+02 7.512244134045193533e+00 1.930585708938316358e+01
1.779810870978545552e+02 7.485115940030339310e+00 1.934480584723891283e+01
1.780474989657006688e+02 7.512480545322011594e+00 1.943673043204160678e+01
1.784171673988849136e+02 7.557142575700861009e+00 1.943850351661774312e+01
1.785633483717173249e+02 7.604227821667093323e+00 1.955657124844855232e+01
1.788104769597509858e+02 7.607084457928642962e+00 1.960403081226974464e+01
1.789844559585492334e+02 7.633641324691187613e+00 1.976709549045489567e+01
1.790849898540160439e+02 7.721468114029039320e+00 1.969223191946255724e+01
1.792793199235603652e+02 7.778600839260032984e+00 1.976360842412183061e+01
1.793896254851356389e+02 7.758978703284146405e+00 1.985718788786225275e+01
1.795514293031777697e+02 7.780905849209006853e+00 1.991759096908922544e+01
1.797495616540909111e+02 7.750270887921353768e+00 1.998563801493331127e+01
1.799267913079453933e+02 7.818219429066766146e+00 2.002417305305463202e+01
1.799321893654327198e+02 7.786028093540061867e+00 2.004789298449535906e+01
1.801663350341811167e+02 7.843613940384956074e+00 2.004162808565968490e+01
1.802795563348371672e+02 7.900076833664965825e+00 2.015258377824622116e+01
1.803682105636438848e+02 7.914222108394570299e+00 2.027825607281467413e+01
1.804495557438089861e+02 7.959573671664138317e+00 2.038083886601391015e+01
1.803673240213558131e+02 7.949742902736460337e+00 2.032945881518548603e+01
1.797891408420181563e+02 7.829035244981185748e+00 2.008863452786697934e+01
1.785259165862211717e+02 7.605331074292243976e+00 1.939592978585078598e+01
1.775788924131681199e+02 7.427865009160936616e+00 1.891853661419649768e+01
1.769682617860871972e+02 7.290549459209204386e+00 1.872363521739987036e+01
1.766287357906972204e+02 7.214523532772513015e+00 1.861163537500738840e+01
1.764572588112453104e+02 7.171319371934041342e+00 1.855030634961287817e+01
1.764672471876908446e+02 7.120372741779783077e+00 1.853296952264622988e+01
1.764592486061585248e+02 7.195393920289998135e+00 1.853562914951043084e+01
1.763685848814988617e+02 7.187434740637128172e+00 1.859573671664138317e+01
1.764738864043814885e+02 7.272266987135286520e+00 1.868445004826730127e+01
1.765543450422585181e+02 7.315648456431372182e+00 1.861482692724442956e+01
1.766164227033629572e+02 7.341555192182666723e+00 1.867030477353769768e+01
1.766653007348450615e+02 7.256072814673260041e+00 1.876297799405031697e+01
1.766272779211568320e+02 7.264091097145334075e+00 1.879115033787111599e+01
1.765897673319017258e+02 7.309994286727476975e+00 1.871484859827813807e+01
1.765234145668748340e+02 7.274197679229299496e+00 1.874380897968833182e+01
1.767172324119860605e+02 7.266573415551921933e+00 1.881398372702377841e+01
1.769851454914399369e+02 7.282905494592092133e+00 1.875846647885104090e+01
1.770858763963041156e+02 7.317736756043263568e+00 1.895441202545361392e+01
1.772958490119978592e+02 7.307551370200358498e+00 1.909103804251462932e+01
1.773641915719379938e+02 7.352055793061328615e+00 1.908118757264721665e+01
1.775256407730648789e+02 7.411651135759175446e+00 1.912506156543667046e+01
1.776869520676136176e+02 7.400126086014302551e+00 1.926529285446915907e+01
1.777933568431214155e+02 7.438680825075356218e+00 1.927847278315175572e+01
1.778696388817746481e+02 7.480387714493981655e+00 1.937890817391989629e+01
1.780909789396954181e+02 7.555527098642604855e+00 1.939827419767922834e+01
1.781694871845386956e+02 7.624027266100593003e+00 1.955018814397446647e+01
1.783234894304458464e+02 7.665714454579483750e+00 1.947871313461651965e+01
1.784429362280580733e+02 7.759884946511948378e+00 1.958895959337260351e+01
1.786234165369688185e+02 7.787210149924151281e+00 1.962339683602908025e+01
1.788112255954609111e+02 7.782147008412301226e+00 1.968835083433479838e+01
1.788162099332138268e+02 7.745385054867116814e+00 1.965483953584585919e+01
1.782710652298114553e+02 7.649855198092948783e+00 1.936484170294923146e+01
1.769878839220630766e+02 7.456017652042002730e+00 1.885913828089599775e+01
1.760819953111763425e+02 7.253866309422959624e+00 1.853952993557792794e+01
1.754523729781910504e+02 7.145195925845662543e+00 1.831283122204929015e+01
1.751812092436809110e+02 7.026852380858566782e+00 1.813763076498748816e+01
1.750291376898678095e+02 7.000591028192045151e+00 1.813140526803128338e+01
1.749456451072716163e+02 6.984239248212139373e+00 1.813110975393526303e+01
1.749368781890896116e+02 7.000551626312574882e+00 1.810289800823499107e+01
1.751105025709726419e+02 7.035540495281624729e+00 1.824943359798262321e+01
1.752233692547134467e+02 7.089737780492129104e+00 1.828239327015898752e+01
1.752799700545716064e+02 7.122776256427431285e+00 1.822352686223132778e+01
1.754142122579247030e+02 7.141492149175515891e+00 1.825784589924939283e+01
1.755313540455879604e+02 7.127760594180342579e+00 1.837644555645304223e+01
1.754710297681199336e+02 7.178293504600169683e+00 1.828461947634902174e+01
1.754989262987844540e+02 7.133907287377607709e+00 1.826147087216060072e+01
1.756455012904115449e+02 7.144407888256269601e+00 1.832752812309147217e+01
1.756930593589314071e+02 7.164837762761283813e+00 1.847183750664906654e+01
1.758643590299257369e+02 7.246636064540278532e+00 1.854201225398451669e+01
1.760595756417581015e+02 7.312870623928761304e+00 1.860235623239228531e+01
1.763745936681179671e+02 7.279654839535846023e+00 1.877609881991370955e+01
1.766034594850174244e+02 7.312358399495655803e+00 1.894633464016233404e+01
1.767921944876770510e+02 7.348371717330916653e+00 1.896246970980515911e+01
1.768594140940522834e+02 7.372938789180244257e+00 1.898238735987706605e+01
1.769194822593037770e+02 7.403061526034791839e+00 1.904235702042987555e+01
1.770587679032289827e+02 7.443251443093835462e+00 1.906170334324947291e+01
1.771420634764278361e+02 7.459110699580369541e+00 1.909352036092121452e+01
1.773000650131011184e+02 7.487854370653479918e+00 1.914023128903248860e+01
1.773599558698950034e+02 7.488287791327646659e+00 1.916079907011564387e+01
1.774788510411946731e+02 7.552296144526094324e+00 1.920666285781831917e+01
1.776785397663468586e+02 7.608069504915384584e+00 1.920646584842096871e+01
1.777294666955613707e+02 7.636951082566638682e+00 1.919612285506018523e+01
1.775279851848933106e+02 7.586221162749462898e+00 1.925077326188459281e+01
1.767935341515790242e+02 7.473236273370239324e+00 1.884617506255048269e+01
1.756198703678165316e+02 7.325636832876928572e+00 1.849912330818180095e+01
1.748033058176875159e+02 7.120687956815539899e+00 1.813156287554916446e+01
1.742690754348982409e+02 6.966469000571327008e+00 1.793506570263401656e+01
1.739875096042081282e+02 6.944600957465671520e+00 1.777544868890246121e+01
1.739076616954628776e+02 6.904233731949013908e+00 1.783496522784136928e+01
1.738697373864733322e+02 6.874209499793139777e+00 1.778027541913749232e+01
1.739978722985086392e+02 6.901258890049055239e+00 1.784735711893457477e+01
1.741650741740380965e+02 6.964262495321026591e+00 1.792269351248054576e+01
1.743149786244803749e+02 6.966764514667350028e+00 1.809761815638605853e+01
1.743469335487302772e+02 6.999152859591402098e+00 1.808642802261667981e+01
1.744233337930219250e+02 7.010126283023700111e+00 1.803510707460745977e+01
1.744257964104887719e+02 6.981402312890325312e+00 1.799198171752792774e+01
1.743650978151657966e+02 7.021336117732816184e+00 1.794095628361472805e+01
1.743654721330207451e+02 7.020942098938119713e+00 1.795380129632183497e+01
1.744280423176185479e+02 7.034653952993557446e+00 1.795573198841584883e+01
1.745582261273862628e+02 7.053113733525089302e+00 1.805000098504698514e+01
1.747142772710258214e+02 7.115506609665280813e+00 1.817013731554995104e+01
1.750073090486416163e+02 7.176500719084300428e+00 1.820309698772631535e+01
1.752062097362044142e+02 7.175062550483658264e+00 1.825650623534742678e+01
1.754389369372919134e+02 7.219685178983037410e+00 1.836036958962942478e+01
1.755964065485923697e+02 7.251659804172659207e+00 1.839031501802636015e+01
1.758371323312121888e+02 7.299355779270671363e+00 1.842729368190862616e+01
1.759137098839614737e+02 7.311255146870506039e+00 1.850887527335054017e+01
1.760086487125435895e+02 7.330443862172225877e+00 1.865042652534526013e+01
1.760590437163852755e+02 7.368328769282294743e+00 1.868445004826730127e+01
1.762275655548769748e+02 7.440591816229634503e+00 1.872926968616403087e+01
1.763917137847475374e+02 7.462893280009456731e+00 1.880405445339742698e+01
1.766579325833842233e+02 7.525542268366200993e+00 1.891963986682164744e+01
1.769221812880474261e+02 7.549853227998975846e+00 1.897722571366654165e+01
1.771280364073366229e+02 7.595066884690400144e+00 1.911168462735672335e+01
1.770751787860280899e+02 7.563722689572292879e+00 1.909988376445556568e+01
1.762642290037234716e+02 7.499635532614905564e+00 1.869020272266986993e+01
1.751303611182253519e+02 7.325774739455072293e+00 1.806607695187060258e+01
1.743836363994562646e+02 7.168817352587718794e+00 1.776932169664492989e+01
1.738973384030418288e+02 7.043145058019267601e+00 1.763831044740834031e+01
1.736839575247739447e+02 7.019306920940128869e+00 1.755475876199294660e+01
1.737912882444492482e+02 7.035323784944542247e+00 1.766732993163773813e+01
1.739029137689867923e+02 7.079710002167103333e+00 1.774229200732875000e+01
1.741425559999211998e+02 7.077030674363166796e+00 1.788766524163202476e+01
1.746305876790322884e+02 7.119565003250655444e+00 1.800545716030654830e+01
1.747284619476349121e+02 7.146082468133729826e+00 1.806597844717192913e+01
1.746614590515967507e+02 7.221143048523414265e+00 1.801105222719123589e+01
1.745390374120845536e+02 7.235623239228511139e+00 1.793364723497310820e+01
1.744778856951476484e+02 7.184400795917965432e+00 1.796952264623022444e+01
1.743372997891999319e+02 7.172422624559191107e+00 1.788669989558501783e+01
1.742612147599440391e+02 7.199353809176697538e+00 1.792088102602494004e+01
1.744061348726334302e+02 7.208948166827557458e+00 1.793939990937567686e+01
1.745858468448944905e+02 7.241986642762859638e+00 1.809858350243306546e+01
1.748154021946846797e+02 7.234519986603361374e+00 1.811865876002285347e+01
1.750549853227998938e+02 7.292125534387990271e+00 1.823402746310998879e+01
1.752446462696270544e+02 7.363147422132035658e+00 1.836184716010953721e+01
1.755380523650978262e+02 7.348943044583226225e+00 1.849508461553616101e+01
1.756953643688804050e+02 7.410547883134025682e+00 1.855773360389290616e+01
1.758570696822238517e+02 7.442187592348155079e+00 1.865586398471207019e+01
1.760063043007151578e+02 7.425461494513288407e+00 1.871114482160799142e+01
1.760437360862113110e+02 7.423944522153706593e+00 1.876165803108808205e+01
1.761942315648456372e+02 7.476841545341712525e+00 1.871904489844165553e+01
1.763408656592919499e+02 7.547548218050001090e+00 1.872379282491774788e+01
1.764569829980890177e+02 7.604503634823380764e+00 1.872215764691975792e+01
1.767714099962568355e+02 7.614767824425225484e+00 1.888849268110088886e+01
1.768651273665753934e+02 7.675998345121062272e+00 1.896780866447329572e+01
1.771008885123820278e+02 7.629425323587935459e+00 1.907379972024665449e+01
1.765772178332906606e+02 7.565929194822593296e+00 1.883382257333674659e+01
1.756459938139049370e+02 7.404184479599677182e+00 1.845899249394195962e+01
1.748786816131129456e+02 7.233357631159006651e+00 1.818861679702121847e+01
1.743751452944305527e+02 7.142792411198014335e+00 1.800488583305423518e+01
1.742402332591264553e+02 7.065052503004393358e+00 1.779820327429618487e+01
1.743049311452156189e+02 7.073661813668511655e+00 1.785041076459346954e+01
1.742948836659508629e+02 7.123071770523454305e+00 1.791063653736283356e+01
1.744698674126755975e+02 7.151657834078685383e+00 1.795849011997872324e+01
1.748690872554620910e+02 7.181268346500128352e+00 1.808506865777497552e+01
1.751110344963454679e+02 7.254851356409700358e+00 1.825309797277330048e+01
1.751950393033747844e+02 7.252132626726294440e+00 1.834571209046671569e+01
1.751155460115447511e+02 7.287141196635079865e+00 1.829653854488859110e+01
1.750807541519730535e+02 7.275557044071002011e+00 1.829563230166078824e+01
1.750559309679071589e+02 7.270828818534644356e+00 1.829153450619594423e+01
1.751051439153647493e+02 7.234992809156996607e+00 1.828582123367284495e+01
1.752390709036821193e+02 7.319155223704171043e+00 1.836157134695324800e+01
1.753883449240528876e+02 7.389507279497231629e+00 1.836890009653460609e+01
1.756009180637916529e+02 7.416694576331290811e+00 1.844474871451368259e+01
1.757934553478200996e+02 7.442601312082586240e+00 1.858499970448590233e+01
1.760102050867826335e+02 7.524754230776808051e+00 1.870296893161803808e+01
1.763352311905277929e+02 7.519356173289465595e+00 1.881027995035363176e+01
1.765372446265686790e+02 7.522252211430485502e+00 1.892663370042750870e+01
1.766648870151106223e+02 7.517484584014657578e+00 1.889727930022262115e+01
1.767927264130499054e+02 7.593234697295060620e+00 1.891800468882365749e+01
1.769314210287830633e+02 7.593668117969227360e+00 1.911320159971630517e+01
1.769745857877420860e+02 7.636281250615654770e+00 1.907606532831616164e+01
1.770811678717074926e+02 7.623042219113851381e+00 1.922853090092397466e+01
1.772984692369826121e+02 7.696113004590318774e+00 1.929279536633897507e+01
1.774849189306330004e+02 7.736913650781142238e+00 1.931038830552217433e+01
1.776189050217695353e+02 7.717784038298626470e+00 1.928077779310073225e+01
1.773550109340215499e+02 7.659252546346460910e+00 1.917933765440611538e+01
1.764442758919600465e+02 7.575858468448944727e+00 1.868383931913552232e+01
1.754201816426643461e+02 7.418684371244508746e+00 1.831296912862743653e+01
1.748132941941330500e+02 7.310802025256604608e+00 1.815179574065682999e+01
1.745096436100002109e+02 7.184440197797434813e+00 1.797190645993813973e+01
1.743366102563092284e+02 7.199688725152189939e+00 1.791893063299119504e+01
1.743299119367993910e+02 7.222325104907503679e+00 1.790415492819007426e+01
1.745464843673043163e+02 7.224905928012765877e+00 1.808045863787702601e+01
1.746869323666738865e+02 7.311885576942020570e+00 1.806455997951102432e+01
1.749484623416537090e+02 7.452550286648673250e+00 1.822870820938158687e+01
1.751137926279083388e+02 7.441832975432927988e+00 1.826909513583797917e+01
1.750698595322996880e+02 7.395713075513701718e+00 1.827173506176244544e+01
1.749195807640024327e+02 7.371224807423313763e+00 1.811690537638645537e+01
1.749079572095589015e+02 7.389507279497231629e+00 1.808518686341338366e+01
1.748136488110482958e+02 7.350341811304399009e+00 1.809785456766287837e+01
1.748586063555231647e+02 7.329675525522567625e+00 1.816755649244468884e+01
1.750597529502157386e+02 7.399042534328887477e+00 1.825433913197659663e+01
1.752484288500561433e+02 7.429874505013889241e+00 1.842494927008018379e+01
1.753954766642368952e+02 7.498473177170550841e+00 1.852495124017415762e+01
1.755935893142102771e+02 7.513367087610078876e+00 1.850247246793671962e+01
1.758257451880454596e+02 7.549518312023483446e+00 1.861021690734648004e+01
1.760086684134833206e+02 7.541519730491144102e+00 1.861953545184105252e+01
1.761995114166945768e+02 7.547804330266553841e+00 1.876548001339664040e+01
1.763639945625406256e+02 7.548237750940719692e+00 1.872570381607202705e+01
1.765256998758840723e+02 7.639078784057999449e+00 1.884846037155972454e+01
1.765882503595421440e+02 7.680155243405110355e+00 1.890720857384897258e+01
1.766459544120254463e+02 7.656297405386236932e+00 1.893833605862999647e+01
1.766960539017711085e+02 7.663764061545736084e+00 1.891085324769991516e+01
1.769265351957288317e+02 7.724462656868732680e+00 1.899267125041864546e+01
1.769930849701530633e+02 7.734628341771902171e+00 1.898577592151145765e+01
1.762751433243365682e+02 7.695778088614827261e+00 1.867838215882897757e+01
1.750593392304812994e+02 7.536712701195846797e+00 1.816655174451821253e+01
1.741400145786953999e+02 7.318130774837960040e+00 1.788179436159104796e+01
1.733381666305482725e+02 7.152918694221714446e+00 1.750842215173663874e+01
1.731453141314840707e+02 7.039835300143816532e+00 1.742223054039677521e+01
1.730370574676412048e+02 7.088201107192813488e+00 1.735778876652416258e+01
1.730804783388167607e+02 7.021907444985125757e+00 1.736438858133533003e+01
1.731320553990425424e+02 7.055300537835655028e+00 1.730020291967926838e+01
1.732372190153470228e+02 7.147894954589333771e+00 1.741604444532004337e+01
1.734949270080182941e+02 7.153884040268720490e+00 1.754569632971492865e+01
1.735999921196241189e+02 7.140231289032486828e+00 1.765271183435449842e+01
1.735708544297563094e+02 7.160621761658030771e+00 1.765749916271006015e+01
1.735331665320435661e+02 7.119939321105616337e+00 1.758007446955219777e+01
1.734502058748202273e+02 7.104651391871391830e+00 1.754451427333083657e+01
1.734360606000906273e+02 7.116984180145393246e+00 1.751330798479087392e+01
1.735170314624007517e+02 7.102819204476053194e+00 1.754423846017455091e+01
1.736775547193601028e+02 7.116865974506984216e+00 1.768480466518252925e+01
1.737820682046533705e+02 7.183396047991489120e+00 1.771061289623515123e+01
1.740396382907464670e+02 7.190547489115230562e+00 1.781280167063968989e+01
1.741823124963060820e+02 7.209874110995094121e+00 1.788555724108039868e+01
1.744476447526546963e+02 7.289820524439015514e+00 1.793699639472802687e+01
1.746113792627908481e+02 7.312910025808230685e+00 1.801851888335073681e+01
1.747395732776453485e+02 7.351110147954057261e+00 1.806960342008313702e+01
1.749073464804271225e+02 7.351051045134853190e+00 1.817360468094328141e+01
1.750080379834118105e+02 7.348036801355424252e+00 1.826805098603203348e+01
1.749738765539116230e+02 7.330680273449043938e+00 1.815400224590712952e+01
1.748994267026537273e+02 7.289012785909887882e+00 1.820542169861502302e+01
1.751608384719951061e+02 7.289465907523789312e+00 1.827031659410153708e+01
1.753579660749817890e+02 7.303158060639492355e+00 1.832120412143659394e+01
1.754137985381902638e+02 7.350026596268642187e+00 1.839518115014086064e+01
1.747442226994227497e+02 7.295573198841585061e+00 1.806300360527197313e+01
1.737176461317204712e+02 7.153982544967394830e+00 1.767806694379321897e+01
1.727805512322937886e+02 6.936700880632006516e+00 1.723849957642979547e+01
1.723438996040111135e+02 6.871116452254772966e+00 1.715871077050375249e+01
1.720268129789791089e+02 6.839457042100907991e+00 1.695230402490198784e+01
1.719552788668019332e+02 6.777083866900451170e+00 1.696520814042829883e+01
1.719038200122145952e+02 6.808644772355641805e+00 1.690494296577946898e+01
1.720382198230855693e+02 6.776551941527610978e+00 1.692265411060107638e+01
1.722133217754486907e+02 6.829330759077207880e+00 1.700713174018400764e+01
1.724680943280994541e+02 6.831162946472546516e+00 1.707494237475127719e+01
1.726023759333320129e+02 6.810496660690715132e+00 1.714042829842983551e+01
1.727160897574814271e+02 6.843416930987608282e+00 1.713885222325104962e+01
1.727442621013022404e+02 6.859827813786717243e+00 1.718432199215902756e+01
1.726997970803207352e+02 6.860477944797966465e+00 1.723979983845229569e+01
1.727062392876140109e+02 6.847416221753777954e+00 1.721706495399830672e+01
1.727866979254910405e+02 6.856655962489410783e+00 1.728511199984239255e+01
1.729505900431450698e+02 6.892531373746527912e+00 1.742575700860930965e+01
1.731510077030674495e+02 6.910971453338324189e+00 1.743403140329793644e+01
1.731815638605961567e+02 6.945034378139837372e+00 1.736025138399101664e+01
1.734174038101617441e+02 6.972950609744084538e+00 1.756510175535373008e+01
1.736794657105143926e+02 7.044622628499379147e+00 1.764699856183139914e+01
1.738968261786087055e+02 7.126617939675722546e+00 1.784306231407238030e+01
1.740962784924840889e+02 7.099607951299277353e+00 1.790846943399199986e+01
1.743723871628676818e+02 7.145609645580094593e+00 1.801018538584290596e+01
1.744935085403573680e+02 7.192261470872160167e+00 1.801958273409641720e+01
1.747347071455308480e+02 7.208179830177899206e+00 1.810228727910321211e+01
1.748164463444906289e+02 7.206662857818318280e+00 1.815471147973758193e+01
1.750839851060895569e+02 7.237081108768887994e+00 1.832094800922003941e+01
1.751732697649677846e+02 7.238263165152977408e+00 1.833700427510392217e+01
1.752971295730806389e+02 7.253334384050119432e+00 1.838560649342973718e+01
1.752506550562461882e+02 7.275537343131267320e+00 1.833225634862782982e+01
1.747690261825489131e+02 7.199353809176697538e+00 1.810045509170787525e+01
1.736715262318012662e+02 7.027384306231406974e+00 1.765355897476309721e+01
1.728253314683110489e+02 6.815244587166807477e+00 1.733840304182509584e+01
1.723453771744912331e+02 6.730136527512362576e+00 1.709005299552788770e+01
1.722052640910971490e+02 6.744084792844618370e+00 1.707561220670226021e+01
1.722647806300360571e+02 6.704564707736558660e+00 1.710323292421048436e+01
1.722037274177978361e+02 6.717173309166847517e+00 1.714011308339407691e+01
1.723209677101597777e+02 6.776906558442838069e+00 1.716862034319036923e+01
1.725449476940050033e+02 6.831044740834137485e+00 1.718247010382395246e+01
1.727977698536220146e+02 6.840777005063141125e+00 1.726036761953545096e+01
1.729051990779960306e+02 6.833645264879134373e+00 1.731263421265194324e+01
1.730130617230441885e+02 6.798262377115388055e+00 1.729039185169132509e+01
1.730128056108276269e+02 6.793829665675052532e+00 1.729527768474556382e+01
1.729725171890699187e+02 6.735061762446068911e+00 1.733310348903642861e+01
1.731169447782659176e+02 6.755590141649756575e+00 1.729677495616540739e+01
1.732771134183100514e+02 6.796154376563761979e+00 1.741153293012076730e+01
1.735899249394196033e+02 6.835359246636064867e+00 1.757501132804034683e+01
1.737392186607301028e+02 6.884237278118166437e+00 1.766433538879804743e+01
1.740467503299907435e+02 6.958785634074745374e+00 1.784489450146772072e+01
1.743731160976378476e+02 7.038042514627948165e+00 1.787558856557457787e+01
1.746599223782974377e+02 7.087373667723950277e+00 1.804856281644634564e+01
1.748292913571977465e+02 7.106444177387261085e+00 1.809775606296420492e+01
1.749981875135443943e+02 7.137906578143777381e+00 1.814722512263834986e+01
1.752225024133651061e+02 7.180125691995508319e+00 1.812202762071750684e+01
1.753520557930613393e+02 7.215961701373155179e+00 1.826633700427510476e+01
1.754031797316731911e+02 7.234776098819914125e+00 1.834843082015012072e+01
1.754852144447290243e+02 7.306802734490434936e+00 1.838511396993636637e+01
1.756272188183376386e+02 7.395516066116353926e+00 1.853182686814161073e+01
1.758746626214070545e+02 7.415039697393565277e+00 1.870614078291534454e+01
1.761146397683169482e+02 7.443566658129593172e+00 1.881339269883173415e+01
1.764567465868121872e+02 7.453436828936740532e+00 1.892153115703619193e+01
1.767540928702298970e+02 7.467365393329261636e+00 1.898902657656770288e+01
1.767838412892294855e+02 7.472428534841111691e+00 1.902943320396382987e+01
1.760799464134439347e+02 7.434917945586004606e+00 1.868827203057585962e+01
1.748459977540928776e+02 7.217557477491676643e+00 1.807764140349494753e+01
1.739150298469236873e+02 7.037037766701471853e+00 1.767067909139266035e+01
1.732627120313638898e+02 6.955495577139029884e+00 1.752688193226816793e+01
1.730636734372229455e+02 6.927283831438759698e+00 1.737155972339880705e+01
1.729846726688863043e+02 6.898559861305384011e+00 1.739238361669851685e+01
1.731317992868259807e+02 6.923166335034180996e+00 1.743801099312437231e+01
1.732796154376563891e+02 6.902007525758978801e+00 1.746740479520873279e+01
1.734478220611123049e+02 6.978447171930101334e+00 1.760680864477235730e+01
1.737062589885537420e+02 7.032999074055832800e+00 1.763872416714277236e+01
1.739201717921944805e+02 7.062117062983904070e+00 1.773531787466261989e+01
1.739440296302133504e+02 7.037155972339880883e+00 1.777109478122106268e+01
1.739328197955042583e+02 7.046789731870210183e+00 1.781794361591047959e+01
1.739850272858015217e+02 7.068342559940108849e+00 1.778372308359108800e+01
1.739964341299080104e+02 7.009456451072716199e+00 1.785145491439941523e+01
1.739893811934829273e+02 7.037116570460410614e+00 1.784629326818889083e+01
1.741920053586556207e+02 7.114088142004373339e+00 1.773908075415197416e+01
1.742785712878504398e+02 7.148288973384030243e+00 1.794018794696507157e+01
1.745342303827892465e+02 7.170964755018814252e+00 1.808530506905179536e+01
1.748155992040820479e+02 7.228176284008747565e+00 1.812738627632538169e+01
1.749399318347485064e+02 7.289761421619811443e+00 1.815276108670383692e+01
1.751147185720759012e+02 7.336964873224452788e+00 1.820577631553025100e+01
1.753317047223152656e+02 7.349080951161370834e+00 1.827687700703323515e+01
1.754930357178037355e+02 7.387812998680036713e+00 1.837534230382789247e+01
1.755401012628302340e+02 7.464449654248507926e+00 1.847301956303315507e+01
1.756633897436907716e+02 7.479343564688035961e+00 1.852085344470931361e+01
1.757421935026300730e+02 7.479008648712543561e+00 1.857176067298410160e+01
1.757403022124155427e+02 7.429027364605291339e+00 1.859445615555862119e+01
1.760083334975078344e+02 7.447625051714966915e+00 1.867487539155617782e+01
1.762803837743060456e+02 7.533462046139600687e+00 1.876106700289603779e+01
1.765334226442601278e+02 7.626548986386650242e+00 1.885157312003782692e+01
1.768984022537875092e+02 7.674402569002541696e+00 1.895957367166413832e+01
1.770934809590417558e+02 7.691995508185740071e+00 1.906426446541500042e+01
1.771502393664177646e+02 7.716917196950294766e+00 1.901473630292164785e+01
1.765442778620540309e+02 7.577572450205875221e+00 1.875515672097559161e+01
1.755518036210327182e+02 7.443290844973304843e+00 1.838578380188734940e+01
1.746116353750073813e+02 7.288382355838373350e+00 1.810813845820445778e+01
1.741620599302586641e+02 7.174097204436651332e+00 1.788386296026320466e+01
1.739617998778541619e+02 7.122165527295652332e+00 1.787340176126401303e+01
1.738821095766268172e+02 7.132272109379617753e+00 1.783009909572686524e+01
1.740337871116452391e+02 7.121062274670501679e+00 1.790086487125435966e+01
1.742770543154908580e+02 7.131582576488898262e+00 1.801436198506668873e+01
1.746249532102681314e+02 7.231052621210031894e+00 1.803329458815185404e+01
1.748191650741740375e+02 7.278137867176264209e+00 1.818313993577493548e+01
1.749487775566894641e+02 7.275596445950472280e+00 1.813973876553911779e+01
1.749356764317657849e+02 7.277290726767667195e+00 1.818083492582596250e+01
1.746876416005043495e+02 7.267794873815480727e+00 1.808932406075769705e+01
1.745834039283673746e+02 7.270769715715439396e+00 1.807974940404657360e+01
1.745319253728402771e+02 7.249354794223684451e+00 1.804773537697748154e+01
1.746518449930061649e+02 7.302941350302408985e+00 1.804872042396422316e+01
1.747239110305561667e+02 7.348726334246143743e+00 1.817401840067771346e+01
1.749930849701530633e+02 7.392659429854804287e+00 1.829047065545026385e+01
1.752625150219665500e+02 7.440256900254142103e+00 1.838808881183632593e+01
1.754544218759234866e+02 7.479816387241671194e+00 1.844522153706731871e+01
1.757047223152544291e+02 7.510017927855158426e+00 1.847672333970330527e+01
1.758696388817746481e+02 7.505979235209519373e+00 1.856787958785633919e+01
1.759884946511948556e+02 7.523217557477491546e+00 1.860408991508894871e+01
1.761044937843535081e+02 7.530920624913808759e+00 1.860387320475186712e+01
1.761812880474398639e+02 7.500443271144033197e+00 1.868880395594869981e+01
1.763056600799858131e+02 7.564885045016647602e+00 1.875166965464252655e+01
1.764834807620323431e+02 7.601942512657854145e+00 1.867420555960519479e+01
