6.720286620082815432e+01 0.000000000000000000e+00 0.000000000000000000e+00
6.721319228778467902e+01 0.000000000000000000e+00 0.000000000000000000e+00
6.721773421325052311e+01 0.000000000000000000e+00 0.000000000000000000e+00
6.771499741200828737e+01 0.000000000000000000e+00 0.000000000000000000e+00
6.820818452380952124e+01 0.000000000000000000e+00 0.000000000000000000e+00
6.871019668737059760e+01 0.000000000000000000e+00 0.000000000000000000e+00
6.903343038302277535e+01 0.000000000000000000e+00 0.000000000000000000e+00
6.906411749482401774e+01 0.000000000000000000e+00 0.000000000000000000e+00
6.914591744306417809e+01 0.000000000000000000e+00 0.000000000000000000e+00
6.908660714285714732e+01 0.000000000000000000e+00 0.000000000000000000e+00
6.899254011387164098e+01 0.000000000000000000e+00 0.000000000000000000e+00
6.897712215320910900e+01 0.000000000000000000e+00 0.000000000000000000e+00
6.904443581780537897e+01 0.000000000000000000e+00 0.000000000000000000e+00
6.909178959627328709e+01 0.000000000000000000e+00 0.000000000000000000e+00
6.911990812629399272e+01 0.000000000000000000e+00 0.000000000000000000e+00
6.908090709109730199e+01 0.000000000000000000e+00 0.000000000000000000e+00
6.906486154244306874e+01 0.000000000000000000e+00 0.000000000000000000e+00
6.908501552795030420e+01 0.000000000000000000e+00 0.000000000000000000e+00
6.904822075569357764e+01 0.000000000000000000e+00 0.000000000000000000e+00
6.905353907867494456e+01 0.000000000000000000e+00 0.000000000000000000e+00
6.908670419254657702e+01 0.000000000000000000e+00 0.000000000000000000e+00
6.910166278467909251e+01 0.000000000000000000e+00 0.000000000000000000e+00
6.911644021739130039e+01 0.000000000000000000e+00 0.000000000000000000e+00
6.921560559006211122e+01 0.000000000000000000e+00 0.000000000000000000e+00
6.929757375776397055e+01 0.000000000000000000e+00 0.000000000000000000e+00
6.940526656314699494e+01 0.000000000000000000e+00 0.000000000000000000e+00
6.956743659420290271e+01 0.000000000000000000e+00 0.000000000000000000e+00
6.967399715320911469e+01 0.000000000000000000e+00 0.000000000000000000e+00
6.980538302277432194e+01 0.000000000000000000e+00 0.000000000000000000e+00
6.989612448240166032e+01 0.000000000000000000e+00 0.000000000000000000e+00
6.989675854037267300e+01 0.000000000000000000e+00 0.000000000000000000e+00
6.987911490683229943e+01 0.000000000000000000e+00 0.000000000000000000e+00
6.993043478260869961e+01 0.000000000000000000e+00 0.000000000000000000e+00
7.007236024844721101e+01 0.000000000000000000e+00 0.000000000000000000e+00
7.032361542443064195e+01 0.000000000000000000e+00 0.000000000000000000e+00
7.054459109730848354e+01 0.000000000000000000e+00 0.000000000000000000e+00
7.086086956521738500e+01 0.000000000000000000e+00 0.000000000000000000e+00
7.094328416149068062e+01 0.000000000000000000e+00 0.000000000000000000e+00
7.091631081780538182e+01 0.000000000000000000e+00 0.000000000000000000e+00
7.091795419254658839e+01 0.000000000000000000e+00 0.000000000000000000e+00
7.089464932712215273e+01 0.000000000000000000e+00 0.000000000000000000e+00
7.080267857142857224e+01 0.000000000000000000e+00 0.000000000000000000e+00
7.071271350931677091e+01 0.000000000000000000e+00 0.000000000000000000e+00
7.074607919254658839e+01 0.000000000000000000e+00 0.000000000000000000e+00
7.074670031055900665e+01 0.000000000000000000e+00 0.000000000000000000e+00
7.085033643892339228e+01 0.000000000000000000e+00 0.000000000000000000e+00
7.103000776397514926e+01 0.000000000000000000e+00 0.000000000000000000e+00
7.118724767080745153e+01 0.000000000000000000e+00 0.000000000000000000e+00
7.136695134575569455e+01 0.000000000000000000e+00 0.000000000000000000e+00
7.155081521739130324e+01 0.000000000000000000e+00 0.000000000000000000e+00
7.159354943064181498e+01 0.000000000000000000e+00 0.000000000000000000e+00
7.161710015527950191e+01 0.000000000000000000e+00 0.000000000000000000e+00
7.158316511387162961e+01 0.000000000000000000e+00 0.000000000000000000e+00
7.151532091097308808e+01 0.000000000000000000e+00 0.000000000000000000e+00
7.137368012422359698e+01 0.000000000000000000e+00 0.000000000000000000e+00
7.128209109730849491e+01 0.000000000000000000e+00 0.000000000000000000e+00
7.123763586956522431e+01 0.000000000000000000e+00 0.000000000000000000e+00
7.121579968944099903e+01 0.000000000000000000e+00 0.000000000000000000e+00
7.124985119047619264e+01 0.000000000000000000e+00 0.000000000000000000e+00
7.132824792960661853e+01 0.000000000000000000e+00 0.000000000000000000e+00
7.157837085921325126e+01 0.000000000000000000e+00 0.000000000000000000e+00
7.161267468944099335e+01 0.000000000000000000e+00 0.000000000000000000e+00
7.161668607660455166e+01 0.000000000000000000e+00 0.000000000000000000e+00
7.164351061076604310e+01 0.000000000000000000e+00 0.000000000000000000e+00
7.175855331262940240e+01 0.000000000000000000e+00 0.000000000000000000e+00
7.185986024844720532e+01 0.000000000000000000e+00 0.000000000000000000e+00
7.195137810559006653e+01 0.000000000000000000e+00 0.000000000000000000e+00
7.201333462732918633e+01 0.000000000000000000e+00 0.000000000000000000e+00
7.206887939958592426e+01 0.000000000000000000e+00 0.000000000000000000e+00
7.211934523809523512e+01 0.000000000000000000e+00 0.000000000000000000e+00
7.214343297101449082e+01 0.000000000000000000e+00 0.000000000000000000e+00
7.222697981366459885e+01 0.000000000000000000e+00 0.000000000000000000e+00
7.230693581780538182e+01 0.000000000000000000e+00 0.000000000000000000e+00
7.243390269151139194e+01 0.000000000000000000e+00 0.000000000000000000e+00
7.253808229813664354e+01 0.000000000000000000e+00 0.000000000000000000e+00
7.261511387163561437e+01 0.000000000000000000e+00 0.000000000000000000e+00
7.254763198757764542e+01 0.000000000000000000e+00 0.000000000000000000e+00
7.239708850931677375e+01 0.000000000000000000e+00 0.000000000000000000e+00
7.233271868530020754e+01 0.000000000000000000e+00 0.000000000000000000e+00
7.227655279503105135e+01 0.000000000000000000e+00 0.000000000000000000e+00
7.226980460662525729e+01 0.000000000000000000e+00 0.000000000000000000e+00
7.234895186335403139e+01 0.000000000000000000e+00 0.000000000000000000e+00
7.248936335403726616e+01 0.000000000000000000e+00 0.000000000000000000e+00
7.260711697722567237e+01 0.000000000000000000e+00 0.000000000000000000e+00
7.260916796066253198e+01 0.000000000000000000e+00 0.000000000000000000e+00
7.264531573498965145e+01 0.000000000000000000e+00 0.000000000000000000e+00
7.263753234989647467e+01 0.000000000000000000e+00 0.000000000000000000e+00
7.264201604554865810e+01 0.000000000000000000e+00 0.000000000000000000e+00
7.255399197722567806e+01 0.000000000000000000e+00 0.000000000000000000e+00
7.257820263975155228e+01 0.000000000000000000e+00 0.000000000000000000e+00
7.262316899585921703e+01 0.000000000000000000e+00 0.000000000000000000e+00
7.264860895445134759e+01 0.000000000000000000e+00 0.000000000000000000e+00
7.268834109730849491e+01 0.000000000000000000e+00 0.000000000000000000e+00
7.271872412008281117e+01 0.000000000000000000e+00 0.000000000000000000e+00
7.282382893374740718e+01 0.000000000000000000e+00 0.000000000000000000e+00
7.291825828157350031e+01 0.000000000000000000e+00 0.000000000000000000e+00
7.304563923395444647e+01 0.000000000000000000e+00 0.000000000000000000e+00
7.314133022774326776e+01 0.000000000000000000e+00 0.000000000000000000e+00
7.322371894409937454e+01 0.000000000000000000e+00 0.000000000000000000e+00
7.333905926501034855e+01 0.000000000000000000e+00 0.000000000000000000e+00
7.346523033126294422e+01 0.000000000000000000e+00 0.000000000000000000e+00
7.348836050724638369e+01 0.000000000000000000e+00 0.000000000000000000e+00
7.354787784679089668e+01 0.000000000000000000e+00 0.000000000000000000e+00
7.358198110766045374e+01 0.000000000000000000e+00 0.000000000000000000e+00
7.367214673913044010e+01 0.000000000000000000e+00 0.000000000000000000e+00
7.371691899585921703e+01 0.000000000000000000e+00 0.000000000000000000e+00
7.373771350931677659e+01 0.000000000000000000e+00 0.000000000000000000e+00
7.373116589026915335e+01 0.000000000000000000e+00 0.000000000000000000e+00
7.371720367494823734e+01 0.000000000000000000e+00 0.000000000000000000e+00
7.365153338509317393e+01 0.000000000000000000e+00 0.000000000000000000e+00
7.358579192546584125e+01 0.000000000000000000e+00 0.000000000000000000e+00
7.350684523809523796e+01 0.000000000000000000e+00 0.000000000000000000e+00
7.338469849896480923e+01 0.000000000000000000e+00 0.000000000000000000e+00
7.331247412008281117e+01 0.000000000000000000e+00 0.000000000000000000e+00
7.327143504140786945e+01 0.000000000000000000e+00 0.000000000000000000e+00
7.325583592132505828e+01 0.000000000000000000e+00 0.000000000000000000e+00
7.328898162525879911e+01 0.000000000000000000e+00 0.000000000000000000e+00
7.329659032091097970e+01 0.000000000000000000e+00 0.000000000000000000e+00
7.332495471014492239e+01 0.000000000000000000e+00 0.000000000000000000e+00
7.332859730848861091e+01 0.000000000000000000e+00 0.000000000000000000e+00
7.319316770186335930e+01 0.000000000000000000e+00 0.000000000000000000e+00
7.318309394409938307e+01 0.000000000000000000e+00 0.000000000000000000e+00
7.311666019668737704e+01 0.000000000000000000e+00 0.000000000000000000e+00
7.304558100414078581e+01 0.000000000000000000e+00 0.000000000000000000e+00
7.302419772256729402e+01 0.000000000000000000e+00 0.000000000000000000e+00
7.296814182194617615e+01 0.000000000000000000e+00 0.000000000000000000e+00
7.289147903726707511e+01 0.000000000000000000e+00 0.000000000000000000e+00
7.286730072463768693e+01 0.000000000000000000e+00 0.000000000000000000e+00
7.281913819875776994e+01 0.000000000000000000e+00 0.000000000000000000e+00
7.277817028985506909e+01 0.000000000000000000e+00 0.000000000000000000e+00
7.275313146997929437e+01 0.000000000000000000e+00 0.000000000000000000e+00
7.273695005175983397e+01 0.000000000000000000e+00 0.000000000000000000e+00
7.271329580745342014e+01 0.000000000000000000e+00 0.000000000000000000e+00
7.269623447204969580e+01 0.000000000000000000e+00 0.000000000000000000e+00
7.276094720496894297e+01 0.000000000000000000e+00 0.000000000000000000e+00
7.287532996894410076e+01 0.000000000000000000e+00 0.000000000000000000e+00
7.290161102484472622e+01 0.000000000000000000e+00 0.000000000000000000e+00
7.294539984472049809e+01 0.000000000000000000e+00 0.000000000000000000e+00
7.299587215320910616e+01 0.000000000000000000e+00 0.000000000000000000e+00
7.300890916149067777e+01 0.000000000000000000e+00 0.000000000000000000e+00
7.302280020703933872e+01 0.000000000000000000e+00 0.000000000000000000e+00
7.306752070393375220e+01 0.000000000000000000e+00 0.000000000000000000e+00
7.305403079710144709e+01 0.000000000000000000e+00 0.000000000000000000e+00
7.298952510351966794e+01 0.000000000000000000e+00 0.000000000000000000e+00
7.287838379917184284e+01 0.000000000000000000e+00 0.000000000000000000e+00
7.280399844720497526e+01 0.000000000000000000e+00 0.000000000000000000e+00
7.267990424430641383e+01 0.000000000000000000e+00 0.000000000000000000e+00
7.256024197722567237e+01 0.000000000000000000e+00 0.000000000000000000e+00
7.251864648033125604e+01 0.000000000000000000e+00 0.000000000000000000e+00
7.250591356107661056e+01 0.000000000000000000e+00 0.000000000000000000e+00
7.248460144927535964e+01 0.000000000000000000e+00 0.000000000000000000e+00
7.247073628364388753e+01 0.000000000000000000e+00 0.000000000000000000e+00
7.251644668737060329e+01 0.000000000000000000e+00 0.000000000000000000e+00
7.247425595238095752e+01 0.000000000000000000e+00 0.000000000000000000e+00
7.246812888198758174e+01 0.000000000000000000e+00 0.000000000000000000e+00
7.253561723602484790e+01 0.000000000000000000e+00 0.000000000000000000e+00
7.255630822981366634e+01 0.000000000000000000e+00 0.000000000000000000e+00
7.254968297101449082e+01 0.000000000000000000e+00 0.000000000000000000e+00
7.249238483436853642e+01 0.000000000000000000e+00 0.000000000000000000e+00
7.244277303312630067e+01 0.000000000000000000e+00 0.000000000000000000e+00
7.242667572463767556e+01 0.000000000000000000e+00 0.000000000000000000e+00
7.250363612836439131e+01 0.000000000000000000e+00 0.000000000000000000e+00
7.259672619047618980e+01 0.000000000000000000e+00 0.000000000000000000e+00
7.263585662525879627e+01 0.000000000000000000e+00 0.000000000000000000e+00
7.266494565217391255e+01 0.000000000000000000e+00 0.000000000000000000e+00
7.268468555900621197e+01 0.000000000000000000e+00 0.000000000000000000e+00
7.267853907867494456e+01 0.000000000000000000e+00 0.000000000000000000e+00
7.266208592132505828e+01 0.000000000000000000e+00 0.000000000000000000e+00
7.268748059006210838e+01 0.000000000000000000e+00 0.000000000000000000e+00
7.276187888198758458e+01 0.000000000000000000e+00 0.000000000000000000e+00
7.283181288819875476e+01 0.000000000000000000e+00 0.000000000000000000e+00
7.287023162525879627e+01 0.000000000000000000e+00 0.000000000000000000e+00
7.288224637681159379e+01 0.000000000000000000e+00 0.000000000000000000e+00
7.292771092132505828e+01 0.000000000000000000e+00 0.000000000000000000e+00
7.300437370600414511e+01 0.000000000000000000e+00 0.000000000000000000e+00
7.308026656314699210e+01 0.000000000000000000e+00 0.000000000000000000e+00
7.308198110766045374e+01 0.000000000000000000e+00 0.000000000000000000e+00
7.305625000000000568e+01 0.000000000000000000e+00 0.000000000000000000e+00
7.303114001035196168e+01 0.000000000000000000e+00 0.000000000000000000e+00
7.294219720496894865e+01 0.000000000000000000e+00 0.000000000000000000e+00
7.249912008281573605e+01 0.000000000000000000e+00 0.000000000000000000e+00
7.244564570393374936e+01 0.000000000000000000e+00 0.000000000000000000e+00
7.237103390269150793e+01 0.000000000000000000e+00 0.000000000000000000e+00
7.220450957556936089e+01 0.000000000000000000e+00 0.000000000000000000e+00
7.213259575569358617e+01 0.000000000000000000e+00 0.000000000000000000e+00
7.215443840579709445e+01 0.000000000000000000e+00 0.000000000000000000e+00
7.221141951345755672e+01 0.000000000000000000e+00 0.000000000000000000e+00
7.233245988612836186e+01 0.000000000000000000e+00 0.000000000000000000e+00
7.257523938923395690e+01 0.000000000000000000e+00 0.000000000000000000e+00
7.280521480331262296e+01 0.000000000000000000e+00 0.000000000000000000e+00
7.300003234989648604e+01 0.000000000000000000e+00 0.000000000000000000e+00
7.312401009316769773e+01 0.000000000000000000e+00 0.000000000000000000e+00
7.317432065217391823e+01 0.000000000000000000e+00 0.000000000000000000e+00
7.319389880952381588e+01 0.000000000000000000e+00 0.000000000000000000e+00
7.322139622153208904e+01 0.000000000000000000e+00 0.000000000000000000e+00
7.325615942028986183e+01 0.000000000000000000e+00 0.000000000000000000e+00
7.332302018633539831e+01 0.000000000000000000e+00 0.000000000000000000e+00
7.347096273291926138e+01 0.000000000000000000e+00 0.000000000000000000e+00
7.379210662525879627e+01 0.000000000000000000e+00 0.000000000000000000e+00
7.418620600414078581e+01 0.000000000000000000e+00 0.000000000000000000e+00
7.439274715320911469e+01 0.000000000000000000e+00 0.000000000000000000e+00
7.460676759834367999e+01 0.000000000000000000e+00 0.000000000000000000e+00
7.467369306418218855e+01 0.000000000000000000e+00 0.000000000000000000e+00
7.465432841614907034e+01 0.000000000000000000e+00 0.000000000000000000e+00
7.464328416149068346e+01 0.000000000000000000e+00 0.000000000000000000e+00
7.457917960662526013e+01 0.000000000000000000e+00 0.000000000000000000e+00
7.451041019668737420e+01 0.000000000000000000e+00 0.000000000000000000e+00
7.436436335403726616e+01 0.000000000000000000e+00 0.000000000000000000e+00
7.420997670807453517e+01 0.000000000000000000e+00 0.000000000000000000e+00
7.394314182194617047e+01 0.000000000000000000e+00 0.000000000000000000e+00
7.391524974120082447e+01 0.000000000000000000e+00 0.000000000000000000e+00
7.390056935817806050e+01 0.000000000000000000e+00 0.000000000000000000e+00
7.396964285714285836e+01 0.000000000000000000e+00 0.000000000000000000e+00
7.403684006211180701e+01 0.000000000000000000e+00 0.000000000000000000e+00
7.415711697722566953e+01 0.000000000000000000e+00 0.000000000000000000e+00
7.427270962732919202e+01 0.000000000000000000e+00 0.000000000000000000e+00
7.428566252587991414e+01 0.000000000000000000e+00 0.000000000000000000e+00
7.430832686335403992e+01 0.000000000000000000e+00 0.000000000000000000e+00
7.435522774327121454e+01 0.000000000000000000e+00 0.000000000000000000e+00
7.433757116977226076e+01 0.000000000000000000e+00 0.000000000000000000e+00
7.402581521739129755e+01 0.000000000000000000e+00 0.000000000000000000e+00
7.366747541407868027e+01 0.000000000000000000e+00 0.000000000000000000e+00
7.340177277432712799e+01 0.000000000000000000e+00 0.000000000000000000e+00
7.311830357142856940e+01 0.000000000000000000e+00 0.000000000000000000e+00
7.298804994824016035e+01 0.000000000000000000e+00 0.000000000000000000e+00
7.288839285714286120e+01 0.000000000000000000e+00 0.000000000000000000e+00
7.282061982401656053e+01 0.000000000000000000e+00 0.000000000000000000e+00
7.286656314699793313e+01 0.000000000000000000e+00 0.000000000000000000e+00
7.291474508281574174e+01 0.000000000000000000e+00 0.000000000000000000e+00
7.291699663561077216e+01 0.000000000000000000e+00 0.000000000000000000e+00
7.290923913043478422e+01 0.000000000000000000e+00 0.000000000000000000e+00
7.291658255693582191e+01 0.000000000000000000e+00 0.000000000000000000e+00
7.295592003105589640e+01 0.000000000000000000e+00 0.000000000000000000e+00
7.292922489648033491e+01 0.000000000000000000e+00 0.000000000000000000e+00
7.283760998964802980e+01 0.000000000000000000e+00 0.000000000000000000e+00
7.284255305383022971e+01 0.000000000000000000e+00 0.000000000000000000e+00
7.301516563146998351e+01 0.000000000000000000e+00 0.000000000000000000e+00
7.322953545548654120e+01 0.000000000000000000e+00 0.000000000000000000e+00
7.322424301242236311e+01 0.000000000000000000e+00 0.000000000000000000e+00
7.313908514492753454e+01 0.000000000000000000e+00 0.000000000000000000e+00
7.312827380952380452e+01 0.000000000000000000e+00 0.000000000000000000e+00
7.310791278467908683e+01 0.000000000000000000e+00 0.000000000000000000e+00
7.314039855072464036e+01 0.000000000000000000e+00 0.000000000000000000e+00
7.318991330227743219e+01 0.000000000000000000e+00 0.000000000000000000e+00
7.341601966873706431e+01 0.000000000000000000e+00 0.000000000000000000e+00
7.394081262939958776e+01 0.000000000000000000e+00 0.000000000000000000e+00
7.414723084886128390e+01 0.000000000000000000e+00 0.000000000000000000e+00
7.417725155279502758e+01 0.000000000000000000e+00 0.000000000000000000e+00
7.414754787784679024e+01 0.000000000000000000e+00 0.000000000000000000e+00
7.404093555900621482e+01 0.000000000000000000e+00 0.000000000000000000e+00
7.399501811594203105e+01 0.000000000000000000e+00 0.000000000000000000e+00
7.410896739130434696e+01 0.000000000000000000e+00 0.000000000000000000e+00
7.430633410973085518e+01 0.000000000000000000e+00 0.000000000000000000e+00
7.441211180124223290e+01 0.000000000000000000e+00 0.000000000000000000e+00
7.442065217391304088e+01 0.000000000000000000e+00 0.000000000000000000e+00
7.452879140786750156e+01 0.000000000000000000e+00 0.000000000000000000e+00
7.459613742236024336e+01 0.000000000000000000e+00 0.000000000000000000e+00
7.473544901656315176e+01 0.000000000000000000e+00 0.000000000000000000e+00
7.510374611801242395e+01 0.000000000000000000e+00 0.000000000000000000e+00
7.584069616977225792e+01 0.000000000000000000e+00 0.000000000000000000e+00
7.623311982401656905e+01 0.000000000000000000e+00 0.000000000000000000e+00
7.643423266045549269e+01 0.000000000000000000e+00 0.000000000000000000e+00
7.644830486542443282e+01 0.000000000000000000e+00 0.000000000000000000e+00
7.639855719461698413e+01 0.000000000000000000e+00 0.000000000000000000e+00
7.636214415113872178e+01 0.000000000000000000e+00 0.000000000000000000e+00
7.642471532091097686e+01 0.000000000000000000e+00 0.000000000000000000e+00
7.653514492753623699e+01 0.000000000000000000e+00 0.000000000000000000e+00
7.671055253623188719e+01 0.000000000000000000e+00 0.000000000000000000e+00
7.704752846790890430e+01 0.000000000000000000e+00 0.000000000000000000e+00
7.737556288819875761e+01 0.000000000000000000e+00 0.000000000000000000e+00
7.746725543478261500e+01 0.000000000000000000e+00 0.000000000000000000e+00
7.753718297101448798e+01 0.000000000000000000e+00 0.000000000000000000e+00
7.760028467908902883e+01 0.000000000000000000e+00 0.000000000000000000e+00
7.775816511387164098e+01 0.000000000000000000e+00 0.000000000000000000e+00
7.779919125258798829e+01 0.000000000000000000e+00 0.000000000000000000e+00
7.773354037267080230e+01 0.000000000000000000e+00 0.000000000000000000e+00
7.773137939958591858e+01 0.000000000000000000e+00 0.000000000000000000e+00
7.775770574534161028e+01 0.000000000000000000e+00 0.000000000000000000e+00
7.784331651138715813e+01 0.000000000000000000e+00 0.000000000000000000e+00
7.800560300207038722e+01 0.000000000000000000e+00 0.000000000000000000e+00
7.813520962732918917e+01 0.000000000000000000e+00 0.000000000000000000e+00
7.802308488612835902e+01 0.000000000000000000e+00 0.000000000000000000e+00
7.752580227743271735e+01 0.000000000000000000e+00 0.000000000000000000e+00
7.718885869565217206e+01 0.000000000000000000e+00 0.000000000000000000e+00
7.715380434782608177e+01 0.000000000000000000e+00 0.000000000000000000e+00
7.712773033126293853e+01 0.000000000000000000e+00 0.000000000000000000e+00
7.711047489648032638e+01 0.000000000000000000e+00 0.000000000000000000e+00
7.719587215320910900e+01 0.000000000000000000e+00 0.000000000000000000e+00
7.726473861283643885e+01 0.000000000000000000e+00 0.000000000000000000e+00
7.732527820910972594e+01 0.000000000000000000e+00 0.000000000000000000e+00
7.741384575569358617e+01 0.000000000000000000e+00 0.000000000000000000e+00
7.754070910973085518e+01 0.000000000000000000e+00 0.000000000000000000e+00
7.759617624223602661e+01 0.000000000000000000e+00 0.000000000000000000e+00
7.761300465838509410e+01 0.000000000000000000e+00 0.000000000000000000e+00
7.760989259834369136e+01 0.000000000000000000e+00 0.000000000000000000e+00
7.765251035196686757e+01 0.000000000000000000e+00 0.000000000000000000e+00
7.797496118012422528e+01 0.000000000000000000e+00 0.000000000000000000e+00
7.854560688405797464e+01 0.000000000000000000e+00 0.000000000000000000e+00
7.900865683229814351e+01 0.000000000000000000e+00 0.000000000000000000e+00
7.929219720496894297e+01 0.000000000000000000e+00 0.000000000000000000e+00
7.930317675983437198e+01 0.000000000000000000e+00 0.000000000000000000e+00
7.887877846790890146e+01 0.000000000000000000e+00 0.000000000000000000e+00
7.857635222567287769e+01 0.000000000000000000e+00 0.000000000000000000e+00
7.839251423395445784e+01 0.000000000000000000e+00 0.000000000000000000e+00
7.828064182194617615e+01 0.000000000000000000e+00 0.000000000000000000e+00
7.816958462732918633e+01 0.000000000000000000e+00 0.000000000000000000e+00
7.805177277432711946e+01 0.000000000000000000e+00 0.000000000000000000e+00
7.795482660455486723e+01 0.000000000000000000e+00 0.000000000000000000e+00
7.761122541407867459e+01 0.000000000000000000e+00 0.000000000000000000e+00
7.738947334368529596e+01 0.000000000000000000e+00 0.000000000000000000e+00
7.714305771221532382e+01 0.000000000000000000e+00 0.000000000000000000e+00
7.687378364389233809e+01 0.000000000000000000e+00 0.000000000000000000e+00
7.672179736024844487e+01 0.000000000000000000e+00 0.000000000000000000e+00
7.668811464803312106e+01 0.000000000000000000e+00 0.000000000000000000e+00
7.660927148033125889e+01 0.000000000000000000e+00 0.000000000000000000e+00
7.652443711180124808e+01 0.000000000000000000e+00 0.000000000000000000e+00
7.653990683229814351e+01 0.000000000000000000e+00 0.000000000000000000e+00
7.661638845755693694e+01 0.000000000000000000e+00 0.000000000000000000e+00
7.685513069358178484e+01 0.000000000000000000e+00 0.000000000000000000e+00
7.706661490683229943e+01 0.000000000000000000e+00 0.000000000000000000e+00
7.736207298136646671e+01 0.000000000000000000e+00 0.000000000000000000e+00
7.753231754658385455e+01 0.000000000000000000e+00 0.000000000000000000e+00
7.750604296066252630e+01 0.000000000000000000e+00 0.000000000000000000e+00
7.746479037267080514e+01 0.000000000000000000e+00 0.000000000000000000e+00
7.740445781573498607e+01 0.000000000000000000e+00 0.000000000000000000e+00
7.731997929606625064e+01 0.000000000000000000e+00 0.000000000000000000e+00
7.729238483436853357e+01 0.000000000000000000e+00 0.000000000000000000e+00
7.733691770186335646e+01 0.000000000000000000e+00 0.000000000000000000e+00
7.744882893374740718e+01 0.000000000000000000e+00 0.000000000000000000e+00
7.761815476190476204e+01 0.000000000000000000e+00 0.000000000000000000e+00
7.782134446169771991e+01 0.000000000000000000e+00 0.000000000000000000e+00
7.797908255693582191e+01 0.000000000000000000e+00 0.000000000000000000e+00
7.798278338509317109e+01 0.000000000000000000e+00 0.000000000000000000e+00
7.793002717391304657e+01 0.000000000000000000e+00 0.000000000000000000e+00
7.787562758799171547e+01 0.000000000000000000e+00 0.000000000000000000e+00
7.787259316770186501e+01 0.000000000000000000e+00 0.000000000000000000e+00
7.793440734989647467e+01 0.000000000000000000e+00 0.000000000000000000e+00
7.790771221532091317e+01 0.000000000000000000e+00 0.000000000000000000e+00
7.781585144927535680e+01 0.000000000000000000e+00 0.000000000000000000e+00
7.778663302277432479e+01 0.000000000000000000e+00 0.000000000000000000e+00
7.785148809523809632e+01 0.000000000000000000e+00 0.000000000000000000e+00
7.789448110766045374e+01 0.000000000000000000e+00 0.000000000000000000e+00
7.794510869565218059e+01 0.000000000000000000e+00 0.000000000000000000e+00
7.800337085921324842e+01 0.000000000000000000e+00 0.000000000000000000e+00
7.799644151138716097e+01 0.000000000000000000e+00 0.000000000000000000e+00
7.795865036231883494e+01 0.000000000000000000e+00 0.000000000000000000e+00
7.791146480331262580e+01 0.000000000000000000e+00 0.000000000000000000e+00
7.790835921325052027e+01 0.000000000000000000e+00 0.000000000000000000e+00
7.791722955486542901e+01 0.000000000000000000e+00 0.000000000000000000e+00
7.798508022774326776e+01 0.000000000000000000e+00 0.000000000000000000e+00
7.803856107660455166e+01 0.000000000000000000e+00 0.000000000000000000e+00
7.810236154244306306e+01 0.000000000000000000e+00 0.000000000000000000e+00
7.810555124223601808e+01 0.000000000000000000e+00 0.000000000000000000e+00
7.817476061076604310e+01 0.000000000000000000e+00 0.000000000000000000e+00
7.820295678053830102e+01 0.000000000000000000e+00 0.000000000000000000e+00
7.824677795031055894e+01 0.000000000000000000e+00 0.000000000000000000e+00
7.834246894409938022e+01 0.000000000000000000e+00 0.000000000000000000e+00
7.842056806418219139e+01 0.000000000000000000e+00 0.000000000000000000e+00
7.852190734989648035e+01 0.000000000000000000e+00 0.000000000000000000e+00
7.851665372670807130e+01 0.000000000000000000e+00 0.000000000000000000e+00
7.841466097308489225e+01 0.000000000000000000e+00 0.000000000000000000e+00
7.824382116977226076e+01 0.000000000000000000e+00 0.000000000000000000e+00
7.785071816770185649e+01 0.000000000000000000e+00 0.000000000000000000e+00
7.733775232919253995e+01 0.000000000000000000e+00 0.000000000000000000e+00
7.711993400621118155e+01 0.000000000000000000e+00 0.000000000000000000e+00
7.719574275362319327e+01 0.000000000000000000e+00 0.000000000000000000e+00
7.756376811594202536e+01 0.000000000000000000e+00 0.000000000000000000e+00
7.797745859213250696e+01 0.000000000000000000e+00 0.000000000000000000e+00
7.813640657349895946e+01 0.000000000000000000e+00 0.000000000000000000e+00
7.813362448240165747e+01 0.000000000000000000e+00 0.000000000000000000e+00
7.803376035196687610e+01 0.000000000000000000e+00 0.000000000000000000e+00
7.778524197722566669e+01 0.000000000000000000e+00 0.000000000000000000e+00
7.755920678053830386e+01 0.000000000000000000e+00 0.000000000000000000e+00
7.752147386128363848e+01 0.000000000000000000e+00 0.000000000000000000e+00
7.750550595238095752e+01 0.000000000000000000e+00 0.000000000000000000e+00
7.745421842650102917e+01 0.000000000000000000e+00 0.000000000000000000e+00
7.746387163561077216e+01 0.000000000000000000e+00 0.000000000000000000e+00
7.751750129399586342e+01 0.000000000000000000e+00 0.000000000000000000e+00
7.755913561076604879e+01 0.000000000000000000e+00 0.000000000000000000e+00
7.752927018633540968e+01 0.000000000000000000e+00 0.000000000000000000e+00
7.754393115942029624e+01 0.000000000000000000e+00 0.000000000000000000e+00
7.740344849896480639e+01 0.000000000000000000e+00 0.000000000000000000e+00
7.723941511387162961e+01 0.000000000000000000e+00 0.000000000000000000e+00
7.706411102484472053e+01 0.000000000000000000e+00 0.000000000000000000e+00
7.697575051759834253e+01 0.000000000000000000e+00 0.000000000000000000e+00
7.689336180124223574e+01 0.000000000000000000e+00 0.000000000000000000e+00
7.684991589026914482e+01 0.000000000000000000e+00 0.000000000000000000e+00
7.691386516563146358e+01 0.000000000000000000e+00 0.000000000000000000e+00
7.694580098343685393e+01 0.000000000000000000e+00 0.000000000000000000e+00
7.692850672877847273e+01 0.000000000000000000e+00 0.000000000000000000e+00
7.696315993788819299e+01 0.000000000000000000e+00 0.000000000000000000e+00
7.708339803312630067e+01 0.000000000000000000e+00 0.000000000000000000e+00
7.720346790890269517e+01 0.000000000000000000e+00 0.000000000000000000e+00
7.719692028985507193e+01 0.000000000000000000e+00 0.000000000000000000e+00
7.710590062111801046e+01 0.000000000000000000e+00 0.000000000000000000e+00
7.675970496894410644e+01 0.000000000000000000e+00 0.000000000000000000e+00
7.638603131469979246e+01 0.000000000000000000e+00 0.000000000000000000e+00
7.629840191511387104e+01 0.000000000000000000e+00 0.000000000000000000e+00
7.632822851966874111e+01 0.000000000000000000e+00 0.000000000000000000e+00
7.646284937888198385e+01 0.000000000000000000e+00 0.000000000000000000e+00
7.661970108695652470e+01 0.000000000000000000e+00 0.000000000000000000e+00
7.674681677018634218e+01 0.000000000000000000e+00 0.000000000000000000e+00
7.679521868530021322e+01 0.000000000000000000e+00 0.000000000000000000e+00
7.653907220496894581e+01 0.000000000000000000e+00 0.000000000000000000e+00
7.603081004140786092e+01 0.000000000000000000e+00 0.000000000000000000e+00
7.556144539337473987e+01 0.000000000000000000e+00 0.000000000000000000e+00
7.538242106625258998e+01 0.000000000000000000e+00 0.000000000000000000e+00
7.534825957556935805e+01 0.000000000000000000e+00 0.000000000000000000e+00
7.546475155279503610e+01 0.000000000000000000e+00 0.000000000000000000e+00
7.567449534161490021e+01 0.000000000000000000e+00 0.000000000000000000e+00
7.583664596273291636e+01 0.000000000000000000e+00 0.000000000000000000e+00
7.578676889233953773e+01 0.000000000000000000e+00 0.000000000000000000e+00
7.573383152173913402e+01 0.000000000000000000e+00 0.000000000000000000e+00
7.560759575569358049e+01 0.000000000000000000e+00 0.000000000000000000e+00
7.541622023809523512e+01 0.000000000000000000e+00 0.000000000000000000e+00
7.501540502070393757e+01 0.000000000000000000e+00 0.000000000000000000e+00
7.438459497929606812e+01 0.000000000000000000e+00 0.000000000000000000e+00
7.365184394409938307e+01 0.000000000000000000e+00 0.000000000000000000e+00
7.305366200828157730e+01 0.000000000000000000e+00 0.000000000000000000e+00
7.282362189440993916e+01 0.000000000000000000e+00 0.000000000000000000e+00
7.300887034161490874e+01 0.000000000000000000e+00 0.000000000000000000e+00
7.328346273291926138e+01 0.000000000000000000e+00 0.000000000000000000e+00
7.368144409937887929e+01 0.000000000000000000e+00 0.000000000000000000e+00
7.391788949275361631e+01 0.000000000000000000e+00 0.000000000000000000e+00
7.414157608695651902e+01 0.000000000000000000e+00 0.000000000000000000e+00
7.440958203933747939e+01 0.000000000000000000e+00 0.000000000000000000e+00
7.471411102484472622e+01 0.000000000000000000e+00 0.000000000000000000e+00
7.496806418219462387e+01 0.000000000000000000e+00 0.000000000000000000e+00
7.533502199792960141e+01 0.000000000000000000e+00 0.000000000000000000e+00
7.559169254658385739e+01 0.000000000000000000e+00 0.000000000000000000e+00
7.571264233954451583e+01 0.000000000000000000e+00 0.000000000000000000e+00
7.587980072463767556e+01 0.000000000000000000e+00 0.000000000000000000e+00
7.607531702898550918e+01 0.000000000000000000e+00 0.000000000000000000e+00
7.626479684265009951e+01 0.000000000000000000e+00 0.000000000000000000e+00
7.640352613871635867e+01 0.000000000000000000e+00 0.000000000000000000e+00
7.645568711180123955e+01 0.000000000000000000e+00 0.000000000000000000e+00
7.644536749482401206e+01 0.000000000000000000e+00 0.000000000000000000e+00
7.640051112836438563e+01 0.000000000000000000e+00 0.000000000000000000e+00
7.642788561076604026e+01 0.000000000000000000e+00 0.000000000000000000e+00
7.641733954451345312e+01 0.000000000000000000e+00 0.000000000000000000e+00
7.645638586956522431e+01 0.000000000000000000e+00 0.000000000000000000e+00
7.645795807453416160e+01 0.000000000000000000e+00 0.000000000000000000e+00
7.643354684265010235e+01 0.000000000000000000e+00 0.000000000000000000e+00
7.643256340579709729e+01 0.000000000000000000e+00 0.000000000000000000e+00
7.659786490683229943e+01 0.000000000000000000e+00 0.000000000000000000e+00
7.667311076604555353e+01 0.000000000000000000e+00 0.000000000000000000e+00
7.657059394409938591e+01 0.000000000000000000e+00 0.000000000000000000e+00
7.631188535196687894e+01 0.000000000000000000e+00 0.000000000000000000e+00
7.579422230848861375e+01 0.000000000000000000e+00 0.000000000000000000e+00
7.518179347826087167e+01 0.000000000000000000e+00 0.000000000000000000e+00
7.500059523809524364e+01 0.000000000000000000e+00 0.000000000000000000e+00
7.494382116977226360e+01 0.000000000000000000e+00 0.000000000000000000e+00
7.503383152173913118e+01 0.000000000000000000e+00 0.000000000000000000e+00
7.523118530020704497e+01 0.000000000000000000e+00 0.000000000000000000e+00
7.533547489648033491e+01 0.000000000000000000e+00 0.000000000000000000e+00
7.532635869565217490e+01 0.000000000000000000e+00 0.000000000000000000e+00
7.530485248447205038e+01 0.000000000000000000e+00 0.000000000000000000e+00
7.534090967908902314e+01 0.000000000000000000e+00 0.000000000000000000e+00
7.552800207039337010e+01 0.000000000000000000e+00 0.000000000000000000e+00
7.597769798136646102e+01 0.000000000000000000e+00 0.000000000000000000e+00
7.687582168737060329e+01 0.000000000000000000e+00 0.000000000000000000e+00
7.728095238095238528e+01 0.000000000000000000e+00 0.000000000000000000e+00
7.750434782608695627e+01 0.000000000000000000e+00 0.000000000000000000e+00
7.752891433747412009e+01 0.000000000000000000e+00 0.000000000000000000e+00
7.750631469979296639e+01 0.000000000000000000e+00 0.000000000000000000e+00
7.749432582815734349e+01 0.000000000000000000e+00 0.000000000000000000e+00
7.751295936853001933e+01 0.000000000000000000e+00 0.000000000000000000e+00
7.775689699792960141e+01 0.000000000000000000e+00 0.000000000000000000e+00
7.816968814699792745e+01 0.000000000000000000e+00 0.000000000000000000e+00
7.830036231884058395e+01 0.000000000000000000e+00 0.000000000000000000e+00
7.833200051759834537e+01 0.000000000000000000e+00 0.000000000000000000e+00
7.830284032091097401e+01 0.000000000000000000e+00 0.000000000000000000e+00
7.822673395445134759e+01 0.000000000000000000e+00 0.000000000000000000e+00
7.816879528985506909e+01 0.000000000000000000e+00 0.000000000000000000e+00
7.811837474120082447e+01 0.000000000000000000e+00 0.000000000000000000e+00
7.798233048654243760e+01 0.000000000000000000e+00 0.000000000000000000e+00
7.785258799171842270e+01 0.000000000000000000e+00 0.000000000000000000e+00
7.776475802277433047e+01 0.000000000000000000e+00 0.000000000000000000e+00
7.763522256728778359e+01 0.000000000000000000e+00 0.000000000000000000e+00
7.761354166666666288e+01 0.000000000000000000e+00 0.000000000000000000e+00
7.753524844720496390e+01 0.000000000000000000e+00 0.000000000000000000e+00
7.757510351966874396e+01 0.000000000000000000e+00 0.000000000000000000e+00
7.752267727743270598e+01 0.000000000000000000e+00 0.000000000000000000e+00
7.747331133540372150e+01 0.000000000000000000e+00 0.000000000000000000e+00
7.743596661490683175e+01 0.000000000000000000e+00 0.000000000000000000e+00
7.739351708074534031e+01 0.000000000000000000e+00 0.000000000000000000e+00
7.715168866459627850e+01 0.000000000000000000e+00 0.000000000000000000e+00
7.668787525879916700e+01 0.000000000000000000e+00 0.000000000000000000e+00
7.647423654244306590e+01 0.000000000000000000e+00 0.000000000000000000e+00
7.643370212215320691e+01 0.000000000000000000e+00 0.000000000000000000e+00
7.665564182194617615e+01 0.000000000000000000e+00 0.000000000000000000e+00
7.697278726708074714e+01 0.000000000000000000e+00 0.000000000000000000e+00
7.706323757763975379e+01 0.000000000000000000e+00 0.000000000000000000e+00
7.702625517598343663e+01 0.000000000000000000e+00 0.000000000000000000e+00
7.700535067287785296e+01 0.000000000000000000e+00 0.000000000000000000e+00
7.705436723602484506e+01 0.000000000000000000e+00 0.000000000000000000e+00
7.716167831262940524e+01 0.000000000000000000e+00 0.000000000000000000e+00
7.728247282608695912e+01 0.000000000000000000e+00 0.000000000000000000e+00
7.735009704968943822e+01 0.000000000000000000e+00 0.000000000000000000e+00
7.735647644927536248e+01 0.000000000000000000e+00 0.000000000000000000e+00
7.729197075569358333e+01 0.000000000000000000e+00 0.000000000000000000e+00
7.720088638716356400e+01 0.000000000000000000e+00 0.000000000000000000e+00
7.716631081780538182e+01 0.000000000000000000e+00 0.000000000000000000e+00
7.722274197722566669e+01 0.000000000000000000e+00 0.000000000000000000e+00
7.726035196687369933e+01 0.000000000000000000e+00 0.000000000000000000e+00
7.735635351966874396e+01 0.000000000000000000e+00 0.000000000000000000e+00
7.738604425465838688e+01 0.000000000000000000e+00 0.000000000000000000e+00
7.737715450310558651e+01 0.000000000000000000e+00 0.000000000000000000e+00
7.741415631469979530e+01 0.000000000000000000e+00 0.000000000000000000e+00
7.751759187370601012e+01 0.000000000000000000e+00 0.000000000000000000e+00
7.755692287784678740e+01 0.000000000000000000e+00 0.000000000000000000e+00
7.746610377846791096e+01 0.000000000000000000e+00 0.000000000000000000e+00
7.722531055900621766e+01 0.000000000000000000e+00 0.000000000000000000e+00
7.701215062111801046e+01 0.000000000000000000e+00 0.000000000000000000e+00
7.686145833333333144e+01 0.000000000000000000e+00 0.000000000000000000e+00
7.680872800207039575e+01 0.000000000000000000e+00 0.000000000000000000e+00
7.685509834368529880e+01 0.000000000000000000e+00 0.000000000000000000e+00
7.692056159420289418e+01 0.000000000000000000e+00 0.000000000000000000e+00
7.710765398550724115e+01 0.000000000000000000e+00 0.000000000000000000e+00
7.725164337474120657e+01 0.000000000000000000e+00 0.000000000000000000e+00
7.737060041407868027e+01 0.000000000000000000e+00 0.000000000000000000e+00
7.746215709109731051e+01 0.000000000000000000e+00 0.000000000000000000e+00
7.762903079710144993e+01 0.000000000000000000e+00 0.000000000000000000e+00
7.777817028985506909e+01 0.000000000000000000e+00 0.000000000000000000e+00
7.783427795031056462e+01 0.000000000000000000e+00 0.000000000000000000e+00
7.788715062111801046e+01 0.000000000000000000e+00 0.000000000000000000e+00
7.793431030020704497e+01 0.000000000000000000e+00 0.000000000000000000e+00
7.795687111801241542e+01 0.000000000000000000e+00 0.000000000000000000e+00
7.796136128364389606e+01 0.000000000000000000e+00 0.000000000000000000e+00
7.804745729813664923e+01 0.000000000000000000e+00 0.000000000000000000e+00
7.823553959627329846e+01 0.000000000000000000e+00 0.000000000000000000e+00
7.840139104554864957e+01 0.000000000000000000e+00 0.000000000000000000e+00
7.852236671842649685e+01 0.000000000000000000e+00 0.000000000000000000e+00
7.861389104554865526e+01 0.000000000000000000e+00 0.000000000000000000e+00
7.873493141821946040e+01 0.000000000000000000e+00 0.000000000000000000e+00
7.885790631469978962e+01 0.000000000000000000e+00 0.000000000000000000e+00
7.898670419254658270e+01 0.000000000000000000e+00 0.000000000000000000e+00
7.911521092132505828e+01 0.000000000000000000e+00 0.000000000000000000e+00
7.932995600414078297e+01 0.000000000000000000e+00 0.000000000000000000e+00
7.949411231884057827e+01 0.000000000000000000e+00 0.000000000000000000e+00
7.971172360248446864e+01 0.000000000000000000e+00 0.000000000000000000e+00
7.965940734989648320e+01 0.000000000000000000e+00 0.000000000000000000e+00
7.961592908902692045e+01 0.000000000000000000e+00 0.000000000000000000e+00
7.958904632505175414e+01 0.000000000000000000e+00 0.000000000000000000e+00
7.951579968944099619e+01 0.000000000000000000e+00 0.000000000000000000e+00
7.946089544513458236e+01 0.000000000000000000e+00 0.000000000000000000e+00
7.940293090062111503e+01 0.000000000000000000e+00 0.000000000000000000e+00
7.926090191511387673e+01 0.000000000000000000e+00 0.000000000000000000e+00
7.908136645962733269e+01 0.000000000000000000e+00 0.000000000000000000e+00
7.885467132505175414e+01 0.000000000000000000e+00 0.000000000000000000e+00
7.877190734989648035e+01 0.000000000000000000e+00 0.000000000000000000e+00
7.878467261904762609e+01 0.000000000000000000e+00 0.000000000000000000e+00
7.880879270186335361e+01 0.000000000000000000e+00 0.000000000000000000e+00
7.893759057971014670e+01 0.000000000000000000e+00 0.000000000000000000e+00
7.897803442028985899e+01 0.000000000000000000e+00 0.000000000000000000e+00
7.905885740165631148e+01 0.000000000000000000e+00 0.000000000000000000e+00
7.912027691511387673e+01 0.000000000000000000e+00 0.000000000000000000e+00
7.904096143892338944e+01 0.000000000000000000e+00 0.000000000000000000e+00
7.892906961697723034e+01 0.000000000000000000e+00 0.000000000000000000e+00
7.886981754658384602e+01 0.000000000000000000e+00 0.000000000000000000e+00
7.883043478260869108e+01 0.000000000000000000e+00 0.000000000000000000e+00
7.882232789855072497e+01 0.000000000000000000e+00 0.000000000000000000e+00
7.888443322981366634e+01 0.000000000000000000e+00 0.000000000000000000e+00
7.887410714285714164e+01 0.000000000000000000e+00 0.000000000000000000e+00
7.890366847826086882e+01 0.000000000000000000e+00 0.000000000000000000e+00
7.885188276397515494e+01 0.000000000000000000e+00 0.000000000000000000e+00
7.875188923395445784e+01 0.000000000000000000e+00 0.000000000000000000e+00
7.869348473084886564e+01 0.000000000000000000e+00 0.000000000000000000e+00
7.869266304347826235e+01 0.000000000000000000e+00 0.000000000000000000e+00
7.867301371635610963e+01 0.000000000000000000e+00 0.000000000000000000e+00
7.866579968944098766e+01 0.000000000000000000e+00 0.000000000000000000e+00
7.868941511387163246e+01 0.000000000000000000e+00 0.000000000000000000e+00
7.878328804347826519e+01 0.000000000000000000e+00 0.000000000000000000e+00
7.891960403726707796e+01 0.000000000000000000e+00 0.000000000000000000e+00
7.901652432712215557e+01 0.000000000000000000e+00 0.000000000000000000e+00
7.923038302277433331e+01 0.000000000000000000e+00 0.000000000000000000e+00
7.954113612836438563e+01 0.000000000000000000e+00 0.000000000000000000e+00
7.979517986542442998e+01 0.000000000000000000e+00 0.000000000000000000e+00
7.992494824016563371e+01 0.000000000000000000e+00 0.000000000000000000e+00
7.989216485507246546e+01 0.000000000000000000e+00 0.000000000000000000e+00
7.970631469979295503e+01 0.000000000000000000e+00 0.000000000000000000e+00
7.946911231884058679e+01 0.000000000000000000e+00 0.000000000000000000e+00
7.923109472049689828e+01 0.000000000000000000e+00 0.000000000000000000e+00
7.905284679089027122e+01 0.000000000000000000e+00 0.000000000000000000e+00
7.901367106625258430e+01 0.000000000000000000e+00 0.000000000000000000e+00
7.903506081780538750e+01 0.000000000000000000e+00 0.000000000000000000e+00
7.912096273291925286e+01 0.000000000000000000e+00 0.000000000000000000e+00
7.918913690476190936e+01 0.000000000000000000e+00 0.000000000000000000e+00
7.926354166666666856e+01 0.000000000000000000e+00 0.000000000000000000e+00
7.925934265010351965e+01 0.000000000000000000e+00 0.000000000000000000e+00
7.926321169772256781e+01 0.000000000000000000e+00 0.000000000000000000e+00
7.917999482401656053e+01 0.000000000000000000e+00 0.000000000000000000e+00
7.905430900621118440e+01 0.000000000000000000e+00 0.000000000000000000e+00
7.898018892339544550e+01 0.000000000000000000e+00 0.000000000000000000e+00
7.896707427536232160e+01 0.000000000000000000e+00 0.000000000000000000e+00
7.904723084886128959e+01 0.000000000000000000e+00 0.000000000000000000e+00
7.924197722567288338e+01 0.000000000000000000e+00 0.000000000000000000e+00
7.942414596273292204e+01 0.000000000000000000e+00 0.000000000000000000e+00
7.958975155279503610e+01 0.000000000000000000e+00 0.000000000000000000e+00
7.967983307453415875e+01 0.000000000000000000e+00 0.000000000000000000e+00
7.972349896480331211e+01 0.000000000000000000e+00 0.000000000000000000e+00
7.960090579710144709e+01 0.000000000000000000e+00 0.000000000000000000e+00
7.938769409937887644e+01 0.000000000000000000e+00 0.000000000000000000e+00
7.916898938923395690e+01 0.000000000000000000e+00 0.000000000000000000e+00
7.909012034161490590e+01 0.000000000000000000e+00 0.000000000000000000e+00
7.904076086956521863e+01 0.000000000000000000e+00 0.000000000000000000e+00
7.910788690476189799e+01 0.000000000000000000e+00 0.000000000000000000e+00
7.925282091097308523e+01 0.000000000000000000e+00 0.000000000000000000e+00
7.941193711180123671e+01 0.000000000000000000e+00 0.000000000000000000e+00
7.955695522774327344e+01 0.000000000000000000e+00 0.000000000000000000e+00
7.971363871635610110e+01 0.000000000000000000e+00 0.000000000000000000e+00
7.980869565217390971e+01 0.000000000000000000e+00 0.000000000000000000e+00
7.992192028985506624e+01 0.000000000000000000e+00 0.000000000000000000e+00
8.005379787784679024e+01 0.000000000000000000e+00 0.000000000000000000e+00
8.007346014492753739e+01 0.000000000000000000e+00 0.000000000000000000e+00
8.013104943064182351e+01 0.000000000000000000e+00 0.000000000000000000e+00
8.014442287784679309e+01 0.000000000000000000e+00 0.000000000000000000e+00
8.011363224637680958e+01 0.000000000000000000e+00 0.000000000000000000e+00
7.998438793995859442e+01 0.000000000000000000e+00 0.000000000000000000e+00
7.968003364389234378e+01 0.000000000000000000e+00 0.000000000000000000e+00
7.932585403726707796e+01 0.000000000000000000e+00 0.000000000000000000e+00
7.917149327122153579e+01 0.000000000000000000e+00 0.000000000000000000e+00
7.909732142857143344e+01 0.000000000000000000e+00 0.000000000000000000e+00
7.912647515527950759e+01 0.000000000000000000e+00 0.000000000000000000e+00
7.918826992753622562e+01 0.000000000000000000e+00 0.000000000000000000e+00
7.921307582815734349e+01 0.000000000000000000e+00 0.000000000000000000e+00
7.919429994824017172e+01 0.000000000000000000e+00 0.000000000000000000e+00
7.923438146997929721e+01 0.000000000000000000e+00 0.000000000000000000e+00
7.921493271221531529e+01 0.000000000000000000e+00 0.000000000000000000e+00
7.908710533126294706e+01 0.000000000000000000e+00 0.000000000000000000e+00
7.898310688405797464e+01 0.000000000000000000e+00 0.000000000000000000e+00
7.886627846790889862e+01 0.000000000000000000e+00 0.000000000000000000e+00
7.883247282608695627e+01 0.000000000000000000e+00 0.000000000000000000e+00
7.884446169772256496e+01 0.000000000000000000e+00 0.000000000000000000e+00
7.883466614906832604e+01 0.000000000000000000e+00 0.000000000000000000e+00
7.889616330227742935e+01 0.000000000000000000e+00 0.000000000000000000e+00
7.886374870600414511e+01 0.000000000000000000e+00 0.000000000000000000e+00
7.870854037267081083e+01 0.000000000000000000e+00 0.000000000000000000e+00
7.863513845755693410e+01 0.000000000000000000e+00 0.000000000000000000e+00
7.857921195652174617e+01 0.000000000000000000e+00 0.000000000000000000e+00
7.857772386128364417e+01 0.000000000000000000e+00 0.000000000000000000e+00
7.858106884057970376e+01 0.000000000000000000e+00 0.000000000000000000e+00
7.856875646997929152e+01 0.000000000000000000e+00 0.000000000000000000e+00
7.861843297101449934e+01 0.000000000000000000e+00 0.000000000000000000e+00
7.867332427536231876e+01 0.000000000000000000e+00 0.000000000000000000e+00
7.868562370600413658e+01 0.000000000000000000e+00 0.000000000000000000e+00
7.871052018633540115e+01 0.000000000000000000e+00 0.000000000000000000e+00
7.871692546583851424e+01 0.000000000000000000e+00 0.000000000000000000e+00
7.874537396480330642e+01 0.000000000000000000e+00 0.000000000000000000e+00
7.870939440993788594e+01 0.000000000000000000e+00 0.000000000000000000e+00
7.861647903726708364e+01 0.000000000000000000e+00 0.000000000000000000e+00
7.853205227743271166e+01 0.000000000000000000e+00 0.000000000000000000e+00
7.851221532091096833e+01 0.000000000000000000e+00 0.000000000000000000e+00
7.848260222567287769e+01 0.000000000000000000e+00 0.000000000000000000e+00
7.841137422360247911e+01 0.000000000000000000e+00 0.000000000000000000e+00
7.828055124223602945e+01 0.000000000000000000e+00 0.000000000000000000e+00
7.816677018633539831e+01 0.000000000000000000e+00 0.000000000000000000e+00
7.813385093167701712e+01 0.000000000000000000e+00 0.000000000000000000e+00
7.818114648033126457e+01 0.000000000000000000e+00 0.000000000000000000e+00
7.826407220496894013e+01 0.000000000000000000e+00 0.000000000000000000e+00
7.845709756728778927e+01 0.000000000000000000e+00 0.000000000000000000e+00
7.847749094202897879e+01 0.000000000000000000e+00 0.000000000000000000e+00
7.840678700828156877e+01 0.000000000000000000e+00 0.000000000000000000e+00
7.822798913043477853e+01 0.000000000000000000e+00 0.000000000000000000e+00
7.810290502070392904e+01 0.000000000000000000e+00 0.000000000000000000e+00
7.795345496894410076e+01 0.000000000000000000e+00 0.000000000000000000e+00
7.791140010351966794e+01 0.000000000000000000e+00 0.000000000000000000e+00
7.784640916149068346e+01 0.000000000000000000e+00 0.000000000000000000e+00
7.783146997929605959e+01 0.000000000000000000e+00 0.000000000000000000e+00
7.780397256728778643e+01 0.000000000000000000e+00 0.000000000000000000e+00
7.779888069358177916e+01 0.000000000000000000e+00 0.000000000000000000e+00
7.782740683229813783e+01 0.000000000000000000e+00 0.000000000000000000e+00
7.790941381987578040e+01 0.000000000000000000e+00 0.000000000000000000e+00
7.802943840579709445e+01 0.000000000000000000e+00 0.000000000000000000e+00
7.811511387163561437e+01 0.000000000000000000e+00 0.000000000000000000e+00
7.824990942028985330e+01 0.000000000000000000e+00 0.000000000000000000e+00
7.838586956521739069e+01 0.000000000000000000e+00 0.000000000000000000e+00
7.847025750517597942e+01 0.000000000000000000e+00 0.000000000000000000e+00
7.853101061076604594e+01 0.000000000000000000e+00 0.000000000000000000e+00
7.863817287784678456e+01 0.000000000000000000e+00 0.000000000000000000e+00
7.877769151138716097e+01 0.000000000000000000e+00 0.000000000000000000e+00
7.877273550724638085e+01 0.000000000000000000e+00 0.000000000000000000e+00
7.875195393374741570e+01 0.000000000000000000e+00 0.000000000000000000e+00
7.870555124223602661e+01 0.000000000000000000e+00 0.000000000000000000e+00
7.859456521739130608e+01 0.000000000000000000e+00 0.000000000000000000e+00
7.844252070393375220e+01 0.000000000000000000e+00 0.000000000000000000e+00
7.816374870600414226e+01 0.000000000000000000e+00 0.000000000000000000e+00
7.795298913043478706e+01 0.000000000000000000e+00 0.000000000000000000e+00
7.773485377846790811e+01 0.000000000000000000e+00 0.000000000000000000e+00
7.749426759834368283e+01 0.000000000000000000e+00 0.000000000000000000e+00
7.750194746376811850e+01 0.000000000000000000e+00 0.000000000000000000e+00
7.757016045548654404e+01 0.000000000000000000e+00 0.000000000000000000e+00
7.762286490683230511e+01 0.000000000000000000e+00 0.000000000000000000e+00
7.755021997929605959e+01 0.000000000000000000e+00 0.000000000000000000e+00
7.733284161490682607e+01 0.000000000000000000e+00 0.000000000000000000e+00
7.699359472049690112e+01 0.000000000000000000e+00 0.000000000000000000e+00
7.674105848861283619e+01 0.000000000000000000e+00 0.000000000000000000e+00
7.661445393374741286e+01 0.000000000000000000e+00 0.000000000000000000e+00
7.665219979296065844e+01 0.000000000000000000e+00 0.000000000000000000e+00
7.682023162525879911e+01 0.000000000000000000e+00 0.000000000000000000e+00
7.704296713250518280e+01 0.000000000000000000e+00 0.000000000000000000e+00
7.720497541407867459e+01 0.000000000000000000e+00 0.000000000000000000e+00
7.727716097308488941e+01 0.000000000000000000e+00 0.000000000000000000e+00
7.724027562111801615e+01 0.000000000000000000e+00 0.000000000000000000e+00
7.717380952380952408e+01 0.000000000000000000e+00 0.000000000000000000e+00
7.713046713250517428e+01 0.000000000000000000e+00 0.000000000000000000e+00
7.708015010351967078e+01 0.000000000000000000e+00 0.000000000000000000e+00
7.704391174948240462e+01 0.000000000000000000e+00 0.000000000000000000e+00
7.715425077639751805e+01 0.000000000000000000e+00 0.000000000000000000e+00
7.738374094202897879e+01 0.000000000000000000e+00 0.000000000000000000e+00
7.749622800207039575e+01 0.000000000000000000e+00 0.000000000000000000e+00
7.756000905797101552e+01 0.000000000000000000e+00 0.000000000000000000e+00
7.756783773291925854e+01 0.000000000000000000e+00 0.000000000000000000e+00
7.762830615942029056e+01 0.000000000000000000e+00 0.000000000000000000e+00
7.768644539337473987e+01 0.000000000000000000e+00 0.000000000000000000e+00
7.778609601449275601e+01 0.000000000000000000e+00 0.000000000000000000e+00
7.785173395445134759e+01 0.000000000000000000e+00 0.000000000000000000e+00
7.792646868530020754e+01 0.000000000000000000e+00 0.000000000000000000e+00
7.790017468944098766e+01 0.000000000000000000e+00 0.000000000000000000e+00
7.784343297101449366e+01 0.000000000000000000e+00 0.000000000000000000e+00
7.740164984472049525e+01 0.000000000000000000e+00 0.000000000000000000e+00
7.738434265010351965e+01 0.000000000000000000e+00 0.000000000000000000e+00
7.739985766045548132e+01 0.000000000000000000e+00 0.000000000000000000e+00
7.745934265010352249e+01 0.000000000000000000e+00 0.000000000000000000e+00
7.763560429606624780e+01 0.000000000000000000e+00 0.000000000000000000e+00
7.778007246376812134e+01 0.000000000000000000e+00 0.000000000000000000e+00
7.782012810559005800e+01 0.000000000000000000e+00 0.000000000000000000e+00
7.780267857142857224e+01 0.000000000000000000e+00 0.000000000000000000e+00
7.771520445134575539e+01 0.000000000000000000e+00 0.000000000000000000e+00
7.757467003105590209e+01 0.000000000000000000e+00 0.000000000000000000e+00
7.736730719461698413e+01 0.000000000000000000e+00 0.000000000000000000e+00
7.714323240165632001e+01 0.000000000000000000e+00 0.000000000000000000e+00
7.701399456521738784e+01 0.000000000000000000e+00 0.000000000000000000e+00
7.693370859213250412e+01 0.000000000000000000e+00 0.000000000000000000e+00
7.693271221532090465e+01 0.000000000000000000e+00 0.000000000000000000e+00
7.696296583850931938e+01 0.000000000000000000e+00 0.000000000000000000e+00
7.693448498964802695e+01 0.000000000000000000e+00 0.000000000000000000e+00
7.693388328157350031e+01 0.000000000000000000e+00 0.000000000000000000e+00
7.695144280538302439e+01 0.000000000000000000e+00 0.000000000000000000e+00
7.695393374741200887e+01 0.000000000000000000e+00 0.000000000000000000e+00
7.698493788819875761e+01 0.000000000000000000e+00 0.000000000000000000e+00
7.701718426501035708e+01 0.000000000000000000e+00 0.000000000000000000e+00
7.711359342650104054e+01 0.000000000000000000e+00 0.000000000000000000e+00
7.727976190476189799e+01 0.000000000000000000e+00 0.000000000000000000e+00
7.741500388198757321e+01 0.000000000000000000e+00 0.000000000000000000e+00
7.753278338509316825e+01 0.000000000000000000e+00 0.000000000000000000e+00
7.764165372670807130e+01 0.000000000000000000e+00 0.000000000000000000e+00
7.782929606625258145e+01 0.000000000000000000e+00 0.000000000000000000e+00
7.797345367494824586e+01 0.000000000000000000e+00 0.000000000000000000e+00
7.801046842650103486e+01 0.000000000000000000e+00 0.000000000000000000e+00
7.803017598343684824e+01 0.000000000000000000e+00 0.000000000000000000e+00
7.805078933747411440e+01 0.000000000000000000e+00 0.000000000000000000e+00
7.809232013457557287e+01 0.000000000000000000e+00 0.000000000000000000e+00
7.818533902691511628e+01 0.000000000000000000e+00 0.000000000000000000e+00
7.842820263975154660e+01 0.000000000000000000e+00 0.000000000000000000e+00
7.887698628364388753e+01 0.000000000000000000e+00 0.000000000000000000e+00
7.926653079710145278e+01 0.000000000000000000e+00 0.000000000000000000e+00
7.947137034161490021e+01 0.000000000000000000e+00 0.000000000000000000e+00
7.952354425465838972e+01 0.000000000000000000e+00 0.000000000000000000e+00
7.959440993788820151e+01 0.000000000000000000e+00 0.000000000000000000e+00
7.959526397515527663e+01 0.000000000000000000e+00 0.000000000000000000e+00
7.956929994824017172e+01 0.000000000000000000e+00 0.000000000000000000e+00
7.943934394409937738e+01 0.000000000000000000e+00 0.000000000000000000e+00
7.925221273291926138e+01 0.000000000000000000e+00 0.000000000000000000e+00
7.896225414078675442e+01 0.000000000000000000e+00 0.000000000000000000e+00
7.856066252587991983e+01 0.000000000000000000e+00 0.000000000000000000e+00
7.809246247412008302e+01 0.000000000000000000e+00 0.000000000000000000e+00
7.800443840579710297e+01 0.000000000000000000e+00 0.000000000000000000e+00
7.803854813664595724e+01 0.000000000000000000e+00 0.000000000000000000e+00
7.815030408902691761e+01 0.000000000000000000e+00 0.000000000000000000e+00
7.834921066252587707e+01 0.000000000000000000e+00 0.000000000000000000e+00
7.843435559006211122e+01 0.000000000000000000e+00 0.000000000000000000e+00
7.839067675983436345e+01 0.000000000000000000e+00 0.000000000000000000e+00
7.826475155279503326e+01 0.000000000000000000e+00 0.000000000000000000e+00
7.812754270186334793e+01 0.000000000000000000e+00 0.000000000000000000e+00
7.803618659420290271e+01 0.000000000000000000e+00 0.000000000000000000e+00
7.792793737060041792e+01 0.000000000000000000e+00 0.000000000000000000e+00
7.792107919254658555e+01 0.000000000000000000e+00 0.000000000000000000e+00
7.794911361283644169e+01 0.000000000000000000e+00 0.000000000000000000e+00
7.794874482401655769e+01 0.000000000000000000e+00 0.000000000000000000e+00
7.787299430641822084e+01 0.000000000000000000e+00 0.000000000000000000e+00
7.784015269151139194e+01 0.000000000000000000e+00 0.000000000000000000e+00
7.780921972049689828e+01 0.000000000000000000e+00 0.000000000000000000e+00
7.780866330227743788e+01 0.000000000000000000e+00 0.000000000000000000e+00
7.780810041407868027e+01 0.000000000000000000e+00 0.000000000000000000e+00
7.789254011387163246e+01 0.000000000000000000e+00 0.000000000000000000e+00
7.804810429606625632e+01 0.000000000000000000e+00 0.000000000000000000e+00
7.831632375776398192e+01 0.000000000000000000e+00 0.000000000000000000e+00
7.857296842650103486e+01 0.000000000000000000e+00 0.000000000000000000e+00
7.878707945134576107e+01 0.000000000000000000e+00 0.000000000000000000e+00
7.897254787784679309e+01 0.000000000000000000e+00 0.000000000000000000e+00
7.909321299171843123e+01 0.000000000000000000e+00 0.000000000000000000e+00
7.915350672877846705e+01 0.000000000000000000e+00 0.000000000000000000e+00
7.928548783643891795e+01 0.000000000000000000e+00 0.000000000000000000e+00
7.932593814699792745e+01 0.000000000000000000e+00 0.000000000000000000e+00
7.932886257763975379e+01 0.000000000000000000e+00 0.000000000000000000e+00
7.930044642857143344e+01 0.000000000000000000e+00 0.000000000000000000e+00
7.907054865424430545e+01 0.000000000000000000e+00 0.000000000000000000e+00
7.868993271221532382e+01 0.000000000000000000e+00 0.000000000000000000e+00
7.835981495859213908e+01 0.000000000000000000e+00 0.000000000000000000e+00
7.815934265010352533e+01 0.000000000000000000e+00 0.000000000000000000e+00
7.807036749482401206e+01 0.000000000000000000e+00 0.000000000000000000e+00
7.812534290890269517e+01 0.000000000000000000e+00 0.000000000000000000e+00
7.823416149068323477e+01 0.000000000000000000e+00 0.000000000000000000e+00
7.829882246376811850e+01 0.000000000000000000e+00 0.000000000000000000e+00
7.831271350931676523e+01 0.000000000000000000e+00 0.000000000000000000e+00
7.831160067287784443e+01 0.000000000000000000e+00 0.000000000000000000e+00
7.833479554865424177e+01 0.000000000000000000e+00 0.000000000000000000e+00
7.835240683229814351e+01 0.000000000000000000e+00 0.000000000000000000e+00
7.840472955486542617e+01 0.000000000000000000e+00 0.000000000000000000e+00
7.846170419254657702e+01 0.000000000000000000e+00 0.000000000000000000e+00
7.851037784679088816e+01 0.000000000000000000e+00 0.000000000000000000e+00
7.854876423395445784e+01 0.000000000000000000e+00 0.000000000000000000e+00
7.863684006211180133e+01 0.000000000000000000e+00 0.000000000000000000e+00
7.872460533126293569e+01 0.000000000000000000e+00 0.000000000000000000e+00
7.899164725672878262e+01 0.000000000000000000e+00 0.000000000000000000e+00
7.938596661490683459e+01 0.000000000000000000e+00 0.000000000000000000e+00
7.973930512422360550e+01 0.000000000000000000e+00 0.000000000000000000e+00
7.997729684265010519e+01 0.000000000000000000e+00 0.000000000000000000e+00
8.013508669772257065e+01 0.000000000000000000e+00 0.000000000000000000e+00
8.040542831262939671e+01 0.000000000000000000e+00 0.000000000000000000e+00
8.072526526915113720e+01 0.000000000000000000e+00 0.000000000000000000e+00
8.089879011387164098e+01 0.000000000000000000e+00 0.000000000000000000e+00
8.095240683229813783e+01 0.000000000000000000e+00 0.000000000000000000e+00
8.100420548654244612e+01 0.000000000000000000e+00 0.000000000000000000e+00
8.099576216356108205e+01 0.000000000000000000e+00 0.000000000000000000e+00
8.104504399585921703e+01 0.000000000000000000e+00 0.000000000000000000e+00
8.112192028985506909e+01 0.000000000000000000e+00 0.000000000000000000e+00
8.128778467908902883e+01 0.000000000000000000e+00 0.000000000000000000e+00
8.144086438923395121e+01 0.000000000000000000e+00 0.000000000000000000e+00
8.154833721532091317e+01 0.000000000000000000e+00 0.000000000000000000e+00
8.158348861283643316e+01 0.000000000000000000e+00 0.000000000000000000e+00
8.175087991718426395e+01 0.000000000000000000e+00 0.000000000000000000e+00
8.197200439958592710e+01 0.000000000000000000e+00 0.000000000000000000e+00
8.212298783643892364e+01 0.000000000000000000e+00 0.000000000000000000e+00
8.210503364389234093e+01 0.000000000000000000e+00 0.000000000000000000e+00
8.205234860248447148e+01 0.000000000000000000e+00 0.000000000000000000e+00
8.187994306418219992e+01 0.000000000000000000e+00 0.000000000000000000e+00
8.175549948240166032e+01 0.000000000000000000e+00 0.000000000000000000e+00
8.164724378881987832e+01 0.000000000000000000e+00 0.000000000000000000e+00
8.142603519668736567e+01 0.000000000000000000e+00 0.000000000000000000e+00
8.150237448240166316e+01 0.000000000000000000e+00 0.000000000000000000e+00
8.155062111801241542e+01 0.000000000000000000e+00 0.000000000000000000e+00
8.163262810559005800e+01 0.000000000000000000e+00 0.000000000000000000e+00
8.158247929606625348e+01 0.000000000000000000e+00 0.000000000000000000e+00
8.132024456521739353e+01 0.000000000000000000e+00 0.000000000000000000e+00
8.105912267080745437e+01 0.000000000000000000e+00 0.000000000000000000e+00
8.091257116977226360e+01 0.000000000000000000e+00 0.000000000000000000e+00
8.089307712215321544e+01 0.000000000000000000e+00 0.000000000000000000e+00
8.092212085921325126e+01 0.000000000000000000e+00 0.000000000000000000e+00
8.093231754658384602e+01 0.000000000000000000e+00 0.000000000000000000e+00
8.101441511387163530e+01 0.000000000000000000e+00 0.000000000000000000e+00
8.100736283643892932e+01 0.000000000000000000e+00 0.000000000000000000e+00
8.099347179089026838e+01 0.000000000000000000e+00 0.000000000000000000e+00
8.098579192546583272e+01 0.000000000000000000e+00 0.000000000000000000e+00
8.097530408902692045e+01 0.000000000000000000e+00 0.000000000000000000e+00
8.098307453416148860e+01 0.000000000000000000e+00 0.000000000000000000e+00
8.107087215320910900e+01 0.000000000000000000e+00 0.000000000000000000e+00
8.109662267080744869e+01 0.000000000000000000e+00 0.000000000000000000e+00
8.113328157349896230e+01 0.000000000000000000e+00 0.000000000000000000e+00
8.117279373706004719e+01 0.000000000000000000e+00 0.000000000000000000e+00
8.118002717391304657e+01 0.000000000000000000e+00 0.000000000000000000e+00
8.126394280538302439e+01 0.000000000000000000e+00 0.000000000000000000e+00
8.142212732919254847e+01 0.000000000000000000e+00 0.000000000000000000e+00
8.168365036231884346e+01 0.000000000000000000e+00 0.000000000000000000e+00
8.194851190476190084e+01 0.000000000000000000e+00 0.000000000000000000e+00
8.208223343685300222e+01 0.000000000000000000e+00 0.000000000000000000e+00
8.223736413043478422e+01 0.000000000000000000e+00 0.000000000000000000e+00
8.228284161490682891e+01 0.000000000000000000e+00 0.000000000000000000e+00
8.230735636645962927e+01 0.000000000000000000e+00 0.000000000000000000e+00
8.231923524844719964e+01 0.000000000000000000e+00 0.000000000000000000e+00
8.241975284679088531e+01 0.000000000000000000e+00 0.000000000000000000e+00
8.244002329192547052e+01 0.000000000000000000e+00 0.000000000000000000e+00
8.245910326086956843e+01 0.000000000000000000e+00 0.000000000000000000e+00
8.239298654244306874e+01 0.000000000000000000e+00 0.000000000000000000e+00
8.238953804347825383e+01 0.000000000000000000e+00 0.000000000000000000e+00
8.238938276397514926e+01 0.000000000000000000e+00 0.000000000000000000e+00
8.245004528985506909e+01 0.000000000000000000e+00 0.000000000000000000e+00
8.247680512422360266e+01 0.000000000000000000e+00 0.000000000000000000e+00
8.246207298136646102e+01 0.000000000000000000e+00 0.000000000000000000e+00
8.245747929606625348e+01 0.000000000000000000e+00 0.000000000000000000e+00
8.248567546583851140e+01 0.000000000000000000e+00 0.000000000000000000e+00
8.243618659420289418e+01 0.000000000000000000e+00 0.000000000000000000e+00
8.239179606625258145e+01 0.000000000000000000e+00 0.000000000000000000e+00
8.236650491718425826e+01 0.000000000000000000e+00 0.000000000000000000e+00
8.235124223602484506e+01 0.000000000000000000e+00 0.000000000000000000e+00
8.228688535196687326e+01 0.000000000000000000e+00 0.000000000000000000e+00
8.227983954451346449e+01 0.000000000000000000e+00 0.000000000000000000e+00
8.225681935817804913e+01 0.000000000000000000e+00 0.000000000000000000e+00
8.224089673913043441e+01 0.000000000000000000e+00 0.000000000000000000e+00
8.232120859213250696e+01 0.000000000000000000e+00 0.000000000000000000e+00
8.233113354037267584e+01 0.000000000000000000e+00 0.000000000000000000e+00
8.234226190476189799e+01 0.000000000000000000e+00 0.000000000000000000e+00
8.229413819875776426e+01 0.000000000000000000e+00 0.000000000000000000e+00
8.226383928571428328e+01 0.000000000000000000e+00 0.000000000000000000e+00
8.220215450310558936e+01 0.000000000000000000e+00 0.000000000000000000e+00
8.216961050724637516e+01 0.000000000000000000e+00 0.000000000000000000e+00
8.218671713250517996e+01 0.000000000000000000e+00 0.000000000000000000e+00
8.218558488612836754e+01 0.000000000000000000e+00 0.000000000000000000e+00
8.222428830227742935e+01 0.000000000000000000e+00 0.000000000000000000e+00
8.228302277432712231e+01 0.000000000000000000e+00 0.000000000000000000e+00
8.232837085921325126e+01 0.000000000000000000e+00 0.000000000000000000e+00
8.235131987577639734e+01 0.000000000000000000e+00 0.000000000000000000e+00
8.233640010351966509e+01 0.000000000000000000e+00 0.000000000000000000e+00
8.233135998964803548e+01 0.000000000000000000e+00 0.000000000000000000e+00
8.226209886128364701e+01 0.000000000000000000e+00 0.000000000000000000e+00
8.226263586956521578e+01 0.000000000000000000e+00 0.000000000000000000e+00
8.227045807453416160e+01 0.000000000000000000e+00 0.000000000000000000e+00
8.228936335403726332e+01 0.000000000000000000e+00 0.000000000000000000e+00
8.229228131469979246e+01 0.000000000000000000e+00 0.000000000000000000e+00
8.233251164596273952e+01 0.000000000000000000e+00 0.000000000000000000e+00
8.224927536231884062e+01 0.000000000000000000e+00 0.000000000000000000e+00
8.218449145962732416e+01 0.000000000000000000e+00 0.000000000000000000e+00
8.213233695652174049e+01 0.000000000000000000e+00 0.000000000000000000e+00
8.206188535196687894e+01 0.000000000000000000e+00 0.000000000000000000e+00
8.195372670807454085e+01 0.000000000000000000e+00 0.000000000000000000e+00
8.194622800207039859e+01 0.000000000000000000e+00 0.000000000000000000e+00
8.190280150103519929e+01 0.000000000000000000e+00 0.000000000000000000e+00
8.183354684265010803e+01 0.000000000000000000e+00 0.000000000000000000e+00
8.178859342650103770e+01 0.000000000000000000e+00 0.000000000000000000e+00
8.170931677018633366e+01 0.000000000000000000e+00 0.000000000000000000e+00
8.168980331262939387e+01 0.000000000000000000e+00 0.000000000000000000e+00
8.167102096273292489e+01 0.000000000000000000e+00 0.000000000000000000e+00
8.163868400621117871e+01 0.000000000000000000e+00 0.000000000000000000e+00
8.165623059006210838e+01 0.000000000000000000e+00 0.000000000000000000e+00
8.164889363354036789e+01 0.000000000000000000e+00 0.000000000000000000e+00
8.159803312629399841e+01 0.000000000000000000e+00 0.000000000000000000e+00
8.157315605590062546e+01 0.000000000000000000e+00 0.000000000000000000e+00
8.156268115942029340e+01 0.000000000000000000e+00 0.000000000000000000e+00
8.155815864389234093e+01 0.000000000000000000e+00 0.000000000000000000e+00
8.160932324016563655e+01 0.000000000000000000e+00 0.000000000000000000e+00
8.167241200828156877e+01 0.000000000000000000e+00 0.000000000000000000e+00
8.169486930641822653e+01 0.000000000000000000e+00 0.000000000000000000e+00
8.170863742236025473e+01 0.000000000000000000e+00 0.000000000000000000e+00
8.173790113871635299e+01 0.000000000000000000e+00 0.000000000000000000e+00
8.175439311594202252e+01 0.000000000000000000e+00 0.000000000000000000e+00
8.178491847826086314e+01 0.000000000000000000e+00 0.000000000000000000e+00
8.177541407867494172e+01 0.000000000000000000e+00 0.000000000000000000e+00
8.183486024844719964e+01 0.000000000000000000e+00 0.000000000000000000e+00
8.190544772256728834e+01 0.000000000000000000e+00 0.000000000000000000e+00
8.195499482401656621e+01 0.000000000000000000e+00 0.000000000000000000e+00
8.197640398550724683e+01 0.000000000000000000e+00 0.000000000000000000e+00
8.202490942028985899e+01 0.000000000000000000e+00 0.000000000000000000e+00
8.206187888198758174e+01 0.000000000000000000e+00 0.000000000000000000e+00
8.200902562111801331e+01 0.000000000000000000e+00 0.000000000000000000e+00
8.199407349896480923e+01 0.000000000000000000e+00 0.000000000000000000e+00
8.200729813664595724e+01 0.000000000000000000e+00 0.000000000000000000e+00
8.204811076604555353e+01 0.000000000000000000e+00 0.000000000000000000e+00
8.202398421325051459e+01 0.000000000000000000e+00 0.000000000000000000e+00
8.207060688405796611e+01 0.000000000000000000e+00 0.000000000000000000e+00
8.205031702898550350e+01 0.000000000000000000e+00 0.000000000000000000e+00
8.205931677018634218e+01 0.000000000000000000e+00 0.000000000000000000e+00
8.202644280538302723e+01 0.000000000000000000e+00 0.000000000000000000e+00
8.204687500000000000e+01 0.000000000000000000e+00 0.000000000000000000e+00
8.199663561076604879e+01 0.000000000000000000e+00 0.000000000000000000e+00
8.197591873706004151e+01 0.000000000000000000e+00 0.000000000000000000e+00
8.192459886128364133e+01 0.000000000000000000e+00 0.000000000000000000e+00
8.183401268115942173e+01 0.000000000000000000e+00 0.000000000000000000e+00
8.185433488612837039e+01 0.000000000000000000e+00 0.000000000000000000e+00
8.185849508281573605e+01 0.000000000000000000e+00 0.000000000000000000e+00
8.178340450310558651e+01 0.000000000000000000e+00 0.000000000000000000e+00
8.186252587991718599e+01 0.000000000000000000e+00 0.000000000000000000e+00
8.187178442028985614e+01 0.000000000000000000e+00 0.000000000000000000e+00
8.190414725672877694e+01 0.000000000000000000e+00 0.000000000000000000e+00
8.186875646997930289e+01 0.000000000000000000e+00 0.000000000000000000e+00
8.184105848861283050e+01 0.000000000000000000e+00 0.000000000000000000e+00
8.183557841614906181e+01 0.000000000000000000e+00 0.000000000000000000e+00
8.174413819875776710e+01 0.000000000000000000e+00 0.000000000000000000e+00
8.165711697722566953e+01 0.000000000000000000e+00 0.000000000000000000e+00
8.155874741200828737e+01 0.000000000000000000e+00 0.000000000000000000e+00
8.152007634575569739e+01 0.000000000000000000e+00 0.000000000000000000e+00
8.140284679089026554e+01 0.000000000000000000e+00 0.000000000000000000e+00
8.131572204968944106e+01 0.000000000000000000e+00 0.000000000000000000e+00
8.123640010351967078e+01 0.000000000000000000e+00 0.000000000000000000e+00
8.111103131469978678e+01 0.000000000000000000e+00 0.000000000000000000e+00
8.099621506211180133e+01 0.000000000000000000e+00 0.000000000000000000e+00
8.092010222567287769e+01 0.000000000000000000e+00 0.000000000000000000e+00
8.101576733954451015e+01 0.000000000000000000e+00 0.000000000000000000e+00
8.115770574534161597e+01 0.000000000000000000e+00 0.000000000000000000e+00
8.135815217391304088e+01 0.000000000000000000e+00 0.000000000000000000e+00
8.149703027950310741e+01 0.000000000000000000e+00 0.000000000000000000e+00
8.149838250517598226e+01 0.000000000000000000e+00 0.000000000000000000e+00
8.142449534161490021e+01 0.000000000000000000e+00 0.000000000000000000e+00
8.131174948240165179e+01 0.000000000000000000e+00 0.000000000000000000e+00
8.120483307453416444e+01 0.000000000000000000e+00 0.000000000000000000e+00
8.115403726708073862e+01 0.000000000000000000e+00 0.000000000000000000e+00
8.113991977225673224e+01 0.000000000000000000e+00 0.000000000000000000e+00
8.118252458592132825e+01 0.000000000000000000e+00 0.000000000000000000e+00
8.117747153209110422e+01 0.000000000000000000e+00 0.000000000000000000e+00
8.116882763975155513e+01 0.000000000000000000e+00 0.000000000000000000e+00
8.109924948240166032e+01 0.000000000000000000e+00 0.000000000000000000e+00
8.104580745341614545e+01 0.000000000000000000e+00 0.000000000000000000e+00
8.100932971014492523e+01 0.000000000000000000e+00 0.000000000000000000e+00
8.096596143892340081e+01 0.000000000000000000e+00 0.000000000000000000e+00
8.093157996894410644e+01 0.000000000000000000e+00 0.000000000000000000e+00
8.086688664596273668e+01 0.000000000000000000e+00 0.000000000000000000e+00
8.073212344720496958e+01 0.000000000000000000e+00 0.000000000000000000e+00
8.075967908902691761e+01 0.000000000000000000e+00 0.000000000000000000e+00
8.076656961697722181e+01 0.000000000000000000e+00 0.000000000000000000e+00
8.078291278467908398e+01 0.000000000000000000e+00 0.000000000000000000e+00
8.083804347826087167e+01 0.000000000000000000e+00 0.000000000000000000e+00
8.088005952380952124e+01 0.000000000000000000e+00 0.000000000000000000e+00
8.096819358178053960e+01 0.000000000000000000e+00 0.000000000000000000e+00
8.095966614906832604e+01 0.000000000000000000e+00 0.000000000000000000e+00
8.093756469979295787e+01 0.000000000000000000e+00 0.000000000000000000e+00
8.086615553830228009e+01 0.000000000000000000e+00 0.000000000000000000e+00
8.080804218426500540e+01 0.000000000000000000e+00 0.000000000000000000e+00
8.069733436853002218e+01 0.000000000000000000e+00 0.000000000000000000e+00
8.060813923395444647e+01 0.000000000000000000e+00 0.000000000000000000e+00
8.056332815734990049e+01 0.000000000000000000e+00 0.000000000000000000e+00
8.055018762939958776e+01 0.000000000000000000e+00 0.000000000000000000e+00
8.053966097308489225e+01 0.000000000000000000e+00 0.000000000000000000e+00
8.056765010351966794e+01 0.000000000000000000e+00 0.000000000000000000e+00
8.060938793995859442e+01 0.000000000000000000e+00 0.000000000000000000e+00
8.067516821946169614e+01 0.000000000000000000e+00 0.000000000000000000e+00
8.075600414078674305e+01 0.000000000000000000e+00 0.000000000000000000e+00
8.074066381987577756e+01 0.000000000000000000e+00 0.000000000000000000e+00
8.072851319875776710e+01 0.000000000000000000e+00 0.000000000000000000e+00
8.069389880952381588e+01 0.000000000000000000e+00 0.000000000000000000e+00
8.065885093167702280e+01 0.000000000000000000e+00 0.000000000000000000e+00
8.033995859213250412e+01 0.000000000000000000e+00 0.000000000000000000e+00
8.034038561076604879e+01 0.000000000000000000e+00 0.000000000000000000e+00
8.030401138716355547e+01 0.000000000000000000e+00 0.000000000000000000e+00
8.020661231884058395e+01 0.000000000000000000e+00 0.000000000000000000e+00
8.014404114906832888e+01 0.000000000000000000e+00 0.000000000000000000e+00
8.006763069358177631e+01 0.000000000000000000e+00 0.000000000000000000e+00
7.994057971014493091e+01 0.000000000000000000e+00 0.000000000000000000e+00
7.976134834368529880e+01 0.000000000000000000e+00 0.000000000000000000e+00
7.951009316770186786e+01 0.000000000000000000e+00 0.000000000000000000e+00
7.942021221532091602e+01 0.000000000000000000e+00 0.000000000000000000e+00
7.934648680124223574e+01 0.000000000000000000e+00 0.000000000000000000e+00
7.930075698757764258e+01 0.000000000000000000e+00 0.000000000000000000e+00
7.933275103519669358e+01 0.000000000000000000e+00 0.000000000000000000e+00
7.937035455486542901e+01 0.000000000000000000e+00 0.000000000000000000e+00
7.943325569358178484e+01 0.000000000000000000e+00 0.000000000000000000e+00
7.946890527950310457e+01 0.000000000000000000e+00 0.000000000000000000e+00
7.968628364389233809e+01 0.000000000000000000e+00 0.000000000000000000e+00
7.984046325051760107e+01 0.000000000000000000e+00 0.000000000000000000e+00
7.994096790890269233e+01 0.000000000000000000e+00 0.000000000000000000e+00
8.008425854037267300e+01 0.000000000000000000e+00 0.000000000000000000e+00
8.013413561076605163e+01 0.000000000000000000e+00 0.000000000000000000e+00
8.013117883022773924e+01 0.000000000000000000e+00 0.000000000000000000e+00
8.009516045548653551e+01 0.000000000000000000e+00 0.000000000000000000e+00
8.004321299171841986e+01 0.000000000000000000e+00 0.000000000000000000e+00
8.003210403726707511e+01 0.000000000000000000e+00 0.000000000000000000e+00
8.002061982401656337e+01 0.000000000000000000e+00 0.000000000000000000e+00
8.004199016563147495e+01 0.000000000000000000e+00 0.000000000000000000e+00
8.005732401656314323e+01 0.000000000000000000e+00 0.000000000000000000e+00
8.001726190476190936e+01 0.000000000000000000e+00 0.000000000000000000e+00
8.002283902691510775e+01 0.000000000000000000e+00 0.000000000000000000e+00
8.000131340579710582e+01 0.000000000000000000e+00 0.000000000000000000e+00
7.996538561076604879e+01 0.000000000000000000e+00 0.000000000000000000e+00
7.993642598343684824e+01 0.000000000000000000e+00 0.000000000000000000e+00
7.994149197722566669e+01 0.000000000000000000e+00 0.000000000000000000e+00
7.999520574534162165e+01 0.000000000000000000e+00 0.000000000000000000e+00
7.996806418219462387e+01 0.000000000000000000e+00 0.000000000000000000e+00
7.990650879917184568e+01 0.000000000000000000e+00 0.000000000000000000e+00
7.980771221532090465e+01 0.000000000000000000e+00 0.000000000000000000e+00
7.953417443064182635e+01 0.000000000000000000e+00 0.000000000000000000e+00
7.894340709109731336e+01 0.000000000000000000e+00 0.000000000000000000e+00
7.822180383022774208e+01 0.000000000000000000e+00 0.000000000000000000e+00
7.752191381987577756e+01 0.000000000000000000e+00 0.000000000000000000e+00
7.705062111801241542e+01 0.000000000000000000e+00 0.000000000000000000e+00
7.694675854037267015e+01 0.000000000000000000e+00 0.000000000000000000e+00
7.706721014492754307e+01 0.000000000000000000e+00 0.000000000000000000e+00
7.721394927536232444e+01 0.000000000000000000e+00 0.000000000000000000e+00
7.750009057971014670e+01 0.000000000000000000e+00 0.000000000000000000e+00
7.775639880952381588e+01 0.000000000000000000e+00 0.000000000000000000e+00
7.802426242236025189e+01 0.000000000000000000e+00 0.000000000000000000e+00
7.823808229813664639e+01 0.000000000000000000e+00 0.000000000000000000e+00
7.832705098343684824e+01 0.000000000000000000e+00 0.000000000000000000e+00
7.841927406832297720e+01 0.000000000000000000e+00 0.000000000000000000e+00
7.850091873706004719e+01 0.000000000000000000e+00 0.000000000000000000e+00
7.854926242236024336e+01 0.000000000000000000e+00 0.000000000000000000e+00
7.862721920289854438e+01 0.000000000000000000e+00 0.000000000000000000e+00
7.875075051759834821e+01 0.000000000000000000e+00 0.000000000000000000e+00
7.885045936853002502e+01 0.000000000000000000e+00 0.000000000000000000e+00
7.904360766045549269e+01 0.000000000000000000e+00 0.000000000000000000e+00
7.944844073498964576e+01 0.000000000000000000e+00 0.000000000000000000e+00
7.976005434782608461e+01 0.000000000000000000e+00 0.000000000000000000e+00
8.008713121118012168e+01 0.000000000000000000e+00 0.000000000000000000e+00
8.012544642857142208e+01 0.000000000000000000e+00 0.000000000000000000e+00
8.014491459627329561e+01 0.000000000000000000e+00 0.000000000000000000e+00
8.017549818840579690e+01 0.000000000000000000e+00 0.000000000000000000e+00
8.012353778467908683e+01 0.000000000000000000e+00 0.000000000000000000e+00
8.000505305383022403e+01 0.000000000000000000e+00 0.000000000000000000e+00
7.988713768115941605e+01 0.000000000000000000e+00 0.000000000000000000e+00
7.979512163561076932e+01 0.000000000000000000e+00 0.000000000000000000e+00
7.973373447204969011e+01 0.000000000000000000e+00 0.000000000000000000e+00
7.968560429606625917e+01 0.000000000000000000e+00 0.000000000000000000e+00
7.967488354037267584e+01 0.000000000000000000e+00 0.000000000000000000e+00
7.956081133540372718e+01 0.000000000000000000e+00 0.000000000000000000e+00
7.941755952380952976e+01 0.000000000000000000e+00 0.000000000000000000e+00
7.928189052795030989e+01 0.000000000000000000e+00 0.000000000000000000e+00
7.913365683229814351e+01 0.000000000000000000e+00 0.000000000000000000e+00
7.905174689440994484e+01 0.000000000000000000e+00 0.000000000000000000e+00
7.902058100414078012e+01 0.000000000000000000e+00 0.000000000000000000e+00
7.896302406832298004e+01 0.000000000000000000e+00 0.000000000000000000e+00
7.893768115942029340e+01 0.000000000000000000e+00 0.000000000000000000e+00
7.897105978260869108e+01 0.000000000000000000e+00 0.000000000000000000e+00
7.903041537267080230e+01 0.000000000000000000e+00 0.000000000000000000e+00
7.910067287784679024e+01 0.000000000000000000e+00 0.000000000000000000e+00
7.917873317805383238e+01 0.000000000000000000e+00 0.000000000000000000e+00
7.930079580745341161e+01 0.000000000000000000e+00 0.000000000000000000e+00
7.943555253623188150e+01 0.000000000000000000e+00 0.000000000000000000e+00
7.951311464803312390e+01 0.000000000000000000e+00 0.000000000000000000e+00
7.952980072463768124e+01 0.000000000000000000e+00 0.000000000000000000e+00
7.961742365424430545e+01 0.000000000000000000e+00 0.000000000000000000e+00
7.965847567287784159e+01 0.000000000000000000e+00 0.000000000000000000e+00
7.970601708074534031e+01 0.000000000000000000e+00 0.000000000000000000e+00
7.974745082815735486e+01 0.000000000000000000e+00 0.000000000000000000e+00
7.985507246376810997e+01 0.000000000000000000e+00 0.000000000000000000e+00
7.997498059006211690e+01 0.000000000000000000e+00 0.000000000000000000e+00
8.007611930641822084e+01 0.000000000000000000e+00 0.000000000000000000e+00
8.016807712215320691e+01 0.000000000000000000e+00 0.000000000000000000e+00
8.025571299171842554e+01 0.000000000000000000e+00 0.000000000000000000e+00
8.031655020703934156e+01 0.000000000000000000e+00 0.000000000000000000e+00
8.040179865424430261e+01 0.000000000000000000e+00 0.000000000000000000e+00
8.039351061076604310e+01 0.000000000000000000e+00 0.000000000000000000e+00
8.034335533126294138e+01 0.000000000000000000e+00 0.000000000000000000e+00
8.024370471014492523e+01 0.000000000000000000e+00 0.000000000000000000e+00
8.015137810559005516e+01 0.000000000000000000e+00 0.000000000000000000e+00
8.006884057971014101e+01 0.000000000000000000e+00 0.000000000000000000e+00
8.004985766045548701e+01 0.000000000000000000e+00 0.000000000000000000e+00
8.004523809523809064e+01 0.000000000000000000e+00 0.000000000000000000e+00
8.005297619047618696e+01 0.000000000000000000e+00 0.000000000000000000e+00
8.005548654244306306e+01 0.000000000000000000e+00 0.000000000000000000e+00
7.999872541407867743e+01 0.000000000000000000e+00 0.000000000000000000e+00
7.997538172877847273e+01 0.000000000000000000e+00 0.000000000000000000e+00
7.987980072463767556e+01 0.000000000000000000e+00 0.000000000000000000e+00
7.982122153209110138e+01 0.000000000000000000e+00 0.000000000000000000e+00
7.977716744306418661e+01 0.000000000000000000e+00 0.000000000000000000e+00
7.959395056935818502e+01 0.000000000000000000e+00 0.000000000000000000e+00
7.940931030020703929e+01 0.000000000000000000e+00 0.000000000000000000e+00
7.936303700828158014e+01 0.000000000000000000e+00 0.000000000000000000e+00
7.943475672877846705e+01 0.000000000000000000e+00 0.000000000000000000e+00
7.953682065217391539e+01 0.000000000000000000e+00 0.000000000000000000e+00
7.965369435817805766e+01 0.000000000000000000e+00 0.000000000000000000e+00
7.973765527950310172e+01 0.000000000000000000e+00 0.000000000000000000e+00
7.976406573498964292e+01 0.000000000000000000e+00 0.000000000000000000e+00
7.988790113871635867e+01 0.000000000000000000e+00 0.000000000000000000e+00
8.001966226708074714e+01 0.000000000000000000e+00 0.000000000000000000e+00
8.010854684265009951e+01 0.000000000000000000e+00 0.000000000000000000e+00
8.018770703933746802e+01 0.000000000000000000e+00 0.000000000000000000e+00
8.031331521739130608e+01 0.000000000000000000e+00 0.000000000000000000e+00
8.037672748447205606e+01 0.000000000000000000e+00 0.000000000000000000e+00
8.042664984472050094e+01 0.000000000000000000e+00 0.000000000000000000e+00
8.044953416149068914e+01 0.000000000000000000e+00 0.000000000000000000e+00
8.045032349896480639e+01 0.000000000000000000e+00 0.000000000000000000e+00
8.047971661490683459e+01 0.000000000000000000e+00 0.000000000000000000e+00
8.051154244306418661e+01 0.000000000000000000e+00 0.000000000000000000e+00
8.051259704968944675e+01 0.000000000000000000e+00 0.000000000000000000e+00
8.050041407867495025e+01 0.000000000000000000e+00 0.000000000000000000e+00
8.053429736024844487e+01 0.000000000000000000e+00 0.000000000000000000e+00
8.051776009316769489e+01 0.000000000000000000e+00 0.000000000000000000e+00
8.040108048654244044e+01 0.000000000000000000e+00 0.000000000000000000e+00
8.024882246376812134e+01 0.000000000000000000e+00 0.000000000000000000e+00
8.008451086956522147e+01 0.000000000000000000e+00 0.000000000000000000e+00
7.993223990683229374e+01 0.000000000000000000e+00 0.000000000000000000e+00
7.983320393374741286e+01 0.000000000000000000e+00 0.000000000000000000e+00
7.975320263975154944e+01 0.000000000000000000e+00 0.000000000000000000e+00
7.957373188405797748e+01 0.000000000000000000e+00 0.000000000000000000e+00
7.951391045548653835e+01 0.000000000000000000e+00 0.000000000000000000e+00
7.954926242236024336e+01 0.000000000000000000e+00 0.000000000000000000e+00
7.961202122153208904e+01 0.000000000000000000e+00 0.000000000000000000e+00
7.959147256728778075e+01 0.000000000000000000e+00 0.000000000000000000e+00
7.956851708074533747e+01 0.000000000000000000e+00 0.000000000000000000e+00
7.955860507246376301e+01 0.000000000000000000e+00 0.000000000000000000e+00
7.957579580745341730e+01 0.000000000000000000e+00 0.000000000000000000e+00
7.962263198757763405e+01 0.000000000000000000e+00 0.000000000000000000e+00
7.969021092132504691e+01 0.000000000000000000e+00 0.000000000000000000e+00
7.975485895445135043e+01 0.000000000000000000e+00 0.000000000000000000e+00
7.981693193581780577e+01 0.000000000000000000e+00 0.000000000000000000e+00
7.991959109730848354e+01 0.000000000000000000e+00 0.000000000000000000e+00
8.007936076604555353e+01 0.000000000000000000e+00 0.000000000000000000e+00
8.023612189440993347e+01 0.000000000000000000e+00 0.000000000000000000e+00
8.037797619047618980e+01 0.000000000000000000e+00 0.000000000000000000e+00
8.056582556935818218e+01 0.000000000000000000e+00 0.000000000000000000e+00
8.066628493788819299e+01 0.000000000000000000e+00 0.000000000000000000e+00
8.070166278467908683e+01 0.000000000000000000e+00 0.000000000000000000e+00
8.074140786749482857e+01 0.000000000000000000e+00 0.000000000000000000e+00
8.085163690476190368e+01 0.000000000000000000e+00 0.000000000000000000e+00
8.103399327122153295e+01 0.000000000000000000e+00 0.000000000000000000e+00
8.117021868530021322e+01 0.000000000000000000e+00 0.000000000000000000e+00
8.137512939958591573e+01 0.000000000000000000e+00 0.000000000000000000e+00
8.144486283643892932e+01 0.000000000000000000e+00 0.000000000000000000e+00
8.136580615942028771e+01 0.000000000000000000e+00 0.000000000000000000e+00
8.127587991718426963e+01 0.000000000000000000e+00 0.000000000000000000e+00
8.124391174948240746e+01 0.000000000000000000e+00 0.000000000000000000e+00
8.117023162525879343e+01 0.000000000000000000e+00 0.000000000000000000e+00
8.105217391304347530e+01 0.000000000000000000e+00 0.000000000000000000e+00
8.094075439958592710e+01 0.000000000000000000e+00 0.000000000000000000e+00
8.090747929606625632e+01 0.000000000000000000e+00 0.000000000000000000e+00
8.083865165631469551e+01 0.000000000000000000e+00 0.000000000000000000e+00
8.080030408902690908e+01 0.000000000000000000e+00 0.000000000000000000e+00
8.082930900621117587e+01 0.000000000000000000e+00 0.000000000000000000e+00
8.082547877846791096e+01 0.000000000000000000e+00 0.000000000000000000e+00
8.079857013457557002e+01 0.000000000000000000e+00 0.000000000000000000e+00
