7.110527539698358623e+01 0.000000000000000000e+00 1.709853165902597838e-01
7.165759750182712651e+01 0.000000000000000000e+00 1.932097535047505033e-01
7.166261377981528824e+01 0.000000000000000000e+00 1.932097535047505033e-01
7.225699289083782162e+01 0.000000000000000000e+00 2.057670586671981883e-01
7.252724071490266056e+01 0.000000000000000000e+00 2.233406418178194019e-01
7.311055743804398332e+01 0.000000000000000000e+00 2.009833233672181363e-01
7.301152747325758696e+01 0.000000000000000000e+00 1.360042522091555461e-01
7.351953358580824727e+01 0.000000000000000000e+00 1.428144309348216012e-01
7.362125440170088098e+01 0.000000000000000000e+00 1.343432330077735659e-01
7.398265895953757365e+01 0.000000000000000000e+00 1.308550926848714435e-01
7.434133944588398890e+01 0.000000000000000000e+00 1.225832170619892414e-01
7.441219852501494358e+01 0.000000000000000000e+00 1.205567736363032383e-01
7.386060726862002923e+01 0.000000000000000000e+00 1.283967842668261305e-01
7.316434123978473281e+01 0.000000000000000000e+00 1.232144043585143844e-01
7.297800810577369646e+01 0.000000000000000000e+00 1.224171151418510378e-01
7.267211480964719783e+01 0.000000000000000000e+00 1.041791243106770376e-01
7.249295727858614669e+01 0.000000000000000000e+00 1.177330409939538886e-01
7.271812504152548229e+01 0.000000000000000000e+00 9.720284366487276506e-02
7.293515381037805412e+01 0.000000000000000000e+00 1.194605009633911419e-01
7.305471397249351639e+01 0.000000000000000000e+00 1.179655836821473652e-01
7.320367417447346270e+01 0.000000000000000000e+00 1.259052554647531741e-01
7.314709986047438406e+01 0.000000000000000000e+00 1.235798285828184212e-01
7.284738555577702357e+01 0.000000000000000000e+00 1.232476247425420279e-01
7.221825792306158576e+01 0.000000000000000000e+00 1.057072619759484439e-01
7.193053617699820279e+01 0.000000000000000000e+00 1.036475981662347973e-01
7.192136735100658029e+01 0.000000000000000000e+00 1.089628596106571035e-01
7.190336190286359397e+01 0.000000000000000000e+00 1.076008238655238869e-01
7.184967776227493630e+01 0.000000000000000000e+00 1.009235266759683780e-01
7.154205700617899311e+01 0.000000000000000000e+00 1.052421765995614905e-01
7.151963324696033908e+01 0.000000000000000000e+00 1.053750581356720506e-01
7.144236263371205098e+01 0.000000000000000000e+00 1.148096471995216222e-01
7.152076274001727541e+01 0.000000000000000000e+00 1.187960932828383553e-01
7.184612318118396956e+01 0.000000000000000000e+00 1.310876353730649202e-01
7.241525480034549389e+01 0.000000000000000000e+00 1.313866188293136561e-01
7.260228556242110187e+01 0.000000000000000000e+00 1.235466081987907777e-01
7.244737891170021271e+01 0.000000000000000000e+00 1.146767656634110621e-01
7.217324430270413416e+01 0.000000000000000000e+00 1.043120058467875838e-01
7.271317520430535808e+01 0.000000000000000000e+00 1.079330277058002802e-01
7.336575642814430864e+01 0.000000000000000000e+00 1.371337452660952860e-01
7.402391867649990331e+01 0.000000000000000000e+00 1.753039665138529102e-01
7.430287024117998840e+01 0.000000000000000000e+00 1.603547937014151992e-01
7.428453258919672919e+01 0.000000000000000000e+00 1.368347618098465224e-01
7.343907381569330539e+01 0.000000000000000000e+00 1.244103381835093974e-01
7.285804929904989535e+01 0.000000000000000000e+00 1.179988040661750087e-01
7.205850109627267841e+01 0.000000000000000000e+00 1.094943857550993299e-01
7.184080791973954661e+01 0.000000000000000000e+00 1.167696498571523522e-01
7.195040196664673715e+01 0.000000000000000000e+00 1.180652448342302818e-01
7.261936083981130707e+01 0.000000000000000000e+00 1.223838947578233943e-01
7.264092086904524592e+01 0.000000000000000000e+00 1.465018935618895846e-01
7.255398312404491890e+01 0.000000000000000000e+00 1.344096737758288529e-01
7.232346687927712026e+01 0.000000000000000000e+00 1.164706664009035886e-01
7.209148893761211241e+01 0.000000000000000000e+00 1.183310079064514020e-01
7.219603348614710114e+01 0.000000000000000000e+00 1.251744070161451006e-01
7.207587535711913063e+01 0.000000000000000000e+00 1.188293136668659850e-01
7.182615773038335760e+01 0.000000000000000000e+00 1.149757491196598258e-01
7.179652514783070671e+01 0.000000000000000000e+00 1.121520164773104761e-01
7.187366287954289135e+01 0.000000000000000000e+00 1.015214935884658776e-01
7.210796624808982358e+01 0.000000000000000000e+00 1.129493056939738227e-01
7.232057670586671350e+01 0.000000000000000000e+00 1.157730383363231724e-01
7.232336721812504265e+01 0.000000000000000000e+00 1.229154209022656347e-01
7.261902863597103419e+01 0.000000000000000000e+00 1.232144043585143844e-01
7.289548867184905134e+01 0.000000000000000000e+00 1.391269683077536456e-01
7.295581688924323771e+01 0.000000000000000000e+00 1.441764666799548178e-01
7.288977476579628956e+01 0.000000000000000000e+00 1.100923526675968434e-01
7.274260846455385376e+01 0.000000000000000000e+00 1.084977742342701501e-01
7.279233937944322008e+01 0.000000000000000000e+00 1.086638761544083398e-01
7.299877084579097186e+01 0.000000000000000000e+00 1.037804797023453574e-01
7.285512590525546273e+01 0.000000000000000000e+00 9.660487675237525163e-02
7.249774101388612735e+01 0.000000000000000000e+00 9.381436449405354538e-02
7.231433127366952363e+01 0.000000000000000000e+00 1.002591189954155915e-01
7.238176865324562925e+01 0.000000000000000000e+00 1.134808318384160492e-01
7.241801209221978297e+01 0.000000000000000000e+00 1.150754102717427424e-01
7.255305295329213777e+01 0.000000000000000000e+00 1.300578034682080830e-01
7.256464686731779068e+01 0.000000000000000000e+00 1.352401833765198291e-01
7.276556374991695009e+01 0.000000000000000000e+00 1.347750980001328758e-01
7.279330277058002707e+01 0.000000000000000000e+00 1.234137266626802176e-01
7.271055079396717247e+01 0.000000000000000000e+00 1.088631984585741869e-01
7.219958806723805367e+01 0.000000000000000000e+00 1.067038734967776237e-01
7.174636236794897570e+01 0.000000000000000000e+00 1.098930303634309963e-01
7.149611321506876038e+01 0.000000000000000000e+00 1.086638761544083398e-01
7.100886984253537548e+01 0.000000000000000000e+00 9.613979137598831215e-02
7.087907780213939191e+01 0.000000000000000000e+00 9.730250481695568165e-02
7.136037472593183395e+01 0.000000000000000000e+00 9.550860407946315522e-02
7.155072752641019918e+01 0.000000000000000000e+00 7.883197129758820476e-02
7.154331938077204711e+01 0.000000000000000000e+00 4.644209687063982628e-02
7.156723805727193621e+01 0.000000000000000000e+00 6.248754235598963369e-02
7.170639824596372591e+01 0.000000000000000000e+00 6.418178194139924353e-02
7.130851770646468424e+01 0.000000000000000000e+00 7.717095209620623841e-02
7.085519234602351446e+01 0.000000000000000000e+00 9.564148561557371531e-02
7.047289216663344291e+01 0.000000000000000000e+00 9.564148561557371531e-02
7.002544681416517847e+01 0.000000000000000000e+00 9.474453524682745209e-02
6.981991229818616773e+01 0.000000000000000000e+00 6.335127234070825342e-02
6.992179921599893078e+01 0.000000000000000000e+00 7.484552521427147165e-02
7.015587004185768194e+01 0.000000000000000000e+00 8.580825194339246342e-02
7.030941465683343949e+01 0.000000000000000000e+00 9.447877217460633192e-02
7.076383628994750552e+01 0.000000000000000000e+00 1.038137000863730008e-01
7.094495382366619651e+01 0.000000000000000000e+00 7.431399906982924519e-02
7.099933559231945424e+01 0.000000000000000000e+00 6.039465816224835748e-02
7.110241844395720534e+01 0.000000000000000000e+00 6.986246761012557260e-02
7.123662879542887083e+01 0.000000000000000000e+00 1.050096339113680138e-01
7.116769649857153013e+01 0.000000000000000000e+00 8.185502624410338768e-02
7.102534715301308665e+01 0.000000000000000000e+00 8.899740881004584991e-02
7.090638495781011841e+01 0.000000000000000000e+00 8.587469271144775040e-02
7.078898412065643697e+01 0.000000000000000000e+00 9.202046375656101895e-02
7.065052156002923311e+01 0.000000000000000000e+00 8.255265430868380383e-02
7.045491993887449667e+01 0.000000000000000000e+00 8.251943392465617422e-02
7.026898544947179914e+01 0.000000000000000000e+00 7.401501561358049541e-02
7.081546076672645995e+01 0.000000000000000000e+00 7.477908444621619855e-02
7.118128363563883454e+01 0.000000000000000000e+00 8.398113082187230738e-02
7.136123845591654913e+01 0.000000000000000000e+00 1.002591189954155915e-01
7.157029433260248652e+01 0.000000000000000000e+00 7.723739286426151152e-02
7.165719885721878768e+01 0.000000000000000000e+00 8.843266228157597997e-02
7.141801209221978297e+01 0.000000000000000000e+00 7.776891900870373797e-02
7.130569397382234342e+01 0.000000000000000000e+00 7.979536243438974108e-02
7.113132017806125873e+01 0.000000000000000000e+00 9.145571722809116288e-02
7.120570061789914007e+01 0.000000000000000000e+00 1.024184439572121408e-01
7.103883462892831346e+01 0.000000000000000000e+00 1.211547405488007378e-01
7.100983323367218247e+01 0.000000000000000000e+00 1.119194737891169994e-01
7.094874094744535853e+01 0.000000000000000000e+00 9.823267556972958836e-02
7.107594179788718236e+01 0.000000000000000000e+00 9.318317719752840234e-02
7.140193342635041063e+01 0.000000000000000000e+00 1.294598365557105835e-01
7.128061258388146371e+01 0.000000000000000000e+00 9.637233406418178883e-02
7.120879011361371624e+01 0.000000000000000000e+00 8.564215002325427373e-02
7.124081456381635746e+01 0.000000000000000000e+00 7.952959936216862091e-02
7.116533785130556566e+01 0.000000000000000000e+00 6.544415653444954351e-02
7.093555245498637873e+01 0.000000000000000000e+00 6.192279582751976374e-02
7.083728655903261995e+01 0.000000000000000000e+00 7.202179257192213579e-02
7.075094678094478695e+01 0.000000000000000000e+00 1.046442096870639771e-01
7.062690186698557682e+01 0.000000000000000000e+00 1.014550528204106045e-01
7.061035811573981391e+01 0.000000000000000000e+00 9.790047172945319509e-02
7.027184240249816582e+01 0.000000000000000000e+00 7.271942063650255195e-02
7.018267889176799201e+01 0.000000000000000000e+00 7.358315062122118555e-02
7.005132549332270742e+01 0.000000000000000000e+00 7.521094943857550841e-02
7.009175470068433356e+01 0.000000000000000000e+00 7.172280911567337214e-02
6.980227227426749437e+01 0.000000000000000000e+00 6.687263304763803318e-02
6.939518968839280433e+01 0.000000000000000000e+00 6.537771576639425652e-02
6.953102783868180836e+01 0.000000000000000000e+00 7.717095209620623841e-02
6.969792704803667505e+01 0.000000000000000000e+00 8.109095741146767067e-02
6.989482426416849137e+01 0.000000000000000000e+00 1.005248820676366978e-01
6.991668327685867723e+01 0.000000000000000000e+00 9.052554647531725618e-02
6.992073616371004618e+01 0.000000000000000000e+00 8.338316390937479394e-02
6.993575177729054815e+01 0.000000000000000000e+00 8.570859079130954683e-02
6.986572320776028278e+01 0.000000000000000000e+00 8.457909773436980694e-02
6.969852501494916908e+01 0.000000000000000000e+00 8.667198192811108315e-02
6.929625938475848557e+01 0.000000000000000000e+00 7.092551989901003939e-02
6.928423360574048218e+01 0.000000000000000000e+00 6.919805992957278606e-02
6.927861936083981220e+01 0.000000000000000000e+00 6.640754767125107982e-02
6.895149823931964761e+01 0.000000000000000000e+00 5.541160055810245150e-02
6.865550461763338319e+01 0.000000000000000000e+00 4.534582419772772294e-02
6.836200252474918670e+01 0.000000000000000000e+00 5.723872167962261448e-02
6.826602883529334065e+01 0.000000000000000000e+00 7.952959936216862091e-02
6.825838814696697909e+01 0.000000000000000000e+00 7.952959936216862091e-02
6.826901866985582501e+01 0.000000000000000000e+00 6.315195003654242023e-02
6.857531061059066246e+01 0.000000000000000000e+00 7.527739020663079539e-02
6.865135206962992243e+01 0.000000000000000000e+00 7.610789980732177162e-02
6.872221114876087711e+01 0.000000000000000000e+00 6.956348415387682282e-02
6.850983323367218247e+01 0.000000000000000000e+00 5.119261178659225558e-02
6.850232542688193860e+01 0.000000000000000000e+00 7.321772639691714879e-02
6.853036343100126260e+01 0.000000000000000000e+00 8.198790778021393388e-02
6.844279449870440146e+01 0.000000000000000000e+00 8.477842003853564012e-02
6.833446282639027913e+01 0.000000000000000000e+00 8.102451664341239757e-02
6.843535313268220932e+01 0.000000000000000000e+00 8.487808119061855672e-02
6.877589528934954899e+01 0.000000000000000000e+00 8.710384692047040689e-02
6.922284233605741122e+01 0.000000000000000000e+00 6.112550661085642406e-02
6.935359776759018757e+01 0.000000000000000000e+00 5.773702744003720438e-02
6.942728057936349728e+01 0.000000000000000000e+00 5.624211015879343467e-02
6.924015015613581170e+01 0.000000000000000000e+00 6.673975151152747309e-02
6.901059730250482005e+01 0.000000000000000000e+00 6.311872965251477674e-02
6.892631718822669029e+01 0.000000000000000000e+00 6.458042654973090990e-02
6.860039200053152797e+01 0.000000000000000000e+00 5.806923128031359765e-02
6.850033220384027288e+01 0.000000000000000000e+00 5.587668593448940485e-02
6.850063118729651990e+01 0.000000000000000000e+00 6.534449538236662691e-02
6.856205567736363093e+01 0.000000000000000000e+00 6.315195003654242023e-02
6.845727858614046113e+01 0.000000000000000000e+00 7.962926051425155138e-02
6.846558368214736845e+01 0.000000000000000000e+00 8.826656036143777639e-02
6.841787921068367950e+01 0.000000000000000000e+00 6.986246761012557260e-02
6.845996943724669848e+01 0.000000000000000000e+00 8.753571191282971675e-02
6.843518703076207998e+01 0.000000000000000000e+00 8.976147764268155305e-02
6.839861138794763917e+01 0.000000000000000000e+00 9.640555444820941844e-02
6.830479702345358817e+01 0.000000000000000000e+00 8.241977277257325762e-02
6.793751245764400437e+01 0.000000000000000000e+00 6.962992492193209593e-02
6.829885057471264531e+01 0.000000000000000000e+00 6.644076805527872331e-02
6.839784731911501581e+01 0.000000000000000000e+00 4.501362035745132967e-02
6.855786990897614430e+01 0.000000000000000000e+00 5.773702744003720438e-02
6.865065444156535079e+01 0.000000000000000000e+00 6.262042389210019377e-02
6.891179988040661897e+01 0.000000000000000000e+00 7.062653644276127574e-02
6.897319115008968993e+01 0.000000000000000000e+00 5.272074945186366185e-02
6.938545611587269946e+01 0.000000000000000000e+00 7.341704870108298198e-02
6.940415919208025741e+01 0.000000000000000000e+00 7.537705135871371198e-02
6.959716962328084833e+01 0.000000000000000000e+00 8.826656036143777639e-02
6.971842402498172930e+01 0.000000000000000000e+00 7.517772905454786492e-02
6.988545611587269946e+01 0.000000000000000000e+00 8.258587469271144732e-02
6.994282771908842733e+01 0.000000000000000000e+00 7.085907913095475241e-02
6.992691515513919853e+01 0.000000000000000000e+00 6.388279848515049375e-02
6.981433127366952363e+01 0.000000000000000000e+00 6.431466347750980361e-02
6.965344495382366574e+01 0.000000000000000000e+00 6.434788386153743323e-02
6.938273204438243624e+01 0.000000000000000000e+00 4.434921267689854313e-02
6.921307554315328048e+01 0.000000000000000000e+00 4.757158992757956617e-02
6.903368546940401984e+01 0.000000000000000000e+00 4.727260647133080945e-02
6.883462892831040847e+01 0.000000000000000000e+00 5.162447677895156545e-02
6.884250215932496531e+01 0.000000000000000000e+00 5.624211015879343467e-02
6.880944787721746536e+01 0.000000000000000000e+00 5.298651252408477508e-02
6.864019002059663421e+01 0.000000000000000000e+00 4.953159258521028230e-02
6.851239120324231635e+01 0.000000000000000000e+00 6.145771045113281733e-02
6.852229087768255056e+01 0.000000000000000000e+00 7.042721413859544255e-02
6.843369211348083070e+01 0.000000000000000000e+00 7.325094678094479228e-02
6.838150289017340810e+01 0.000000000000000000e+00 7.806790246495250163e-02
6.852670918875821826e+01 0.000000000000000000e+00 7.305162447677894522e-02
6.856431466347750359e+01 0.000000000000000000e+00 8.165570393993754061e-02
6.847501827121121210e+01 0.000000000000000000e+00 3.126038137000863859e-02
6.840738156933093705e+01 0.000000000000000000e+00 3.312072287555643813e-02
6.843043651584612519e+01 0.000000000000000000e+00 5.361769982060992507e-02
6.889641884260181826e+01 0.000000000000000000e+00 4.418311075676034649e-02
6.949189422629726209e+01 0.000000000000000000e+00 5.617566939073815463e-02
6.987921068367550959e+01 0.000000000000000000e+00 4.660819879077802291e-02
6.998843930635838717e+01 0.000000000000000000e+00 8.241977277257325762e-02
7.012112152016477751e+01 0.000000000000000000e+00 7.042721413859544255e-02
7.005338515713241065e+01 0.000000000000000000e+00 7.165636834761809904e-02
6.987024117998804229e+01 0.000000000000000000e+00 6.939738223373861925e-02
6.949225965052156084e+01 0.000000000000000000e+00 4.810311607202179263e-02
6.936226828782140785e+01 0.000000000000000000e+00 4.860142183243638253e-02
6.921480300312271083e+01 0.000000000000000000e+00 5.002989834562487220e-02
6.897581556042787554e+01 0.000000000000000000e+00 5.142515447478572532e-02
6.886097269284432798e+01 0.000000000000000000e+00 5.321905521227825175e-02
6.876466679954820904e+01 0.000000000000000000e+00 7.627400172745997520e-02
6.864377782207162682e+01 0.000000000000000000e+00 7.879875091356056127e-02
6.858411401235798621e+01 0.000000000000000000e+00 6.786924456846721299e-02
6.873769184771775542e+01 0.000000000000000000e+00 7.202179257192213579e-02
6.886525812238389221e+01 0.000000000000000000e+00 6.614178459902995966e-02
6.877227426749053052e+01 0.000000000000000000e+00 5.786990897614776447e-02
6.863411069031957368e+01 0.000000000000000000e+00 5.076074679423293878e-02
6.870633180519567418e+01 0.000000000000000000e+00 5.514583748588133827e-02
6.809404690718224629e+01 0.000000000000000000e+00 5.939804664141917767e-02
6.733253604411666515e+01 0.000000000000000000e+00 5.275396983589130534e-02
6.664959138927646620e+01 0.000000000000000000e+00 4.318649923593116668e-02
6.611680287024117320e+01 0.000000000000000000e+00 4.408344960467742990e-02
6.593644940535511978e+01 0.000000000000000000e+00 6.039465816224835748e-02
6.613238323035014332e+01 0.000000000000000000e+00 4.654175802272274287e-02
6.640628529665802660e+01 0.000000000000000000e+00 5.424888711713507505e-02
6.678858547604809814e+01 0.000000000000000000e+00 5.159125639492392196e-02
6.710275064779749243e+01 0.000000000000000000e+00 6.654042920736163991e-02
6.700730848448607446e+01 0.000000000000000000e+00 6.693907381569330628e-02
6.701963324696033908e+01 0.000000000000000000e+00 5.096006909839877891e-02
6.718533652249020349e+01 0.000000000000000000e+00 4.644209687063982628e-02
6.726808849910304389e+01 0.000000000000000000e+00 4.674108032688857606e-02
6.754295395654773415e+01 0.000000000000000000e+00 5.298651252408477508e-02
6.763806391601886503e+01 0.000000000000000000e+00 5.627533054282107816e-02
6.786668659889708977e+01 0.000000000000000000e+00 5.740482359976081111e-02
6.782266959006045681e+01 0.000000000000000000e+00 5.833499435253471782e-02
6.776978273868846259e+01 0.000000000000000000e+00 5.660753438309747143e-02
6.779705667397514901e+01 0.000000000000000000e+00 5.747126436781609116e-02
6.779413328018071638e+01 0.000000000000000000e+00 5.238854561158726858e-02
6.816410869709653753e+01 0.000000000000000000e+00 5.730516244767789452e-02
6.843930635838150067e+01 0.000000000000000000e+00 6.590924191083648298e-02
6.859105707261976193e+01 0.000000000000000000e+00 6.275330542821075386e-02
6.867550328881802102e+01 0.000000000000000000e+00 6.099262507474586398e-02
6.866208225367084594e+01 0.000000000000000000e+00 5.471397249352202841e-02
6.845883994418974794e+01 0.000000000000000000e+00 5.743804398378845461e-02
6.807504484751844132e+01 0.000000000000000000e+00 5.667397515115274453e-02
6.778376852036409161e+01 0.000000000000000000e+00 5.468075210949438492e-02
6.773842269616636713e+01 0.000000000000000000e+00 5.600956747059995799e-02
6.757663942595176820e+01 0.000000000000000000e+00 4.697362301508205273e-02
6.776406883263570080e+01 0.000000000000000000e+00 4.810311607202179263e-02
6.811381303567868883e+01 0.000000000000000000e+00 5.577702478240648132e-02
6.823642947312471563e+01 0.000000000000000000e+00 6.132482891502225725e-02
6.827433393130024797e+01 0.000000000000000000e+00 5.713906052753969789e-02
6.821659690386020714e+01 0.000000000000000000e+00 5.813567204836887770e-02
6.769443890771377426e+01 0.000000000000000000e+00 5.584346555046176136e-02
6.734286758354926405e+01 0.000000000000000000e+00 6.308550926848714713e-02
6.715161783270214357e+01 0.000000000000000000e+00 4.723938608730316596e-02
6.707690518902398935e+01 0.000000000000000000e+00 4.757158992757956617e-02
6.708434655504618149e+01 0.000000000000000000e+00 4.122649657830044362e-02
6.788847917081920968e+01 0.000000000000000000e+00 4.866786260049166257e-02
6.864497375589661488e+01 0.000000000000000000e+00 7.308484486080658871e-02
6.904840209952827479e+01 0.000000000000000000e+00 5.604278785462760148e-02
6.918071888911035217e+01 0.000000000000000000e+00 5.272074945186366185e-02
6.919410670387350137e+01 0.000000000000000000e+00 4.790379376785595944e-02
6.919061856355060058e+01 0.000000000000000000e+00 5.235532522755963203e-02
6.920553451597901073e+01 0.000000000000000000e+00 4.707328416716496933e-02
6.931379974752508133e+01 0.000000000000000000e+00 5.551126171018536809e-02
6.951720815892632288e+01 0.000000000000000000e+00 4.541226496578300298e-02
6.957248687794830744e+01 0.000000000000000000e+00 4.504684074147897316e-02
6.908893096804199274e+01 0.000000000000000000e+00 4.996345757756959910e-02
6.851518171550063130e+01 0.000000000000000000e+00 4.823599760813235271e-02
6.836456049431932058e+01 0.000000000000000000e+00 4.418311075676034649e-02
6.809019334263504675e+01 0.000000000000000000e+00 4.142581888246628374e-02
6.762075609594046455e+01 0.000000000000000000e+00 4.205700617899142679e-02
6.743950568068567009e+01 0.000000000000000000e+00 4.129293734635572366e-02
6.738854561158727563e+01 0.000000000000000000e+00 4.149225965052155685e-02
6.713703408411400630e+01 0.000000000000000000e+00 4.089429273802405035e-02
6.715165105308616944e+01 0.000000000000000000e+00 4.215666733107435032e-02
6.691738090492326307e+01 0.000000000000000000e+00 4.318649923593116668e-02
6.663859544216330733e+01 0.000000000000000000e+00 4.295395654773769001e-02
6.669144907315128989e+01 0.000000000000000000e+00 4.268819347551657678e-02
6.687190219918942091e+01 0.000000000000000000e+00 4.524616304564480634e-02
6.686489269815959346e+01 0.000000000000000000e+00 4.405022922064979335e-02
6.685775031559364834e+01 0.000000000000000000e+00 3.169224636236794845e-02
6.726433459570792195e+01 0.000000000000000000e+00 3.248953557903129508e-02
6.754826921799215711e+01 0.000000000000000000e+00 3.199122981861670517e-02
6.743116736429473690e+01 0.000000000000000000e+00 3.013088831306889870e-02
6.714912630390007564e+01 0.000000000000000000e+00 3.438309746860673810e-02
6.704135937811440726e+01 0.000000000000000000e+00 3.564547206165703114e-02
6.626848714371138271e+01 0.000000000000000000e+00 2.219121653046309331e-02
6.614945850774034852e+01 0.000000000000000000e+00 2.126104577768919007e-02
6.611235133878147963e+01 0.000000000000000000e+00 2.175935153810377998e-02
6.622397182911434754e+01 0.000000000000000000e+00 2.634376453391801265e-02
6.623297455318584070e+01 0.000000000000000000e+00 2.445020264434256962e-02
6.674257524416982790e+01 0.000000000000000000e+00 2.617766261377981601e-02
6.735177064646867962e+01 0.000000000000000000e+00 3.119394060195335855e-02
6.794764467477243386e+01 0.000000000000000000e+00 4.561158726994884310e-02
6.809454521294266272e+01 0.000000000000000000e+00 4.348548269217992340e-02
6.810922862268287759e+01 0.000000000000000000e+00 4.468141651717493640e-02
6.735755099328947892e+01 0.000000000000000000e+00 4.959803335326556234e-02
6.684931233805062334e+01 0.000000000000000000e+00 4.833565876021526930e-02
6.652156002923393885e+01 0.000000000000000000e+00 4.096073350607933039e-02
6.647604810311607082e+01 0.000000000000000000e+00 4.172480233871503352e-02
6.669168161583948518e+01 0.000000000000000000e+00 5.647465284698691135e-02
6.679223971829114248e+01 0.000000000000000000e+00 4.092751312205169384e-02
6.677679223971829003e+01 0.000000000000000000e+00 2.508138994086771614e-02
6.664381104245565268e+01 0.000000000000000000e+00 3.049631253737293199e-02
6.653983124044914632e+01 0.000000000000000000e+00 4.232276925121254696e-02
6.625224237592186682e+01 0.000000000000000000e+00 3.003122716098598211e-02
6.710075742475582672e+01 0.000000000000000000e+00 3.913361238455916741e-02
6.754494717958939987e+01 0.000000000000000000e+00 3.116072021792571853e-02
6.788751577968241691e+01 0.000000000000000000e+00 2.119460500963391003e-02
6.801345425553120094e+01 0.000000000000000000e+00 2.099528270546807684e-02
6.800252474918609380e+01 0.000000000000000000e+00 3.797089894359179096e-02
6.826141120191348932e+01 0.000000000000000000e+00 3.707394857484552775e-02
6.830296990233206600e+01 0.000000000000000000e+00 4.561158726994884310e-02
6.854517972227759515e+01 0.000000000000000000e+00 5.786990897614776447e-02
6.860902930037870817e+01 0.000000000000000000e+00 6.162381237127101397e-02
6.844668128363564108e+01 0.000000000000000000e+00 6.341771310876354040e-02
6.870035213607069124e+01 0.000000000000000000e+00 6.986246761012557260e-02
6.884771775961729645e+01 0.000000000000000000e+00 7.753637632051026130e-02
6.883446282639027913e+01 0.000000000000000000e+00 7.481230483024384204e-02
6.887063982459636691e+01 0.000000000000000000e+00 7.504484751843731871e-02
6.886745066772971313e+01 0.000000000000000000e+00 6.384957810112285026e-02
6.893126702544681450e+01 0.000000000000000000e+00 7.208823333997740890e-02
6.889907647332402973e+01 0.000000000000000000e+00 8.288485814896019710e-02
6.885831506212211650e+01 0.000000000000000000e+00 6.434788386153743323e-02
6.875440170088366187e+01 0.000000000000000000e+00 5.637499169490399475e-02
6.877735698624675820e+01 0.000000000000000000e+00 5.391668327685868178e-02
6.807753637632050925e+01 0.000000000000000000e+00 5.042854295395654551e-02
6.737751644409009089e+01 0.000000000000000000e+00 5.484685402963258155e-02
6.651740748123047808e+01 0.000000000000000000e+00 4.670785994286093951e-02
6.632154009700352049e+01 0.000000000000000000e+00 4.252209155537838015e-02
6.613560560760082296e+01 0.000000000000000000e+00 4.192412464288087365e-02
6.629130954753837557e+01 0.000000000000000000e+00 5.378380174074812170e-02
6.642605142515446914e+01 0.000000000000000000e+00 5.345159790047172843e-02
6.637705135871370032e+01 0.000000000000000000e+00 5.511261710185369478e-02
6.619965450800611961e+01 0.000000000000000000e+00 5.169091754700684549e-02
6.609378114411002514e+01 0.000000000000000000e+00 3.165902597834031190e-02
6.566304564480765293e+01 0.000000000000000000e+00 3.139326290611919174e-02
6.535858082519433765e+01 0.000000000000000000e+00 3.707394857484552775e-02
6.518237990831174500e+01 0.000000000000000000e+00 4.454853498106438325e-02
6.495917214803003503e+01 0.000000000000000000e+00 4.275463424357185682e-02
6.495495315925852253e+01 0.000000000000000000e+00 2.611122184572453597e-02
6.614470799282439373e+01 0.000000000000000000e+00 3.285495980333532490e-02
6.680768719686399493e+01 0.000000000000000000e+00 3.753903395123247416e-02
6.716895887316456992e+01 0.000000000000000000e+00 4.368480499634575659e-02
6.740535512590525968e+01 0.000000000000000000e+00 4.697362301508205273e-02
6.777310477709121983e+01 0.000000000000000000e+00 3.880140854428277414e-02
6.744415653444953307e+01 0.000000000000000000e+00 4.159192080260448038e-02
6.719467145040196954e+01 0.000000000000000000e+00 3.866852700817221405e-02
6.704627599495050561e+01 0.000000000000000000e+00 3.787123779150886743e-02
6.702727393528668642e+01 0.000000000000000000e+00 3.355258786791575493e-02
6.693422363962527299e+01 0.000000000000000000e+00 3.561225167762939459e-02
6.729476446747725049e+01 0.000000000000000000e+00 4.700684339910969622e-02
6.753092817752973076e+01 0.000000000000000000e+00 5.335193674838881184e-02
6.766869311009234877e+01 0.000000000000000000e+00 5.441498903727327169e-02
6.756129160853099336e+01 0.000000000000000000e+00 6.122516776293934065e-02
6.741831107567602999e+01 0.000000000000000000e+00 6.966314530595973942e-02
6.727094545212942478e+01 0.000000000000000000e+00 5.803601089628596110e-02
6.717075277390206622e+01 0.000000000000000000e+00 3.923327353664208400e-02
6.718928974818949484e+01 0.000000000000000000e+00 4.182446349079795705e-02
6.721244435585676058e+01 0.000000000000000000e+00 3.939937545678028064e-02
6.708776825460101634e+01 0.000000000000000000e+00 3.637632051026509772e-02
6.700076406883263758e+01 0.000000000000000000e+00 5.594312670254467795e-02
6.684077469935552074e+01 0.000000000000000000e+00 5.521227825393661831e-02
6.651641086970965944e+01 0.000000000000000000e+00 4.478107766925785993e-02
6.610085708590791853e+01 0.000000000000000000e+00 4.086107235399641380e-02
6.575191017208159394e+01 0.000000000000000000e+00 3.763869510331539769e-02
6.587392864261511249e+01 0.000000000000000000e+00 4.451531459703673976e-02
6.611049099727593159e+01 0.000000000000000000e+00 4.414989037273270994e-02
6.639366155072752917e+01 0.000000000000000000e+00 3.903395123247625081e-02
6.652727393528668642e+01 0.000000000000000000e+00 3.630987974220981768e-02
6.656381635771710137e+01 0.000000000000000000e+00 3.694106703873496766e-02
6.661487608796757343e+01 0.000000000000000000e+00 3.358580825194339148e-02
6.659969437246694213e+01 0.000000000000000000e+00 4.424955152481562654e-02
6.660085708590791853e+01 0.000000000000000000e+00 4.770447146369011931e-02
6.653614377782207612e+01 0.000000000000000000e+00 4.694040263105441618e-02
6.638389475782339844e+01 0.000000000000000000e+00 5.966380971364029090e-02
6.634628928310411311e+01 0.000000000000000000e+00 3.893429008039332728e-02
6.649853830310279079e+01 0.000000000000000000e+00 3.757225433526011765e-02
6.659962793169889039e+01 0.000000000000000000e+00 3.601089628596106790e-02
6.660866387615440942e+01 0.000000000000000000e+00 2.644342568600092924e-02
6.655813567204836545e+01 0.000000000000000000e+00 3.328682479569464170e-02
6.615616902531392896e+01 0.000000000000000000e+00 3.415055478041326142e-02
6.607660620556774234e+01 0.000000000000000000e+00 3.714038934290080085e-02
6.568603415055477512e+01 0.000000000000000000e+00 3.740615241512192102e-02
6.556999534914623950e+01 0.000000000000000000e+00 3.557903129360175110e-02
6.517782871569995962e+01 0.000000000000000000e+00 2.840342834363165231e-02
6.521932097535047035e+01 0.000000000000000000e+00 1.265696631453059641e-02
6.516563683476181268e+01 0.000000000000000000e+00 1.278984785064115302e-02
6.518178194139923676e+01 0.000000000000000000e+00 2.617766261377981601e-02
6.514244900671052108e+01 0.000000000000000000e+00 2.152680884991030330e-02
6.503229021327486237e+01 0.000000000000000000e+00 1.883595774367151712e-02
6.499302371935419842e+01 0.000000000000000000e+00 2.272274267490532323e-02
6.514690053817021465e+01 0.000000000000000000e+00 2.116138462560627348e-02
6.518055278719022283e+01 0.000000000000000000e+00 2.577901800544814270e-02
6.515988970832502503e+01 0.000000000000000000e+00 1.494917281243771101e-02
6.519427280579363071e+01 0.000000000000000000e+00 1.073018404092751336e-02
6.486914490731513183e+01 0.000000000000000000e+00 2.205833499435253323e-02
6.440518902398511614e+01 0.000000000000000000e+00 1.335459437911102297e-02
6.422633047638031201e+01 0.000000000000000000e+00 1.146103248953557821e-02
6.401415188359577257e+01 0.000000000000000000e+00 1.139459172148029990e-02
6.401594578433326888e+01 0.000000000000000000e+00 1.657697162979204081e-02
6.398627998139658501e+01 0.000000000000000000e+00 1.896883927978207374e-02
6.364420968706398440e+01 0.000000000000000000e+00 1.969968772839014032e-02
6.363341306225500205e+01 0.000000000000000000e+00 1.913494119992027037e-02
6.379994684738555577e+01 0.000000000000000000e+00 1.448408743605076113e-02
6.379971430469736049e+01 0.000000000000000000e+00 7.242043718025380564e-03
6.459557504484752144e+01 0.000000000000000000e+00 1.916816158394791039e-02
6.524958474519965534e+01 0.000000000000000000e+00 3.498106438110424460e-02
6.580582685535844689e+01 0.000000000000000000e+00 2.385223573184505966e-02
6.654255531193940953e+01 0.000000000000000000e+00 2.687529067836024257e-02
6.730047837352999807e+01 0.000000000000000000e+00 3.232343365889309844e-02
6.681074347219454523e+01 0.000000000000000000e+00 2.993156600890306204e-02
6.632074280778685704e+01 0.000000000000000000e+00 2.607800146169689595e-02
6.582639027307155288e+01 0.000000000000000000e+00 2.763935951099594571e-02
6.521892233074214573e+01 0.000000000000000000e+00 2.896817487210152225e-02
6.458643943923991060e+01 0.000000000000000000e+00 1.288950900272407135e-02
6.476403561225167493e+01 0.000000000000000000e+00 1.478307089229951438e-02
6.494239585409607685e+01 0.000000000000000000e+00 1.687595508604079406e-02
6.505079396717826512e+01 0.000000000000000000e+00 1.670985316590259742e-02
6.544199720948773802e+01 0.000000000000000000e+00 1.930104312005846701e-02
6.612829712311474850e+01 0.000000000000000000e+00 1.106238788120390663e-02
6.588764866121852037e+01 0.000000000000000000e+00 1.411866321174672784e-02
6.563583815028901824e+01 0.000000000000000000e+00 1.903528004783735378e-02
6.554674108032688196e+01 0.000000000000000000e+00 2.840342834363165231e-02
6.557896485283369259e+01 0.000000000000000000e+00 3.800411932761942752e-02
6.555092684871436859e+01 0.000000000000000000e+00 2.747325759085774907e-02
6.596060062454321837e+01 0.000000000000000000e+00 2.923393794432263548e-02
6.614288087170287156e+01 0.000000000000000000e+00 2.880207295196332562e-02
6.628845259451199468e+01 0.000000000000000000e+00 4.836887914424290585e-02
6.631871636436116546e+01 0.000000000000000000e+00 4.860142183243638253e-02
6.617547006843399515e+01 0.000000000000000000e+00 4.793701415188359599e-02
6.621609859809979071e+01 0.000000000000000000e+00 4.903328682479569239e-02
6.631436449405354949e+01 0.000000000000000000e+00 4.939871104909972915e-02
6.648784133944587893e+01 0.000000000000000000e+00 5.169091754700684549e-02
6.645056806856686649e+01 0.000000000000000000e+00 4.996345757756959910e-02
6.631981263703409013e+01 0.000000000000000000e+00 4.199056541093615369e-02
6.604205700617899311e+01 0.000000000000000000e+00 4.391734768453923327e-02
6.585256793568534306e+01 0.000000000000000000e+00 4.388412730051159671e-02
6.568683143977143857e+01 0.000000000000000000e+00 4.292073616371005346e-02
6.568164905986313329e+01 0.000000000000000000e+00 5.032888180187362892e-02
6.563570526875290057e+01 0.000000000000000000e+00 4.717294531924789286e-02
6.580360108962860011e+01 0.000000000000000000e+00 4.086107235399641380e-02
6.595438841273005437e+01 0.000000000000000000e+00 4.385090691648395322e-02
6.612039067171616580e+01 0.000000000000000000e+00 4.454853498106438325e-02
6.607079263836290295e+01 0.000000000000000000e+00 3.288818018736296839e-02
6.610414590392664991e+01 0.000000000000000000e+00 3.258919673111421167e-02
6.604996345757757581e+01 0.000000000000000000e+00 2.581223838947578272e-02
6.596315859411335225e+01 0.000000000000000000e+00 2.949970101654375218e-02
6.568540296325825523e+01 0.000000000000000000e+00 2.886851372001860219e-02
6.540827851969969231e+01 0.000000000000000000e+00 3.936615507275264408e-02
6.559886386286625282e+01 0.000000000000000000e+00 3.866852700817221405e-02
6.615145173078201424e+01 0.000000000000000000e+00 3.089495714570460530e-02
6.649166168360906681e+01 0.000000000000000000e+00 2.973224370473722539e-02
6.679101056408211434e+01 0.000000000000000000e+00 4.431599229287090658e-02
6.702973224370474270e+01 0.000000000000000000e+00 4.753836954355192268e-02
6.676669324297388641e+01 0.000000000000000000e+00 4.674108032688857606e-02
6.601282306823466683e+01 0.000000000000000000e+00 2.358647265962394643e-02
6.557557637366288361e+01 0.000000000000000000e+00 2.136070692977210667e-02
6.525014949172812351e+01 0.000000000000000000e+00 9.202046375656101895e-03
6.515165105308616944e+01 0.000000000000000000e+00 1.116204903328682496e-02
6.509437911102251917e+01 0.000000000000000000e+00 1.136137133745266162e-02
6.592057006178991685e+01 0.000000000000000000e+00 1.458374858813367946e-02
6.660969370805926815e+01 0.000000000000000000e+00 1.627798817354328756e-02
6.691738090492326307e+01 0.000000000000000000e+00 1.644409009368148419e-02
6.705212278253937086e+01 0.000000000000000000e+00 1.086306557703806998e-02
6.729951498239319108e+01 0.000000000000000000e+00 1.056408212078931673e-02
6.699003388479171406e+01 0.000000000000000000e+00 2.381901534781741964e-02
6.646870639824597049e+01 0.000000000000000000e+00 3.099461829778752189e-02
6.594272805793634973e+01 0.000000000000000000e+00 2.900139525612916228e-02
6.594020330875025593e+01 0.000000000000000000e+00 3.248953557903129508e-02
6.618590126901867166e+01 0.000000000000000000e+00 4.318649923593116668e-02
6.671888911035811986e+01 0.000000000000000000e+00 3.876818816025513065e-02
6.678257258653910355e+01 0.000000000000000000e+00 3.302106172347352153e-02
6.671091621819148543e+01 0.000000000000000000e+00 3.790445817553651092e-02
6.629914955816889233e+01 0.000000000000000000e+00 2.438376187628728958e-02
6.598245963723340424e+01 0.000000000000000000e+00 2.036409540894292686e-02
6.563823001793900858e+01 0.000000000000000000e+00 2.342037073948574979e-02
6.521965317919075744e+01 0.000000000000000000e+00 2.687529067836024257e-02
6.481516178327021294e+01 0.000000000000000000e+00 3.056275330542821203e-02
6.454777091223174068e+01 0.000000000000000000e+00 2.747325759085774907e-02
6.446724470134874707e+01 0.000000000000000000e+00 2.940003986446083212e-02
6.479081124177795914e+01 0.000000000000000000e+00 3.082851637764932526e-02
6.537665271410537571e+01 0.000000000000000000e+00 3.624343897415454457e-02
6.548996744402364811e+01 0.000000000000000000e+00 4.165836157065975348e-02
6.565460766726462793e+01 0.000000000000000000e+00 4.853498106438110249e-02
6.583233672181250995e+01 0.000000000000000000e+00 4.159192080260448038e-02
6.599318982127432776e+01 0.000000000000000000e+00 1.754036276659358060e-02
6.623533320045179096e+01 0.000000000000000000e+00 2.252342037073948658e-02
6.638419374127964545e+01 0.000000000000000000e+00 3.690784665470733111e-02
6.642718091821141968e+01 0.000000000000000000e+00 2.043053617699820690e-02
6.590379376785595866e+01 0.000000000000000000e+00 1.853697428742276387e-02
6.534655504617633426e+01 0.000000000000000000e+00 1.833765198325692722e-02
6.524081456381635746e+01 0.000000000000000000e+00 1.847053351936748383e-02
6.544864128629326672e+01 0.000000000000000000e+00 2.069629924921932013e-02
6.581519500365423880e+01 0.000000000000000000e+00 2.255664075476712660e-02
6.579310344827585766e+01 0.000000000000000000e+00 2.650986645405620928e-02
6.508089163510730657e+01 0.000000000000000000e+00 3.607733705401634100e-02
6.489206697229420229e+01 0.000000000000000000e+00 1.528137665271410602e-02
6.482589196731113645e+01 0.000000000000000000e+00 2.650986645405620928e-02
6.468732974553185500e+01 0.000000000000000000e+00 2.654308683808384930e-02
6.466334462826389995e+01 0.000000000000000000e+00 2.591189954155869932e-02
6.554029632582552267e+01 0.000000000000000000e+00 4.295395654773769001e-02
6.642854295395655129e+01 0.000000000000000000e+00 3.913361238455916741e-02
6.668354262175270719e+01 0.000000000000000000e+00 3.823666201581290419e-02
6.661062387881203506e+01 0.000000000000000000e+00 3.753903395123247416e-02
6.665563749916948666e+01 0.000000000000000000e+00 4.428277190884326309e-02
6.638897747657962611e+01 0.000000000000000000e+00 3.395123247624742824e-02
6.616616836090625497e+01 0.000000000000000000e+00 2.953292140057139220e-02
6.581356720483688605e+01 0.000000000000000000e+00 2.305494651518171650e-02
6.522523420370740155e+01 0.000000000000000000e+00 3.322038402763936166e-02
6.497946980267091988e+01 0.000000000000000000e+00 2.601156069364161938e-02
6.481134143910703926e+01 0.000000000000000000e+00 3.388479170819214820e-02
6.470071756029498999e+01 0.000000000000000000e+00 3.076207560959404522e-02
6.470483688791442489e+01 0.000000000000000000e+00 2.833698757557637227e-02
6.472530064447545328e+01 0.000000000000000000e+00 2.660952760613912588e-02
6.488891103581157438e+01 0.000000000000000000e+00 2.734037605474719246e-02
6.561643744601687445e+01 0.000000000000000000e+00 2.837020795960401229e-02
6.616184971098266487e+01 0.000000000000000000e+00 2.445020264434256962e-02
6.647930370075077633e+01 0.000000000000000000e+00 3.737293203109427753e-02
6.690386020862401040e+01 0.000000000000000000e+00 1.491595242841007272e-02
6.697704471463690368e+01 0.000000000000000000e+00 3.717360972692844434e-02
6.656212211813168267e+01 0.000000000000000000e+00 5.105973025048169550e-02
6.620367417447346270e+01 0.000000000000000000e+00 5.159125639492392196e-02
6.615327885190352220e+01 0.000000000000000000e+00 5.564414324629592817e-02
6.598451930104312169e+01 0.000000000000000000e+00 3.401767324430270134e-02
6.634997674573118331e+01 0.000000000000000000e+00 5.906584280114278440e-02
6.669722941997208920e+01 0.000000000000000000e+00 6.129160853099462070e-02
6.693847584878081136e+01 0.000000000000000000e+00 5.046176333798418900e-02
6.691030496312536968e+01 0.000000000000000000e+00 3.126038137000863859e-02
6.686931100923526117e+01 0.000000000000000000e+00 2.850308949571456890e-02
6.698049963457577860e+01 0.000000000000000000e+00 3.119394060195335855e-02
6.705205634177130491e+01 0.000000000000000000e+00 3.189156866653378858e-02
6.719437246694572252e+01 0.000000000000000000e+00 3.265563749916949171e-02
6.735871370673045533e+01 0.000000000000000000e+00 3.684140588665205107e-02
6.756285296658029438e+01 0.000000000000000000e+00 4.288751577968240997e-02
6.805561092286227165e+01 0.000000000000000000e+00 5.680685668726330462e-02
6.801783934622284278e+01 0.000000000000000000e+00 6.036143777822071399e-02
6.779802006511195600e+01 0.000000000000000000e+00 5.886652049697694428e-02
6.785230217261312191e+01 0.000000000000000000e+00 5.740482359976081111e-02
6.794339246561689549e+01 0.000000000000000000e+00 5.870041857683874764e-02
6.779021327486545090e+01 0.000000000000000000e+00 5.149159524284100536e-02
6.799631253737292980e+01 0.000000000000000000e+00 5.517905786990897482e-02
6.825745797621419797e+01 0.000000000000000000e+00 4.800345491993887603e-02
6.873782472925387310e+01 0.000000000000000000e+00 5.627533054282107816e-02
6.900810577370273791e+01 0.000000000000000000e+00 6.511195269417315024e-02
6.921354062852967104e+01 0.000000000000000000e+00 6.421500232542688702e-02
6.957158992757956639e+01 0.000000000000000000e+00 6.222177928376852046e-02
6.991854361836422527e+01 0.000000000000000000e+00 5.800279051225832455e-02
6.998465218257922515e+01 0.000000000000000000e+00 6.185635505946449064e-02
6.991366022191216700e+01 0.000000000000000000e+00 5.258786791575310871e-02
6.954112683542621198e+01 0.000000000000000000e+00 5.926516510530861759e-02
6.860062454321972325e+01 0.000000000000000000e+00 5.527871902199189141e-02
6.866274666135140592e+01 0.000000000000000000e+00 6.544415653444954351e-02
6.898023387150355745e+01 0.000000000000000000e+00 6.119194737891169716e-02
6.893296126503221899e+01 0.000000000000000000e+00 6.062720085044183416e-02
6.856624144575111757e+01 0.000000000000000000e+00 5.537838017407481495e-02
6.837904458175536604e+01 0.000000000000000000e+00 5.504617633379842168e-02
6.850112949305693633e+01 0.000000000000000000e+00 6.577636037472593677e-02
6.867311142116803069e+01 0.000000000000000000e+00 7.002856953026377618e-02
6.849837220118264725e+01 0.000000000000000000e+00 6.899873762540695288e-02
6.825210949438574914e+01 0.000000000000000000e+00 6.697229419972094977e-02
6.795329214005714391e+01 0.000000000000000000e+00 6.544415653444954351e-02
6.763480831838415952e+01 0.000000000000000000e+00 6.105906584280114402e-02
6.752827054680751928e+01 0.000000000000000000e+00 3.753903395123247416e-02
6.750016610192014355e+01 0.000000000000000000e+00 3.388479170819214820e-02
6.737598830642481573e+01 0.000000000000000000e+00 3.551259052554647799e-02
6.755125905255464147e+01 0.000000000000000000e+00 3.408411401235798138e-02
6.776084645538502116e+01 0.000000000000000000e+00 3.099461829778752189e-02
6.785612251677629558e+01 0.000000000000000000e+00 3.052953292140057201e-02
6.786990897614776941e+01 0.000000000000000000e+00 4.046242774566474049e-02
6.769546873961863298e+01 0.000000000000000000e+00 2.953292140057139220e-02
6.756810178725666560e+01 0.000000000000000000e+00 4.072819081788585371e-02
6.754242243040329186e+01 0.000000000000000000e+00 4.006378313733306717e-02
6.758291807853298394e+01 0.000000000000000000e+00 4.262175270746129674e-02
6.755853431665670428e+01 0.000000000000000000e+00 4.338582154009700681e-02
6.754438243306093170e+01 0.000000000000000000e+00 4.321971961995881018e-02
6.822609793369211673e+01 0.000000000000000000e+00 4.919938874493388903e-02
6.862716763005779796e+01 0.000000000000000000e+00 6.002923393794432072e-02
6.871795893960533874e+01 0.000000000000000000e+00 6.036143777822071399e-02
6.867311142116803069e+01 0.000000000000000000e+00 5.913228356919805750e-02
6.867198192811109436e+01 0.000000000000000000e+00 5.820211281642415774e-02
6.728443292804465159e+01 0.000000000000000000e+00 4.368480499634575659e-02
6.619663145305959517e+01 0.000000000000000000e+00 5.032888180187362892e-02
6.565988970832502503e+01 0.000000000000000000e+00 4.740548800744136260e-02
6.532761942728058102e+01 0.000000000000000000e+00 3.391801209221978475e-02
6.559009368148295493e+01 0.000000000000000000e+00 4.145903926649392029e-02
6.615656766992226778e+01 0.000000000000000000e+00 2.538037339711646939e-02
6.640601953358580545e+01 0.000000000000000000e+00 1.993223041658361699e-02
6.674084778420038333e+01 0.000000000000000000e+00 9.932894824264168476e-03
6.715397647996810804e+01 0.000000000000000000e+00 9.334927911766660244e-03
6.728204106039466126e+01 0.000000000000000000e+00 8.836622151352070340e-03
6.775705933160587335e+01 0.000000000000000000e+00 8.437977543020397028e-03
6.799302371935419842e+01 0.000000000000000000e+00 9.401368679821938551e-03
6.810813235000996713e+01 0.000000000000000000e+00 2.873563218390804558e-02
6.815819546873962054e+01 0.000000000000000000e+00 2.923393794432263548e-02
6.812653644276127807e+01 0.000000000000000000e+00 2.903461564015679883e-02
6.759886386286625282e+01 0.000000000000000000e+00 2.810444488738289906e-02
6.693382499501694838e+01 0.000000000000000000e+00 2.554647531725466603e-02
6.645040196664673715e+01 0.000000000000000000e+00 2.910105640821207887e-02
6.614271476978274222e+01 0.000000000000000000e+00 3.518038668527008472e-02
6.591854361836422527e+01 0.000000000000000000e+00 3.438309746860673810e-02
6.577111155404956833e+01 0.000000000000000000e+00 3.003122716098598211e-02
6.586276659358182428e+01 0.000000000000000000e+00 2.910105640821207887e-02
6.596488605408278261e+01 0.000000000000000000e+00 2.757291874294066913e-02
6.597850641153411289e+01 0.000000000000000000e+00 4.547870573383828302e-02
6.573586472659623325e+01 0.000000000000000000e+00 4.886718490465749576e-02
6.544153212411136167e+01 0.000000000000000000e+00 2.727393528669191589e-02
6.537934356521161305e+01 0.000000000000000000e+00 1.544747857285230265e-02
6.546229486412862286e+01 0.000000000000000000e+00 1.680951431798551748e-02
6.522902132748654935e+01 0.000000000000000000e+00 1.667663278187495740e-02
6.481300245830841789e+01 0.000000000000000000e+00 1.548069895687994094e-02
6.457039399375456412e+01 0.000000000000000000e+00 1.847053351936748383e-02
6.462746661351405919e+01 0.000000000000000000e+00 1.853697428742276387e-02
6.470566739751511420e+01 0.000000000000000000e+00 1.770646468673177723e-02
6.468364228290478479e+01 0.000000000000000000e+00 2.072951963324696015e-02
6.460969370805926815e+01 0.000000000000000000e+00 2.149358846588266675e-02
6.477327087901136338e+01 0.000000000000000000e+00 2.023121387283237024e-02
6.482034416317853243e+01 0.000000000000000000e+00 2.195867384226961663e-02
6.483097468606736413e+01 0.000000000000000000e+00 1.983256926450069693e-02
6.477948309082452738e+01 0.000000000000000000e+00 1.956680619227958370e-02
6.492837685203640774e+01 0.000000000000000000e+00 2.053019732908112349e-02
6.464633579164174648e+01 0.000000000000000000e+00 2.112816424157863346e-02
6.441077004850176024e+01 0.000000000000000000e+00 2.152680884991030330e-02
6.395950435187030791e+01 0.000000000000000000e+00 2.106172347352335342e-02
6.385871370673044822e+01 0.000000000000000000e+00 2.146036808185502673e-02
6.381353398445286018e+01 0.000000000000000000e+00 1.930104312005846701e-02
6.380968041990565354e+01 0.000000000000000000e+00 1.913494119992027037e-02
6.384934555843465631e+01 0.000000000000000000e+00 8.836622151352070340e-03
6.399259185436183373e+01 0.000000000000000000e+00 9.102385223573185302e-03
6.403315394325957755e+01 0.000000000000000000e+00 1.149425287356321823e-02
6.413391136801541847e+01 0.000000000000000000e+00 1.438442628396784280e-02
6.392934024317320763e+01 0.000000000000000000e+00 1.285628861869643133e-02
6.319742874227625862e+01 0.000000000000000000e+00 2.438376187628728958e-02
6.271181316856022647e+01 0.000000000000000000e+00 1.677629393395787746e-02
6.262441033818350888e+01 0.000000000000000000e+00 4.517972227758952630e-03
6.251607866586937945e+01 0.000000000000000000e+00 1.415188359577436786e-02
6.284157198857219129e+01 0.000000000000000000e+00 1.717493854228954731e-02
6.300365424224303723e+01 0.000000000000000000e+00 8.039332934688725452e-03
6.291608530994618320e+01 0.000000000000000000e+00 7.574247558301773833e-03
6.286877948309082598e+01 0.000000000000000000e+00 7.939671782605807124e-03
6.285914557172280581e+01 0.000000000000000000e+00 8.903062919407348647e-03
6.288891103581157438e+01 0.000000000000000000e+00 8.205434854826922086e-03
6.292269616636768603e+01 0.000000000000000000e+00 5.713906052753969962e-03
6.293139990698292507e+01 0.000000000000000000e+00 1.269018669855823470e-02
6.268626669324297040e+01 0.000000000000000000e+00 7.707129094412331315e-03
6.283695435519234707e+01 0.000000000000000000e+00 1.056408212078931673e-02
6.258437977543020736e+01 0.000000000000000000e+00 1.863663543950568047e-02
6.241963989103714283e+01 0.000000000000000000e+00 1.182645671383961150e-02
6.237758288485814973e+01 0.000000000000000000e+00 1.624476778951564754e-02
6.252328748920337631e+01 0.000000000000000000e+00 7.474586406218855505e-03
6.239734901335459227e+01 0.000000000000000000e+00 1.886917812769915714e-02
6.242389210019268120e+01 0.000000000000000000e+00 1.817155006311873058e-02
6.256278652581223554e+01 0.000000000000000000e+00 2.019799348880473022e-02
6.260441166699887106e+01 0.000000000000000000e+00 1.707527739020663071e-02
6.247741013886120243e+01 0.000000000000000000e+00 5.414922596505215846e-03
6.212015812902797052e+01 0.000000000000000000e+00 1.577968241312869419e-02
6.192299514982393305e+01 0.000000000000000000e+00 1.544747857285230265e-02
6.182037738356255119e+01 0.000000000000000000e+00 1.345425553119394130e-02
6.175416915819546659e+01 0.000000000000000000e+00 1.106238788120390663e-02
6.175901933426350610e+01 0.000000000000000000e+00 1.176001594578433319e-02
6.189087103846920712e+01 0.000000000000000000e+00 1.435120589994020278e-02
6.214494053551258901e+01 0.000000000000000000e+00 1.531459703674174430e-02
6.221081655703940072e+01 0.000000000000000000e+00 1.401900205966380951e-02
6.211613846256062743e+01 0.000000000000000000e+00 1.122848980134210327e-02
6.209175470068434066e+01 0.000000000000000000e+00 1.152747325759085825e-02
6.223795761078998368e+01 0.000000000000000000e+00 1.381967975549797285e-02
6.220543485482691892e+01 0.000000000000000000e+00 8.371536774965118721e-03
6.201378645937147382e+01 0.000000000000000000e+00 2.225765729851837162e-03
6.158670520231213885e+01 0.000000000000000000e+00 1.760680353464885977e-03
6.166909175470068760e+01 0.000000000000000000e+00 1.827121121520164718e-03
6.135037539033951504e+01 0.000000000000000000e+00 1.362035745133213750e-03
6.119274466812836266e+01 0.000000000000000000e+00 8.836622151352070340e-03
6.111670320908909559e+01 0.000000000000000000e+00 2.491528802072952124e-03
6.111567337718423687e+01 0.000000000000000000e+00 1.229154209022656269e-03
6.090123579828582479e+01 0.000000000000000000e+00 6.644076805527871898e-04
6.099428609394724532e+01 0.000000000000000000e+00 1.428476513188492491e-03
6.068354262175270719e+01 0.000000000000000000e+00 1.793900737492525347e-03
6.048093149956813619e+01 0.000000000000000000e+00 1.395256129160853120e-03
5.984579097734369668e+01 0.000000000000000000e+00 6.843399109693708120e-03
5.950438509069164894e+01 0.000000000000000000e+00 0.000000000000000000e+00
5.953245631519500591e+01 0.000000000000000000e+00 3.322038402763935678e-05
5.945438841273005437e+01 0.000000000000000000e+00 0.000000000000000000e+00
5.956448076539764713e+01 0.000000000000000000e+00 6.345093349279117348e-03
5.989299714304697630e+01 0.000000000000000000e+00 7.972892166633446711e-04
5.999850508271875782e+01 0.000000000000000000e+00 6.644076805527871356e-05
6.001006577636037775e+01 0.000000000000000000e+00 6.644076805527871356e-05
6.000239186764999033e+01 0.000000000000000000e+00 1.661019201381967974e-04
6.006444754501362127e+01 0.000000000000000000e+00 2.989834562487542246e-04
6.012647000199322633e+01 0.000000000000000000e+00 5.979669124975084491e-04
6.022526742409142031e+01 0.000000000000000000e+00 5.979669124975084491e-04
6.025416915819546659e+01 0.000000000000000000e+00 7.640688326357053008e-04
6.014660155471397474e+01 0.000000000000000000e+00 8.305096006909840414e-04
6.000671051757358043e+01 0.000000000000000000e+00 3.654242243040329652e-04
5.992847651318849245e+01 0.000000000000000000e+00 0.000000000000000000e+00
6.000963391136801306e+01 0.000000000000000000e+00 1.993223041658361786e-03
5.992176599561491201e+01 0.000000000000000000e+00 1.461696897216131861e-03
6.006291940734834611e+01 0.000000000000000000e+00 1.395256129160853120e-03
6.042930702278918176e+01 0.000000000000000000e+00 1.694239585409607236e-03
6.073513387814762865e+01 0.000000000000000000e+00 1.029831904856820047e-03
6.097711115540495541e+01 0.000000000000000000e+00 2.225765729851837162e-03
6.133336655371736157e+01 0.000000000000000000e+00 4.484751843731313477e-03
6.125533187163643589e+01 0.000000000000000000e+00 4.517972227758952630e-03
6.091047106504551323e+01 0.000000000000000000e+00 4.750514915952428439e-03
6.051544747857285245e+01 0.000000000000000000e+00 2.856953026376984981e-03
5.998960201979934936e+01 0.000000000000000000e+00 4.252209155537837668e-03
5.971779283768520230e+01 0.000000000000000000e+00 4.285429539565477688e-03
5.949182778552920325e+01 0.000000000000000000e+00 4.551192611786592651e-03
5.961451066374327468e+01 0.000000000000000000e+00 4.584412995814231805e-03
5.966042123446946732e+01 0.000000000000000000e+00 5.215600292339379190e-03
5.962919407348348955e+01 0.000000000000000000e+00 5.215600292339379190e-03
5.927363630323566213e+01 0.000000000000000000e+00 4.285429539565477688e-03
5.932675569729585874e+01 0.000000000000000000e+00 4.218988771510198514e-03
5.949215998936947614e+01 0.000000000000000000e+00 4.218988771510198514e-03
5.954358514384426115e+01 0.000000000000000000e+00 1.827121121520164718e-03
5.962175270746129740e+01 0.000000000000000000e+00 1.860341505547804088e-03
5.976320510265098562e+01 0.000000000000000000e+00 2.126104577768918834e-03
5.988379509667132083e+01 0.000000000000000000e+00 3.421699554846854060e-03
5.987808119061856615e+01 0.000000000000000000e+00 4.418311075676035170e-03
5.989545545146501837e+01 0.000000000000000000e+00 4.385090691648395149e-03
5.999262507474586670e+01 0.000000000000000000e+00 4.418311075676035170e-03
5.998083183841605148e+01 0.000000000000000000e+00 4.783735299980067593e-03
5.965387681881602333e+01 0.000000000000000000e+00 5.115939140256461730e-03
5.957580891635107179e+01 0.000000000000000000e+00 3.621021859012690282e-03
5.932486213540628484e+01 0.000000000000000000e+00 5.713906052753969962e-03
5.867729718955551022e+01 0.000000000000000000e+00 3.155936482625739097e-03
5.851305561092286212e+01 0.000000000000000000e+00 2.856953026376984981e-03
5.832389874426948495e+01 0.000000000000000000e+00 2.724071490266427500e-03
5.836904524616304712e+01 0.000000000000000000e+00 1.661019201381968083e-03
5.827114477443359419e+01 0.000000000000000000e+00 1.594578433326689342e-03
5.821164706664009003e+01 0.000000000000000000e+00 0.000000000000000000e+00
5.801232476247425751e+01 0.000000000000000000e+00 1.594578433326689342e-03
5.840558766859344786e+01 0.000000000000000000e+00 3.355258786791575319e-03
5.887426084645538538e+01 0.000000000000000000e+00 6.776958341638428945e-03
5.890758089163510647e+01 0.000000000000000000e+00 3.388479170819214473e-03
5.884366487276592750e+01 0.000000000000000000e+00 3.388479170819214473e-03
5.888293136668659855e+01 0.000000000000000000e+00 3.355258786791575319e-03
5.884084114012357958e+01 0.000000000000000000e+00 1.561358049299049972e-03
5.879120988638628376e+01 0.000000000000000000e+00 1.627798817354328713e-03
5.857501162713440834e+01 0.000000000000000000e+00 1.195933824995016898e-03
5.838313068899076796e+01 0.000000000000000000e+00 1.229154209022656269e-03
5.829699023320709728e+01 0.000000000000000000e+00 1.229154209022656269e-03
5.805368414058866477e+01 0.000000000000000000e+00 1.627798817354328713e-03
5.767231413195136724e+01 0.000000000000000000e+00 1.694239585409607236e-03
5.724450202644342767e+01 0.000000000000000000e+00 1.793900737492525347e-03
5.722938675171084810e+01 0.000000000000000000e+00 2.059663809713640093e-03
5.712308152282240314e+01 0.000000000000000000e+00 3.322038402763935949e-04
5.650863729984718731e+01 0.000000000000000000e+00 3.986446083316723355e-04
5.637645339180120629e+01 0.000000000000000000e+00 2.657630722211148542e-04
5.644203042987177099e+01 0.000000000000000000e+00 0.000000000000000000e+00
5.668108431333466513e+01 0.000000000000000000e+00 3.986446083316723355e-04
5.667008836622151335e+01 0.000000000000000000e+00 5.979669124975084491e-04
5.754235598963524012e+01 0.000000000000000000e+00 0.000000000000000000e+00
5.811550727526410043e+01 0.000000000000000000e+00 0.000000000000000000e+00
5.839485748455252434e+01 0.000000000000000000e+00 0.000000000000000000e+00
5.855451465018935409e+01 0.000000000000000000e+00 0.000000000000000000e+00
5.873872167962261415e+01 0.000000000000000000e+00 3.322038402763935678e-05
5.858530994618298138e+01 0.000000000000000000e+00 3.322038402763935678e-05
5.850644475450135928e+01 0.000000000000000000e+00 3.322038402763935678e-05
5.854494717958939276e+01 0.000000000000000000e+00 9.966115208291808389e-05
5.868164905986313329e+01 0.000000000000000000e+00 3.322038402763935678e-05
5.873420370739485463e+01 0.000000000000000000e+00 3.322038402763935678e-05
5.799139592053683856e+01 0.000000000000000000e+00 3.322038402763935678e-05
5.727111155404956833e+01 0.000000000000000000e+00 0.000000000000000000e+00
5.671267689854494876e+01 0.000000000000000000e+00 0.000000000000000000e+00
5.599338914357849717e+01 0.000000000000000000e+00 0.000000000000000000e+00
5.573842269616636713e+01 0.000000000000000000e+00 0.000000000000000000e+00
5.637698491794564859e+01 0.000000000000000000e+00 0.000000000000000000e+00
5.672925387017473753e+01 0.000000000000000000e+00 0.000000000000000000e+00
5.678101122848980253e+01 0.000000000000000000e+00 0.000000000000000000e+00
5.670254468141651927e+01 0.000000000000000000e+00 1.993223041658361678e-04
5.684017673244302671e+01 0.000000000000000000e+00 1.661019201381967974e-04
5.672985183708723866e+01 0.000000000000000000e+00 6.644076805527871356e-05
5.669742874227625862e+01 0.000000000000000000e+00 1.494917281243771231e-03
5.667374260846455059e+01 0.000000000000000000e+00 1.428476513188492491e-03
5.669038602086239820e+01 0.000000000000000000e+00 9.966115208291808931e-04
5.668919008703740303e+01 0.000000000000000000e+00 9.966115208291808931e-04
5.724091422496844217e+01 0.000000000000000000e+00 1.661019201381968083e-03
5.745910570726197619e+01 0.000000000000000000e+00 2.358647265962394643e-03
5.773108099129625970e+01 0.000000000000000000e+00 2.524749186100591278e-03
5.795345824197728035e+01 0.000000000000000000e+00 8.305096006909840414e-04
5.825745797621420508e+01 0.000000000000000000e+00 1.195933824995016898e-03
5.836485947777556049e+01 0.000000000000000000e+00 1.262374593050295639e-03
5.868314397714437547e+01 0.000000000000000000e+00 7.308484486080659304e-04
5.871168028702411590e+01 0.000000000000000000e+00 7.308484486080659304e-04
5.856630788651916930e+01 0.000000000000000000e+00 0.000000000000000000e+00
5.860022589861138442e+01 0.000000000000000000e+00 0.000000000000000000e+00
5.843359245232874599e+01 0.000000000000000000e+00 0.000000000000000000e+00
5.832459637233406369e+01 0.000000000000000000e+00 0.000000000000000000e+00
5.834290080393328992e+01 0.000000000000000000e+00 0.000000000000000000e+00
5.835263437645339479e+01 0.000000000000000000e+00 0.000000000000000000e+00
5.841153411733439782e+01 0.000000000000000000e+00 1.328815361105574271e-04
5.857315128562886031e+01 0.000000000000000000e+00 0.000000000000000000e+00
5.890415919208025741e+01 0.000000000000000000e+00 3.322038402763935678e-05
5.895648129692379058e+01 0.000000000000000000e+00 3.322038402763935678e-05
5.893010431200584520e+01 0.000000000000000000e+00 6.644076805527871356e-05
5.857677230748787167e+01 0.000000000000000000e+00 6.644076805527871356e-05
5.813221712843000688e+01 0.000000000000000000e+00 6.644076805527871356e-05
5.758109095741146888e+01 0.000000000000000000e+00 0.000000000000000000e+00
5.729792040395987129e+01 0.000000000000000000e+00 0.000000000000000000e+00
5.716238123712710006e+01 0.000000000000000000e+00 3.322038402763935678e-05
5.719978738954222308e+01 0.000000000000000000e+00 3.322038402763935678e-05
5.697920403959869873e+01 0.000000000000000000e+00 0.000000000000000000e+00
5.672071623147963493e+01 0.000000000000000000e+00 0.000000000000000000e+00
5.665467410803268677e+01 0.000000000000000000e+00 0.000000000000000000e+00
5.653019732908112616e+01 0.000000000000000000e+00 0.000000000000000000e+00
5.651298917015481038e+01 0.000000000000000000e+00 0.000000000000000000e+00
5.653398445286027396e+01 0.000000000000000000e+00 0.000000000000000000e+00
5.643076871968639807e+01 0.000000000000000000e+00 0.000000000000000000e+00
5.638163577170951868e+01 0.000000000000000000e+00 0.000000000000000000e+00
5.640844462161982875e+01 0.000000000000000000e+00 0.000000000000000000e+00
5.650372068301109607e+01 0.000000000000000000e+00 0.000000000000000000e+00
5.726772307487874514e+01 0.000000000000000000e+00 0.000000000000000000e+00
5.783987774898677969e+01 0.000000000000000000e+00 0.000000000000000000e+00
5.830526210882997873e+01 0.000000000000000000e+00 9.966115208291808389e-05
5.850086372998471518e+01 0.000000000000000000e+00 9.966115208291808389e-05
5.893037007507806635e+01 0.000000000000000000e+00 5.315261444422297085e-04
5.864630257125772061e+01 0.000000000000000000e+00 6.976280645804265601e-04
5.844797687861271385e+01 0.000000000000000000e+00 5.315261444422297085e-04
5.874380439837884182e+01 0.000000000000000000e+00 1.195933824995016898e-03
5.869766128496445390e+01 0.000000000000000000e+00 1.428476513188492491e-03
5.851298917015481038e+01 0.000000000000000000e+00 2.657630722211148542e-04
5.858770181383296460e+01 0.000000000000000000e+00 1.229154209022656269e-03
5.852803800411933111e+01 0.000000000000000000e+00 1.195933824995016898e-03
5.856149093083516277e+01 0.000000000000000000e+00 3.322038402763935949e-04
5.831805195668061970e+01 0.000000000000000000e+00 0.000000000000000000e+00
5.813241645073416919e+01 0.000000000000000000e+00 0.000000000000000000e+00
5.819148229353531576e+01 0.000000000000000000e+00 0.000000000000000000e+00
5.818032024450202755e+01 0.000000000000000000e+00 0.000000000000000000e+00
5.812789847850640967e+01 0.000000000000000000e+00 0.000000000000000000e+00
5.829443226363697050e+01 0.000000000000000000e+00 0.000000000000000000e+00
5.841116869311009197e+01 0.000000000000000000e+00 6.644076805527871356e-05
5.812002524749185994e+01 0.000000000000000000e+00 0.000000000000000000e+00
5.810544149890372978e+01 0.000000000000000000e+00 1.328815361105574271e-04
5.842980532854959819e+01 0.000000000000000000e+00 2.989834562487542246e-04
5.842714769782738671e+01 0.000000000000000000e+00 2.989834562487542246e-04
5.831516178327021294e+01 0.000000000000000000e+00 3.322038402763935949e-04
5.836057404823599626e+01 0.000000000000000000e+00 4.650853763869510220e-04
5.865643478838615721e+01 0.000000000000000000e+00 3.654242243040329652e-04
5.878320377383562345e+01 0.000000000000000000e+00 5.647465284698690788e-04
5.900156135804930102e+01 0.000000000000000000e+00 7.308484486080659304e-04
5.924975084711979179e+01 0.000000000000000000e+00 7.308484486080659304e-04
5.922566606869975203e+01 0.000000000000000000e+00 7.308484486080659304e-04
5.896847385555776810e+01 0.000000000000000000e+00 5.979669124975084491e-04
5.880296990233207310e+01 0.000000000000000000e+00 1.195933824995016898e-03
5.890724868779483359e+01 0.000000000000000000e+00 1.428476513188492491e-03
5.878459902996478803e+01 0.000000000000000000e+00 1.162713440967377528e-03
5.912544017008836761e+01 0.000000000000000000e+00 1.694239585409607236e-03
5.925064779748853994e+01 0.000000000000000000e+00 1.395256129160853120e-03
5.929738887781542900e+01 0.000000000000000000e+00 1.195933824995016898e-03
5.936572320776028278e+01 0.000000000000000000e+00 1.195933824995016898e-03
5.959218656567669825e+01 0.000000000000000000e+00 1.461696897216131861e-03
5.928140987309813426e+01 0.000000000000000000e+00 0.000000000000000000e+00
5.886751710849777197e+01 0.000000000000000000e+00 0.000000000000000000e+00
5.858504418311076023e+01 0.000000000000000000e+00 1.661019201381967974e-04
5.870344163178526031e+01 0.000000000000000000e+00 1.661019201381967974e-04
5.884735233539299770e+01 0.000000000000000000e+00 3.986446083316723355e-04
5.899607999468474162e+01 0.000000000000000000e+00 6.976280645804265601e-04
5.916307886519167880e+01 0.000000000000000000e+00 2.923393794432263722e-03
5.924642880871702744e+01 0.000000000000000000e+00 9.966115208291808931e-04
5.904288751577968242e+01 0.000000000000000000e+00 9.966115208291808931e-04
5.897119792704803842e+01 0.000000000000000000e+00 5.315261444422297085e-04
5.898740947445352134e+01 0.000000000000000000e+00 6.311872965251478194e-04
5.904534582419772448e+01 0.000000000000000000e+00 1.063052288884459417e-03
5.891329479768786115e+01 0.000000000000000000e+00 1.428476513188492491e-03
5.891774632914756182e+01 0.000000000000000000e+00 1.494917281243771231e-03
5.891153411733439782e+01 0.000000000000000000e+00 1.594578433326689342e-03
5.864949172812437439e+01 0.000000000000000000e+00 1.229154209022656269e-03
5.835967709786724811e+01 0.000000000000000000e+00 1.195933824995016898e-03
5.799262507474586670e+01 0.000000000000000000e+00 7.640688326357053008e-04
5.755637499169490212e+01 0.000000000000000000e+00 6.976280645804265601e-04
5.724370473722676422e+01 0.000000000000000000e+00 9.301707527739020440e-04
5.788223373862201981e+01 0.000000000000000000e+00 1.328815361105574380e-03
5.842425752441697995e+01 0.000000000000000000e+00 4.019666467344362726e-03
5.888867849312337910e+01 0.000000000000000000e+00 1.195933824995016898e-03
5.927868580160786394e+01 0.000000000000000000e+00 2.624410338183509606e-03
5.969002059663809945e+01 0.000000000000000000e+00 3.521360706929771954e-03
5.974832237060660134e+01 0.000000000000000000e+00 6.311872965251478194e-03
5.976735765065443928e+01 0.000000000000000000e+00 4.119327619427280186e-03
5.983087502491528653e+01 0.000000000000000000e+00 3.853564547206165657e-03
5.990090359444555190e+01 0.000000000000000000e+00 5.780346820809248269e-03
5.980194007042721438e+01 0.000000000000000000e+00 5.149159524284100883e-03
5.952189223307421173e+01 0.000000000000000000e+00 3.388479170819214473e-03
5.896774300710916350e+01 0.000000000000000000e+00 4.551192611786592651e-03
5.853833632316789704e+01 0.000000000000000000e+00 2.989834562487542246e-04
5.854886718490465825e+01 0.000000000000000000e+00 0.000000000000000000e+00
5.858331672314132277e+01 0.000000000000000000e+00 8.305096006909840414e-04
5.857192213141983927e+01 0.000000000000000000e+00 8.305096006909840414e-04
5.840515580360109027e+01 0.000000000000000000e+00 4.650853763869510220e-04
5.843462228423360472e+01 0.000000000000000000e+00 8.969503687462626737e-04
5.841379310344827758e+01 0.000000000000000000e+00 9.633911368015414143e-04
5.829572785861404327e+01 0.000000000000000000e+00 9.301707527739020440e-04
5.815533851571323964e+01 0.000000000000000000e+00 9.301707527739020440e-04
5.822762607135738477e+01 0.000000000000000000e+00 9.966115208291808389e-05
5.833971164706664325e+01 0.000000000000000000e+00 1.661019201381967974e-04
5.825499966779616301e+01 0.000000000000000000e+00 9.301707527739020440e-04
5.813108763537306345e+01 0.000000000000000000e+00 0.000000000000000000e+00
5.842787854627599842e+01 0.000000000000000000e+00 9.301707527739020440e-04
5.860560760082386622e+01 0.000000000000000000e+00 1.229154209022656269e-03
5.856305228888445669e+01 0.000000000000000000e+00 1.328815361105574380e-03
5.831682280247159866e+01 0.000000000000000000e+00 1.229154209022656269e-03
5.810833167231412943e+01 0.000000000000000000e+00 1.960002657630722199e-03
5.775998272540030598e+01 0.000000000000000000e+00 2.657630722211148542e-04
5.748707727061324846e+01 0.000000000000000000e+00 4.650853763869510220e-04
5.717191548734303552e+01 0.000000000000000000e+00 2.325426881934755110e-04
5.710484353199122864e+01 0.000000000000000000e+00 2.325426881934755110e-04
5.715955750448475214e+01 0.000000000000000000e+00 4.318649923593116517e-04
5.728054614311341197e+01 0.000000000000000000e+00 4.983057604145904465e-04
5.739811308218722985e+01 0.000000000000000000e+00 9.301707527739020440e-04
5.732821739419307505e+01 0.000000000000000000e+00 2.989834562487542246e-04
5.728549598033353618e+01 0.000000000000000000e+00 3.322038402763935949e-04
5.706667331074347516e+01 0.000000000000000000e+00 0.000000000000000000e+00
5.685951099594711167e+01 0.000000000000000000e+00 3.322038402763935678e-05
5.679014683409739916e+01 0.000000000000000000e+00 1.993223041658361678e-04
5.655893296126502889e+01 0.000000000000000000e+00 0.000000000000000000e+00
5.634110690319580073e+01 0.000000000000000000e+00 0.000000000000000000e+00
5.628513055610923033e+01 0.000000000000000000e+00 0.000000000000000000e+00
5.683260248488472399e+01 0.000000000000000000e+00 0.000000000000000000e+00
5.748422031758687467e+01 0.000000000000000000e+00 5.647465284698690788e-04
5.823716032157332023e+01 0.000000000000000000e+00 3.322038402763935949e-04
5.846996877283901739e+01 0.000000000000000000e+00 3.654242243040329652e-04
5.842827719088433014e+01 0.000000000000000000e+00 2.325426881934755110e-04
5.855228888445950730e+01 0.000000000000000000e+00 1.328815361105574271e-04
5.857541027174274006e+01 0.000000000000000000e+00 7.640688326357053008e-04
5.864673443625008531e+01 0.000000000000000000e+00 1.029831904856820047e-03
5.870154806989568641e+01 0.000000000000000000e+00 8.637299847186233033e-04
5.908790113613713402e+01 0.000000000000000000e+00 1.262374593050295639e-03
5.894691382632382926e+01 0.000000000000000000e+00 1.262374593050295639e-03
5.893625008305095747e+01 0.000000000000000000e+00 1.162713440967377528e-03
5.860231878280512774e+01 0.000000000000000000e+00 1.694239585409607236e-03
5.848847252674240593e+01 0.000000000000000000e+00 1.428476513188492491e-03
5.831798551591256086e+01 0.000000000000000000e+00 1.295594977077935009e-03
5.841804531260381594e+01 0.000000000000000000e+00 1.428476513188492491e-03
5.860318251278985002e+01 0.000000000000000000e+00 4.019666467344362726e-03
5.884163842934024302e+01 0.000000000000000000e+00 2.391867649990033796e-03
5.894153212411135456e+01 0.000000000000000000e+00 1.727459969437246607e-03
5.905198990100325318e+01 0.000000000000000000e+00 1.661019201381968083e-03
5.865321241113547046e+01 0.000000000000000000e+00 1.262374593050295639e-03
5.844252873563218742e+01 0.000000000000000000e+00 1.362035745133213750e-03
5.833592452328748834e+01 0.000000000000000000e+00 1.561358049299049972e-03
5.815779682413128882e+01 0.000000000000000000e+00 1.328815361105574271e-04
5.788342967244701498e+01 0.000000000000000000e+00 5.315261444422297085e-04
5.781549398711049292e+01 0.000000000000000000e+00 0.000000000000000000e+00
5.775602949970101463e+01 0.000000000000000000e+00 5.979669124975084491e-04
5.780483024383762114e+01 0.000000000000000000e+00 3.986446083316723355e-04
5.799245897282572315e+01 0.000000000000000000e+00 1.395256129160853120e-03
5.807039399375457123e+01 0.000000000000000000e+00 1.594578433326689342e-03
5.793671516842734803e+01 0.000000000000000000e+00 1.893561889575443458e-03
5.783542621752707191e+01 0.000000000000000000e+00 1.793900737492525347e-03
5.762318118397448785e+01 0.000000000000000000e+00 1.926782273603082829e-03
5.749897016809514128e+01 0.000000000000000000e+00 1.461696897216131861e-03
5.736386286625473474e+01 0.000000000000000000e+00 2.425088034017673384e-03
5.771672978539631771e+01 0.000000000000000000e+00 2.890173410404624135e-03
5.777652647664606889e+01 0.000000000000000000e+00 3.255597634708657425e-03
5.783565876021526719e+01 0.000000000000000000e+00 3.355258786791575319e-03
5.794711314862799867e+01 0.000000000000000000e+00 8.969503687462626737e-04
5.807188891103581341e+01 0.000000000000000000e+00 2.026443425686000940e-03
5.822407149026642514e+01 0.000000000000000000e+00 1.893561889575443458e-03
5.894106703873497111e+01 0.000000000000000000e+00 2.458308418045312537e-03
5.923314065510597004e+01 0.000000000000000000e+00 2.192545345824197574e-03
5.935861404557836352e+01 0.000000000000000000e+00 2.923393794432263722e-03
5.944056873297455468e+01 0.000000000000000000e+00 1.960002657630722199e-03
5.922400504949837341e+01 0.000000000000000000e+00 4.650853763869510220e-04
5.896591588598764133e+01 0.000000000000000000e+00 6.644076805527871898e-04
5.886130489668460797e+01 0.000000000000000000e+00 6.311872965251478194e-04
5.858261909507673693e+01 0.000000000000000000e+00 5.647465284698690788e-04
5.830353464886054127e+01 0.000000000000000000e+00 0.000000000000000000e+00
5.836990897614776230e+01 0.000000000000000000e+00 3.322038402763935678e-05
5.833260248488472399e+01 0.000000000000000000e+00 2.657630722211148542e-04
5.846541758022722490e+01 0.000000000000000000e+00 9.301707527739020440e-04
5.863646933758554525e+01 0.000000000000000000e+00 1.295594977077935009e-03
5.867962261643744881e+01 0.000000000000000000e+00 1.860341505547804088e-03
5.882838349611321860e+01 0.000000000000000000e+00 1.993223041658361786e-03
5.911045777689189862e+01 0.000000000000000000e+00 2.624410338183509606e-03
5.917055345159790392e+01 0.000000000000000000e+00 3.388479170819214473e-03
5.924015015613580459e+01 0.000000000000000000e+00 3.388479170819214473e-03
5.929197395521892133e+01 0.000000000000000000e+00 3.886784931233805244e-03
5.939176798883794817e+01 0.000000000000000000e+00 5.514583748588133306e-03
5.946624808982792132e+01 0.000000000000000000e+00 4.850176068035346767e-03
5.951857019467144738e+01 0.000000000000000000e+00 5.182379908311740037e-03
5.985499302371935215e+01 0.000000000000000000e+00 7.142382565942462236e-03
5.986592253006444508e+01 0.000000000000000000e+00 6.345093349279117348e-03
5.984645538502424955e+01 0.000000000000000000e+00 5.115939140256461730e-03
5.959118995415587250e+01 0.000000000000000000e+00 2.923393794432263722e-03
5.945156468008769934e+01 0.000000000000000000e+00 2.026443425686000940e-03
5.930845126569663250e+01 0.000000000000000000e+00 2.292206497907115902e-03
5.899617965583681922e+01 0.000000000000000000e+00 2.258986113879476315e-03
5.878858547604810525e+01 0.000000000000000000e+00 0.000000000000000000e+00
5.877649325626204302e+01 0.000000000000000000e+00 3.720683011095608176e-03
5.884917945651451987e+01 0.000000000000000000e+00 3.720683011095608176e-03
5.876383628994751263e+01 0.000000000000000000e+00 0.000000000000000000e+00
5.865018935618896023e+01 0.000000000000000000e+00 0.000000000000000000e+00
5.845482027772241196e+01 0.000000000000000000e+00 0.000000000000000000e+00
5.813640289681748641e+01 0.000000000000000000e+00 1.328815361105574271e-04
5.776572985183708653e+01 0.000000000000000000e+00 1.661019201381967974e-04
5.736532456315195105e+01 0.000000000000000000e+00 8.637299847186233033e-04
5.749046574978406454e+01 0.000000000000000000e+00 5.979669124975084491e-04
5.754996345757756870e+01 0.000000000000000000e+00 1.063052288884459417e-03
5.776137798152946345e+01 0.000000000000000000e+00 1.295594977077935009e-03
5.797870573383828230e+01 0.000000000000000000e+00 1.727459969437246607e-03
5.827742342701481704e+01 0.000000000000000000e+00 2.026443425686000940e-03
5.869845857418111734e+01 0.000000000000000000e+00 2.325426881934755110e-04
5.852747325759085584e+01 0.000000000000000000e+00 1.793900737492525347e-03
5.842120124908643675e+01 0.000000000000000000e+00 2.657630722211148759e-03
5.825865391003920024e+01 0.000000000000000000e+00 5.647465284698690788e-04
5.799113015746461741e+01 0.000000000000000000e+00 5.315261444422297085e-04
5.806301906850043082e+01 0.000000000000000000e+00 5.315261444422297085e-04
5.846143113414390768e+01 0.000000000000000000e+00 7.308484486080659304e-04
5.850295661417845849e+01 0.000000000000000000e+00 9.301707527739020440e-04
5.892239718291143191e+01 0.000000000000000000e+00 1.229154209022656269e-03
5.889313002458308688e+01 0.000000000000000000e+00 2.292206497907115902e-03
5.877137731712178947e+01 0.000000000000000000e+00 1.727459969437246607e-03
5.848179522955285137e+01 0.000000000000000000e+00 7.308484486080659304e-04
5.820736163710052580e+01 0.000000000000000000e+00 6.976280645804265601e-04
5.820197993488804400e+01 0.000000000000000000e+00 7.640688326357053008e-04
5.820364095408942973e+01 0.000000000000000000e+00 2.325426881934755110e-04
5.828599428609394550e+01 0.000000000000000000e+00 4.983057604145904465e-04
5.779406683941266465e+01 0.000000000000000000e+00 1.993223041658361786e-03
5.734987708457909861e+01 0.000000000000000000e+00 1.328815361105574271e-04
5.730376719154873655e+01 0.000000000000000000e+00 3.986446083316723355e-04
5.718321041791243431e+01 0.000000000000000000e+00 3.986446083316723355e-04
5.692774566473988784e+01 0.000000000000000000e+00 4.983057604145904465e-04
5.677061324828915190e+01 0.000000000000000000e+00 3.654242243040329652e-04
5.675214271476978212e+01 0.000000000000000000e+00 3.986446083316723355e-04
5.674971762673576592e+01 0.000000000000000000e+00 5.315261444422297085e-04
5.676403561225167493e+01 0.000000000000000000e+00 3.322038402763935949e-04
5.664523951896883602e+01 0.000000000000000000e+00 3.654242243040329652e-04
5.671400571390605450e+01 0.000000000000000000e+00 0.000000000000000000e+00
5.687093880805262103e+01 0.000000000000000000e+00 0.000000000000000000e+00
5.710434522623081222e+01 0.000000000000000000e+00 0.000000000000000000e+00
5.705331871636435892e+01 0.000000000000000000e+00 0.000000000000000000e+00
5.699930237193542126e+01 0.000000000000000000e+00 0.000000000000000000e+00
5.678180851770646598e+01 0.000000000000000000e+00 0.000000000000000000e+00
5.653518038668526913e+01 0.000000000000000000e+00 0.000000000000000000e+00
5.629988040661750404e+01 0.000000000000000000e+00 0.000000000000000000e+00
5.621400571390605450e+01 0.000000000000000000e+00 0.000000000000000000e+00
5.627270613248288811e+01 0.000000000000000000e+00 0.000000000000000000e+00
5.666244767789515890e+01 0.000000000000000000e+00 0.000000000000000000e+00
5.665683343299448893e+01 0.000000000000000000e+00 0.000000000000000000e+00
5.677280579363497282e+01 0.000000000000000000e+00 0.000000000000000000e+00
5.649966779615972712e+01 0.000000000000000000e+00 0.000000000000000000e+00
5.645375722543352737e+01 0.000000000000000000e+00 0.000000000000000000e+00
5.658597435386352714e+01 0.000000000000000000e+00 0.000000000000000000e+00
5.675393661550727842e+01 0.000000000000000000e+00 0.000000000000000000e+00
5.680064447545013451e+01 0.000000000000000000e+00 0.000000000000000000e+00
5.687389542223107952e+01 0.000000000000000000e+00 0.000000000000000000e+00
5.690309613979137282e+01 0.000000000000000000e+00 0.000000000000000000e+00
5.686911168693109886e+01 0.000000000000000000e+00 0.000000000000000000e+00
5.679356853365224822e+01 0.000000000000000000e+00 5.647465284698690788e-04
5.672407149026642514e+01 0.000000000000000000e+00 3.654242243040329652e-04
5.658926317188226562e+01 0.000000000000000000e+00 3.654242243040329652e-04
5.669330941465683082e+01 0.000000000000000000e+00 8.969503687462626737e-04
5.648787455982991190e+01 0.000000000000000000e+00 0.000000000000000000e+00
5.642066972294199445e+01 0.000000000000000000e+00 0.000000000000000000e+00
5.620958740283037969e+01 0.000000000000000000e+00 0.000000000000000000e+00
5.589582087568932423e+01 0.000000000000000000e+00 0.000000000000000000e+00
5.563238323035014332e+01 0.000000000000000000e+00 0.000000000000000000e+00
5.586014218324363867e+01 0.000000000000000000e+00 9.966115208291808389e-05
5.583200451797222996e+01 0.000000000000000000e+00 0.000000000000000000e+00
5.598245963723340424e+01 0.000000000000000000e+00 0.000000000000000000e+00
5.614952494850840736e+01 0.000000000000000000e+00 0.000000000000000000e+00
5.621244435585675348e+01 0.000000000000000000e+00 0.000000000000000000e+00
5.641160055810244955e+01 0.000000000000000000e+00 0.000000000000000000e+00
5.670905587668593739e+01 0.000000000000000000e+00 0.000000000000000000e+00
5.684236927778885473e+01 0.000000000000000000e+00 1.793900737492525347e-03
5.703790445817553945e+01 0.000000000000000000e+00 0.000000000000000000e+00
5.712191880938143385e+01 0.000000000000000000e+00 5.315261444422297085e-04
5.735911235133877994e+01 0.000000000000000000e+00 5.315261444422297085e-04
5.745030230549465244e+01 0.000000000000000000e+00 5.315261444422297085e-04
5.761241777954953136e+01 0.000000000000000000e+00 9.633911368015414143e-04
5.779137598830642730e+01 0.000000000000000000e+00 9.966115208291808931e-04
5.803654242243040073e+01 0.000000000000000000e+00 1.926782273603082829e-03
5.792970566739751348e+01 0.000000000000000000e+00 9.966115208291808931e-04
5.786977609461165173e+01 0.000000000000000000e+00 8.305096006909840414e-04
5.780383363231678828e+01 0.000000000000000000e+00 1.129493056939738158e-03
5.738904391734768495e+01 0.000000000000000000e+00 1.661019201381967974e-04
5.733173875490000881e+01 0.000000000000000000e+00 1.993223041658361678e-04
5.732237060660420980e+01 0.000000000000000000e+00 2.657630722211148542e-04
5.695890638495780678e+01 0.000000000000000000e+00 2.989834562487542246e-04
5.664377782207161971e+01 0.000000000000000000e+00 2.657630722211148542e-04
5.654647531725466791e+01 0.000000000000000000e+00 2.325426881934755110e-04
5.649285761743405487e+01 0.000000000000000000e+00 3.654242243040329652e-04
5.634798352268952470e+01 0.000000000000000000e+00 7.972892166633446711e-04
5.604923260912896410e+01 0.000000000000000000e+00 0.000000000000000000e+00
5.539153544614975999e+01 0.000000000000000000e+00 3.322038402763935678e-05
5.539907647332402973e+01 0.000000000000000000e+00 3.322038402763935678e-05
5.550511593914025354e+01 0.000000000000000000e+00 3.322038402763935678e-05
5.606441432462959540e+01 0.000000000000000000e+00 4.318649923593116517e-04
5.650740814563816627e+01 0.000000000000000000e+00 4.318649923593116517e-04
5.723427014816291347e+01 0.000000000000000000e+00 3.322038402763935678e-05
5.779788718357584543e+01 0.000000000000000000e+00 9.966115208291808389e-05
5.807016145106637595e+01 0.000000000000000000e+00 9.633911368015414143e-04
5.816766327818749716e+01 0.000000000000000000e+00 1.395256129160853120e-03
5.794183110756760158e+01 0.000000000000000000e+00 1.029831904856820047e-03
5.772875556441432110e+01 0.000000000000000000e+00 5.979669124975084491e-04
5.748438641950701111e+01 0.000000000000000000e+00 3.986446083316723355e-04
5.723669523619692967e+01 0.000000000000000000e+00 3.986446083316723355e-04
5.696664673443625304e+01 0.000000000000000000e+00 6.976280645804265601e-04
5.674995016942396120e+01 0.000000000000000000e+00 3.322038402763935678e-05
5.662195202976546682e+01 0.000000000000000000e+00 6.644076805527871356e-05
5.653451597900471626e+01 0.000000000000000000e+00 1.328815361105574271e-04
5.651398578167563613e+01 0.000000000000000000e+00 0.000000000000000000e+00
5.686625473390472507e+01 0.000000000000000000e+00 3.322038402763935678e-05
5.734167164972426889e+01 0.000000000000000000e+00 2.657630722211148542e-04
5.745382366620157910e+01 0.000000000000000000e+00 1.328815361105574271e-04
5.755165769716298030e+01 0.000000000000000000e+00 1.328815361105574271e-04
5.754976413527340640e+01 0.000000000000000000e+00 3.322038402763935949e-04
5.757474586406218720e+01 0.000000000000000000e+00 8.305096006909840414e-04
5.750787323101454973e+01 0.000000000000000000e+00 8.305096006909840414e-04
5.729529599362168568e+01 0.000000000000000000e+00 1.162713440967377528e-03
5.728476513188492447e+01 0.000000000000000000e+00 1.395256129160853120e-03
5.744531924789050237e+01 0.000000000000000000e+00 6.311872965251478194e-04
5.760218590126901717e+01 0.000000000000000000e+00 2.325426881934755110e-04
5.777785529200717463e+01 0.000000000000000000e+00 2.325426881934755110e-04
5.794183110756760158e+01 0.000000000000000000e+00 5.979669124975084491e-04
5.806813500764069147e+01 0.000000000000000000e+00 6.644076805527871898e-04
5.776729120988638755e+01 0.000000000000000000e+00 4.983057604145904465e-04
5.715244834230283999e+01 0.000000000000000000e+00 2.989834562487542246e-04
5.707261975948441801e+01 0.000000000000000000e+00 2.989834562487542246e-04
5.698226031492924193e+01 0.000000000000000000e+00 9.966115208291808389e-05
5.697209487741677947e+01 0.000000000000000000e+00 0.000000000000000000e+00
5.713530662414457595e+01 0.000000000000000000e+00 0.000000000000000000e+00
5.687206830110955735e+01 0.000000000000000000e+00 0.000000000000000000e+00
5.678403428343631987e+01 0.000000000000000000e+00 0.000000000000000000e+00
5.666354395056806936e+01 0.000000000000000000e+00 0.000000000000000000e+00
5.627356986246761039e+01 0.000000000000000000e+00 0.000000000000000000e+00
5.592043718025380628e+01 0.000000000000000000e+00 0.000000000000000000e+00
5.584672114809647070e+01 0.000000000000000000e+00 0.000000000000000000e+00
5.581127499833898042e+01 0.000000000000000000e+00 0.000000000000000000e+00
5.568068566872633340e+01 0.000000000000000000e+00 7.308484486080659304e-04
5.559135605607600894e+01 0.000000000000000000e+00 7.308484486080659304e-04
5.548910371403893294e+01 0.000000000000000000e+00 5.979669124975084491e-04
5.593405753770513655e+01 0.000000000000000000e+00 5.647465284698690788e-04
5.626064713308085885e+01 0.000000000000000000e+00 8.305096006909840414e-04
5.665175071423825415e+01 0.000000000000000000e+00 4.983057604145904465e-04
5.696863995747791165e+01 0.000000000000000000e+00 4.983057604145904465e-04
5.715357783535977632e+01 0.000000000000000000e+00 0.000000000000000000e+00
5.692405820211281764e+01 0.000000000000000000e+00 9.966115208291808389e-05
5.674682745332535916e+01 0.000000000000000000e+00 9.966115208291808931e-04
5.667188226695900255e+01 0.000000000000000000e+00 7.972892166633446711e-04
5.628320377383562345e+01 0.000000000000000000e+00 0.000000000000000000e+00
5.603797089894359118e+01 0.000000000000000000e+00 0.000000000000000000e+00
5.593894093415720192e+01 0.000000000000000000e+00 0.000000000000000000e+00
5.591007242043718151e+01 0.000000000000000000e+00 0.000000000000000000e+00
5.588399441897548314e+01 0.000000000000000000e+00 0.000000000000000000e+00
5.617301176001594598e+01 0.000000000000000000e+00 0.000000000000000000e+00
5.617341040462427770e+01 0.000000000000000000e+00 0.000000000000000000e+00
5.611514185103979457e+01 0.000000000000000000e+00 0.000000000000000000e+00
5.621025181051093256e+01 0.000000000000000000e+00 0.000000000000000000e+00
5.628383496113215045e+01 0.000000000000000000e+00 5.315261444422297085e-04
5.630054481429804980e+01 0.000000000000000000e+00 5.315261444422297085e-04
5.642694837552322440e+01 0.000000000000000000e+00 5.979669124975084491e-04
5.732320111620490621e+01 0.000000000000000000e+00 1.993223041658361678e-04
5.761703541292937558e+01 0.000000000000000000e+00 1.063052288884459417e-03
5.793169889043917209e+01 0.000000000000000000e+00 1.063052288884459417e-03
5.820789316324496809e+01 0.000000000000000000e+00 1.395256129160853120e-03
5.840854428277190635e+01 0.000000000000000000e+00 1.328815361105574380e-03
5.783074214337917596e+01 0.000000000000000000e+00 2.724071490266427500e-03
5.696438774832237328e+01 0.000000000000000000e+00 4.650853763869510220e-04
5.654873430336854767e+01 0.000000000000000000e+00 1.328815361105574271e-04
5.660962726729120931e+01 0.000000000000000000e+00 2.989834562487542246e-04
5.662171948707727154e+01 0.000000000000000000e+00 3.654242243040329652e-04
5.696800877018138465e+01 0.000000000000000000e+00 5.315261444422297085e-04
5.737196863995747975e+01 0.000000000000000000e+00 2.026443425686000940e-03
5.742409142249684351e+01 0.000000000000000000e+00 0.000000000000000000e+00
5.737160321573317390e+01 0.000000000000000000e+00 1.661019201381967974e-04
5.730330210617234599e+01 0.000000000000000000e+00 0.000000000000000000e+00
5.759912962593847396e+01 0.000000000000000000e+00 2.192545345824197574e-03
5.816483954554514924e+01 0.000000000000000000e+00 3.122716098598099944e-03
5.895787655305295516e+01 0.000000000000000000e+00 2.657630722211148542e-04
5.892645006976280797e+01 0.000000000000000000e+00 3.521360706929771954e-03
5.852302172613115516e+01 0.000000000000000000e+00 1.993223041658361678e-04
5.834399707660620749e+01 0.000000000000000000e+00 4.318649923593116517e-04
5.857065975682679237e+01 0.000000000000000000e+00 0.000000000000000000e+00
5.894468806059398247e+01 0.000000000000000000e+00 2.989834562487542246e-04
5.909062520762739723e+01 0.000000000000000000e+00 7.972892166633446711e-04
5.907006178991429124e+01 0.000000000000000000e+00 7.972892166633446711e-04
5.915141851039798127e+01 0.000000000000000000e+00 1.162713440967377528e-03
5.969526941731446357e+01 0.000000000000000000e+00 5.448142980532855000e-03
5.985648794100060144e+01 0.000000000000000000e+00 6.810178725666068966e-03
5.970815892631718924e+01 0.000000000000000000e+00 7.308484486080658871e-03
5.948797422098199661e+01 0.000000000000000000e+00 5.381702212477575825e-03
5.865444156534449860e+01 0.000000000000000000e+00 4.119327619427280186e-03
