6.038728578629032029e+01 0.000000000000000000e+00 7.464717741935483764e-02
6.060362903225806264e+01 0.000000000000000000e+00 8.307711693548387732e-02
6.061658266129032313e+01 0.000000000000000000e+00 8.307711693548387732e-02
6.109769405241935658e+01 0.000000000000000000e+00 8.853326612903225645e-02
6.144343497983871316e+01 0.000000000000000000e+00 9.511088709677419095e-02
6.208295110887096513e+01 0.000000000000000000e+00 8.874747983870967527e-02
6.222260584677419359e+01 0.000000000000000000e+00 6.428931451612902859e-02
6.252431955645161565e+01 0.000000000000000000e+00 6.694808467741936164e-02
6.277459677419354733e+01 0.000000000000000000e+00 6.557459677419354149e-02
6.308482862903225907e+01 0.000000000000000000e+00 6.426411290322581182e-02
6.321467993951613096e+01 0.000000000000000000e+00 5.894657258064515959e-02
6.316232358870967545e+01 0.000000000000000000e+00 5.716985887096773938e-02
6.278364415322580783e+01 0.000000000000000000e+00 5.942540322580645157e-02
6.230031502016129252e+01 0.000000000000000000e+00 5.650201612903225923e-02
6.206255040322580641e+01 0.000000000000000000e+00 5.570816532258064668e-02
6.184322076612902919e+01 2.520161290322580643e-05 4.938256048387097003e-02
6.179851310483871174e+01 0.000000000000000000e+00 5.540574596774193450e-02
6.193923891129032455e+01 0.000000000000000000e+00 4.861391129032258118e-02
6.195022681451612812e+01 0.000000000000000000e+00 5.550655241935483625e-02
6.190124747983870890e+01 0.000000000000000000e+00 5.441028225806451846e-02
6.197593245967741638e+01 0.000000000000000000e+00 5.751008064516129059e-02
6.193466481854838435e+01 0.000000000000000000e+00 5.718245967741935470e-02
6.180051663306451815e+01 0.000000000000000000e+00 5.631300403225806411e-02
6.154435483870967971e+01 0.000000000000000000e+00 5.034022177419354704e-02
6.131766633064516014e+01 1.260080645161290321e-05 4.856350806451612684e-02
6.125878276209677153e+01 0.000000000000000000e+00 4.778225806451612961e-02
6.116275201612903345e+01 1.260080645161290321e-05 4.949596774193548709e-02
6.102269405241935374e+01 1.260080645161290321e-05 4.678679435483870663e-02
6.089726562500000284e+01 1.260080645161290321e-05 4.950856854838709548e-02
6.106159274193548470e+01 2.520161290322580643e-05 4.760584677419354982e-02
6.108378276209677438e+01 2.520161290322580643e-05 5.090725806451613239e-02
6.105803931451612954e+01 5.040322580645161286e-05 5.201612903225806550e-02
6.115815272177419359e+01 1.260080645161290321e-05 5.572076612903225507e-02
6.145732106854838861e+01 5.040322580645161286e-05 5.715725806451613100e-02
6.153001512096773951e+01 0.000000000000000000e+00 5.259576612903225923e-02
6.123830645161290676e+01 0.000000000000000000e+00 4.933215725806451568e-02
6.074007056451613096e+01 0.000000000000000000e+00 4.533770161290322925e-02
6.064454385080644983e+01 0.000000000000000000e+00 4.604334677419354843e-02
6.063310231854838861e+01 0.000000000000000000e+00 5.696824596774193589e-02
6.083438760080645125e+01 0.000000000000000000e+00 7.144657258064515681e-02
6.108699596774193452e+01 0.000000000000000000e+00 6.738911290322580072e-02
6.126776713709677580e+01 0.000000000000000000e+00 5.800151209677419095e-02
6.057528981854838435e+01 0.000000000000000000e+00 5.191532258064516375e-02
5.989246471774193736e+01 0.000000000000000000e+00 4.982358870967741604e-02
5.922568044354838435e+01 0.000000000000000000e+00 4.579133064516129059e-02
5.903529485887096939e+01 0.000000000000000000e+00 4.891633064516129337e-02
5.909579133064516299e+01 3.780241935483871134e-05 5.022681451612902997e-02
5.996379788306451530e+01 0.000000000000000000e+00 5.292338709677419512e-02
6.037550403225806406e+01 0.000000000000000000e+00 6.107610887096773938e-02
6.055626260080644840e+01 0.000000000000000000e+00 5.714465725806451568e-02
6.043530745967741780e+01 0.000000000000000000e+00 5.147429435483871080e-02
6.030390624999999716e+01 0.000000000000000000e+00 5.146169354838709548e-02
6.043220766129032029e+01 0.000000000000000000e+00 5.491431451612903414e-02
6.042293346774193452e+01 0.000000000000000000e+00 5.136088709677419373e-02
6.031195816532257936e+01 0.000000000000000000e+00 4.873991935483870663e-02
6.025670362903225907e+01 0.000000000000000000e+00 4.900453629032257979e-02
6.039771925403226049e+01 0.000000000000000000e+00 4.532510080645161393e-02
6.064764364919354733e+01 0.000000000000000000e+00 4.882812500000000000e-02
6.056067288306451957e+01 0.000000000000000000e+00 4.984879032258064668e-02
6.039716481854839003e+01 0.000000000000000000e+00 5.283518145161290175e-02
6.062357610887097081e+01 0.000000000000000000e+00 5.328881048387097003e-02
6.091746471774193594e+01 0.000000000000000000e+00 5.849294354838709825e-02
6.109072580645161565e+01 0.000000000000000000e+00 6.018145161290322509e-02
6.105331401209677722e+01 0.000000000000000000e+00 4.742943548387097003e-02
6.103622731854838435e+01 0.000000000000000000e+00 4.633316532258064530e-02
6.115365423387096655e+01 0.000000000000000000e+00 4.698840725806451707e-02
6.150438508064516441e+01 0.000000000000000000e+00 4.632056451612902997e-02
6.144785786290322704e+01 0.000000000000000000e+00 4.380040322580645157e-02
6.103540826612903203e+01 0.000000000000000000e+00 4.201108870967741604e-02
6.043421118951612669e+01 0.000000000000000000e+00 4.318296370967741882e-02
6.039115423387097081e+01 0.000000000000000000e+00 4.934475806451613100e-02
6.065614919354838719e+01 0.000000000000000000e+00 5.200352822580645018e-02
6.091872479838709609e+01 0.000000000000000000e+00 5.670362903225806273e-02
6.098650453629032597e+01 0.000000000000000000e+00 5.814012096774193866e-02
6.103446320564516014e+01 0.000000000000000000e+00 5.704385080645161393e-02
6.096843497983871174e+01 0.000000000000000000e+00 5.255796370967742021e-02
6.073494203629032029e+01 0.000000000000000000e+00 4.701360887096774077e-02
5.995316280241935658e+01 0.000000000000000000e+00 4.550151209677419373e-02
5.953824344758064768e+01 0.000000000000000000e+00 4.501008064516129337e-02
5.934925655241935516e+01 0.000000000000000000e+00 4.407762096774193311e-02
5.908411038306451957e+01 0.000000000000000000e+00 3.965473790322580905e-02
5.891635584677419502e+01 1.260080645161290321e-05 3.980594758064515820e-02
5.916588961693548043e+01 0.000000000000000000e+00 3.881048387096774216e-02
5.922788558467741638e+01 0.000000000000000000e+00 3.214465725806451429e-02
5.900359122983871174e+01 0.000000000000000000e+00 2.027469758064516167e-02
5.882643649193548185e+01 0.000000000000000000e+00 2.624747983870967874e-02
5.892735635080644840e+01 0.000000000000000000e+00 2.763356854838709686e-02
5.874698840725806548e+01 0.000000000000000000e+00 3.264868951612902997e-02
5.868214465725806406e+01 0.000000000000000000e+00 4.024697580645161116e-02
5.847825100806451815e+01 0.000000000000000000e+00 3.959173387096773938e-02
5.806407510080644840e+01 0.000000000000000000e+00 3.931451612903225784e-02
5.776866179435484128e+01 0.000000000000000000e+00 2.764616935483870871e-02
5.784900453629032313e+01 0.000000000000000000e+00 3.200604838709677352e-02
5.805706905241935800e+01 0.000000000000000000e+00 3.588709677419354982e-02
5.828010332661290249e+01 0.000000000000000000e+00 3.834425403225806550e-02
5.865133568548387188e+01 0.000000000000000000e+00 4.151965725806451568e-02
5.872995211693548612e+01 0.000000000000000000e+00 3.009072580645161255e-02
5.864226310483871174e+01 0.000000000000000000e+00 2.536542338709677283e-02
5.870085685483871174e+01 0.000000000000000000e+00 2.909526209677419303e-02
5.878586189516128968e+01 0.000000000000000000e+00 4.269153225806451846e-02
5.878356854838709467e+01 0.000000000000000000e+00 3.387096774193548709e-02
5.863155241935483986e+01 0.000000000000000000e+00 3.636592741935484180e-02
5.836284022177419217e+01 0.000000000000000000e+00 3.457661290322580627e-02
5.806108870967742064e+01 0.000000000000000000e+00 3.718497983870967805e-02
5.781748991935484128e+01 0.000000000000000000e+00 3.331653225806451707e-02
5.773366935483871032e+01 0.000000000000000000e+00 3.345514112903225784e-02
5.769648437499999716e+01 0.000000000000000000e+00 3.090977822580645226e-02
5.843918850806451815e+01 0.000000000000000000e+00 3.117439516129032195e-02
5.879822328629032313e+01 0.000000000000000000e+00 3.429939516129032473e-02
5.893795362903225765e+01 0.000000000000000000e+00 4.100302419354838468e-02
5.908620211693548185e+01 0.000000000000000000e+00 3.335433467741935609e-02
5.928451360887096655e+01 0.000000000000000000e+00 3.644153225806451291e-02
5.918206905241935800e+01 0.000000000000000000e+00 3.205645161290322787e-02
5.911190776209677722e+01 0.000000000000000000e+00 3.358114919354839023e-02
5.908655493951612669e+01 0.000000000000000000e+00 3.834425403225806550e-02
5.908933971774193594e+01 0.000000000000000000e+00 4.168346774193548709e-02
5.893651713709677153e+01 0.000000000000000000e+00 4.824848790322580627e-02
5.889310735887097081e+01 0.000000000000000000e+00 4.499747983870967805e-02
5.886644405241935374e+01 0.000000000000000000e+00 3.921370967741935609e-02
5.890614919354838719e+01 0.000000000000000000e+00 3.727318548387096447e-02
5.901648185483870890e+01 0.000000000000000000e+00 5.248235887096774216e-02
5.890430947580644983e+01 0.000000000000000000e+00 3.935231854838709686e-02
5.869110383064516157e+01 0.000000000000000000e+00 3.477822580645160977e-02
5.855008820564516014e+01 0.000000000000000000e+00 3.312752016129032195e-02
5.836282762096774235e+01 0.000000000000000000e+00 2.716733870967742021e-02
5.808576108870967403e+01 0.000000000000000000e+00 2.573084677419354774e-02
5.786475554435483559e+01 0.000000000000000000e+00 3.009072580645161255e-02
5.789731602822580925e+01 0.000000000000000000e+00 4.315776209677419512e-02
5.802736895161290676e+01 0.000000000000000000e+00 4.150705645161290036e-02
5.812157258064516441e+01 0.000000000000000000e+00 4.090221774193548293e-02
5.797966229838709751e+01 0.000000000000000000e+00 3.093497983870967596e-02
5.791058467741935800e+01 0.000000000000000000e+00 3.135080645161290175e-02
5.785026461693548328e+01 0.000000000000000000e+00 3.176663306451613100e-02
5.788986895161290391e+01 0.000000000000000000e+00 3.101058467741935401e-02
5.774358618951612954e+01 0.000000000000000000e+00 2.833921370967741951e-02
5.753956653225806406e+01 0.000000000000000000e+00 2.833921370967741951e-02
5.760963961693548185e+01 0.000000000000000000e+00 3.239667338709677213e-02
5.769248991935484128e+01 0.000000000000000000e+00 3.403477822580645157e-02
5.778484122983871174e+01 0.000000000000000000e+00 4.241431451612902997e-02
5.772636088709677438e+01 0.000000000000000000e+00 3.804183467741935332e-02
5.772026209677419217e+01 0.000000000000000000e+00 3.544606854838709686e-02
5.773361895161290391e+01 0.000000000000000000e+00 3.679435483870967943e-02
5.762332409274193878e+01 0.000000000000000000e+00 3.583669354838709548e-02
5.746849798387096797e+01 0.000000000000000000e+00 3.625252016129032473e-02
5.723282510080645125e+01 0.000000000000000000e+00 3.083417338709677422e-02
5.718354334677419359e+01 0.000000000000000000e+00 3.063256048387096725e-02
5.717295866935484128e+01 0.000000000000000000e+00 2.948588709677419512e-02
5.694281754032257936e+01 0.000000000000000000e+00 2.408014112903225645e-02
5.651510836693548612e+01 0.000000000000000000e+00 1.871219758064516028e-02
5.631339465725806548e+01 0.000000000000000000e+00 2.367691532258064599e-02
5.619046118951612812e+01 0.000000000000000000e+00 3.186743951612903275e-02
5.619521169354838719e+01 0.000000000000000000e+00 3.140120967741935609e-02
5.623031754032258078e+01 0.000000000000000000e+00 2.516381048387096933e-02
5.626442792338709609e+01 0.000000000000000000e+00 3.000252016129032265e-02
5.624857610887097081e+01 0.000000000000000000e+00 3.058215725806451638e-02
5.621557459677419644e+01 0.000000000000000000e+00 2.739415322580645087e-02
5.608741179435483559e+01 0.000000000000000000e+00 2.099294354838709617e-02
5.626452872983870890e+01 0.000000000000000000e+00 2.993951612903225645e-02
5.632763356854838577e+01 0.000000000000000000e+00 3.477822580645160977e-02
5.622828881048386762e+01 0.000000000000000000e+00 3.337953629032257979e-02
5.611049647177419075e+01 0.000000000000000000e+00 3.216985887096774493e-02
5.625364163306451815e+01 0.000000000000000000e+00 3.389616935483871080e-02
5.657372731854838577e+01 0.000000000000000000e+00 3.456401209677419095e-02
5.692187500000000000e+01 0.000000000000000000e+00 2.488659274193548432e-02
5.705095766129032597e+01 0.000000000000000000e+00 2.303427419354838607e-02
5.709440524193548328e+01 0.000000000000000000e+00 2.284526209677419442e-02
5.701628024193548328e+01 0.000000000000000000e+00 2.757056451612903067e-02
5.691001764112903061e+01 2.520161290322580643e-05 2.605846774193548362e-02
5.690597278225806122e+01 1.260080645161290321e-05 2.656249999999999931e-02
5.680890877016128826e+01 0.000000000000000000e+00 2.379032258064515959e-02
5.673862147177419502e+01 0.000000000000000000e+00 2.264364919354838745e-02
5.680575856854838435e+01 0.000000000000000000e+00 2.721774193548387108e-02
5.670904737903225623e+01 0.000000000000000000e+00 2.569304435483870871e-02
5.643273689516129110e+01 0.000000000000000000e+00 3.227066532258064668e-02
5.623983114919354875e+01 0.000000000000000000e+00 3.469002016129032334e-02
5.620210433467742206e+01 0.000000000000000000e+00 2.731854838709677283e-02
5.633070816532258362e+01 0.000000000000000000e+00 3.467741935483870802e-02
5.639598034274193594e+01 0.000000000000000000e+00 3.582409274193548709e-02
5.643573588709677580e+01 0.000000000000000000e+00 3.811743951612903136e-02
5.641006804435483701e+01 0.000000000000000000e+00 3.256048387096774355e-02
5.605624999999999858e+01 0.000000000000000000e+00 2.845262096774193658e-02
5.627952368951613238e+01 0.000000000000000000e+00 2.821320564516129059e-02
5.652507560483871174e+01 0.000000000000000000e+00 1.999747983870967666e-02
5.667420614919355160e+01 0.000000000000000000e+00 2.416834677419354982e-02
5.673340473790322847e+01 0.000000000000000000e+00 2.642389112903225853e-02
5.692265625000000284e+01 0.000000000000000000e+00 2.949848790322580697e-02
5.702505040322580498e+01 0.000000000000000000e+00 2.284526209677419442e-02
5.725492691532257794e+01 0.000000000000000000e+00 3.068296370967741812e-02
5.726089969758064768e+01 0.000000000000000000e+00 3.128780241935483902e-02
5.733744959677419217e+01 0.000000000000000000e+00 3.582409274193548709e-02
5.750015120967741922e+01 0.000000000000000000e+00 3.097278225806451499e-02
5.759648437500000284e+01 0.000000000000000000e+00 3.382056451612903275e-02
5.775070564516128968e+01 0.000000000000000000e+00 2.929687500000000000e-02
5.775459929435483986e+01 0.000000000000000000e+00 2.666330645161290452e-02
5.777026209677419644e+01 0.000000000000000000e+00 2.634828629032258049e-02
5.776300403225806690e+01 0.000000000000000000e+00 2.607106854838709548e-02
5.765766129032257936e+01 0.000000000000000000e+00 1.893901209677419442e-02
5.737918346774193878e+01 0.000000000000000000e+00 1.959425403225806619e-02
5.697176159274193452e+01 0.000000000000000000e+00 1.951864919354838815e-02
5.664435483870967403e+01 0.000000000000000000e+00 2.179939516129032404e-02
5.656875000000000142e+01 0.000000000000000000e+00 2.308467741935484041e-02
5.636982106854839003e+01 0.000000000000000000e+00 2.149697580645161185e-02
5.642838961693548328e+01 0.000000000000000000e+00 2.081653225806451638e-02
5.649557711693548612e+01 0.000000000000000000e+00 2.448336693548387039e-02
5.653308971774193736e+01 0.000000000000000000e+00 2.835181451612903136e-02
5.658060735887097081e+01 0.000000000000000000e+00 2.913306451612903206e-02
5.664828629032258078e+01 0.000000000000000000e+00 3.092237903225806411e-02
5.687546622983870748e+01 0.000000000000000000e+00 2.946068548387096794e-02
5.693319052419354875e+01 0.000000000000000000e+00 3.282510080645160977e-02
5.692144657258064200e+01 0.000000000000000000e+00 1.339465725806451672e-02
5.690001260080644840e+01 0.000000000000000000e+00 1.389868951612903240e-02
5.698768901209677296e+01 0.000000000000000000e+00 2.171118951612903067e-02
5.735083165322580356e+01 0.000000000000000000e+00 1.849798387096774147e-02
5.794163306451613238e+01 0.000000000000000000e+00 2.367691532258064599e-02
5.831660786290322562e+01 0.000000000000000000e+00 1.963205645161290175e-02
5.858510584677419075e+01 0.000000000000000000e+00 3.404737903225806689e-02
5.879128024193548185e+01 0.000000000000000000e+00 2.907006048387096933e-02
5.866324344758064768e+01 0.000000000000000000e+00 2.958669354838709686e-02
5.821021925403226049e+01 0.000000000000000000e+00 2.842741935483870941e-02
5.740322580645161565e+01 0.000000000000000000e+00 1.999747983870967666e-02
5.703388356854839003e+01 0.000000000000000000e+00 2.004788306451612753e-02
5.693694556451612954e+01 0.000000000000000000e+00 2.035030241935483972e-02
5.674010836693548043e+01 0.000000000000000000e+00 2.111895161290322509e-02
5.668514364919354875e+01 0.000000000000000000e+00 2.202620967741935470e-02
5.662454637096774235e+01 0.000000000000000000e+00 3.098538306451613031e-02
5.634924395161290533e+01 0.000000000000000000e+00 3.190524193548387177e-02
5.620187752016128968e+01 0.000000000000000000e+00 2.770917338709677491e-02
5.655209173387096655e+01 0.000000000000000000e+00 3.041834677419354843e-02
5.681037046370967403e+01 0.000000000000000000e+00 2.724294354838709825e-02
5.673426159274193736e+01 2.520161290322580643e-05 2.384072580645161393e-02
5.666042086693548185e+01 0.000000000000000000e+00 2.098034274193548432e-02
5.681961945564516014e+01 0.000000000000000000e+00 2.269405241935483833e-02
5.650134828629032313e+01 0.000000000000000000e+00 2.486139112903225715e-02
5.588916330645161423e+01 0.000000000000000000e+00 2.196320564516129198e-02
5.521425151209677296e+01 0.000000000000000000e+00 1.823336693548387177e-02
5.476097530241935374e+01 0.000000000000000000e+00 1.795614919354838676e-02
5.459477066532257794e+01 0.000000000000000000e+00 2.392893145161290383e-02
5.461677167338709893e+01 0.000000000000000000e+00 1.871219758064516028e-02
5.464174647177419075e+01 0.000000000000000000e+00 2.154737903225806619e-02
5.475000000000000000e+01 0.000000000000000000e+00 2.079133064516128920e-02
5.480141129032258362e+01 0.000000000000000000e+00 2.825100806451612961e-02
5.472069052419355017e+01 0.000000000000000000e+00 2.825100806451612961e-02
5.478616431451612812e+01 0.000000000000000000e+00 2.145917338709677283e-02
5.499406502016128684e+01 0.000000000000000000e+00 1.966985887096774077e-02
5.531911542338709609e+01 0.000000000000000000e+00 2.014868951612903275e-02
5.587723034274193878e+01 0.000000000000000000e+00 2.310987903225806411e-02
5.594721522177419359e+01 0.000000000000000000e+00 2.385332661290322578e-02
5.583296370967742206e+01 0.000000000000000000e+00 2.350050403225806619e-02
5.578065776209677296e+01 0.000000000000000000e+00 2.392893145161290383e-02
5.579986139112903487e+01 0.000000000000000000e+00 2.363911290322580697e-02
5.579643397177419217e+01 0.000000000000000000e+00 2.478578629032257910e-02
5.579824848790322278e+01 0.000000000000000000e+00 2.295866935483870802e-02
5.598868447580645125e+01 0.000000000000000000e+00 2.497479838709677422e-02
5.617809979838709467e+01 0.000000000000000000e+00 2.862903225806451638e-02
5.625273437500000284e+01 0.000000000000000000e+00 2.581905241935483764e-02
5.626360887096774377e+01 0.000000000000000000e+00 2.540322580645161185e-02
5.624120463709677153e+01 0.000000000000000000e+00 2.261844758064516028e-02
5.611815776209677153e+01 0.000000000000000000e+00 2.396673387096774285e-02
5.585689264112902919e+01 0.000000000000000000e+00 2.274445564516128920e-02
5.560097026209677296e+01 0.000000000000000000e+00 2.227822580645161255e-02
5.551318044354838577e+01 0.000000000000000000e+00 2.299647177419354704e-02
5.544962197580645125e+01 0.000000000000000000e+00 1.901461693548387247e-02
5.561601562500000284e+01 0.000000000000000000e+00 1.951864919354838815e-02
5.585996723790322704e+01 0.000000000000000000e+00 2.297127016129032334e-02
5.590749747983871032e+01 0.000000000000000000e+00 2.460937499999999931e-02
5.584018397177419502e+01 0.000000000000000000e+00 2.304687500000000139e-02
5.573143901209677153e+01 0.000000000000000000e+00 2.280745967741935540e-02
5.512598286290322847e+01 0.000000000000000000e+00 2.171118951612903067e-02
5.479053679435483559e+01 0.000000000000000000e+00 2.444556451612903136e-02
5.469638356854838435e+01 0.000000000000000000e+00 1.856098790322580766e-02
5.468532006048386762e+01 0.000000000000000000e+00 1.886340725806451638e-02
5.472292086693548185e+01 0.000000000000000000e+00 1.631804435483871080e-02
5.538690776209677580e+01 0.000000000000000000e+00 1.924143145161290314e-02
5.614841229838709324e+01 0.000000000000000000e+00 2.847782258064516028e-02
5.688780241935484128e+01 0.000000000000000000e+00 2.237903225806451776e-02
5.704750504032258362e+01 0.000000000000000000e+00 2.124495967741935401e-02
5.699212449596774377e+01 0.000000000000000000e+00 1.926663306451613031e-02
5.694721522177419359e+01 0.000000000000000000e+00 2.092993951612903344e-02
5.686373487903225765e+01 0.000000000000000000e+00 1.895161290322580627e-02
5.696491935483871316e+01 0.000000000000000000e+00 2.210181451612903275e-02
5.714891633064516441e+01 0.000000000000000000e+00 1.862399193548387039e-02
5.718322832661290533e+01 0.000000000000000000e+00 1.847278225806451776e-02
5.681406249999999858e+01 0.000000000000000000e+00 2.033770161290322440e-02
5.646873739919355017e+01 0.000000000000000000e+00 1.994707661290322578e-02
5.629451864919354875e+01 0.000000000000000000e+00 1.809475806451612753e-02
5.607472278225806406e+01 0.000000000000000000e+00 1.694808467741935540e-02
5.569954637096774519e+01 0.000000000000000000e+00 1.714969758064516236e-02
5.545015120967742206e+01 0.000000000000000000e+00 1.678427419354838745e-02
5.542923387096774235e+01 0.000000000000000000e+00 1.674647177419354843e-02
5.516145413306451672e+01 0.000000000000000000e+00 1.612903225806451568e-02
5.493758820564516299e+01 0.000000000000000000e+00 1.721270161290322509e-02
5.475144909274193594e+01 0.000000000000000000e+00 1.740171370967742021e-02
5.437424395161290391e+01 0.000000000000000000e+00 1.721270161290322509e-02
5.436233618951612812e+01 0.000000000000000000e+00 1.697328629032257910e-02
5.445666582661290533e+01 0.000000000000000000e+00 1.796874999999999861e-02
5.441708669354838435e+01 0.000000000000000000e+00 1.740171370967742021e-02
5.438989415322580356e+01 0.000000000000000000e+00 1.270161290322580593e-02
5.479317036290322562e+01 0.000000000000000000e+00 1.355846774193548467e-02
5.503394657258064626e+01 0.000000000000000000e+00 1.348286290322580662e-02
5.489971018145160997e+01 0.000000000000000000e+00 1.218497983870967666e-02
5.479783266129032171e+01 0.000000000000000000e+00 1.377268145161290348e-02
5.470653981854838577e+01 0.000000000000000000e+00 1.402469758064516132e-02
5.410113407258064200e+01 0.000000000000000000e+00 8.946572580645162018e-03
5.380719506048387046e+01 0.000000000000000000e+00 8.593750000000000694e-03
5.366055947580645125e+01 0.000000000000000000e+00 8.996975806451612892e-03
5.371987147177419075e+01 0.000000000000000000e+00 1.078629032258064495e-02
5.387308467741935658e+01 0.000000000000000000e+00 1.034526209677419373e-02
5.427082913306451672e+01 0.000000000000000000e+00 1.066028225806451603e-02
5.470493951612903061e+01 0.000000000000000000e+00 1.268901209677419407e-02
5.507675151209677722e+01 0.000000000000000000e+00 1.853578629032258049e-02
5.509552671370967403e+01 0.000000000000000000e+00 1.750252016129032195e-02
5.511696068548386762e+01 0.000000000000000000e+00 1.789314516129032404e-02
5.476450352822580925e+01 0.000000000000000000e+00 1.968245967741935609e-02
5.453268649193548612e+01 0.000000000000000000e+00 1.932963709677419303e-02
5.436566280241935800e+01 0.000000000000000000e+00 1.650705645161290244e-02
5.437188760080645267e+01 0.000000000000000000e+00 1.687247983870967735e-02
5.442028729838709467e+01 0.000000000000000000e+00 2.247983870967741951e-02
5.432120715725806548e+01 0.000000000000000000e+00 1.629284274193548362e-02
5.419412802419354591e+01 0.000000000000000000e+00 1.045866935483870906e-02
5.418850806451612812e+01 0.000000000000000000e+00 1.265120967741935505e-02
5.414382560483871032e+01 0.000000000000000000e+00 1.664566532258064668e-02
5.380244455645161139e+01 0.000000000000000000e+00 1.232358870967741916e-02
5.427739415322580641e+01 0.000000000000000000e+00 1.571320564516128990e-02
5.475166330645161139e+01 0.000000000000000000e+00 1.307963709677419269e-02
5.501087449596774093e+01 0.000000000000000000e+00 9.148185483870967249e-03
5.509606854838709467e+01 0.000000000000000000e+00 8.631552419354837982e-03
5.514632056451613096e+01 0.000000000000000000e+00 1.537298387096774216e-02
5.508165322580644840e+01 0.000000000000000000e+00 1.460433467741935505e-02
5.490822832661290676e+01 0.000000000000000000e+00 1.777973790322580697e-02
5.471349546370967687e+01 0.000000000000000000e+00 2.235383064516129059e-02
5.443970514112903203e+01 0.000000000000000000e+00 2.356350806451612892e-02
5.448931451612903487e+01 0.000000000000000000e+00 2.442036290322580766e-02
5.505819052419354875e+01 0.000000000000000000e+00 2.704133064516129129e-02
5.522333669354839003e+01 0.000000000000000000e+00 2.976310483870967666e-02
5.512715473790322562e+01 0.000000000000000000e+00 2.875504032258064530e-02
5.506756552419354733e+01 0.000000000000000000e+00 2.905745967741935401e-02
5.522247983870967403e+01 0.000000000000000000e+00 2.497479838709677422e-02
5.527436995967742206e+01 0.000000000000000000e+00 2.857862903225806550e-02
5.518784022177419502e+01 0.000000000000000000e+00 3.238407258064516375e-02
5.520613659274193452e+01 0.000000000000000000e+00 2.526461693548387108e-02
5.529867691532258078e+01 0.000000000000000000e+00 2.324848790322580488e-02
5.529794606854838435e+01 0.000000000000000000e+00 2.109375000000000139e-02
5.479921875000000142e+01 0.000000000000000000e+00 1.961945564516128990e-02
5.422935987903225907e+01 0.000000000000000000e+00 2.150957661290322717e-02
5.366047127016128826e+01 0.000000000000000000e+00 1.817036290322580558e-02
5.343031754032258362e+01 0.000000000000000000e+00 1.682207661290322648e-02
5.340869455645161423e+01 0.000000000000000000e+00 1.709929435483870802e-02
5.355834173387096797e+01 0.000000000000000000e+00 2.161038306451612892e-02
5.362560483870967687e+01 0.000000000000000000e+00 2.139616935483871010e-02
5.355124747983870748e+01 0.000000000000000000e+00 2.138356854838709825e-02
5.337502520161290676e+01 0.000000000000000000e+00 2.050151209677419234e-02
5.327334929435483701e+01 0.000000000000000000e+00 1.358366935483871010e-02
5.300730846774193594e+01 0.000000000000000000e+00 1.350806451612903206e-02
5.272861643145161281e+01 0.000000000000000000e+00 1.490675403225806377e-02
5.241084929435483986e+01 0.000000000000000000e+00 1.718750000000000139e-02
5.216615423387096939e+01 0.000000000000000000e+00 1.650705645161290244e-02
5.219383820564516441e+01 0.000000000000000000e+00 1.057207661290322613e-02
5.306880040322580783e+01 0.000000000000000000e+00 1.319304435483870976e-02
5.359984879032258220e+01 0.000000000000000000e+00 1.539818548387096760e-02
5.376321824596774235e+01 0.000000000000000000e+00 1.732610887096774216e-02
5.399603074596774377e+01 0.000000000000000000e+00 1.861139112903225853e-02
5.426135332661290533e+01 0.000000000000000000e+00 1.596522177419354774e-02
5.410556955645161281e+01 0.000000000000000000e+00 1.683467741935483833e-02
5.391568800403225481e+01 0.000000000000000000e+00 1.604082661290322578e-02
5.376372227822580641e+01 0.000000000000000000e+00 1.572580645161290175e-02
5.368789062500000142e+01 0.000000000000000000e+00 1.413810483870967666e-02
5.365437247983871316e+01 0.000000000000000000e+00 1.493195564516129094e-02
5.389553931451612812e+01 0.000000000000000000e+00 1.927923387096774216e-02
5.410241935483870890e+01 0.000000000000000000e+00 2.187499999999999861e-02
5.417866683467742206e+01 0.000000000000000000e+00 2.158518145161290175e-02
5.409271673387096513e+01 0.000000000000000000e+00 2.396673387096774285e-02
5.387235383064516014e+01 0.000000000000000000e+00 2.719254032258064391e-02
5.378781502016128968e+01 0.000000000000000000e+00 2.254284274193548224e-02
5.372912046370967687e+01 0.000000000000000000e+00 1.544858870967742021e-02
5.374928175403226049e+01 0.000000000000000000e+00 1.653225806451612961e-02
5.375664062500000284e+01 0.000000000000000000e+00 1.577620967741935609e-02
5.369315776209677438e+01 0.000000000000000000e+00 1.459173387096774147e-02
5.349327116935484128e+01 0.000000000000000000e+00 2.196320564516129198e-02
5.335859374999999716e+01 0.000000000000000000e+00 2.173639112903225784e-02
5.321033266129032313e+01 0.000000000000000000e+00 1.765372983870967805e-02
5.297615927419354875e+01 0.000000000000000000e+00 1.601562499999999861e-02
5.247386592741935374e+01 0.000000000000000000e+00 1.451612903225806515e-02
5.245854334677419217e+01 0.000000000000000000e+00 1.723790322580645226e-02
5.281999747983871174e+01 0.000000000000000000e+00 1.727570564516129129e-02
5.317327368951612954e+01 0.000000000000000000e+00 1.518397177419354878e-02
5.314812247983871174e+01 0.000000000000000000e+00 1.441532258064516167e-02
5.298123739919354591e+01 0.000000000000000000e+00 1.486895161290322648e-02
5.310704385080644840e+01 0.000000000000000000e+00 1.373487903225806446e-02
5.326358366935483701e+01 0.000000000000000000e+00 1.783014112903225784e-02
5.341576360887096797e+01 0.000000000000000000e+00 1.941784274193548293e-02
5.332923387096774093e+01 0.000000000000000000e+00 1.832157258064516167e-02
5.317246723790322704e+01 0.000000000000000000e+00 2.290826612903225715e-02
5.313632812499999858e+01 0.000000000000000000e+00 1.505796370967741986e-02
5.327483618951612954e+01 0.000000000000000000e+00 1.481854838709677387e-02
5.325297379032257794e+01 0.000000000000000000e+00 1.398689516129032230e-02
5.308394657258064342e+01 0.000000000000000000e+00 1.035786290322580731e-02
5.288263608870967403e+01 0.000000000000000000e+00 1.314264112903225888e-02
5.275705645161290391e+01 0.000000000000000000e+00 1.374747983870967805e-02
5.283109879032257794e+01 0.000000000000000000e+00 1.517137096774193519e-02
5.265632560483871316e+01 0.000000000000000000e+00 1.454133064516129059e-02
5.256839717741935658e+01 0.000000000000000000e+00 1.382308467741935436e-02
5.223244707661290676e+01 0.000000000000000000e+00 1.130292338709677422e-02
5.238966733870967829e+01 0.000000000000000000e+00 5.393145161290322474e-03
5.247962449596774093e+01 0.000000000000000000e+00 5.922379032258064460e-03
5.240081905241935800e+01 0.000000000000000000e+00 1.073588709677419407e-02
5.221180695564515872e+01 0.000000000000000000e+00 8.719758064516129614e-03
5.190808971774193736e+01 0.000000000000000000e+00 7.409274193548386934e-03
5.177812500000000284e+01 0.000000000000000000e+00 9.047379032258063766e-03
5.151771673387096939e+01 0.000000000000000000e+00 8.266129032258064807e-03
5.134800907258064484e+01 0.000000000000000000e+00 1.015625000000000035e-02
5.138499243951613238e+01 0.000000000000000000e+00 6.186995967741935887e-03
5.157358870967741638e+01 0.000000000000000000e+00 4.599294354838709929e-03
5.140749747983871032e+01 0.000000000000000000e+00 8.946572580645162018e-03
5.116073588709677722e+01 0.000000000000000000e+00 5.670362903225806619e-03
5.101223538306451388e+01 0.000000000000000000e+00 5.052923387096773869e-03
5.080318800403225765e+01 0.000000000000000000e+00 4.989919354838709409e-03
5.089269153225806264e+01 0.000000000000000000e+00 7.069052419354838329e-03
5.086190776209677722e+01 0.000000000000000000e+00 7.862903225806450874e-03
5.057660030241935800e+01 0.000000000000000000e+00 8.114919354838710450e-03
5.037070312499999858e+01 0.000000000000000000e+00 7.535282258064515855e-03
5.069965977822580783e+01 0.000000000000000000e+00 6.275201612903225784e-03
5.077522681451613096e+01 0.000000000000000000e+00 3.377016129032258014e-03
5.128617691532257794e+01 0.000000000000000000e+00 7.736895161290322821e-03
5.165394405241935516e+01 0.000000000000000000e+00 1.350806451612903206e-02
5.231442792338709324e+01 0.000000000000000000e+00 9.387600806451613239e-03
5.316936743951612954e+01 0.000000000000000000e+00 1.074848790322580593e-02
5.388359375000000284e+01 0.000000000000000000e+00 1.248739919354838711e-02
5.340942540322580356e+01 0.000000000000000000e+00 1.151713709677419303e-02
5.278185483870967687e+01 0.000000000000000000e+00 1.001764112903225784e-02
5.228911290322580641e+01 0.000000000000000000e+00 1.069808467741935505e-02
5.176183215725806264e+01 0.000000000000000000e+00 1.111391129032258084e-02
5.129027217741935374e+01 0.000000000000000000e+00 4.952116935483871253e-03
5.137476058467741780e+01 0.000000000000000000e+00 5.922379032258064460e-03
5.147203881048387331e+01 0.000000000000000000e+00 6.552419354838709929e-03
5.162789818548387188e+01 0.000000000000000000e+00 6.640624999999999827e-03
5.232212701612903061e+01 0.000000000000000000e+00 7.686491935483871080e-03
5.316014364919355017e+01 0.000000000000000000e+00 4.725302419354838850e-03
5.292050151209677722e+01 0.000000000000000000e+00 6.010584677419355225e-03
5.241087449596773951e+01 0.000000000000000000e+00 7.736895161290322821e-03
5.232757056451612954e+01 0.000000000000000000e+00 1.150453629032258118e-02
5.244466985887096655e+01 0.000000000000000000e+00 1.475554435483870941e-02
5.244653477822580356e+01 0.000000000000000000e+00 1.123991935483870976e-02
5.269407762096773951e+01 0.000000000000000000e+00 1.127772177419354878e-02
5.276890120967741638e+01 0.000000000000000000e+00 1.125252016129032334e-02
5.289988659274193594e+01 0.000000000000000000e+00 1.888860887096774355e-02
5.306214717741935516e+01 0.000000000000000000e+00 1.872479838709677560e-02
5.307080393145161423e+01 0.000000000000000000e+00 1.843497983870967874e-02
5.301193296370967545e+01 0.000000000000000000e+00 1.900201612903225715e-02
5.295409526209677153e+01 0.000000000000000000e+00 1.958165322580645087e-02
5.290873235887097081e+01 0.000000000000000000e+00 2.047631048387096864e-02
5.289259072580644983e+01 0.000000000000000000e+00 1.941784274193548293e-02
5.286806955645161565e+01 0.000000000000000000e+00 1.622983870967742090e-02
5.273356854838709751e+01 0.000000000000000000e+00 1.701108870967741812e-02
5.261673387096774235e+01 0.000000000000000000e+00 1.688508064516128920e-02
5.252202620967742064e+01 0.000000000000000000e+00 1.673387096774193658e-02
5.261832157258064768e+01 0.000000000000000000e+00 1.961945564516128990e-02
5.265533014112903487e+01 0.000000000000000000e+00 1.830897177419354982e-02
5.266393649193548043e+01 0.000000000000000000e+00 1.599042338709677491e-02
5.261039566532257794e+01 0.000000000000000000e+00 1.728830645161290314e-02
5.280590977822580356e+01 0.000000000000000000e+00 1.712449596774193519e-02
5.279507308467741922e+01 0.000000000000000000e+00 1.280241935483870941e-02
5.266707409274193452e+01 0.000000000000000000e+00 1.252520161290322613e-02
5.274450604838709467e+01 0.000000000000000000e+00 9.942036290322579795e-03
5.304398941532257794e+01 0.000000000000000000e+00 1.173135080645161359e-02
5.303358114919355160e+01 0.000000000000000000e+00 1.137852822580645226e-02
5.318366935483871316e+01 0.000000000000000000e+00 1.528477822580645226e-02
5.352017389112903345e+01 0.000000000000000000e+00 1.538558467741935401e-02
5.394121723790322420e+01 0.000000000000000000e+00 1.228578629032258014e-02
5.406626764112903061e+01 0.000000000000000000e+00 1.188256048387096794e-02
5.418584929435483843e+01 0.000000000000000000e+00 1.767893145161290175e-02
5.437890625000000000e+01 0.000000000000000000e+00 1.862399193548387039e-02
5.432581905241935516e+01 0.000000000000000000e+00 1.867439516129032126e-02
5.367719254032257936e+01 0.000000000000000000e+00 9.891633064516128920e-03
5.330529233870967687e+01 0.000000000000000000e+00 8.480342741935483625e-03
5.294517389112903061e+01 0.000000000000000000e+00 3.792842741935483798e-03
5.268302671370967971e+01 0.000000000000000000e+00 4.473286290322581009e-03
5.256498235887097081e+01 0.000000000000000000e+00 4.498487903225806446e-03
5.332914566532257794e+01 0.000000000000000000e+00 5.934979838709677179e-03
5.402523941532258078e+01 0.000000000000000000e+00 6.502016129032258188e-03
5.416796875000000000e+01 0.000000000000000000e+00 6.728830645161290591e-03
5.422702872983870748e+01 0.000000000000000000e+00 6.174395161290322301e-03
5.460231854838709609e+01 0.000000000000000000e+00 6.476814516129031883e-03
5.463432459677419217e+01 0.000000000000000000e+00 1.189516129032257979e-02
5.415522933467742206e+01 0.000000000000000000e+00 1.408770161290322578e-02
5.330637600806451815e+01 0.000000000000000000e+00 1.244959677419354808e-02
5.305917338709677722e+01 0.000000000000000000e+00 1.377268145161290348e-02
5.346032006048387331e+01 0.000000000000000000e+00 1.804435483870967666e-02
5.437028729838709751e+01 0.000000000000000000e+00 1.728830645161290314e-02
5.449926915322580356e+01 0.000000000000000000e+00 1.475554435483870941e-02
5.423680695564516441e+01 0.000000000000000000e+00 1.629284274193548362e-02
5.380719506048387046e+01 0.000000000000000000e+00 1.144153225806451672e-02
5.354902973790322562e+01 0.000000000000000000e+00 9.652217741935484666e-03
5.321074848790322420e+01 0.000000000000000000e+00 1.106350806451612823e-02
5.290165070564516014e+01 0.000000000000000000e+00 1.222278225806451568e-02
5.248891129032258362e+01 0.000000000000000000e+00 1.275201612903225853e-02
5.192578125000000000e+01 0.000000000000000000e+00 1.126512096774193519e-02
5.181415070564516157e+01 0.000000000000000000e+00 1.192036290322580697e-02
5.229555191532258362e+01 0.000000000000000000e+00 1.276461693548387039e-02
5.285291078629032313e+01 0.000000000000000000e+00 1.442792338709677352e-02
5.284396421370967545e+01 0.000000000000000000e+00 1.612903225806451568e-02
5.278940272177419502e+01 0.000000000000000000e+00 1.887600806451612823e-02
5.275815272177419502e+01 0.000000000000000000e+00 1.641885080645161255e-02
5.295769909274193310e+01 0.000000000000000000e+00 7.144657258064516375e-03
5.321968245967742206e+01 0.000000000000000000e+00 9.299395161290323342e-03
5.356402469758064200e+01 0.000000000000000000e+00 1.491935483870967735e-02
5.387226562499999716e+01 0.000000000000000000e+00 8.883568548387097558e-03
5.363578629032257794e+01 0.000000000000000000e+00 8.203125000000000347e-03
5.328596270161290249e+01 0.000000000000000000e+00 8.203125000000000347e-03
5.323613911290322420e+01 0.000000000000000000e+00 7.925907258064515334e-03
5.338950352822580925e+01 0.000000000000000000e+00 8.833165322580644949e-03
5.356048387096774377e+01 0.000000000000000000e+00 9.438004032258064113e-03
5.344998739919354591e+01 0.000000000000000000e+00 1.057207661290322613e-02
5.281388608870967971e+01 0.000000000000000000e+00 1.420110887096774112e-02
5.267279485887096513e+01 0.000000000000000000e+00 6.527217741935483625e-03
5.252249243951612812e+01 0.000000000000000000e+00 1.066028225806451603e-02
5.234178427419355017e+01 0.000000000000000000e+00 1.093749999999999931e-02
5.223012852822580498e+01 0.000000000000000000e+00 1.023185483870967666e-02
5.289529989919354591e+01 0.000000000000000000e+00 1.650705645161290244e-02
5.346392389112903487e+01 0.000000000000000000e+00 1.513356854838709617e-02
5.373679435483870748e+01 0.000000000000000000e+00 1.469254032258064495e-02
5.374969758064516157e+01 0.000000000000000000e+00 1.456653225806451603e-02
5.384226310483870748e+01 0.000000000000000000e+00 1.754032258064516098e-02
5.372966229838709751e+01 0.000000000000000000e+00 1.347026209677419303e-02
5.356160534274193452e+01 0.000000000000000000e+00 1.144153225806451672e-02
5.327135836693548043e+01 0.000000000000000000e+00 9.047379032258063766e-03
5.289561491935484128e+01 0.000000000000000000e+00 1.262600806451612961e-02
5.276978326612903203e+01 0.000000000000000000e+00 1.014364919354838676e-02
5.260236895161290249e+01 0.000000000000000000e+00 1.297883064516129094e-02
5.245220514112903487e+01 0.000000000000000000e+00 1.181955645161290348e-02
5.242452116935483986e+01 0.000000000000000000e+00 1.088709677419354843e-02
5.248965473790322278e+01 0.000000000000000000e+00 1.021925403225806481e-02
5.272289566532258220e+01 0.000000000000000000e+00 1.055947580645161255e-02
5.323882308467742064e+01 0.000000000000000000e+00 1.089969758064516202e-02
5.360323840725806122e+01 0.000000000000000000e+00 9.425403225806452262e-03
5.388821824596774235e+01 0.000000000000000000e+00 1.435231854838709721e-02
5.414977318548387331e+01 0.000000000000000000e+00 5.733366935483871080e-03
5.409119203629032313e+01 0.000000000000000000e+00 1.412550403225806481e-02
5.354528729838709467e+01 0.000000000000000000e+00 1.940524193548387108e-02
5.327755796370967545e+01 0.000000000000000000e+00 1.958165322580645087e-02
5.326184475806451957e+01 0.000000000000000000e+00 2.120715725806451499e-02
5.340257056451613238e+01 0.000000000000000000e+00 1.290322580645161289e-02
5.384813508064516441e+01 0.000000000000000000e+00 2.240423387096774147e-02
5.416886340725806548e+01 0.000000000000000000e+00 2.346270161290322717e-02
5.417913306451612954e+01 0.000000000000000000e+00 1.943044354838709825e-02
5.402507560483871174e+01 0.000000000000000000e+00 1.199596774193548328e-02
5.382658770161290107e+01 0.000000000000000000e+00 1.093749999999999931e-02
5.392108114919354733e+01 0.000000000000000000e+00 1.195816532258064599e-02
5.414516129032258362e+01 0.000000000000000000e+00 1.227318548387096829e-02
5.428504284274193736e+01 0.000000000000000000e+00 1.247479838709677352e-02
5.435451108870967829e+01 0.000000000000000000e+00 1.411290322580645122e-02
5.467905745967741638e+01 0.000000000000000000e+00 1.641885080645161255e-02
5.532017389112903061e+01 0.000000000000000000e+00 2.164818548387096794e-02
5.526049647177419644e+01 0.000000000000000000e+00 2.298387096774193519e-02
5.486179435483870748e+01 0.000000000000000000e+00 2.240423387096774147e-02
5.480825352822580498e+01 0.000000000000000000e+00 2.190020161290322578e-02
5.487321068548386904e+01 0.000000000000000000e+00 2.249243951612903136e-02
5.479711441532258220e+01 0.000000000000000000e+00 1.975806451612903067e-02
5.463767641129032171e+01 0.000000000000000000e+00 2.101814516129032334e-02
5.444579133064516441e+01 0.000000000000000000e+00 1.820816532258064460e-02
5.461811995967742206e+01 0.000000000000000000e+00 2.139616935483871010e-02
5.513655493951613096e+01 0.000000000000000000e+00 2.492439516129032334e-02
5.543879788306451672e+01 0.000000000000000000e+00 2.449596774193548224e-02
5.562501260080644983e+01 0.000000000000000000e+00 2.379032258064515959e-02
5.588693296370967545e+01 0.000000000000000000e+00 2.213961693548387177e-02
5.609401461693548185e+01 0.000000000000000000e+00 2.380292338709677491e-02
5.610507812499999858e+01 0.000000000000000000e+00 2.028729838709677352e-02
5.580404485887096655e+01 0.000000000000000000e+00 2.273185483870967735e-02
5.503814264112903487e+01 0.000000000000000000e+00 2.106854838709677422e-02
5.519143145161290676e+01 0.000000000000000000e+00 2.494959677419354704e-02
5.565010080645161139e+01 0.000000000000000000e+00 2.371471774193548501e-02
5.561935483870967545e+01 0.000000000000000000e+00 2.308467741935484041e-02
5.525447328629032029e+01 0.000000000000000000e+00 2.118195564516129129e-02
5.510182711693548185e+01 0.000000000000000000e+00 2.104334677419354704e-02
5.542694052419354733e+01 0.000000000000000000e+00 2.527721774193548293e-02
5.569895413306451815e+01 0.000000000000000000e+00 2.699092741935484041e-02
5.560366683467741922e+01 0.000000000000000000e+00 2.644909274193548224e-02
5.544300655241935516e+01 0.000000000000000000e+00 2.580645161290322578e-02
5.505051663306451815e+01 0.000000000000000000e+00 2.526461693548387108e-02
5.468413558467742064e+01 0.000000000000000000e+00 2.346270161290322717e-02
5.444115423387096797e+01 0.000000000000000000e+00 1.451612903225806515e-02
5.420759828629032029e+01 0.000000000000000000e+00 1.313004032258064530e-02
5.401849798387096513e+01 0.000000000000000000e+00 1.369707661290322544e-02
5.450401965725806264e+01 0.000000000000000000e+00 1.318044354838709617e-02
5.496799395161290391e+01 0.000000000000000000e+00 1.207157258064516132e-02
5.505667842741935658e+01 0.000000000000000000e+00 1.173135080645161359e-02
5.505626260080644840e+01 0.000000000000000000e+00 1.553679435483871010e-02
5.486990927419354591e+01 0.000000000000000000e+00 1.141633064516128955e-02
5.474306955645161565e+01 0.000000000000000000e+00 1.581401209677419512e-02
5.462802419354838435e+01 0.000000000000000000e+00 1.556199596774193554e-02
5.448112399193548328e+01 0.000000000000000000e+00 1.639364919354838537e-02
5.426476814516129110e+01 0.000000000000000000e+00 1.659526209677419234e-02
5.434797127016128826e+01 0.000000000000000000e+00 1.668346774193548224e-02
5.477511340725806122e+01 0.000000000000000000e+00 1.898941532258064530e-02
5.496081149193548043e+01 0.000000000000000000e+00 2.305947580645161324e-02
5.511024445564515872e+01 0.000000000000000000e+00 2.337449596774193381e-02
5.540711945564515872e+01 0.000000000000000000e+00 2.307207661290322509e-02
5.553370715725806406e+01 0.000000000000000000e+00 2.270665322580645018e-02
5.423824344758064342e+01 0.000000000000000000e+00 1.693548387096774355e-02
5.301198336693548185e+01 0.000000000000000000e+00 1.930443548387096933e-02
5.247274445564516299e+01 0.000000000000000000e+00 1.810735887096774285e-02
5.202202620967742064e+01 0.000000000000000000e+00 1.311743951612903171e-02
5.228802923387096513e+01 0.000000000000000000e+00 1.611643145161290383e-02
5.297450856854838719e+01 0.000000000000000000e+00 1.004284274193548328e-02
5.347121975806451388e+01 0.000000000000000000e+00 8.303931451612903830e-03
5.369613155241935232e+01 0.000000000000000000e+00 4.385080645161290244e-03
5.398419858870967403e+01 0.000000000000000000e+00 4.170866935483870559e-03
5.405873235887096939e+01 0.000000000000000000e+00 4.221270161290322301e-03
5.427777217741935800e+01 0.000000000000000000e+00 4.107862903225806099e-03
5.450384324596774377e+01 0.000000000000000000e+00 4.309475806451613066e-03
5.472295866935483843e+01 0.000000000000000000e+00 1.178175403225806446e-02
5.476919102822580498e+01 0.000000000000000000e+00 1.140372983870967770e-02
5.473180443548387331e+01 0.000000000000000000e+00 1.160534274193548467e-02
5.432913306451612812e+01 0.000000000000000000e+00 1.118951612903225888e-02
5.395883316532258078e+01 0.000000000000000000e+00 1.020665322580645122e-02
5.370816532258064768e+01 0.000000000000000000e+00 1.122731854838709617e-02
5.347084173387096939e+01 0.000000000000000000e+00 1.357106854838709652e-02
5.324259072580645125e+01 0.000000000000000000e+00 1.315524193548387073e-02
5.302720514112903061e+01 0.000000000000000000e+00 1.144153225806451672e-02
5.308151461693548612e+01 0.000000000000000000e+00 1.116431451612903171e-02
5.320246975806451672e+01 0.000000000000000000e+00 1.105090725806451638e-02
5.318588709677419502e+01 0.000000000000000000e+00 1.784274193548386969e-02
5.299989919354838719e+01 0.000000000000000000e+00 1.901461693548387247e-02
5.273690776209677722e+01 0.000000000000000000e+00 1.067288306451612961e-02
5.274291834677419644e+01 0.000000000000000000e+00 6.174395161290322301e-03
5.282840221774193878e+01 0.000000000000000000e+00 6.867439516129032230e-03
5.258200604838709324e+01 0.000000000000000000e+00 6.754032258064516028e-03
5.220596018145161565e+01 0.000000000000000000e+00 6.161794354838709582e-03
5.211222278225806548e+01 0.000000000000000000e+00 7.459677419354838676e-03
5.221029485887096655e+01 0.000000000000000000e+00 7.308467741935483451e-03
5.218358114919355017e+01 0.000000000000000000e+00 6.980846774193548432e-03
5.199691280241935232e+01 0.000000000000000000e+00 8.152721774193547738e-03
5.193795362903225765e+01 0.000000000000000000e+00 8.404737903225807313e-03
5.215931199596774093e+01 0.000000000000000000e+00 8.077116935483871427e-03
5.221955645161290249e+01 0.000000000000000000e+00 8.833165322580644949e-03
5.223598790322580498e+01 0.000000000000000000e+00 7.875504032258064460e-03
5.220545614919355160e+01 0.000000000000000000e+00 7.648689516129032057e-03
5.240107106854839003e+01 0.000000000000000000e+00 8.064516129032257841e-03
5.227444556451612812e+01 0.000000000000000000e+00 8.190524193548386761e-03
5.201447832661290249e+01 0.000000000000000000e+00 8.366935483870968290e-03
5.156146673387096513e+01 0.000000000000000000e+00 8.140120967741935887e-03
5.145168850806451388e+01 0.000000000000000000e+00 8.190524193548386761e-03
5.144047379032257794e+01 0.000000000000000000e+00 7.472278225806451395e-03
5.145158770161290107e+01 0.000000000000000000e+00 7.459677419354838676e-03
5.150895917338709751e+01 0.000000000000000000e+00 3.477822580645161497e-03
5.166505796370967829e+01 0.000000000000000000e+00 3.654233870967741726e-03
5.194993699596773951e+01 0.000000000000000000e+00 4.863911290322580488e-03
5.214993699596774235e+01 0.000000000000000000e+00 5.934979838709677179e-03
5.194532510080644983e+01 0.000000000000000000e+00 5.090725806451612892e-03
5.123806703629032455e+01 0.000000000000000000e+00 9.337197580645160630e-03
5.052001008064516441e+01 0.000000000000000000e+00 6.413810483870967423e-03
5.021442792338709893e+01 0.000000000000000000e+00 1.890120967741935540e-03
5.011033266129032171e+01 0.000000000000000000e+00 5.632560483870967596e-03
5.044615675403225907e+01 0.000000000000000000e+00 6.728830645161290591e-03
5.067474798387096513e+01 0.000000000000000000e+00 3.112399193548387021e-03
5.057749495967741638e+01 0.000000000000000000e+00 2.961189516129032230e-03
5.043634072580645267e+01 0.000000000000000000e+00 3.036794354838709842e-03
5.044299395161290533e+01 0.000000000000000000e+00 3.465221774193548345e-03
5.063848286290322420e+01 0.000000000000000000e+00 3.125000000000000173e-03
5.085966481854838861e+01 0.000000000000000000e+00 2.368951612903225784e-03
5.085946320564516299e+01 0.000000000000000000e+00 4.989919354838709409e-03
5.053632812499999716e+01 0.000000000000000000e+00 3.049395161290322561e-03
5.055977822580645409e+01 0.000000000000000000e+00 4.170866935483870559e-03
5.030840473790322420e+01 0.000000000000000000e+00 7.232862903225806273e-03
5.006605342741935516e+01 0.000000000000000000e+00 4.599294354838709929e-03
4.993566028225806264e+01 0.000000000000000000e+00 6.275201612903225784e-03
4.998092237903225765e+01 0.000000000000000000e+00 2.948588709677419512e-03
4.990074344758064484e+01 0.000000000000000000e+00 7.409274193548386934e-03
5.006897681451612669e+01 0.000000000000000000e+00 7.094254032258064634e-03
5.035947580645161281e+01 0.000000000000000000e+00 7.875504032258064460e-03
5.039032258064516157e+01 0.000000000000000000e+00 6.754032258064516028e-03
5.036442792338709751e+01 0.000000000000000000e+00 2.192540322580645122e-03
5.020866935483871174e+01 0.000000000000000000e+00 6.376008064516129267e-03
4.973567288306451672e+01 0.000000000000000000e+00 6.250000000000000347e-03
4.904666078629032455e+01 0.000000000000000000e+00 5.178931451612903657e-03
4.882014868951613096e+01 0.000000000000000000e+00 4.271673387096774042e-03
4.881990927419354875e+01 0.000000000000000000e+00 4.548891129032258188e-03
4.896883820564516299e+01 0.000000000000000000e+00 5.632560483870967596e-03
4.948886088709677722e+01 0.000000000000000000e+00 6.010584677419355225e-03
4.956215977822580498e+01 0.000000000000000000e+00 5.506552419354838676e-03
4.944271673387096655e+01 0.000000000000000000e+00 4.259072580645161324e-03
4.935112147177419217e+01 0.000000000000000000e+00 4.397681451612902963e-03
4.953908770161290676e+01 0.000000000000000000e+00 5.241935483870968117e-03
4.958910030241935374e+01 0.000000000000000000e+00 3.188004032258064634e-03
4.946876260080644983e+01 0.000000000000000000e+00 8.442540322580645035e-04
4.903738659274193878e+01 0.000000000000000000e+00 6.678427419354838416e-04
4.903906250000000000e+01 0.000000000000000000e+00 7.056451612903225394e-04
4.888486643145161281e+01 0.000000000000000000e+00 5.292338709677419858e-04
4.872661290322580641e+01 0.000000000000000000e+00 3.364415322580645296e-03
4.854376260080645267e+01 0.000000000000000000e+00 9.702620967741935323e-04
4.851457913306451530e+01 0.000000000000000000e+00 4.662298387096774173e-04
4.830238155241935516e+01 0.000000000000000000e+00 2.520161290322580575e-04
4.826714969758064200e+01 0.000000000000000000e+00 5.418346774193548128e-04
4.812660030241935516e+01 0.000000000000000000e+00 7.056451612903225394e-04
4.791956905241935516e+01 0.000000000000000000e+00 6.300403225806451438e-04
4.748597530241935516e+01 0.000000000000000000e+00 2.671370967741935366e-03
4.718865927419354733e+01 0.000000000000000000e+00 3.780241935483871134e-05
4.721972026209677153e+01 0.000000000000000000e+00 1.134072580645161340e-04
4.730132308467742064e+01 0.000000000000000000e+00 1.008064516129032257e-04
4.758664314516128968e+01 0.000000000000000000e+00 2.532762096774193727e-03
4.803083417338709893e+01 0.000000000000000000e+00 4.788306451612902984e-04
4.824136844758064768e+01 0.000000000000000000e+00 1.134072580645161340e-04
4.813753780241935232e+01 0.000000000000000000e+00 1.008064516129032257e-04
4.810689264112902919e+01 0.000000000000000000e+00 1.008064516129032257e-04
4.829164566532258362e+01 0.000000000000000000e+00 1.134072580645161340e-04
4.853538306451613238e+01 0.000000000000000000e+00 2.646169354838709929e-04
4.855457409274193736e+01 0.000000000000000000e+00 3.024193548387096907e-04
4.846323084677419502e+01 0.000000000000000000e+00 3.402217741935483885e-04
4.820869455645161139e+01 0.000000000000000000e+00 3.654233870967742051e-04
4.814858870967741922e+01 0.000000000000000000e+00 1.890120967741935431e-04
4.801757812500000000e+01 0.000000000000000000e+00 6.300403225806451438e-05
4.788613911290322278e+01 0.000000000000000000e+00 7.938508064516128703e-04
4.777444556451612812e+01 0.000000000000000000e+00 5.796370967741935106e-04
4.793894909274193594e+01 0.000000000000000000e+00 6.174395161290322084e-04
4.827065272177419075e+01 0.000000000000000000e+00 7.308467741935484102e-04
4.847913306451612669e+01 0.000000000000000000e+00 4.284274193548387195e-04
4.858361895161290533e+01 0.000000000000000000e+00 8.568548387096774389e-04
4.883736139112902919e+01 0.000000000000000000e+00 1.738911290322580749e-03
4.875643901209677722e+01 0.000000000000000000e+00 1.927923387096774129e-03
4.843048135080645267e+01 0.000000000000000000e+00 1.890120967741935540e-03
4.820671622983871174e+01 0.000000000000000000e+00 1.297883064516129094e-03
4.794727822580644983e+01 0.000000000000000000e+00 1.638104838709677482e-03
4.752251764112903487e+01 0.000000000000000000e+00 1.663306451612903136e-03
4.713888608870967545e+01 0.000000000000000000e+00 1.726310483870967813e-03
4.721028225806451672e+01 0.000000000000000000e+00 1.764112903225806403e-03
4.769430443548387188e+01 0.000000000000000000e+00 2.028729838709677612e-03
4.803941532258064484e+01 0.000000000000000000e+00 2.091733870967742073e-03
4.776072328629032171e+01 0.000000000000000000e+00 1.726310483870967813e-03
4.745415826612903487e+01 0.000000000000000000e+00 1.600302419354838676e-03
4.739507308467742064e+01 0.000000000000000000e+00 1.650705645161290418e-03
4.756227318548386762e+01 0.000000000000000000e+00 7.560483870967741726e-04
4.778000252016128968e+01 0.000000000000000000e+00 8.820564516129032013e-04
4.793147681451613096e+01 0.000000000000000000e+00 9.198588709677418991e-04
4.798544606854838435e+01 0.000000000000000000e+00 1.461693548387096820e-03
4.800023941532258220e+01 0.000000000000000000e+00 1.890120967741935540e-03
4.820990423387096513e+01 0.000000000000000000e+00 2.079133064516128920e-03
4.826674647177419075e+01 0.000000000000000000e+00 1.890120967741935540e-03
4.808216985887096939e+01 0.000000000000000000e+00 1.978326612903225871e-03
4.791474294354839003e+01 0.000000000000000000e+00 2.179939516129032404e-03
4.792202620967741922e+01 0.000000000000000000e+00 1.789314516129032273e-03
4.781347026209677153e+01 0.000000000000000000e+00 2.268145161290322735e-03
4.746093750000000000e+01 0.000000000000000000e+00 1.335685483870967683e-03
4.730822832661290533e+01 0.000000000000000000e+00 1.209677419354838763e-03
4.721097530241935658e+01 0.000000000000000000e+00 1.121471774193548432e-03
4.710664062499999716e+01 0.000000000000000000e+00 6.930443548387097124e-04
4.683869707661290249e+01 0.000000000000000000e+00 6.300403225806451438e-04
4.648006552419354875e+01 0.000000000000000000e+00 1.134072580645161340e-04
4.627590725806451388e+01 0.000000000000000000e+00 6.426411290322580792e-04
4.680681703629032597e+01 0.000000000000000000e+00 1.537298387096774216e-03
4.736813256048387188e+01 0.000000000000000000e+00 2.759576612903225697e-03
4.745217993951612812e+01 0.000000000000000000e+00 1.499495967741935410e-03
4.738777721774193452e+01 0.000000000000000000e+00 1.776713709677419338e-03
4.747058971774193736e+01 0.000000000000000000e+00 1.650705645161290418e-03
4.753350554435483843e+01 0.000000000000000000e+00 8.442540322580645035e-04
4.746525957661290107e+01 0.000000000000000000e+00 8.568548387096774389e-04
4.719439264112903487e+01 0.000000000000000000e+00 6.930443548387097124e-04
4.681166834677419075e+01 0.000000000000000000e+00 7.434475806451612372e-04
4.671383568548387188e+01 0.000000000000000000e+00 6.804435483870967770e-04
4.651484374999999716e+01 0.000000000000000000e+00 8.442540322580645035e-04
4.621504536290322562e+01 0.000000000000000000e+00 8.316532258064515681e-04
4.585623739919354591e+01 0.000000000000000000e+00 8.064516129032258058e-04
4.573151461693548470e+01 0.000000000000000000e+00 1.045866935483871036e-03
4.554028477822580356e+01 0.000000000000000000e+00 2.898185483870967553e-04
4.512081653225806122e+01 0.000000000000000000e+00 2.394153225806451492e-04
4.504203629032257794e+01 0.000000000000000000e+00 1.890120967741935431e-04
4.510493951612902919e+01 0.000000000000000000e+00 1.134072580645161340e-04
4.525015120967741922e+01 0.000000000000000000e+00 2.898185483870967553e-04
4.523492943548387046e+01 0.000000000000000000e+00 2.520161290322580575e-04
4.597101814516128826e+01 0.000000000000000000e+00 2.142137096774193597e-04
4.642080393145161565e+01 0.000000000000000000e+00 1.890120967741935431e-04
4.654805947580645409e+01 0.000000000000000000e+00 7.560483870967742268e-05
4.665394405241935516e+01 0.000000000000000000e+00 1.386088709677419371e-04
4.691554939516129252e+01 0.000000000000000000e+00 3.780241935483871134e-05
4.684931955645161139e+01 0.000000000000000000e+00 2.520161290322580643e-05
4.672702872983870748e+01 0.000000000000000000e+00 1.008064516129032257e-04
4.667618447580645125e+01 0.000000000000000000e+00 8.820564516129031742e-05
4.667376512096774377e+01 0.000000000000000000e+00 8.820564516129031742e-05
4.667515120967741638e+01 0.000000000000000000e+00 2.016129032258064514e-04
4.616529737903226049e+01 0.000000000000000000e+00 1.638104838709677537e-04
4.543973034274193878e+01 0.000000000000000000e+00 6.300403225806451438e-05
4.484739163306451815e+01 0.000000000000000000e+00 6.300403225806451438e-05
4.416246219758064484e+01 0.000000000000000000e+00 1.386088709677419371e-04
4.407067792338709467e+01 0.000000000000000000e+00 1.008064516129032257e-04
4.498806703629032455e+01 0.000000000000000000e+00 7.560483870967742268e-05
4.546480594758064342e+01 0.000000000000000000e+00 1.134072580645161340e-04
4.561043346774193452e+01 0.000000000000000000e+00 0.000000000000000000e+00
4.558974294354838719e+01 0.000000000000000000e+00 8.820564516129031742e-05
4.560080645161290391e+01 0.000000000000000000e+00 6.300403225806451438e-05
4.532090473790322704e+01 0.000000000000000000e+00 2.016129032258064514e-04
4.522333669354839003e+01 0.000000000000000000e+00 8.190524193548387412e-04
4.520733366935483843e+01 0.000000000000000000e+00 6.048387096774193814e-04
4.521804435483871032e+01 0.000000000000000000e+00 4.914314516129031796e-04
4.521014364919354733e+01 0.000000000000000000e+00 5.292338709677419858e-04
4.546510836693548185e+01 0.000000000000000000e+00 7.686491935483871080e-04
4.554306955645161281e+01 0.000000000000000000e+00 1.272681451612903223e-03
4.570527973790322562e+01 0.000000000000000000e+00 1.398689516129032360e-03
4.590480090725806406e+01 0.000000000000000000e+00 5.796370967741935106e-04
4.604353578629032029e+01 0.000000000000000000e+00 5.670362903225806836e-04
4.643373235887096939e+01 0.000000000000000000e+00 7.938508064516128703e-04
4.707482358870967687e+01 0.000000000000000000e+00 4.914314516129031796e-04
4.718804183467742064e+01 0.000000000000000000e+00 4.536290322580645361e-04
4.704872731854838719e+01 0.000000000000000000e+00 3.024193548387096907e-04
4.698122479838709609e+01 0.000000000000000000e+00 3.402217741935483885e-04
4.676190776209677580e+01 0.000000000000000000e+00 2.520161290322580575e-04
4.659959677419355017e+01 0.000000000000000000e+00 2.520161290322580575e-04
4.651161794354838719e+01 0.000000000000000000e+00 1.764112903225806348e-04
4.649362399193548612e+01 0.000000000000000000e+00 6.300403225806451438e-05
4.659377520161290676e+01 0.000000000000000000e+00 1.890120967741935431e-04
4.679899193548386904e+01 0.000000000000000000e+00 6.300403225806451438e-05
4.694167086693548185e+01 0.000000000000000000e+00 1.386088709677419371e-04
4.701781754032258220e+01 0.000000000000000000e+00 1.386088709677419371e-04
4.701685987903226049e+01 0.000000000000000000e+00 2.016129032258064514e-04
4.691803175403225623e+01 0.000000000000000000e+00 3.528225806451612697e-04
4.657463457661290107e+01 0.000000000000000000e+00 2.394153225806451492e-04
4.611959425403225765e+01 0.000000000000000000e+00 2.016129032258064514e-04
4.577798639112903345e+01 0.000000000000000000e+00 3.654233870967742051e-04
4.557986391129032455e+01 0.000000000000000000e+00 3.402217741935483885e-04
4.554252772177419217e+01 0.000000000000000000e+00 3.780241935483870863e-04
4.540516633064515872e+01 0.000000000000000000e+00 2.142137096774193597e-04
4.515603578629032455e+01 0.000000000000000000e+00 2.268145161290322680e-04
4.505946320564515872e+01 0.000000000000000000e+00 1.386088709677419371e-04
4.517428175403225765e+01 0.000000000000000000e+00 2.772177419354838741e-04
4.529497227822580641e+01 0.000000000000000000e+00 3.276209677419355073e-04
4.526189516129032597e+01 0.000000000000000000e+00 1.134072580645161340e-04
4.513689516129032597e+01 0.000000000000000000e+00 2.268145161290322680e-04
4.509420362903225765e+01 0.000000000000000000e+00 3.780241935483870863e-04
4.510753528225806264e+01 0.000000000000000000e+00 5.040322580645161286e-05
4.520922379032258220e+01 0.000000000000000000e+00 6.300403225806451438e-05
4.576159274193548043e+01 0.000000000000000000e+00 1.260080645161290321e-05
4.625370463709677438e+01 0.000000000000000000e+00 6.300403225806451438e-05
4.670575856854839003e+01 0.000000000000000000e+00 1.134072580645161340e-04
4.714779485887096655e+01 0.000000000000000000e+00 3.276209677419355073e-04
4.748300151209677722e+01 0.000000000000000000e+00 4.788306451612902984e-04
4.735723286290322420e+01 0.000000000000000000e+00 4.536290322580645361e-04
4.731701108870967687e+01 0.000000000000000000e+00 3.150201612903225719e-04
4.772789818548387331e+01 0.000000000000000000e+00 6.048387096774193814e-04
4.788524445564516441e+01 0.000000000000000000e+00 8.820564516129032013e-04
4.759776965725806264e+01 0.000000000000000000e+00 4.914314516129031796e-04
4.747406754032257936e+01 0.000000000000000000e+00 6.426411290322580792e-04
4.738281250000000000e+01 0.000000000000000000e+00 5.040322580645161150e-04
4.731273941532258220e+01 0.000000000000000000e+00 2.016129032258064514e-04
4.692443296370967687e+01 0.000000000000000000e+00 3.276209677419355073e-04
4.685623739919354591e+01 0.000000000000000000e+00 2.016129032258064514e-04
4.686155493951613238e+01 0.000000000000000000e+00 7.434475806451612372e-04
4.675835433467742064e+01 0.000000000000000000e+00 5.670362903225806836e-04
4.675549395161290533e+01 0.000000000000000000e+00 7.182459677419354748e-04
4.695558215725806406e+01 0.000000000000000000e+00 6.804435483870967770e-04
4.701811995967742064e+01 0.000000000000000000e+00 5.922379032258064460e-04
4.675318800403226049e+01 0.000000000000000000e+00 3.276209677419355073e-04
4.678859627016129252e+01 0.000000000000000000e+00 7.182459677419354748e-04
4.702477318548387331e+01 0.000000000000000000e+00 1.096270161290322561e-03
4.706885080645161423e+01 0.000000000000000000e+00 8.694556451612903743e-04
4.685312499999999858e+01 0.000000000000000000e+00 8.442540322580645035e-04
4.686838457661290391e+01 0.000000000000000000e+00 4.788306451612902984e-04
4.706558719758064768e+01 0.000000000000000000e+00 4.788306451612902984e-04
4.731174395161290391e+01 0.000000000000000000e+00 7.308467741935484102e-04
4.765698084677419644e+01 0.000000000000000000e+00 5.796370967741935106e-04
4.794511088709677438e+01 0.000000000000000000e+00 7.560483870967741726e-04
4.779821068548387331e+01 0.000000000000000000e+00 5.040322580645161150e-04
4.752443296370967829e+01 0.000000000000000000e+00 4.536290322580645361e-04
4.740705645161290249e+01 0.000000000000000000e+00 5.922379032258064460e-04
4.746948084677419644e+01 0.000000000000000000e+00 7.308467741935484102e-04
4.731561239919354733e+01 0.000000000000000000e+00 6.678427419354838416e-04
4.756289062500000142e+01 0.000000000000000000e+00 9.576612903225805969e-04
4.774963457661290533e+01 0.000000000000000000e+00 6.804435483870967770e-04
4.771316784274193878e+01 0.000000000000000000e+00 6.678427419354838416e-04
4.771062247983871174e+01 0.000000000000000000e+00 7.056451612903225394e-04
4.791536038306451672e+01 0.000000000000000000e+00 8.820564516129032013e-04
4.777730594758064342e+01 0.000000000000000000e+00 4.158266129032257841e-04
4.742352570564516157e+01 0.000000000000000000e+00 1.386088709677419371e-04
4.718979334677419502e+01 0.000000000000000000e+00 3.150201612903225719e-04
4.739168346774193452e+01 0.000000000000000000e+00 5.544354838709677482e-04
4.751481854838709751e+01 0.000000000000000000e+00 7.056451612903225394e-04
4.756793094758064200e+01 0.000000000000000000e+00 7.182459677419354748e-04
4.762934727822580783e+01 0.000000000000000000e+00 1.701108870967741942e-03
4.771418850806451672e+01 0.000000000000000000e+00 1.108870967741935496e-03
4.752419354838709609e+01 0.000000000000000000e+00 6.930443548387097124e-04
4.721794354838709751e+01 0.000000000000000000e+00 3.024193548387096907e-04
4.709827368951612669e+01 0.000000000000000000e+00 3.150201612903225719e-04
4.718772681451613238e+01 0.000000000000000000e+00 6.300403225806451438e-04
4.727353830645161281e+01 0.000000000000000000e+00 7.812500000000000434e-04
4.738892389112903203e+01 0.000000000000000000e+00 7.560483870967741726e-04
4.730665322580644983e+01 0.000000000000000000e+00 6.804435483870967770e-04
4.693603830645161423e+01 0.000000000000000000e+00 5.544354838709677482e-04
4.674556451612902919e+01 0.000000000000000000e+00 5.922379032258064460e-04
4.653130040322580641e+01 0.000000000000000000e+00 4.788306451612902984e-04
4.610012600806451388e+01 0.000000000000000000e+00 4.914314516129031796e-04
4.571800655241935374e+01 0.000000000000000000e+00 3.906250000000000217e-04
4.610863155241935374e+01 0.000000000000000000e+00 5.418346774193548128e-04
4.650696824596774093e+01 0.000000000000000000e+00 1.638104838709677482e-03
4.686622983870967829e+01 0.000000000000000000e+00 8.064516129032258058e-04
4.721363407258064626e+01 0.000000000000000000e+00 1.373487903225806489e-03
4.763205645161290391e+01 0.000000000000000000e+00 2.079133064516128920e-03
4.777604586693548328e+01 0.000000000000000000e+00 2.570564516129032317e-03
4.774324596774193452e+01 0.000000000000000000e+00 1.675907258064516072e-03
4.771746471774193310e+01 0.000000000000000000e+00 1.549899193548387151e-03
4.772271925403225623e+01 0.000000000000000000e+00 2.242943548387096864e-03
4.779057459677419217e+01 0.000000000000000000e+00 2.104334677419354791e-03
4.784419102822580783e+01 0.000000000000000000e+00 1.360887096774193554e-03
4.750262096774193310e+01 0.000000000000000000e+00 1.827116935483870863e-03
4.720810231854838435e+01 0.000000000000000000e+00 1.638104838709677537e-04
4.723374495967741638e+01 0.000000000000000000e+00 1.134072580645161340e-04
4.718471522177419075e+01 0.000000000000000000e+00 4.032258064516129029e-04
4.702654989919354733e+01 0.000000000000000000e+00 3.654233870967742051e-04
4.684406502016128826e+01 0.000000000000000000e+00 2.520161290322580575e-04
4.678469002016129252e+01 0.000000000000000000e+00 3.906250000000000217e-04
4.675166330645161139e+01 0.000000000000000000e+00 4.914314516129031796e-04
4.659816028225806406e+01 0.000000000000000000e+00 5.040322580645161150e-04
4.648177923387096655e+01 0.000000000000000000e+00 4.788306451612902984e-04
4.668814264112903345e+01 0.000000000000000000e+00 2.268145161290322680e-04
4.693240927419354591e+01 0.000000000000000000e+00 5.040322580645161150e-04
4.690670362903225765e+01 0.000000000000000000e+00 5.040322580645161150e-04
4.668388356854838861e+01 0.000000000000000000e+00 1.764112903225806348e-04
4.690829133064516299e+01 0.000000000000000000e+00 7.056451612903225394e-04
4.703969254032258362e+01 0.000000000000000000e+00 7.056451612903225394e-04
4.681895161290322704e+01 0.000000000000000000e+00 6.300403225806451438e-04
4.630709425403225765e+01 0.000000000000000000e+00 4.914314516129031796e-04
4.611727570564516299e+01 0.000000000000000000e+00 7.560483870967741726e-04
4.594401461693548328e+01 0.000000000000000000e+00 1.512096774193548454e-04
4.572350050403225907e+01 0.000000000000000000e+00 3.024193548387096907e-04
4.559062500000000284e+01 0.000000000000000000e+00 1.386088709677419371e-04
4.554836189516129252e+01 0.000000000000000000e+00 1.512096774193548454e-04
4.555331401209677722e+01 0.000000000000000000e+00 2.268145161290322680e-04
4.560970262096774519e+01 0.000000000000000000e+00 3.276209677419355073e-04
4.566655745967742064e+01 0.000000000000000000e+00 4.536290322580645361e-04
4.565034022177419359e+01 0.000000000000000000e+00 2.520161290322580575e-04
4.560478830645160997e+01 0.000000000000000000e+00 2.268145161290322680e-04
4.541888860887096513e+01 0.000000000000000000e+00 6.300403225806451438e-05
4.504392641129032171e+01 0.000000000000000000e+00 5.040322580645161286e-05
4.468736139112903061e+01 0.000000000000000000e+00 1.134072580645161340e-04
4.443025453629032029e+01 0.000000000000000000e+00 0.000000000000000000e+00
4.430798891129032313e+01 0.000000000000000000e+00 5.040322580645161286e-05
4.432946068548387331e+01 0.000000000000000000e+00 5.040322580645161286e-05
4.496163054435483986e+01 0.000000000000000000e+00 7.560483870967742268e-05
4.572581905241935374e+01 0.000000000000000000e+00 3.276209677419355073e-04
4.659448084677419644e+01 0.000000000000000000e+00 2.394153225806451492e-04
4.699925655241935374e+01 0.000000000000000000e+00 3.024193548387096907e-04
4.706496975806451388e+01 0.000000000000000000e+00 1.260080645161290288e-04
4.716549899193548612e+01 0.000000000000000000e+00 2.898185483870967553e-04
4.710333921370967403e+01 0.000000000000000000e+00 4.662298387096774173e-04
4.698014112903225481e+01 0.000000000000000000e+00 1.033266129032258101e-03
4.687816280241935374e+01 0.000000000000000000e+00 7.182459677419354748e-04
4.706320564516128968e+01 0.000000000000000000e+00 9.198588709677418991e-04
4.682593245967741780e+01 0.000000000000000000e+00 7.056451612903225394e-04
4.655724546370967687e+01 0.000000000000000000e+00 6.174395161290322084e-04
4.624570312499999858e+01 0.000000000000000000e+00 8.442540322580645035e-04
4.601708669354838577e+01 0.000000000000000000e+00 6.552419354838710146e-04
4.586223538306451530e+01 0.000000000000000000e+00 7.308467741935484102e-04
4.595375504032258362e+01 0.000000000000000000e+00 8.442540322580645035e-04
4.632508820564515872e+01 0.000000000000000000e+00 1.852318548387096734e-03
4.648538306451612812e+01 0.000000000000000000e+00 1.096270161290322561e-03
4.648845766129032597e+01 0.000000000000000000e+00 9.450604838709677699e-04
4.657086693548387046e+01 0.000000000000000000e+00 9.072580645161290721e-04
4.630674143145161281e+01 0.000000000000000000e+00 6.048387096774193814e-04
4.607045110887096939e+01 0.000000000000000000e+00 6.174395161290322084e-04
4.586630544354838435e+01 0.000000000000000000e+00 6.048387096774193814e-04
4.549191028225806122e+01 0.000000000000000000e+00 1.134072580645161340e-04
4.521982106854838435e+01 0.000000000000000000e+00 2.772177419354838741e-04
4.537716733870967545e+01 0.000000000000000000e+00 2.520161290322580643e-05
4.548046875000000000e+01 0.000000000000000000e+00 5.418346774193548128e-04
4.554222530241935374e+01 0.000000000000000000e+00 3.780241935483870863e-04
4.579372479838709609e+01 0.000000000000000000e+00 1.272681451612903223e-03
4.589773185483871032e+01 0.000000000000000000e+00 1.310483870967742029e-03
4.578967993951612669e+01 0.000000000000000000e+00 1.461693548387096820e-03
4.569385080645161423e+01 0.000000000000000000e+00 1.449092741935483885e-03
4.556822076612903061e+01 0.000000000000000000e+00 1.197076612903225827e-03
4.526839717741935232e+01 0.000000000000000000e+00 7.812500000000000434e-04
4.521008064516129110e+01 0.000000000000000000e+00 1.310483870967742029e-03
4.537854082661290533e+01 0.000000000000000000e+00 1.486895161290322474e-03
4.544822328629032171e+01 0.000000000000000000e+00 1.436491935483870950e-03
4.542707913306451672e+01 0.000000000000000000e+00 1.423891129032258014e-03
4.543945312500000000e+01 0.000000000000000000e+00 6.426411290322580792e-04
4.554409022177419075e+01 0.000000000000000000e+00 1.234879032258064417e-03
4.572505040322580783e+01 0.000000000000000000e+00 1.285282258064516158e-03
4.615138608870967829e+01 0.000000000000000000e+00 1.663306451612903136e-03
4.638274949596774377e+01 0.000000000000000000e+00 1.801915322580645209e-03
4.652550403225806264e+01 0.000000000000000000e+00 2.217741935483870993e-03
4.669706401209677438e+01 0.000000000000000000e+00 1.499495967741935410e-03
4.661335685483871316e+01 0.000000000000000000e+00 6.678427419354838416e-04
4.643596270161290107e+01 0.000000000000000000e+00 6.426411290322580792e-04
4.631118951612903345e+01 0.000000000000000000e+00 6.678427419354838416e-04
4.619140625000000000e+01 0.000000000000000000e+00 6.678427419354838416e-04
4.609514868951612954e+01 0.000000000000000000e+00 8.946572580645161367e-04
4.603514364919355017e+01 0.000000000000000000e+00 5.040322580645161150e-04
4.593302671370967971e+01 0.000000000000000000e+00 3.906250000000000217e-04
4.600727066532257936e+01 0.000000000000000000e+00 6.804435483870967770e-04
4.615253276209677580e+01 0.000000000000000000e+00 8.820564516129032013e-04
4.621425151209677296e+01 0.000000000000000000e+00 1.033266129032258101e-03
4.627565524193548185e+01 0.000000000000000000e+00 1.159274193548387021e-03
4.636447832661290391e+01 0.000000000000000000e+00 1.335685483870967683e-03
4.639174647177419075e+01 0.000000000000000000e+00 1.864919354838709669e-03
4.641680947580645267e+01 0.000000000000000000e+00 1.965725806451612719e-03
4.642371471774193736e+01 0.000000000000000000e+00 1.751512096774193467e-03
4.648315272177419644e+01 0.000000000000000000e+00 2.331149193548387195e-03
4.667081653225806548e+01 0.000000000000000000e+00 2.041330645161290331e-03
4.680727066532258362e+01 0.000000000000000000e+00 2.305947580645161324e-03
4.715137348790322847e+01 0.000000000000000000e+00 3.036794354838709842e-03
4.740617439516128684e+01 0.000000000000000000e+00 2.973790322580644949e-03
4.719564012096774519e+01 0.000000000000000000e+00 2.331149193548387195e-03
4.680589717741935374e+01 0.000000000000000000e+00 1.499495967741935410e-03
4.656304183467742064e+01 0.000000000000000000e+00 1.058467741935483972e-03
4.641591481854838719e+01 0.000000000000000000e+00 1.323084677419354748e-03
4.611287802419354875e+01 0.000000000000000000e+00 1.096270161290322561e-03
4.585274697580645409e+01 0.000000000000000000e+00 1.134072580645161340e-04
4.584358618951613096e+01 0.000000000000000000e+00 1.524697580645161281e-03
4.597133316532258362e+01 0.000000000000000000e+00 1.512096774193548345e-03
4.602663810483871032e+01 0.000000000000000000e+00 1.386088709677419371e-04
4.599926915322580356e+01 0.000000000000000000e+00 1.638104838709677537e-04
4.581730090725806548e+01 0.000000000000000000e+00 7.560483870967742268e-05
4.558698336693548470e+01 0.000000000000000000e+00 3.402217741935483885e-04
4.526181955645161281e+01 0.000000000000000000e+00 2.520161290322580575e-04
4.499129284274193452e+01 0.000000000000000000e+00 5.166330645161290504e-04
4.500347782258064200e+01 0.000000000000000000e+00 6.678427419354838416e-04
4.510083165322580356e+01 0.000000000000000000e+00 9.702620967741935323e-04
4.521830897177419217e+01 0.000000000000000000e+00 8.946572580645161367e-04
4.532706653225806548e+01 0.000000000000000000e+00 1.222278225806451698e-03
4.548186743951612954e+01 0.000000000000000000e+00 1.272681451612903223e-03
4.578525705645161281e+01 0.000000000000000000e+00 6.552419354838710146e-04
4.574364919354838577e+01 0.000000000000000000e+00 1.033266129032258101e-03
4.570170110887097081e+01 0.000000000000000000e+00 1.260080645161290288e-03
4.551650705645161565e+01 0.000000000000000000e+00 4.662298387096774173e-04
4.514858870967741922e+01 0.000000000000000000e+00 5.166330645161290504e-04
4.526449092741935232e+01 0.000000000000000000e+00 3.654233870967742051e-04
4.560307459677419217e+01 0.000000000000000000e+00 4.536290322580645361e-04
4.582208921370967403e+01 0.000000000000000000e+00 6.048387096774193814e-04
4.628840725806451672e+01 0.000000000000000000e+00 8.064516129032258058e-04
4.630902217741935800e+01 0.000000000000000000e+00 1.146673387096774086e-03
4.608630292338709467e+01 0.000000000000000000e+00 7.686491935483871080e-04
4.548802923387096797e+01 0.000000000000000000e+00 3.528225806451612697e-04
4.510059223790322847e+01 0.000000000000000000e+00 3.402217741935483885e-04
4.507192540322580498e+01 0.000000000000000000e+00 3.906250000000000217e-04
4.514100302419355160e+01 0.000000000000000000e+00 2.394153225806451492e-04
4.530171370967742206e+01 0.000000000000000000e+00 1.890120967741935431e-04
4.501939264112903061e+01 0.000000000000000000e+00 7.560483870967741726e-04
4.481144153225806548e+01 0.000000000000000000e+00 5.040322580645161286e-05
4.471018145161290391e+01 0.000000000000000000e+00 2.268145161290322680e-04
4.454668598790322420e+01 0.000000000000000000e+00 1.764112903225806348e-04
4.430787550403226049e+01 0.000000000000000000e+00 1.890120967741935431e-04
4.413970514112903487e+01 0.000000000000000000e+00 1.386088709677419371e-04
4.406731350806451530e+01 0.000000000000000000e+00 1.638104838709677537e-04
4.407205141129032455e+01 0.000000000000000000e+00 2.016129032258064514e-04
4.411159274193548185e+01 0.000000000000000000e+00 1.512096774193548454e-04
4.406956905241935374e+01 0.000000000000000000e+00 1.764112903225806348e-04
4.402283266129032313e+01 0.000000000000000000e+00 3.780241935483871134e-05
4.404524949596774519e+01 0.000000000000000000e+00 3.780241935483871134e-05
4.412382812500000284e+01 0.000000000000000000e+00 0.000000000000000000e+00
4.405529233870967687e+01 0.000000000000000000e+00 5.040322580645161286e-05
4.399420362903225623e+01 0.000000000000000000e+00 0.000000000000000000e+00
4.393658014112903487e+01 0.000000000000000000e+00 2.520161290322580643e-05
4.382551663306451672e+01 0.000000000000000000e+00 1.260080645161290321e-05
4.363259828629032455e+01 0.000000000000000000e+00 7.560483870967742268e-05
4.355201612903226049e+01 0.000000000000000000e+00 1.008064516129032257e-04
4.368093497983871032e+01 0.000000000000000000e+00 5.040322580645161286e-05
4.408276209677419644e+01 0.000000000000000000e+00 3.276209677419355073e-04
4.402527721774193736e+01 0.000000000000000000e+00 2.520161290322580643e-05
4.392294606854838435e+01 0.000000000000000000e+00 6.300403225806451438e-05
4.377323588709677438e+01 0.000000000000000000e+00 3.780241935483871134e-05
4.370350302419355160e+01 0.000000000000000000e+00 1.134072580645161340e-04
4.384643397177419644e+01 0.000000000000000000e+00 7.560483870967742268e-05
4.400742187499999858e+01 0.000000000000000000e+00 8.820564516129031742e-05
4.410280997983871032e+01 0.000000000000000000e+00 6.300403225806451438e-05
4.422290826612903203e+01 0.000000000000000000e+00 1.008064516129032257e-04
4.442691532258064768e+01 0.000000000000000000e+00 8.820564516129031742e-05
4.451794354838709467e+01 0.000000000000000000e+00 1.260080645161290288e-04
4.446484375000000000e+01 0.000000000000000000e+00 3.150201612903225719e-04
4.432968749999999858e+01 0.000000000000000000e+00 3.024193548387096907e-04
4.419716481854838719e+01 0.000000000000000000e+00 2.142137096774193597e-04
4.423726058467742206e+01 0.000000000000000000e+00 3.654233870967742051e-04
4.402680191532257936e+01 0.000000000000000000e+00 2.520161290322580643e-05
4.395301159274193736e+01 0.000000000000000000e+00 3.150201612903225719e-04
4.370822832661290391e+01 0.000000000000000000e+00 1.512096774193548454e-04
4.334134324596774235e+01 0.000000000000000000e+00 1.008064516129032257e-04
4.315652721774193878e+01 0.000000000000000000e+00 1.008064516129032257e-04
4.321330645161290107e+01 0.000000000000000000e+00 1.386088709677419371e-04
4.307953629032257936e+01 0.000000000000000000e+00 1.890120967741935431e-04
4.309745463709677438e+01 0.000000000000000000e+00 1.134072580645161340e-04
4.311299143145161139e+01 0.000000000000000000e+00 1.134072580645161340e-04
4.314150705645161565e+01 0.000000000000000000e+00 1.764112903225806348e-04
4.347373991935484128e+01 0.000000000000000000e+00 3.780241935483870863e-04
4.388908770161290107e+01 0.000000000000000000e+00 2.394153225806451492e-04
4.416411290322580641e+01 0.000000000000000000e+00 1.045866935483871036e-03
4.430817792338709893e+01 0.000000000000000000e+00 1.890120967741935431e-04
4.438509324596774519e+01 0.000000000000000000e+00 4.662298387096774173e-04
4.456160534274193452e+01 0.000000000000000000e+00 3.654233870967742051e-04
4.464605594758064200e+01 0.000000000000000000e+00 4.914314516129031796e-04
4.474024697580644983e+01 0.000000000000000000e+00 6.804435483870967770e-04
4.486040826612903487e+01 0.000000000000000000e+00 6.678427419354838416e-04
4.498956653225806690e+01 0.000000000000000000e+00 8.568548387096774389e-04
4.481352066532257794e+01 0.000000000000000000e+00 4.662298387096774173e-04
4.470094506048386762e+01 0.000000000000000000e+00 4.536290322580645361e-04
4.455362903225806548e+01 0.000000000000000000e+00 6.048387096774193814e-04
4.424168346774193594e+01 0.000000000000000000e+00 6.300403225806451438e-05
4.409185987903225623e+01 0.000000000000000000e+00 1.512096774193548454e-04
4.396248739919354875e+01 0.000000000000000000e+00 1.260080645161290288e-04
4.368840725806451530e+01 0.000000000000000000e+00 3.906250000000000217e-04
4.339550151209677153e+01 0.000000000000000000e+00 2.268145161290322680e-04
4.334238911290322704e+01 0.000000000000000000e+00 3.402217741935483885e-04
4.326404989919355160e+01 0.000000000000000000e+00 2.772177419354838741e-04
4.302854082661290391e+01 0.000000000000000000e+00 4.284274193548387195e-04
4.266799395161290676e+01 0.000000000000000000e+00 2.520161290322580575e-04
4.215191532258064200e+01 0.000000000000000000e+00 2.646169354838709929e-04
4.211112651209677438e+01 0.000000000000000000e+00 1.386088709677419371e-04
4.230250756048386762e+01 0.000000000000000000e+00 2.142137096774193597e-04
4.313606350806451672e+01 0.000000000000000000e+00 4.158266129032257841e-04
4.361733870967741922e+01 0.000000000000000000e+00 5.670362903225806836e-04
4.431696068548387046e+01 0.000000000000000000e+00 4.284274193548387195e-04
4.494601814516128968e+01 0.000000000000000000e+00 4.032258064516129029e-04
4.529189768145161565e+01 0.000000000000000000e+00 9.072580645161290721e-04
4.533566028225806122e+01 0.000000000000000000e+00 8.820564516129032013e-04
4.517990171370967545e+01 0.000000000000000000e+00 8.316532258064515681e-04
4.502072832661290391e+01 0.000000000000000000e+00 3.654233870967742051e-04
4.490138608870967829e+01 0.000000000000000000e+00 1.764112903225806348e-04
4.477594506048387046e+01 0.000000000000000000e+00 2.646169354838709929e-04
4.456885080645161423e+01 0.000000000000000000e+00 3.402217741935483885e-04
4.435777469758064484e+01 0.000000000000000000e+00 6.300403225806451438e-05
4.415596018145161139e+01 0.000000000000000000e+00 6.300403225806451438e-05
4.402462197580645409e+01 0.000000000000000000e+00 6.300403225806451438e-05
4.395563256048387046e+01 0.000000000000000000e+00 0.000000000000000000e+00
4.411198336693548328e+01 0.000000000000000000e+00 1.008064516129032257e-04
4.440729586693548470e+01 0.000000000000000000e+00 1.512096774193548454e-04
4.457269405241935800e+01 0.000000000000000000e+00 2.142137096774193597e-04
4.467707913306451672e+01 0.000000000000000000e+00 3.528225806451612697e-04
4.465016381048386762e+01 0.000000000000000000e+00 3.276209677419355073e-04
4.463887348790322562e+01 0.000000000000000000e+00 5.544354838709677482e-04
4.457505040322580925e+01 0.000000000000000000e+00 4.536290322580645361e-04
4.439797127016129252e+01 0.000000000000000000e+00 6.930443548387097124e-04
4.437048891129032313e+01 0.000000000000000000e+00 8.820564516129032013e-04
4.451624243951612669e+01 0.000000000000000000e+00 5.670362903225806836e-04
4.464128024193548328e+01 0.000000000000000000e+00 5.670362903225806836e-04
4.486222278225806548e+01 0.000000000000000000e+00 8.694556451612903743e-04
4.524630796370967545e+01 0.000000000000000000e+00 7.686491935483871080e-04
4.532649949596774519e+01 0.000000000000000000e+00 7.182459677419354748e-04
4.499391381048386762e+01 0.000000000000000000e+00 3.906250000000000217e-04
4.448705897177419644e+01 0.000000000000000000e+00 2.016129032258064514e-04
4.446053427419354875e+01 0.000000000000000000e+00 2.772177419354838741e-04
4.445257056451612954e+01 0.000000000000000000e+00 1.764112903225806348e-04
4.435584677419355160e+01 0.000000000000000000e+00 1.260080645161290321e-05
4.447089213709677580e+01 0.000000000000000000e+00 5.040322580645161286e-05
4.441594002016128684e+01 0.000000000000000000e+00 1.890120967741935431e-04
4.446396169354838435e+01 0.000000000000000000e+00 1.512096774193548454e-04
4.448714717741935232e+01 0.000000000000000000e+00 1.638104838709677537e-04
4.451536038306451815e+01 0.000000000000000000e+00 1.386088709677419371e-04
4.426381048387096939e+01 0.000000000000000000e+00 7.560483870967742268e-05
4.372411794354838577e+01 0.000000000000000000e+00 4.914314516129031796e-04
4.340211693548386762e+01 0.000000000000000000e+00 3.906250000000000217e-04
4.326790574596774519e+01 0.000000000000000000e+00 4.788306451612902984e-04
4.316503276209677153e+01 0.000000000000000000e+00 3.906250000000000217e-04
4.308215725806451957e+01 0.000000000000000000e+00 4.662298387096774173e-04
4.336765372983870748e+01 0.000000000000000000e+00 5.796370967741935106e-04
4.357573084677419217e+01 0.000000000000000000e+00 6.426411290322580792e-04
4.392023689516128826e+01 0.000000000000000000e+00 4.410282258064516007e-04
4.440035282258064342e+01 0.000000000000000000e+00 2.898185483870967553e-04
4.453898689516128684e+01 0.000000000000000000e+00 1.638104838709677537e-04
4.426599042338709467e+01 0.000000000000000000e+00 4.158266129032257841e-04
4.402700352822580498e+01 0.000000000000000000e+00 4.410282258064516007e-04
4.396093750000000000e+01 0.000000000000000000e+00 3.528225806451612697e-04
4.372870463709677580e+01 0.000000000000000000e+00 2.016129032258064514e-04
4.356557459677419075e+01 0.000000000000000000e+00 5.796370967741935106e-04
4.353891129032258078e+01 0.000000000000000000e+00 2.142137096774193597e-04
4.346514616935483843e+01 0.000000000000000000e+00 3.402217741935483885e-04
4.340091985887097081e+01 0.000000000000000000e+00 4.536290322580645361e-04
4.357409274193548043e+01 0.000000000000000000e+00 3.276209677419355073e-04
4.363979334677419075e+01 0.000000000000000000e+00 6.174395161290322084e-04
4.379997479838709751e+01 0.000000000000000000e+00 7.434475806451612372e-04
4.403533266129032597e+01 0.000000000000000000e+00 1.260080645161290288e-04
4.420747227822580783e+01 0.000000000000000000e+00 3.906250000000000217e-04
4.429470766129032455e+01 0.000000000000000000e+00 4.032258064516129029e-04
4.442404233870967545e+01 0.000000000000000000e+00 4.788306451612902984e-04
4.506176915322580356e+01 0.000000000000000000e+00 4.158266129032257841e-04
4.549349798387096655e+01 0.000000000000000000e+00 6.300403225806451438e-04
4.565675403225806406e+01 0.000000000000000000e+00 6.552419354838710146e-04
4.587006048387096513e+01 0.000000000000000000e+00 9.954637096774192947e-04
4.603617691532257794e+01 0.000000000000000000e+00 1.247479838709677352e-03
4.535394405241935800e+01 0.000000000000000000e+00 1.272681451612903223e-03
4.462883064516128684e+01 0.000000000000000000e+00 5.040322580645161150e-04
4.422391633064516014e+01 0.000000000000000000e+00 2.772177419354838741e-04
4.422075352822580641e+01 0.000000000000000000e+00 3.780241935483870863e-04
4.423292590725806406e+01 0.000000000000000000e+00 4.914314516129031796e-04
4.451228578629032029e+01 0.000000000000000000e+00 6.300403225806451438e-04
4.495500252016128684e+01 0.000000000000000000e+00 1.549899193548387151e-03
4.500919858870967971e+01 0.000000000000000000e+00 2.016129032258064514e-04
4.499460685483870748e+01 0.000000000000000000e+00 5.040322580645161150e-04
4.502709173387096797e+01 0.000000000000000000e+00 3.906250000000000217e-04
4.520379284274193310e+01 0.000000000000000000e+00 1.071068548387096690e-03
4.559051159274193310e+01 0.000000000000000000e+00 1.915322580645161194e-03
4.625178931451613096e+01 0.000000000000000000e+00 1.108870967741935496e-03
4.653335433467741922e+01 0.000000000000000000e+00 1.864919354838709669e-03
4.622731854838709609e+01 1.260080645161290321e-05 4.662298387096774173e-04
4.598843245967741922e+01 0.000000000000000000e+00 4.536290322580645361e-04
4.611300403225806122e+01 0.000000000000000000e+00 5.040322580645161150e-04
4.642133316532257936e+01 0.000000000000000000e+00 7.056451612903225394e-04
4.655277217741935658e+01 0.000000000000000000e+00 9.576612903225805969e-04
4.655123487903225765e+01 0.000000000000000000e+00 9.576612903225805969e-04
4.663051915322580498e+01 0.000000000000000000e+00 1.108870967741935496e-03
4.732394153225806122e+01 1.008064516129032257e-04 3.893649193548387281e-03
4.763382056451612812e+01 5.040322580645161286e-05 4.208669354838709582e-03
4.743782762096774519e+01 0.000000000000000000e+00 3.755040322580645209e-03
4.713545866935483986e+01 0.000000000000000000e+00 2.910786290322580488e-03
4.642289566532257794e+01 0.000000000000000000e+00 2.016129032258064460e-03
