2.335499566670793570e+02 1.596985266806982828e+01 7.228859725145474613e+01
2.334281911600841966e+02 1.593838471379637589e+01 7.219023152160455936e+01
2.334249515083983226e+02 1.594804176468160684e+01 7.215752548388428522e+01
2.330682596673682383e+02 1.596351780776691065e+01 7.178640997069868490e+01
2.329561099418100696e+02 1.600268251413478637e+01 7.113129874953571630e+01
2.326662952416326107e+02 1.614865255251537235e+01 7.060703231397796742e+01
2.323333746027815607e+02 1.658431348272873507e+01 7.004737732656514027e+01
2.322477198629854342e+02 1.667174280879864767e+01 6.984604432338740310e+01
2.321087449960793947e+02 1.680407329454005350e+01 6.958342618959184733e+01
2.319618463951136960e+02 1.702690768024431378e+01 6.921697412405596594e+01
2.318499030167966737e+02 1.708664520655358743e+01 6.912543848788742196e+01
2.317810655771532424e+02 1.708035161569889837e+01 6.906547397961288937e+01
2.317921670587264202e+02 1.712362263216540725e+01 6.913598283190954419e+01
2.317910115141760627e+02 1.702298708266270566e+01 6.936141719285213014e+01
2.317539102802195430e+02 1.695208617060789891e+01 6.951359828319095868e+01
2.316679666542858342e+02 1.684534274276752797e+01 6.929990508026907037e+01
2.316140068507284013e+02 1.663280508439602201e+01 6.893768313317650609e+01
2.316238496141306484e+02 1.661103545045602914e+01 6.892193883867773252e+01
2.317146011307828815e+02 1.652857909289752669e+01 6.936116957616276579e+01
2.319077008790392540e+02 1.639472163757170620e+01 6.974384053485205470e+01
2.320029714002723722e+02 1.635134744748462765e+01 7.005292806735174338e+01
2.320611613222731080e+02 1.625966736824728542e+01 6.998138747884941324e+01
2.320384424910238863e+02 1.638919153150922270e+01 7.006590730881927698e+01
2.320215839214229732e+02 1.666006355495026980e+01 7.074167388882010243e+01
2.321555032809211241e+02 1.669485369980603195e+01 7.156710412281788081e+01
2.321683793487680987e+02 1.663874788494077706e+01 7.154977095456233371e+01
2.316106021212496273e+02 1.677735132681275942e+01 7.019437910115141221e+01
2.311851760141966849e+02 1.670993768313317673e+01 6.848458586108704083e+01
2.308330031777475142e+02 1.679191944203705944e+01 6.783046510668152962e+01
2.309626511493541443e+02 1.700546820189014241e+01 6.825283727456563554e+01
2.312697577483389182e+02 1.720378853534728236e+01 6.926633238413602101e+01
2.315134538401221675e+02 1.730376377367834451e+01 7.019842350707770606e+01
2.316704428211794777e+02 1.714706367875861659e+01 7.062558293095621309e+01
2.318141017704593310e+02 1.683911105608518000e+01 7.063100986339811982e+01
2.318715488423919737e+02 1.670137427262597640e+01 7.065979530353679650e+01
2.318659981016053848e+02 1.672008996739713638e+01 7.060758945152903721e+01
2.316810077999257089e+02 1.666367463167017604e+01 7.024899921588048812e+01
2.315449630638438236e+02 1.661693698155255561e+01 7.025549915397631651e+01
2.313718377285295560e+02 1.656894061326400092e+01 7.005528042590070470e+01
2.312783417935702062e+02 1.675430233997771623e+01 6.981461763856216862e+01
2.312101233956502142e+02 1.669683463332095386e+01 6.986643143081177243e+01
2.310462217820147828e+02 1.659419751557921785e+01 6.934486814411290823e+01
2.311046180512566650e+02 1.617064916842061706e+01 6.896234162849242466e+01
2.311746316701745627e+02 1.615030333044447275e+01 6.881344145928768796e+01
2.313311873220254995e+02 1.612331311130370182e+01 6.888665346044322746e+01
2.314825430233997849e+02 1.600621105195823546e+01 6.922460897197804286e+01
2.315457265486360541e+02 1.602055218521728364e+01 6.927662911146877889e+01
2.314392513722091564e+02 1.615721596302257268e+01 6.904599480004952738e+01
2.312251042053567858e+02 1.624627543229746962e+01 6.898120176633238998e+01
2.312515991911188280e+02 1.614582559531179129e+01 6.911411002434897455e+01
2.312917956336923737e+02 1.612628451157608112e+01 6.927421484874747648e+01
2.313736535842515707e+02 1.597234946968758962e+01 6.940165490487392219e+01
2.314080929387974095e+02 1.620989641368494816e+01 6.938721059799431146e+01
2.312407659609590951e+02 1.628397507325326998e+01 6.963173207874210391e+01
2.314368783789360862e+02 1.646056704221864564e+01 6.989272006933266823e+01
2.313642441500557254e+02 1.662395278775122875e+01 7.012607816433494179e+01
2.314206388510585555e+02 1.669844414180182568e+01 7.038985184268086925e+01
2.313964136849490387e+02 1.681253353142668416e+01 7.060950848087161091e+01
2.312190788659155487e+02 1.678131319384259967e+01 7.045458297222566557e+01
2.309244356402954850e+02 1.689439148198588470e+01 7.014652717593165221e+01
2.307487103297428916e+02 1.680068919978539910e+01 6.967151582683339939e+01
2.306986711237670704e+02 1.683909042136106748e+01 6.956842474516115260e+01
2.307773100573645308e+02 1.673207874210721968e+01 6.985989022326771192e+01
2.309565432710164714e+02 1.678158144525607653e+01 7.037175518963312015e+01
2.309669225372456651e+02 1.677431802236804259e+01 7.083898724774049072e+01
2.310585819817588913e+02 1.681913664314308221e+01 7.116282860798150978e+01
2.311127274978333617e+02 1.684406338987247764e+01 7.128723535966324221e+01
2.311023895010523574e+02 1.694046882093186568e+01 7.076274194214023794e+01
2.309851636333622196e+02 1.709549750319838068e+01 7.011594651479509821e+01
2.309862366390161412e+02 1.697065742231026420e+01 7.002892988320746781e+01
2.310236061243861059e+02 1.692942924353101475e+01 7.021984235070776492e+01
2.312200693326730345e+02 1.698180017333168124e+01 7.088351698237794096e+01
2.313727456563905776e+02 1.725240394535925148e+01 7.198330650819198695e+01
2.316461557508976057e+02 1.744513226858157040e+01 7.250893483554125396e+01
2.317477404977095432e+02 1.757791671825347635e+01 7.275337377739259637e+01
2.316381082084932643e+02 1.758641822458833559e+01 7.234292848004622556e+01
2.313263381618587857e+02 1.756838347571293113e+01 7.161406875490074242e+01
2.312948289381371012e+02 1.737171392018488802e+01 7.094804176468160506e+01
2.312867813957327314e+02 1.712669720605835622e+01 7.071936775205315939e+01
2.314183277619578121e+02 1.697864306054228223e+01 7.062389088357888056e+01
2.313943089430894418e+02 1.709954190912467453e+01 7.031895093062605895e+01
2.312756386447113073e+02 1.712793528950517796e+01 7.010261648301762705e+01
2.311347034790144903e+02 1.711276876728158314e+01 7.039975651025545744e+01
2.312044488465189147e+02 1.714349387148693893e+01 7.055614708431347992e+01
2.312694069580289806e+02 1.718142049440799113e+01 7.112124963889232276e+01
2.312076678634806512e+02 1.748572077091329291e+01 7.136022037885354052e+01
2.312091122941686194e+02 1.796397177169741255e+01 7.180378440840246412e+01
2.312772687879163129e+02 1.801456811522430002e+01 7.201656968346333088e+01
2.315157649292228825e+02 1.803274730716850272e+01 7.238919153150922625e+01
2.315836325368329938e+02 1.777060377202756669e+01 7.268967438405348958e+01
2.316276051339193600e+02 1.752226486731872512e+01 7.273488506458669178e+01
2.316097148281127431e+02 1.741296273368824998e+01 7.263942883083653612e+01
2.313377491642936832e+02 1.753792662292105220e+01 7.244991952457596085e+01
2.311823077875448860e+02 1.735268870455201906e+01 7.226342288803598990e+01
2.309730716850315844e+02 1.738875820230283509e+01 7.166815236680285750e+01
2.307555404234245486e+02 1.722006933267302387e+01 7.129635590772151943e+01
2.307496182576038848e+02 1.698570013618918040e+01 7.119978539886922420e+01
2.306587429326069980e+02 1.700697453675044457e+01 7.061697825100078774e+01
2.306383145557343823e+02 1.718203953613140200e+01 7.054665511122115618e+01
2.306906854855350559e+02 1.723284222689942524e+01 7.042123725805785739e+01
2.305694564813668421e+02 1.722136932029218670e+01 7.032169534893318996e+01
2.305318393793074847e+02 1.717066980314473312e+01 7.019287276629111716e+01
2.304779827493706534e+02 1.713730345425281598e+01 7.013342412611943644e+01
2.305057364533036264e+02 1.705872642482770019e+01 7.012725434360942245e+01
2.304681606206925153e+02 1.714786843299905073e+01 7.026948949692543067e+01
2.304358260080062735e+02 1.721167099995873073e+01 7.038840741199290107e+01
2.304186579175436407e+02 1.717411580207172506e+01 7.025543724980397542e+01
2.304687590276917888e+02 1.703221080434154544e+01 7.052453468697123640e+01
2.305061078783376729e+02 1.687986463620981326e+01 7.061745284965539327e+01
2.304378069415211883e+02 1.688657092154677741e+01 7.053499649209689437e+01
2.304461846395113582e+02 1.681758903883455147e+01 7.059842763402252785e+01
2.304839874540877247e+02 1.694719574099294235e+01 7.048530807643102492e+01
2.305023729932730703e+02 1.707801989187404601e+01 7.066806982790640745e+01
2.304512195121951095e+02 1.722403119970286056e+01 7.073269778383063056e+01
2.303380380504312654e+02 1.727227518468077960e+01 7.059859271181544216e+01
2.303111922743592856e+02 1.728273698980644468e+01 7.054223928026083001e+01
2.303584870620279901e+02 1.728137509801494076e+01 7.063511617349675475e+01
2.304680780817960510e+02 1.702996161941314668e+01 7.094199579051628746e+01
2.303750773802154299e+02 1.696642730386694708e+01 7.064700177458627195e+01
2.302555816928727666e+02 1.682334612686228326e+01 7.033341587222979285e+01
2.302597086376955247e+02 1.683211588461062291e+01 7.014444306879616420e+01
2.305043951962362314e+02 1.667663323841360068e+01 7.047360818785853098e+01
2.307233502538070979e+02 1.700423011844331711e+01 7.080308282778258899e+01
2.305694358466427332e+02 1.713437332342866526e+01 7.084375386901076865e+01
2.303888820106475066e+02 1.700961578143700237e+01 7.047402088234080964e+01
2.301598984771573555e+02 1.703908216747142035e+01 7.032528579092897303e+01
2.302267549832858720e+02 1.709539432957781457e+01 7.053569807271676950e+01
2.302422103916470633e+02 1.716641904997730350e+01 7.064209071024720288e+01
2.302304279641781193e+02 1.703856629936857914e+01 7.049374767859353597e+01
2.301413272254550009e+02 1.684891255003920563e+01 6.990297552721720820e+01
2.300551566175560367e+02 1.678593537204407582e+01 6.937922495976228277e+01
2.300769262514960189e+02 1.679938921216623271e+01 6.914149230324790096e+01
2.300340472947876549e+02 1.671806776443398945e+01 6.928577029425116507e+01
2.299506623746440539e+02 1.642786100449837150e+01 6.931309066897775040e+01
2.298710948784614629e+02 1.624060088316619144e+01 6.923676282448103336e+01
2.299536337749164261e+02 1.622000742850067923e+01 6.937478849407783343e+01
2.299851017291898927e+02 1.620770913292889404e+01 6.966868886962981833e+01
2.298598902232677119e+02 1.629920349964920945e+01 6.946640666914282747e+01
2.299434814906524593e+02 1.633399364450497160e+01 6.950231108910074340e+01
2.298457967066980245e+02 1.658747059551813763e+01 6.934942841814205394e+01
2.297633403491395256e+02 1.660544344022120455e+01 6.924404688209318692e+01
2.298484173166604876e+02 1.683217778878296400e+01 6.945379885270934039e+01
2.298984977920845267e+02 1.671146465271759141e+01 6.965744294498782097e+01
2.298468284429037283e+02 1.676329907969130417e+01 6.947224629606702706e+01
2.297074615162395332e+02 1.679660352441088023e+01 6.951772522801370258e+01
2.296596714951921001e+02 1.687472658990549235e+01 6.960102760926086773e+01
2.296539556766126111e+02 1.686886632825719090e+01 6.996388923280095185e+01
2.297821179480830267e+02 1.696240353266476930e+01 7.029183690314060584e+01
2.301748380174157091e+02 1.691387066154925378e+01 7.097197804465353954e+01
2.304332260327679478e+02 1.701580619867112532e+01 7.111834014279229166e+01
2.305141141512937963e+02 1.696704634559035796e+01 7.115081919854731041e+01
2.303934835541248844e+02 1.682695720358218949e+01 7.096483843011019133e+01
2.300794643225620177e+02 1.723399777144979694e+01 7.069014898270809510e+01
2.298937930749865757e+02 1.742526102926003873e+01 7.054807890718501540e+01
2.299566051751887983e+02 1.749649209690066343e+01 7.070050761421319407e+01
2.299665923816598649e+02 1.759219594734018344e+01 7.108623251207131943e+01
2.302177169741240448e+02 1.784965540010730223e+01 7.175929594321324601e+01
2.304196896537493160e+02 1.798858899756510255e+01 7.183601584746811852e+01
2.303839296768602196e+02 1.778238619949651422e+01 7.153503776154512650e+01
2.302370723453427388e+02 1.771437414881762962e+01 7.100342536420288297e+01
2.302062647022409294e+02 1.754700590153109729e+01 7.048089224547068454e+01
2.301191242623086168e+02 1.758695472741529287e+01 7.032714291609920565e+01
2.302375882134455765e+02 1.713239238991374691e+01 7.043658949279847548e+01
2.302590895959721138e+02 1.694127357517229981e+01 7.061964013041145449e+01
2.303531013990343013e+02 1.642748957946432142e+01 7.101333003177747116e+01
2.304248896042259958e+02 1.637082662704799674e+01 7.120211712269407656e+01
2.304428211794808306e+02 1.678577029425116507e+01 7.157690561677190999e+01
2.303429284800462256e+02 1.710802278073542126e+01 7.181294622590895926e+01
2.302601832363501160e+02 1.730151458874994930e+01 7.187115678263381824e+01
2.302467087615038679e+02 1.747666212702736033e+01 7.176181337955512163e+01
2.303187033139366804e+02 1.751698237794560598e+01 7.147197804465353954e+01
2.301407907226280258e+02 1.744542115471915977e+01 7.101070942181503654e+01
2.301068878709091621e+02 1.727409104040279075e+01 7.069873302793941150e+01
2.301595476868474179e+02 1.733770789484544750e+01 7.062878131319384067e+01
2.303939168833312578e+02 1.748792868639346310e+01 7.118094589575336784e+01
2.304610416408732476e+02 1.770180760183236401e+01 7.148549378894804818e+01
2.302950559201023566e+02 1.781443192604514891e+01 7.137980273203747572e+01
2.300767199042548725e+02 1.771639635178077654e+01 7.100470471709793685e+01
2.300538153604886418e+02 1.770808055796294056e+01 7.106530890181998927e+01
2.301365606041847229e+02 1.775172299946349597e+01 7.137103297428913606e+01
2.301169988857249109e+02 1.788853122033758325e+01 7.145497503198382105e+01
2.300631835252362691e+02 1.777790846436383276e+01 7.077644339895175563e+01
2.299137674879286806e+02 1.772863274318022420e+01 7.055948990961991285e+01
2.299270768849820570e+02 1.794618463951136889e+01 7.029918286492510049e+01
2.297476785935372163e+02 1.810199744129420907e+01 7.061184020469646327e+01
2.296485700136189223e+02 1.830985101729189779e+01 7.094812430357805511e+01
2.297321819157277787e+02 1.836288225826420728e+01 7.150829515909371992e+01
2.299265816516033283e+02 1.826298955882959874e+01 7.181670174569765663e+01
2.298807519293467010e+02 1.832080805579629512e+01 7.172374231356526764e+01
2.297813338285667157e+02 1.845210680533201142e+01 7.159848953819486894e+01
2.296121290908340598e+02 1.829150674755478434e+01 7.119144897032727215e+01
2.295244727827988811e+02 1.812056869299657436e+01 7.107185010936403557e+01
2.295022285502042791e+02 1.799083818249350131e+01 7.097371136147908999e+01
2.294484750938879927e+02 1.815674136436796005e+01 7.142020552185216786e+01
2.292309438322809569e+02 1.861446081465890856e+01 7.219386323304857456e+01
2.291232512071313465e+02 1.882501753951549617e+01 7.315170649168420880e+01
2.291355701374272655e+02 1.903000288886137525e+01 7.335759976889109168e+01
2.289340307870083677e+02 1.934934587924559324e+01 7.316381907473896717e+01
2.287129090834055489e+02 1.923253270603771981e+01 7.196399240642152506e+01
2.286743221493128715e+02 1.904628368618711676e+01 7.122316454129008889e+01
2.286386034418719930e+02 1.903340761834014216e+01 7.142313565267632214e+01
2.286347447484627082e+02 1.901791094053072584e+01 7.172244232594610480e+01
2.286520572819941322e+02 1.872652800132062367e+01 7.180692088646775062e+01
2.285766580000825456e+02 1.864211134497131894e+01 7.186799966984440857e+01
2.287128884486814400e+02 1.857773100573645308e+01 7.193388634393957659e+01
2.289651273162477878e+02 1.843252445214807622e+01 7.216646031942552497e+01
2.289948413189715666e+02 1.832212867813957402e+01 7.205391853410920078e+01
2.291467541578969076e+02 1.793145144649416167e+01 7.176658000082538535e+01
2.291622714704304542e+02 1.770609962444802221e+01 7.155383599521275073e+01
2.291892616895711967e+02 1.773339936445049858e+01 7.150185712517023262e+01
2.291809252610292731e+02 1.751535223474062164e+01 7.150249680161776666e+01
2.291825554042342503e+02 1.746089719780446359e+01 7.132757624530559326e+01
2.290527423548347201e+02 1.763115430646692161e+01 7.081531921918204375e+01
2.291656761999091998e+02 1.756817712847179180e+01 7.092732450167140712e+01
2.292517849036358371e+02 1.776744665923816768e+01 7.106237877099583500e+01
2.291128513061780438e+02 1.787468532045726377e+01 7.107589451529032942e+01
2.290242870702818720e+02 1.795029094961000382e+01 7.086636952663943134e+01
2.290420535677438068e+02 1.818348396681936308e+01 7.082879369402830605e+01
2.290349139532004585e+02 1.826261813379555221e+01 7.055173125335313955e+01
2.287338120589327843e+02 1.819089183277619526e+01 6.983310635136808742e+01
2.283638727250216789e+02 1.794494655606454714e+01 6.923729932730799419e+01
2.280650406504065018e+02 1.817729354958524368e+01 6.876084354752177319e+01
2.281360447360818853e+02 1.799189055342329979e+01 6.887206471049482559e+01
2.283872105979943115e+02 1.760944657669926983e+01 6.941269448227477312e+01
2.285542074202467973e+02 1.738912962733688161e+01 6.979175436424415579e+01
2.285641946267178355e+02 1.735118236969171690e+01 6.990908340555486689e+01
2.285762246708761438e+02 1.725401345384012330e+01 6.974844207832941834e+01
2.284453386158227204e+02 1.721938838677726835e+01 6.968981882712228071e+01
2.283838677726878927e+02 1.717766497461929021e+01 6.943578473855804134e+01
2.284027072758037207e+02 1.720034253642028688e+01 6.937546943997358539e+01
2.284243737361231581e+02 1.722826131814617767e+01 6.894855763278444272e+01
2.282834592051504217e+02 1.712741942140233675e+01 6.804366307622467502e+01
2.281564112087821456e+02 1.710882753497585895e+01 6.732076678634805944e+01
2.281774379926540348e+02 1.716936981552556674e+01 6.732225248648425975e+01
2.282936321241384974e+02 1.725203252032520496e+01 6.771451859188643141e+01
2.283676901489827173e+02 1.730279394164499962e+01 6.808097065742231280e+01
2.282377326565143960e+02 1.735314266848252274e+01 6.818645536709173882e+01
2.280389377244026150e+02 1.742453881391605819e+01 6.835438075192934093e+01
2.279383021748999170e+02 1.733547934464116125e+01 6.843240064380339049e+01
2.279079691304527273e+02 1.756114068754900615e+01 6.864450497296850529e+01
2.277777227518467953e+02 1.762574800874912384e+01 6.856825966736825251e+01
2.276671206305971680e+02 1.745908134208245599e+01 6.839498988898517950e+01
2.276698237794560669e+02 1.749546036069497745e+01 6.813226858156906474e+01
2.278361190210886775e+02 1.778669885683628493e+01 6.840169617432215432e+01
2.279363625108332201e+02 1.786403780281457543e+01 6.891985473154224451e+01
2.280895134332054113e+02 1.798912550039205982e+01 6.942200074285007361e+01
2.283321571540588479e+02 1.798376047212248707e+01 6.986717428087986548e+01
2.287999463497173167e+02 1.785029507655482561e+01 7.066088894391481290e+01
2.290106887870909134e+02 1.791956584540464803e+01 7.115187156947712310e+01
2.291109941810078112e+02 1.769949651273162416e+01 7.113078288143287864e+01
2.291013371301225732e+02 1.756594857826750911e+01 7.094484338244397748e+01
2.291940489455655836e+02 1.747835417440468930e+01 7.074359291816269035e+01
2.294357021996615913e+02 1.746395113697330004e+01 7.041956584540464803e+01
2.295292187693450501e+02 1.738126779744954931e+01 7.011957822623911341e+01
2.294535925054682082e+02 1.713288762329247561e+01 6.983077462754323506e+01
2.295728818455697251e+02 1.694634971730427964e+01 6.984014279229086242e+01
2.296895505757088074e+02 1.703988692171185804e+01 7.036469811398622198e+01
2.297020964879699534e+02 1.721356939457719548e+01 7.052643308158970115e+01
2.296599397466056018e+02 1.721852172836449313e+01 7.022543436094260016e+01
2.296017704593289466e+02 1.722617721101068966e+01 7.010556724856589028e+01
2.296020593454665573e+02 1.729879080516693435e+01 7.018946803681234314e+01
2.296133259048326636e+02 1.726994346085592724e+01 7.011002434897444857e+01
2.295651438240270750e+02 1.671210432916511834e+01 7.000860467995542535e+01
2.293462094011803174e+02 1.653528537823449440e+01 6.976717840782468727e+01
2.292882670958689175e+02 1.625508645949403785e+01 6.991995790516280351e+01
2.293157112789401992e+02 1.644919730923197676e+01 7.043609425941974678e+01
2.293899137468532103e+02 1.661607032313978038e+01 7.112510833230159335e+01
2.293745821468367012e+02 1.693155462011472778e+01 7.086740126284512087e+01
2.294416037307581178e+02 1.681247162725434308e+01 7.103223143906565440e+01
2.295665676199909342e+02 1.684705542486896945e+01 7.118816804919318031e+01
2.296262638768519651e+02 1.693101811728777051e+01 7.125271346622095336e+01
2.294960587676942794e+02 1.705078205604391073e+01 7.107436754570591120e+01
2.292185423630886021e+02 1.756768189509306310e+01 7.115094300689199258e+01
2.289575750072221467e+02 1.788310428789566942e+01 7.105534233007304579e+01
2.288558045478932002e+02 1.789659939746605488e+01 7.097352564896206673e+01
2.289437910115141790e+02 1.800998720647104889e+01 7.113707647228756059e+01
2.290871198052082036e+02 1.792544674177706199e+01 7.162368453633774834e+01
2.291585159506417426e+02 1.815304774875160021e+01 7.210583549997936359e+01
2.293649663653996811e+02 1.820110602121249599e+01 7.265090173744377466e+01
2.296197639387561367e+02 1.832186042672609361e+01 7.294209896413684646e+01
2.297731212083694459e+02 1.818952994098468778e+01 7.334466179687177600e+01
2.299629194007676176e+02 1.789579464322562075e+01 7.405245346869712364e+01
2.300183855391853456e+02 1.803495522264867290e+01 7.455653914407164962e+01
2.300112046551937510e+02 1.827671165036523604e+01 7.472479468449506612e+01
2.297909496100037074e+02 1.836591556270892767e+01 7.445057983574758964e+01
2.296366225083570498e+02 1.823915645247823036e+01 7.364046056704222565e+01
2.294987412818290693e+02 1.799189055342329979e+01 7.299884445544962830e+01
2.295591184845858663e+02 1.765762865750484778e+01 7.273331682555404143e+01
2.296190004539639347e+02 1.744201642524039286e+01 7.239061532747307126e+01
2.296276670380916869e+02 1.749754446783046546e+01 7.227398786678222109e+01
2.297338945978292202e+02 1.739837398373983746e+01 7.219654574718336448e+01
2.296710412281787796e+02 1.745963847963352578e+01 7.223525648962073831e+01
2.295955387726466199e+02 1.777999257149932077e+01 7.267556023275969324e+01
2.295078618298873323e+02 1.787862655276298796e+01 7.324074532623498612e+01
2.295564772398992943e+02 1.802777433865709256e+01 7.378946390986752135e+01
2.296207750402377030e+02 1.816187941067228095e+01 7.451826173084066340e+01
2.294925095951467142e+02 1.830972720894721562e+01 7.448272873591679399e+01
2.291777887829639724e+02 1.890332631752713510e+01 7.324569766002228732e+01
2.288696091783252768e+02 1.939226610540217166e+01 7.203181874458338996e+01
2.287014774462465425e+02 1.934375386901077221e+01 7.182153027114027566e+01
2.283383682060170941e+02 1.947781767157773203e+01 7.159300070158062113e+01
2.283232429532417029e+02 1.950239362799719345e+01 7.136407907226279690e+01
2.284708844042755231e+02 1.912143535140935313e+01 7.171068053320126978e+01
2.286000990466757514e+02 1.906636127274978421e+01 7.194387355041062904e+01
2.287572737402500991e+02 1.911262432421278490e+01 7.202694894969253880e+01
2.287029837811068376e+02 1.898968263794312961e+01 7.172576451652841456e+01
2.286428541950394049e+02 1.878057034377450307e+01 7.171990425488010601e+01
2.287761545128141734e+02 1.835739342164995236e+01 7.190144855763278997e+01
2.287456563905740552e+02 1.820438694234658072e+01 7.160434979984317749e+01
2.287093805455820927e+02 1.796727332755560980e+01 7.126104989476290541e+01
2.285852214105897531e+02 1.785559820065205727e+01 7.116460319425529235e+01
2.286161322273121073e+02 1.776501176179274566e+01 7.137187899797780233e+01
2.285891213734472274e+02 1.787751227766084838e+01 7.173092319755684798e+01
2.286080846849077659e+02 1.782192233089843469e+01 7.177881639222484011e+01
2.286425859436259316e+02 1.754886302670133347e+01 7.192554991539762455e+01
2.286794601956171960e+02 1.725333250794436779e+01 7.186333622219470385e+01
2.284978539886921851e+02 1.732037472658990396e+01 7.158546902727910322e+01
2.283519871239321617e+02 1.760686723618505312e+01 7.144480211299574535e+01
2.281957616276670251e+02 1.759227848623664059e+01 7.150127935289505388e+01
2.282736370764722835e+02 1.768315381123354513e+01 7.144911477033552671e+01
2.282767116503652289e+02 1.772066773967232223e+01 7.141539763113367201e+01
2.282482357310882719e+02 1.789845652263629106e+01 7.135202839338037961e+01
2.282789608352936455e+02 1.792507531674301546e+01 7.125399281911600724e+01
2.283765837150757250e+02 1.775228013701456931e+01 7.115977466881267333e+01
2.283856629936857701e+02 1.787728529569559655e+01 7.105098840328504650e+01
2.284075770706945718e+02 1.799560480376377214e+01 7.114700177458627195e+01
2.286299162230201034e+02 1.805620898848582456e+01 7.111167512690354897e+01
2.291538937724402558e+02 1.728331476208163053e+01 7.208844042755148962e+01
2.299396640666914209e+02 1.683178572902480141e+01 7.317279517972845326e+01
2.303354999793652667e+02 1.638242334199991745e+01 7.387565515249060866e+01
2.306125005158681063e+02 1.630518756964219307e+01 7.423876439272007133e+01
2.308173826915934228e+02 1.624819446164004688e+01 7.411580207172630708e+01
2.304065246997647591e+02 1.689026453716313725e+01 7.381030498122240147e+01
2.301810697040980642e+02 1.733065081919854578e+01 7.375861499731747983e+01
2.300630803516156959e+02 1.762706863109240274e+01 7.379016549048739648e+01
2.298577854814081149e+02 1.774518179191944256e+01 7.346838760265775647e+01
2.297194296562254863e+02 1.773333746027815749e+01 7.323928026082290899e+01
2.294982460484503406e+02 1.766427303866947440e+01 7.299195245759564443e+01
2.294960587676942794e+02 1.768451570302504905e+01 7.254913127811481388e+01
2.293345301473319182e+02 1.769169658701663295e+01 7.200784119516322335e+01
2.291486319177912492e+02 1.761654492179439657e+01 7.190625644835128583e+01
2.291793776567207317e+02 1.797144154182658582e+01 7.220630597168916154e+01
2.290182410961165544e+02 1.823769138706615323e+01 7.274499607940241219e+01
2.288712599562543915e+02 1.860492757211835979e+01 7.318288555982006471e+01
2.287543229747018358e+02 1.867052536007593488e+01 7.348029383847138263e+01
2.286560191490239902e+02 1.860862118773471963e+01 7.377330692088646913e+01
2.284255911848458709e+02 1.845412900829515834e+01 7.332559531179067847e+01
2.282745450043333051e+02 1.855133919359498051e+01 7.260763072097725512e+01
2.278494903223143808e+02 1.861718459824191996e+01 7.163876851966489312e+01
2.273134414592877022e+02 1.873416284924270414e+01 7.063699393339111055e+01
2.268890677231645441e+02 1.854469481243035744e+01 6.961538937724402842e+01
2.266297717799513123e+02 1.858400396186702963e+01 6.928046717015394051e+01
2.267813957327390426e+02 1.799164293673393544e+01 6.933828566712062980e+01
2.271347241137385993e+02 1.750936816474763802e+01 6.941387066154925378e+01
2.272413024637860701e+02 1.735568073954851087e+01 6.979280673517395428e+01
2.273216334447608347e+02 1.751791094053072584e+01 7.016575873880566405e+01
2.273777392596261109e+02 1.772434072056456600e+01 7.033364285419503403e+01
2.277573562791465349e+02 1.730343361809252656e+01 7.098710329742891645e+01
2.279293260699104451e+02 1.703192191820395252e+01 7.142583880153522102e+01
2.281275638644711421e+02 1.678329412735751802e+01 7.153928851471255257e+01
2.281645412900829513e+02 1.682576038958359277e+01 7.172409310387520520e+01
2.283618711567826267e+02 1.704871858363253523e+01 7.203904089802318822e+01
2.283553299492385804e+02 1.705660104824398360e+01 7.189631051132846551e+01
2.282518468078081924e+02 1.713909867525071107e+01 7.162550039205976304e+01
2.278786059180388861e+02 1.754483925549915568e+01 7.151954108373571728e+01
2.274587718212207506e+02 1.776769427592753203e+01 7.125657215963022395e+01
2.271959060707358447e+02 1.801555858198175741e+01 7.133630473360571500e+01
2.269449052866163186e+02 1.833411745284965377e+01 7.171501382526516011e+01
2.269554909000866587e+02 1.837365358425157780e+01 7.207385167760307354e+01
2.269590813420824702e+02 1.839055342330073017e+01 7.189125500392059109e+01
2.269536131401923171e+02 1.837877099583178619e+01 7.188011225289918116e+01
2.269887334406338937e+02 1.832681276051339125e+01 7.164273038669473692e+01
2.268637282819528593e+02 1.848454459163880870e+01 7.132421278527506558e+01
2.267306136766951568e+02 1.834020469646320706e+01 7.128178779249721231e+01
2.267488135033634649e+02 1.829938921216623271e+01 7.138099954603606534e+01
2.266245305600264146e+02 1.828975279600511783e+01 7.116674920556312145e+01
2.266090338822170054e+02 1.839408196112417926e+01 7.126276257686434690e+01
2.266188766456192525e+02 1.873269778383063056e+01 7.154613924311831852e+01
2.265721596302257410e+02 1.899164293673393544e+01 7.151613635425694326e+01
2.264765795881309032e+02 1.907277867194915544e+01 7.125770706945648669e+01
2.264108579918286352e+02 1.904966778094176760e+01 7.119877429738764363e+01
2.264582146836696666e+02 1.920155998514299966e+01 7.132117948083033809e+01
2.266203829804795475e+02 1.898526680698278923e+01 7.188190747389707269e+01
2.269131897156534876e+02 1.897777640212950345e+01 7.212977177995129807e+01
2.271028434649828682e+02 1.907940241838966600e+01 7.252773306920886398e+01
2.271771078370682062e+02 1.929187817258883086e+01 7.313631298749535858e+01
2.273695060047047036e+02 1.950268251413478637e+01 7.409654987412818627e+01
2.275346250670628478e+02 1.910725929594321215e+01 7.456151211258305977e+01
2.275865420329330107e+02 1.894020056951838527e+01 7.428230366060006418e+01
2.274467211423383333e+02 1.903095208617060763e+01 7.360895134332054113e+01
2.275077999257150054e+02 1.896636539969460600e+01 7.332421278527506558e+01
2.276177417357930040e+02 1.895972101852998293e+01 7.329006231686682327e+01
2.275023110891007434e+02 1.930518756964219307e+01 7.367380628121001962e+01
2.272700053650282825e+02 1.937381866204448855e+01 7.348483347777640518e+01
2.270754199166357239e+02 1.927807354215673996e+01 7.248902232677149016e+01
2.269048326523874266e+02 1.913006066608889455e+01 7.185894102595848665e+01
2.268899343815773193e+02 1.899261276876728033e+01 7.148943502125376881e+01
2.269377656720729703e+02 1.884138087573769127e+01 7.121561223226444781e+01
2.270285378234493123e+02 1.898489538194874271e+01 7.129066072386612518e+01
2.270877388469316145e+02 1.905156617556023235e+01 7.158672774545004813e+01
2.270319838223763043e+02 1.912160042920226033e+01 7.163098922867401086e+01
2.271502414262721175e+02 1.921158846106227713e+01 7.160917832528579652e+01
2.269903635838388709e+02 1.920688374396434384e+01 7.161751475382773435e+01
2.268510998307952491e+02 1.919594734018406257e+01 7.155067888242334107e+01
2.266083529363212392e+02 1.915653501712682072e+01 7.115226362923527859e+01
2.263527918781725816e+02 1.901291733729519962e+01 7.067326977838305879e+01
2.262858734678717383e+02 1.891847220502661742e+01 7.044791795633692288e+01
2.262433865709215581e+02 1.869421402335850857e+01 7.077332755561057809e+01
2.263601791094052942e+02 1.870178696710825150e+01 7.108262143535141320e+01
2.265326647682720420e+02 1.860408154842969708e+01 7.129408608806900816e+01
2.264622178201477425e+02 1.861586397589864106e+01 7.112576864347323635e+01
2.263725599438735401e+02 1.848815566835871493e+01 7.090631835252362691e+01
2.264084849985555650e+02 1.823566918410300985e+01 7.096062894639098317e+01
2.265985308076431011e+02 1.817871734554908869e+01 7.109931492715942625e+01
2.267132805084395955e+02 1.830463043209112328e+01 7.138242334199992456e+01
2.265815690644216147e+02 1.860298790805167002e+01 7.155373282159217752e+01
2.263281952870290183e+02 1.867882051916965835e+01 7.164625892451817890e+01
2.260902975527217222e+02 1.879912096075275585e+01 7.131996203210762530e+01
2.259436465684453879e+02 1.875933721266146748e+01 7.047125582930955545e+01
2.258822582642069960e+02 1.866499525401345494e+01 6.982394453386157807e+01
2.258376047212248636e+02 1.871146465271759141e+01 6.941876109116421389e+01
2.259959762287978151e+02 1.887278692583880257e+01 6.969569972349469822e+01
2.259796541620238486e+02 1.889796128925756236e+01 6.981548429697494385e+01
2.259906524699764816e+02 1.883702694894969198e+01 6.948231604143452955e+01
2.258561347034790003e+02 1.885091411827824004e+01 6.909729272419627932e+01
2.255965498741281863e+02 1.878783376666254057e+01 6.856062481944616138e+01
2.253994057199455199e+02 1.884377450373488472e+01 6.834798398745408576e+01
2.253708678964962360e+02 1.891199290165490510e+01 6.855852007758656441e+01
2.254921381701126677e+02 1.889789938508522127e+01 6.886919648384301240e+01
2.257450992530229996e+02 1.895635755849944459e+01 6.922370104411703551e+01
2.259523544220213864e+02 1.891667698402872233e+01 6.931536048863026167e+01
2.259735462836861757e+02 1.889181214147166799e+01 6.942375469439973301e+01
2.262401675539597932e+02 1.848939375180553668e+01 6.972324708018653894e+01
2.263644092278486255e+02 1.819598860963228759e+01 6.969126325781024889e+01
2.263778217985225467e+02 1.805767405389789815e+01 6.978733853328381542e+01
2.264233832693657007e+02 1.796512731624778070e+01 6.976014196690189806e+01
2.266930791135322636e+02 1.791172465024142468e+01 7.001396970822500521e+01
2.265219140770088018e+02 1.879647971606619450e+01 7.034175230077174490e+01
2.264287895670834985e+02 1.942866575873880564e+01 7.059134992365152073e+01
2.262519293467046282e+02 1.966984441418018292e+01 7.055658041351986753e+01
2.257121043291651290e+02 1.989626924188023693e+01 7.001128719409021528e+01
2.253539886921711854e+02 1.990580248442078215e+01 6.974986587429326335e+01
2.256094259419751609e+02 1.936874251991250873e+01 6.960189426767364296e+01
2.256822871528207770e+02 1.907729767653006547e+01 6.970894721637571934e+01
2.258420618216334503e+02 1.900856341050720033e+01 6.966910156411208277e+01
2.257957162312739854e+02 1.904640749453179893e+01 6.979734637447897683e+01
2.258548553505839607e+02 1.900777929099087871e+01 6.991911188147415146e+01
2.259279848128430501e+02 1.911132433659361851e+01 6.991040402789815289e+01
2.258942883083653044e+02 1.883376666253972331e+01 6.909500226981965909e+01
2.257959638479633497e+02 1.832681276051339125e+01 6.829740827865131791e+01
2.258116668730139054e+02 1.821829474639924129e+01 6.796164004787256374e+01
2.256784284594114922e+02 1.811974330403202416e+01 6.755893277206884306e+01
2.253714663034955095e+02 1.804355990260410181e+01 6.759562131154306996e+01
2.255100697453675025e+02 1.840219140770087947e+01 6.796058767694276526e+01
2.256065989847715798e+02 1.878804011390367634e+01 6.869621559159753588e+01
2.257564483512855418e+02 1.880640501836490586e+01 6.910833230159713025e+01
2.257190995006396861e+02 1.843079113532252222e+01 6.872689942635466309e+01
2.256946060831166676e+02 1.827219264578432600e+01 6.860911642111345543e+01
2.257470801865379144e+02 1.820145681152243000e+01 6.887778052907432880e+01
2.256103545045602630e+02 1.830037967892369366e+01 6.876043085303949454e+01
2.254827700053650403e+02 1.820449011596715039e+01 6.853369650447773154e+01
2.254237753291238562e+02 1.822291692460071744e+01 6.860073872312327126e+01
2.256184639511369596e+02 1.819477116090957836e+01 6.889878667822210900e+01
2.256942759275308390e+02 1.849205563121621054e+01 6.900773802154265013e+01
2.256353225207379012e+02 1.856838347571293113e+01 6.899620321076307050e+01
2.255484503322190619e+02 1.870374726589905379e+01 6.887344723701043847e+01
2.256436176798316069e+02 1.884594114976682633e+01 6.897197804465353954e+01
2.256359415624613121e+02 1.882955717882051871e+01 6.935551566175560367e+01
2.256586397589864248e+02 1.913499236515207969e+01 6.975937848210969605e+01
2.255984069992984189e+02 1.940223267714910804e+01 7.006004704717098264e+01
2.257079773843423709e+02 1.943871486938219562e+01 7.034579670669802454e+01
2.257098757789608214e+02 1.965467789195658455e+01 7.090656596921299126e+01
2.258255127728942284e+02 1.946822252486484217e+01 7.123422475341504878e+01
2.258093970533614083e+02 1.918224588337253778e+01 7.129522099789525669e+01
2.257647641451033849e+02 1.898054145516074342e+01 7.108705790103586253e+01
2.257238042177376087e+02 1.903278857661673129e+01 7.125254838842805327e+01
2.256779538607568725e+02 1.910152284263959288e+01 7.115302711402748059e+01
2.256344764970492349e+02 1.903871074243737382e+01 7.103705996450827342e+01
2.256637984400148582e+02 1.922229788287730656e+01 7.111600841896743930e+01
2.256053609013247581e+02 1.918331888902645233e+01 7.088578680203045224e+01
2.252665593661012622e+02 1.904279641781189270e+01 6.967362056869299636e+01
2.251190004539639347e+02 1.893151335066650276e+01 6.927510214188436066e+01
2.250541867855226883e+02 1.939084230943832310e+01 6.932588419792827494e+01
2.250151871569477180e+02 1.994855763278444982e+01 6.992969749494449161e+01
2.249770541867855229e+02 2.010998307952622710e+01 6.999073500887293164e+01
2.248484379513845965e+02 2.012420040444059310e+01 6.948984771573604746e+01
2.247908051669349163e+02 1.995136395526391837e+01 6.905220585200775929e+01
2.247762576864347466e+02 1.998074780240188275e+01 6.954174404688208710e+01
2.249101564112087885e+02 2.027720688374396474e+01 7.034573480252568345e+01
2.249251991250876870e+02 2.042550864594940307e+01 7.075539598035574329e+01
2.248934216499525292e+02 2.069184103008542763e+01 7.083776979901779214e+01
2.249305022491849400e+02 2.077404977095456218e+01 7.070294251165861965e+01
2.251417192852131564e+02 2.017760307044694912e+01 7.076922124551194315e+01
2.254477735132681175e+02 1.992909908794519325e+01 7.102079980190664799e+01
2.255536915521439596e+02 1.991597540340885786e+01 7.134336180925261317e+01
2.256501588873756816e+02 1.991069291403573871e+01 7.142625149601749968e+01
2.256281003672980887e+02 1.985452519499814272e+01 7.161984647765258671e+01
2.254734637447897398e+02 2.033611902108868819e+01 7.159760224505798476e+01
2.254416037307581178e+02 2.063984152531880767e+01 7.167593165779373976e+01
2.256055466138417671e+02 2.071790268664107870e+01 7.207975320869960001e+01
2.255806611365605931e+02 2.082188106145020967e+01 7.220387107424373596e+01
2.254282117948083055e+02 2.076798316206512496e+01 7.186457430564153981e+01
2.253667822211216958e+02 2.010562915273822782e+01 7.126864347323676441e+01
2.252550658247699289e+02 1.981098592711815343e+01 7.110257521356939492e+01
2.252278279889397936e+02 1.963486855680739396e+01 7.117586975362139867e+01
2.249674590400726402e+02 1.978143700218728185e+01 7.107048821757253165e+01
2.249354545829722269e+02 1.968596013371301368e+01 7.137908051669349163e+01
2.249282736989806324e+02 1.958385951879823494e+01 7.115907308819281241e+01
2.247755767405389804e+02 1.927149106516445798e+01 7.053179810985926679e+01
2.246586603937105338e+02 1.912236391399446944e+01 7.026932441913251637e+01
2.247044694812430237e+02 1.887978209731335966e+01 7.015046840823738705e+01
2.247240724691510820e+02 1.862201312368453543e+01 6.984600305393917097e+01
2.246234988238207393e+02 1.837877099583178619e+01 6.973678345920515653e+01
2.244272625974990660e+02 1.825630390821674709e+01 6.990305806611365824e+01
2.244172134868556725e+02 1.814522718831249293e+01 6.950654120754406051e+01
2.243328587346787231e+02 1.799158103256159436e+01 6.907007552309025300e+01
2.242408484998555593e+02 1.791841030085427633e+01 6.872869464735256884e+01
2.242070488217572404e+02 1.744069580289711396e+01 6.859621971854235767e+01
2.243730345425281598e+02 1.687179645908134162e+01 6.837111551318558611e+01
2.244351037926622894e+02 1.635778548140811495e+01 6.784779827493706250e+01
2.245654533448887662e+02 1.571140274854525209e+01 6.726596095910197448e+01
2.246252940448186166e+02 1.514151293797201880e+01 6.655975816103338616e+01
2.244903223143906530e+02 1.501535223474062164e+01 6.550342536420288297e+01
2.244265816516033283e+02 1.463707647228756592e+01 6.528616235400932055e+01
2.243414634146341484e+02 1.467399199372704466e+01 6.525871817093805305e+01
2.243119144897032697e+02 1.445076554826462001e+01 6.525651025545788286e+01
2.242819528702901266e+02 1.438089637241550101e+01 6.487664561924806605e+01
2.241932235566010547e+02 1.384668399983492293e+01 6.470403615203665026e+01
2.243620981387478821e+02 1.361947505261854729e+01 6.464733193017210056e+01
2.242938178366555348e+02 1.336925838801535171e+01 6.448904296149559912e+01
2.241092814989063697e+02 1.341993727043869455e+01 6.415808262143535501e+01
2.239452354422021472e+02 1.317013330031777407e+01 6.372611530683834502e+01
2.238542363088605498e+02 1.305705501217448727e+01 6.329385910610375277e+01
2.236250464281292523e+02 1.306772316454128990e+01 6.293613552886797891e+01
2.234841731666047622e+02 1.305387726466097220e+01 6.290976435145061885e+01
2.234168626965457349e+02 1.326542445627501898e+01 6.305558994676241014e+01
2.233267095868928322e+02 1.341244686558540700e+01 6.329249721431224174e+01
2.232963971771697516e+02 1.352886797903511962e+01 6.375599438735503810e+01
2.232030869547274108e+02 1.364231769221245472e+01 6.378492427056250591e+01
2.233013907804052565e+02 1.366623333746027846e+01 6.386007593578473518e+01
2.232359168007923813e+02 1.378744170690437798e+01 6.395600676818951058e+01
2.233856836284098790e+02 1.385297759068961199e+01 6.420100284759192277e+01
2.237125995625438577e+02 1.383180636374891748e+01 6.503891708967850604e+01
2.240724897858115696e+02 1.397476373240889735e+01 6.589156452478231074e+01
2.243236762824481048e+02 1.400649993809582838e+01 6.636228385126490537e+01
2.244316577937352974e+02 1.398274937064091539e+01 6.656466922537245523e+01
2.243399570797738534e+02 1.409234039040897990e+01 6.639208039288514840e+01
2.237978209731335824e+02 1.420139490735008891e+01 6.580741611984647932e+01
2.234903635838388709e+02 1.436612190995006344e+01 6.526676571334240862e+01
2.234475052618546442e+02 1.445646073212001070e+01 6.512919400767611933e+01
2.235056126449589442e+02 1.443027526721967746e+01 6.518775535471090166e+01
2.235345631628905210e+02 1.430716850315711319e+01 6.508039288514711984e+01
2.235857991828649176e+02 1.431313193842598253e+01 6.525578804011389877e+01
2.237368040939292655e+02 1.431049069373942473e+01 6.514209071024720288e+01
2.237593165779373408e+02 1.446077338945978319e+01 6.507036440922784948e+01
2.238169080929388031e+02 1.432862861623540063e+01 6.491337542817052508e+01
2.237155090586438746e+02 1.430366060005777662e+01 6.461543064669226055e+01
2.234017168090462633e+02 1.472551689983904843e+01 6.456681523668028433e+01
2.233358095002269863e+02 1.496432256200734656e+01 6.487233296190829890e+01
2.233327761957822588e+02 1.532427468944740134e+01 6.558540712310676213e+01
2.233460236886632799e+02 1.531626841649127080e+01 6.568610457678181547e+01
2.232030044158309465e+02 1.546250670628533719e+01 6.527621641698650023e+01
2.229519829969873399e+02 1.587381866204448855e+01 6.500876975774833966e+01
2.228625521026783929e+02 1.597942718005860208e+01 6.486511080846848643e+01
2.225871817093805589e+02 1.619780446535429874e+01 6.458678964962238922e+01
2.224825223886756760e+02 1.627778465601915059e+01 6.422440262473691064e+01
2.223191160084189733e+02 1.645322108043415454e+01 6.398349222070901021e+01
2.221737443770376785e+02 1.636081878585283178e+01 6.412554166150798096e+01
2.221895093062605895e+02 1.604337419008707855e+01 6.424076596095909508e+01
2.222023028352110998e+02 1.591209607527547298e+01 6.383702694894969198e+01
2.221246956378193147e+02 1.586298543188477517e+01 6.381418430935578101e+01
2.221380669390450180e+02 1.594880524947381417e+01 6.379061945441789305e+01
2.220057364533036264e+02 1.641019768065701001e+01 6.389571210432916359e+01
2.219454211547191562e+02 1.673432792703561489e+01 6.367968717758243713e+01
2.218492014361767986e+02 1.688826296892410639e+01 6.304019644257355992e+01
2.216701745697660044e+02 1.715636993933390997e+01 6.258571664396846757e+01
2.215921546778919549e+02 1.718214270975197167e+01 6.268098716520159996e+01
2.218392348644298693e+02 1.684177293549585386e+01 6.346543683710948613e+01
2.220191696587016565e+02 1.675737691387066164e+01 6.378005447567166186e+01
2.221217448722710515e+02 1.663193842598324323e+01 6.426957203582188072e+01
2.221091164211134412e+02 1.655237092980067004e+01 6.453555362964797837e+01
2.221483430316536669e+02 1.648446205274235510e+01 6.462958606743427481e+01
2.223634600305393860e+02 1.630834468243159563e+01 6.473934216499525007e+01
2.225788865502868248e+02 1.624883413808757382e+01 6.480246378605917812e+01
2.226286575048491727e+02 1.618354587099170416e+01 6.503805043126573082e+01
2.227199661590524613e+02 1.625768643473236708e+01 6.492858321984235204e+01
2.227246296067021660e+02 1.628108621187734784e+01 6.461084973793900588e+01
2.226331146052577310e+02 1.650111427510214313e+01 6.414171928521315635e+01
2.222443564029549066e+02 1.650738723123271967e+01 6.364176055466138138e+01
2.220178490363583705e+02 1.650070158061986803e+01 6.330139078040526357e+01
2.219168833312698723e+02 1.672056456605175256e+01 6.293370063142256043e+01
2.217979035120300466e+02 1.669945524328339559e+01 6.277239899302546178e+01
2.218826090545169336e+02 1.649574924683257038e+01 6.305499153976311533e+01
2.220461598778424275e+02 1.665092237216788362e+01 6.328510998307952917e+01
2.220823738186620346e+02 1.675589121373447199e+01 6.372933432380008867e+01
2.220617597292724099e+02 1.684241261194337724e+01 6.398320333457141373e+01
2.219371672650736684e+02 1.657626594032437950e+01 6.413905740580248960e+01
2.218692171185671214e+02 1.628847344311006395e+01 6.422194709256737610e+01
2.216944616400478765e+02 1.617797449548099564e+01 6.386577111964012943e+01
2.214430894308943039e+02 1.593467046345590354e+01 6.330630184474433264e+01
2.213291857537864757e+02 1.568137922495976255e+01 6.297249391275638430e+01
2.214277371961536858e+02 1.559677685609343456e+01 6.319256324542941172e+01
2.215905245346869776e+02 1.527924972143122417e+01 6.330640501836490586e+01
2.215961784490941398e+02 1.519318228715282082e+01 6.335986958854360296e+01
2.216669968222524858e+02 1.503866947298914525e+01 6.341438652965209855e+01
2.215733564442243448e+02 1.496164004787256019e+01 6.304898683504601564e+01
2.214513433205397916e+02 1.479984317609673639e+01 6.271002022202963389e+01
2.213838265032396464e+02 1.485892039123436881e+01 6.238215509058643704e+01
2.211850728405761117e+02 1.498584457925797508e+01 6.189670257108662810e+01
2.209193594981635158e+02 1.511759729272419683e+01 6.136878378936073375e+01
2.207483389047088451e+02 1.519477116090957836e+01 6.112772894226404219e+01
2.206325987371548933e+02 1.533063018447443326e+01 6.121084561099418409e+01
2.206195988609632366e+02 1.537969955841690428e+01 6.154192975939911747e+01
2.205432503817423822e+02 1.528956708348809457e+01 6.147955098840328247e+01
2.203139366926664309e+02 1.525578804011390410e+01 6.110703231397796031e+01
2.200740992942924379e+02 1.534449671907886525e+01 6.076268003796788975e+01
2.196538112335438200e+02 1.540382155090586380e+01 6.015597787957575093e+01
2.192370929800668478e+02 1.566082703974247892e+01 5.939437084726176863e+01
2.190309520861706005e+02 1.574276752919813482e+01 5.924681193512442690e+01
2.191478684329990472e+02 1.585223474062151716e+01 5.926096735586645536e+01
2.192501753951549688e+02 1.579606702158392117e+01 5.913965581280178441e+01
2.192942511658619082e+02 1.565849531591762656e+01 5.902309025628327532e+01
2.193344682431595913e+02 1.572136932029218848e+01 5.890753580124633970e+01
2.195122570261235637e+02 1.583170319012834781e+01 5.911883537617102036e+01
2.196053815360488670e+02 1.583308571664396780e+01 5.932664768272048406e+01
2.194719161404811985e+02 1.585875531344145983e+01 5.908315793817836692e+01
2.194061739094548216e+02 1.573344063389872538e+01 5.900588089637241751e+01
2.195131443192604479e+02 1.575044364656844564e+01 5.879918286492509338e+01
2.195016301432049772e+02 1.586678222112170289e+01 5.883884280467169958e+01
2.196283686187115620e+02 1.575345631628905174e+01 5.874846271305352730e+01
2.196658619124262373e+02 1.558575791341669792e+01 5.896591143576410587e+01
2.197347818909661044e+02 1.555816928727662862e+01 5.909279435433948180e+01
2.196786760761008566e+02 1.541504684082373799e+01 5.894201642524039642e+01
2.194484750938879927e+02 1.533341587222978752e+01 5.839847715736040357e+01
2.191853617267137224e+02 1.517733481903346870e+01 5.795569724732780514e+01
2.189914984936651479e+02 1.500965705088522917e+01 5.781930172093598941e+01
2.191238702488547858e+02 1.494746399240642099e+01 5.783193017209359965e+01
2.192255581692872681e+02 1.482289216293178136e+01 5.786374891667698250e+01
2.191796459081342050e+02 1.484218562997812718e+01 5.755088522966448039e+01
2.191271305352647403e+02 1.474734843795138417e+01 5.749560480376377569e+01
2.191613635425694326e+02 1.476893235937435556e+01 5.742431183195080990e+01
2.194453592505468293e+02 1.471658206429779980e+01 5.769087119805207919e+01
2.196292971812966925e+02 1.442920226156576291e+01 5.818626965457471556e+01
2.196726920061078658e+02 1.436449176674507910e+01 5.837916305558994878e+01
2.197126821014402935e+02 1.425572613594156302e+01 5.841100243489744770e+01
2.197391977219264447e+02 1.406559778795757509e+01 5.815376996409558075e+01
2.199134373323428804e+02 1.381183195080681791e+01 5.815880483677933199e+01
2.200569105691056961e+02 1.369039659939746656e+01 5.845460360694977453e+01
2.199689241054847173e+02 1.366664603194255356e+01 5.856355495027031566e+01
2.199096199083818135e+02 1.365996038132970192e+01 5.866431430811770298e+01
2.199184722050266316e+02 1.359155627089265828e+01 5.866662539721843928e+01
2.200366679047501179e+02 1.357077710371012280e+01 5.866472700259997453e+01
2.201291321035037640e+02 1.371920267426024509e+01 5.850548883661425492e+01
2.199181007799925851e+02 1.355998514299863800e+01 5.809824192150551170e+01
2.195699723494696798e+02 1.325302298708266235e+01 5.751163798440014574e+01
2.195650406504065018e+02 1.328411951632206645e+01 5.697953035367917352e+01
2.197673022161693837e+02 1.328399570797738427e+01 5.712469563781932180e+01
2.199236927902273919e+02 1.314198753662663499e+01 5.733386983616028942e+01
2.199293260699104451e+02 1.328267508563410537e+01 5.757218026494985708e+01
2.199671907886591669e+02 1.332972225661342947e+01 5.775093887994717790e+01
2.199794478147827022e+02 1.341787379802732083e+01 5.800519995047666555e+01
2.199796747967479575e+02 1.348567950146506611e+01 5.803798852709338973e+01
2.201302257438817946e+02 1.341909124675003007e+01 5.791805951054434587e+01
2.203511204655193865e+02 1.315758738805662098e+01 5.801522842639593591e+01
2.203968882836036585e+02 1.316373653584251535e+01 5.793743551648714174e+01
2.205549090008666724e+02 1.324689447402088227e+01 5.804766621270273674e+01
2.206696999711113847e+02 1.321614873509141219e+01 5.832053980438281826e+01
2.205371218686806287e+02 1.377012917337295228e+01 5.850381742396103846e+01
2.203510998307952491e+02 1.397876686888696263e+01 5.864341133259048178e+01
2.201775618009987170e+02 1.411670999958730555e+01 5.832410961165449237e+01
2.199690891832776174e+02 1.424699764764145016e+01 5.790371837728529414e+01
2.197430357806116206e+02 1.439928191160084125e+01 5.790066443811646479e+01
2.196657793735297730e+02 1.455860261648301801e+01 5.786967108249762504e+01
2.193561140687548914e+02 1.484319673145970064e+01 5.774332466674920283e+01
2.192311295447979944e+02 1.492076265940324298e+01 5.769186166480954370e+01
2.192538690107713251e+02 1.498328587346787089e+01 5.756215178903057961e+01
2.192442944987825513e+02 1.511258305476455810e+01 5.762669720605835266e+01
2.195978292270232259e+02 1.464149230324790629e+01 5.782986669968222770e+01
2.198764392720069338e+02 1.463356856918822935e+01 5.795885436011720770e+01
2.200141554207420143e+02 1.460430853039494892e+01 5.825465313028765024e+01
2.202361437827576367e+02 1.452290454376625028e+01 5.863096859394990190e+01
2.204206801205068018e+02 1.455084396021625182e+01 5.872902480293838323e+01
2.202051297924146809e+02 1.486333622219470918e+01 5.867258883248730683e+01
2.200803722504230109e+02 1.501689983904915238e+01 5.839340101522842730e+01
2.199512195121951095e+02 1.497100821262019643e+01 5.811386240765961020e+01
2.196539144071643648e+02 1.498850645866864717e+01 5.775962609879906040e+01
2.194312657339771420e+02 1.520087903924724593e+01 5.734309355783913276e+01
2.195433122859147375e+02 1.522755973752630965e+01 5.746097973670092074e+01
2.196665015888737571e+02 1.517066980314473135e+01 5.747777640212950701e+01
2.197567991415954793e+02 1.502573150096983134e+01 5.780995419091247101e+01
2.198531013990343013e+02 1.493900375551978854e+01 5.777850687136312757e+01
2.199751351574429350e+02 1.476117370310758936e+01 5.765527629895588291e+01
2.199137674879286806e+02 1.473496760348314183e+01 5.766998885724898116e+01
2.199502084107135431e+02 1.500676818950930702e+01 5.795066237464405390e+01
2.198343857042631271e+02 1.524157071519953810e+01 5.816146671619000585e+01
2.197495563534315579e+02 1.535367917130948001e+01 5.807537864718748466e+01
2.198204572654863682e+02 1.547288597251454689e+01 5.807478024018818985e+01
2.196366431430811872e+02 1.579901778713218619e+01 5.798254302339977784e+01
2.195091824522306183e+02 1.580217489992158875e+01 5.778224175642771598e+01
2.196903140605010094e+02 1.569972349469687600e+01 5.811646238289794297e+01
2.200427551483636535e+02 1.564074945317981147e+01 5.868410300854277750e+01
2.204444100532375899e+02 1.581833188890264452e+01 5.942216582064298080e+01
2.206041640873261542e+02 1.581798109859271229e+01 5.957517229994635244e+01
2.205658247699228127e+02 1.530269076802443173e+01 5.900134125706739496e+01
2.201282860798151262e+02 1.508177541166274693e+01 5.799482068424745052e+01
2.198238619949651138e+02 1.509570385043952001e+01 5.754380751929346616e+01
2.197785275060872436e+02 1.513146382732862882e+01 5.772252486484255485e+01
2.199218975692294862e+02 1.513245429408608800e+01 5.771348685568074188e+01
2.200470265362552027e+02 1.504062977177995108e+01 5.761477033552061755e+01
2.201282241756427709e+02 1.509137055837563501e+01 5.789344228467665232e+01
2.202142916099211618e+02 1.523748503982501745e+01 5.811549255086459453e+01
2.203218191572778721e+02 1.511097354628368628e+01 5.832668895216870908e+01
2.204999793652758910e+02 1.499989682637943211e+01 5.859419751557921785e+01
2.207538483760472161e+02 1.474871032974289164e+01 5.882363501299987973e+01
2.206869093310222354e+02 1.470595518137922575e+01 5.912525277537039159e+01
2.207582848417316654e+02 1.475626263876852029e+01 5.921901696174322183e+01
2.207653625521026868e+02 1.508811027196566457e+01 5.924330403202509387e+01
2.205599851429986415e+02 1.548503982501753917e+01 5.942528166398415124e+01
2.205086872188518896e+02 1.556184226816887417e+01 5.932854607733894881e+01
2.204967190788659082e+02 1.562950352853782299e+01 5.921540588502331559e+01
2.202390739135817626e+02 1.586086005530106036e+01 5.904892493087367455e+01
2.202964384466179695e+02 1.601308241508811037e+01 5.921325987371548649e+01
2.203232842226899493e+02 1.590751516652222364e+01 5.949255086459493924e+01
2.204046675745945265e+02 1.576177211010688772e+01 5.958897693037844334e+01
2.205666707936114790e+02 1.562389088357888589e+01 5.974381990012793864e+01
2.207110106887870984e+02 1.569314101770459402e+01 6.028740043745614940e+01
2.207787544880524990e+02 1.578389253435681638e+01 6.037464405100903519e+01
2.208539886921711854e+02 1.561980520820436702e+01 6.028337666625397162e+01
2.207701498080970737e+02 1.562793528950517974e+01 6.022747719862985605e+01
2.207631959060707345e+02 1.560791960711485338e+01 6.042561181956997274e+01
2.208513474474846134e+02 1.568131732078742147e+01 6.060381329701621667e+01
2.206798728900994604e+02 1.602579340514217421e+01 6.069611241797696977e+01
2.206117576658000132e+02 1.621501382526515656e+01 6.046646857331517566e+01
2.206035037761545254e+02 1.633818249350006013e+01 6.047765259378481773e+01
2.207281375098014848e+02 1.650059840699929836e+01 6.078587346787173118e+01
2.209537782179852172e+02 1.647340184061739166e+01 6.128896867648879265e+01
2.210218315381123375e+02 1.635784738558045603e+01 6.165036523461681384e+01
2.210350377615451407e+02 1.639020263299079616e+01 6.153734885064586990e+01
2.206987123932153168e+02 1.636659650860467963e+01 6.108227064504147563e+01
2.205508439602162412e+02 1.632988733440634022e+01 6.090332631752713155e+01
2.203896661301638460e+02 1.628913375428170696e+01 6.074825636581238797e+01
2.202177995130205090e+02 1.617863480665263509e+01 6.064570178696710911e+01
2.202067599356196581e+02 1.597078123065494637e+01 6.044861953695679091e+01
2.204003549172547594e+02 1.568827122281375175e+01 6.042332136519334540e+01
2.203553299492385804e+02 1.566324130246378665e+01 6.040322314390656544e+01
2.200359869588543518e+02 1.572801370145681155e+01 6.019029342577690045e+01
2.196205893277206940e+02 1.571080434154595373e+01 5.973517395072428116e+01
2.188838058685155374e+02 1.598953819487433492e+01 5.942800544756716619e+01
2.186663571458049660e+02 1.618610457678180836e+01 5.924930873674218645e+01
2.186089307085964322e+02 1.627192439437084559e+01 5.924435640295489236e+01
2.185859023564854908e+02 1.646937806941521032e+01 5.929088770583137347e+01
2.186514382402707213e+02 1.642901654904873965e+01 5.938452808385952153e+01
2.187674879286863927e+02 1.636647270025999745e+01 5.889055342330073017e+01
2.187516198258429370e+02 1.649118897280343532e+01 5.868408237381866144e+01
2.189459163880978849e+02 1.667428087986463581e+01 5.864807478024018650e+01
2.189680987165201600e+02 1.672722958194048815e+01 5.906017085551566481e+01
2.190278156081053282e+02 1.702282200486979491e+01 5.925256902315216223e+01
2.192566753332507972e+02 1.665511122116297216e+01 5.957816433494284070e+01
2.195162188931533933e+02 1.662380834468243052e+01 5.996378605918038573e+01
2.198981676364986981e+02 1.654170277743386563e+01 6.042113408443729128e+01
2.203986216004292089e+02 1.642856258511823597e+01 6.091040402789814578e+01
2.207781148116049792e+02 1.646731459700383837e+01 6.160754818208080508e+01
2.211847014155420652e+02 1.675296108291032127e+01 6.212056869299657791e+01
2.214373529775906775e+02 1.705410424662622404e+01 6.251593000701580394e+01
2.213704139325657252e+02 1.739707399612067107e+01 6.263519871239321191e+01
2.211305971689158412e+02 1.742241343733234160e+01 6.244162436548223383e+01
2.209331434938714835e+02 1.732433659361974421e+01 6.182206677396722938e+01
2.208402253311873267e+02 1.698316206512318871e+01 6.177140852626800438e+01
2.211110560851801381e+02 1.691058974041516905e+01 6.215432710164665053e+01
2.213982708101192713e+02 1.687218851883950421e+01 6.242443564029549208e+01
2.212953448062399389e+02 1.677479262102265523e+01 6.236222194709256428e+01
2.209532417151582706e+02 1.666167306343114163e+01 6.184742684990301598e+01
2.206870744088151639e+02 1.685390615327473185e+01 6.128300524121992510e+01
2.204835953943295692e+02 1.668234905699310744e+01 6.105581692872766553e+01
2.202007552309025584e+02 1.674633733646981071e+01 6.064301927283231919e+01
2.199577194502909379e+02 1.680207172630101908e+01 6.038754075358012585e+01
2.201161528620362446e+02 1.675853245842102979e+01 6.064706367875861304e+01
2.204476290701993264e+02 1.670872023441046750e+01 6.102474103421237572e+01
2.203973628822582782e+02 1.650175395154966651e+01 6.100536502826957275e+01
2.204122611530683855e+02 1.631057323263587833e+01 6.068362840988815776e+01
2.204406338987247693e+02 1.621319796954314896e+01 6.075324996904791419e+01
2.205728199413973698e+02 1.643487681069704109e+01 6.099632701910775268e+01
2.205642358961660818e+02 1.661883537617102036e+01 6.105332012710989886e+01
2.202536832982543160e+02 1.676497049234451708e+01 6.069349180801452803e+01
2.201104783129049451e+02 1.682571912013536419e+01 6.046537493293714505e+01
2.201298543188477481e+02 1.700406504065040636e+01 6.059021501382526509e+01
2.202462547975733571e+02 1.720069332673022089e+01 6.071701539350419097e+01
2.204663034955222543e+02 1.689872477404977147e+01 6.074299451116338844e+01
2.205371837728529556e+02 1.671876934505385748e+01 6.060523709298006878e+01
2.205223474062151752e+02 1.675302298708266235e+01 6.036040609137055668e+01
2.206241178655441502e+02 1.665641120878213854e+01 6.048574140563740542e+01
2.206442986257273731e+02 1.660880690025174289e+01 6.041638809789112941e+01
2.204080929387974095e+02 1.669636003466633767e+01 6.047278279889398078e+01
2.203611902108868890e+02 1.677910527836242949e+01 6.051514588749948587e+01
2.202717180471297240e+02 1.693900375551978854e+01 6.062496388923280222e+01
2.202738846931616479e+02 1.702604102183153856e+01 6.059510544344021810e+01
2.202543436094259448e+02 1.698078907185010777e+01 6.037767735545375558e+01
2.203467459040072640e+02 1.675188807725640672e+01 6.048184144277990981e+01
2.204609384672527028e+02 1.669854731542239179e+01 6.032045726548636111e+01
2.204894350212537688e+02 1.648243984977920817e+01 6.014689860096570584e+01
2.204958317857290240e+02 1.622799306673269726e+01 6.002923940406916614e+01
2.205090173744376898e+02 1.625011349098262414e+01 6.005051380463043387e+01
2.204521274400561310e+02 1.647036853617267127e+01 6.011609095786389645e+01
2.203482728735916680e+02 1.654345672898353214e+01 6.006008831661920766e+01
2.202339152325533291e+02 1.618719821715983542e+01 5.982743180223680213e+01
2.200560232759688120e+02 1.620785357599768872e+01 5.948083034129833635e+01
2.198240683422062602e+02 1.605251537286946473e+01 5.881418430935578101e+01
2.195438900581899304e+02 1.575690231521604545e+01 5.818432999050802579e+01
2.193820519169658780e+02 1.569972349469687600e+01 5.793320539804382463e+01
2.192038504395196128e+02 1.581633032066361189e+01 5.776445462424167232e+01
2.193054351863315503e+02 1.581009863398126392e+01 5.778603854566464548e+01
2.193357475960546310e+02 1.573612314803350998e+01 5.781181131608270363e+01
2.196216210639263693e+02 1.523573108827534917e+01 5.775036110767199204e+01
2.198405967562213732e+02 1.496034006025339380e+01 5.773597870496471529e+01
2.200231521604556235e+02 1.475995625438487835e+01 5.793894185134745101e+01
2.200301886013783985e+02 1.465884610622756057e+01 5.784897445421155027e+01
2.200014237959638592e+02 1.463899550163014318e+01 5.764727002599975236e+01
2.199421402335850644e+02 1.456958028971152608e+01 5.753741075481821099e+01
2.197002599975238297e+02 1.421945029094960944e+01 5.733250794436878550e+01
2.194412942098964265e+02 1.436985679501465007e+01 5.696227972432008357e+01
2.193142049440799042e+02 1.422646609714828081e+01 5.692866575873880919e+01
2.192285295695596687e+02 1.407096281622714784e+01 5.686529652098551679e+01
2.193182699847303070e+02 1.403695679088770554e+01 5.670292187693450359e+01
2.192827782592546839e+02 1.426882918575378589e+01 5.675062935908547246e+01
2.191438652965209997e+02 1.416429367339358691e+01 5.654578845280838806e+01
2.188866121909950095e+02 1.395010523709298056e+01 5.598598902232676977e+01
2.187180471297098734e+02 1.348939375180553846e+01 5.526994346085592724e+01
2.184798811439891040e+02 1.267459040072634302e+01 5.502643308158970115e+01
2.184837398373983604e+02 1.208889439148198619e+01 5.499374767859353597e+01
2.185278981470017641e+02 1.199366513969708237e+01 5.516782221121703600e+01
2.187496388923280222e+02 1.204048532871115462e+01 5.537447897321612800e+01
2.188050431265733948e+02 1.211534810779579807e+01 5.545324171515827061e+01
2.187996161941314881e+02 1.194216086830919110e+01 5.562787338533284043e+01
2.187263835582518254e+02 1.169241880236061171e+01 5.534548718583632620e+01
2.184738970739961132e+02 1.169499814287483019e+01 5.496811935124427606e+01
2.181425034047294673e+02 1.134992365152077909e+01 5.479996698444141856e+01
2.181808427221328088e+02 1.118934422846766452e+01 5.467062853369650099e+01
2.179911683380793193e+02 1.102469976476414537e+01 5.439822954067103922e+01
2.176465478106557612e+02 1.072508357063266082e+01 5.412874004374561565e+01
2.174905699310800173e+02 1.060921959473401799e+01 5.392356898188270975e+01
2.172910115141760627e+02 9.966076513557013072e+00 5.304075358012463681e+01
2.171227559737526178e+02 9.548243984977920817e+00 5.248165573026288655e+01
2.170203045685279051e+02 9.390058189922001475e+00 5.196269241880236223e+01
2.171356320415995924e+02 9.393215302711402259e+00 5.193011018942677026e+01
2.172079567496182619e+02 9.487165201601253983e+00 5.192299120960753100e+01
2.172822623911518178e+02 9.559964508274523709e+00 5.164231769221245827e+01
2.172309231975568480e+02 9.419483306508192655e+00 5.162638768519664723e+01
2.173467459040072640e+02 9.029940984689034167e+00 5.163602410135776211e+01
2.175867896496223750e+02 8.974103421237257905e+00 5.193493871486938218e+01
2.175979943048161545e+02 8.787317898559695806e+00 5.183157938178366209e+01
2.173447649704923492e+02 8.617844909413561183e+00 5.137200280632247740e+01
2.174538607568816815e+02 8.517952209978952638e+00 5.118893153398538942e+01
2.171942140233585121e+02 8.848231604143451889e+00 5.140815484296975058e+01
2.169904048532871172e+02 9.253167430151458817e+00 5.142647847798274796e+01
2.168647806528826720e+02 9.553361396558127439e+00 5.145854483925550227e+01
2.168978581156370069e+02 9.589967397135900740e+00 5.145852420453138620e+01
2.169087738846931757e+02 9.306239940571995106e+00 5.141607857702942397e+01
2.170565597787957586e+02 8.954954397259708543e+00 5.126162766703809126e+01
2.170269283149684156e+02 8.679068135859022703e+00 5.097076059593083386e+01
2.169381370971070169e+02 8.221658206429779625e+00 5.048669060294663780e+01
2.167095456233750213e+02 7.805930419710288781e+00 4.999469687590276834e+01
2.166712682101440350e+02 7.539701209194832998e+00 4.949643019272832589e+01
2.165958895629565291e+02 7.205645660517518536e+00 4.890990879451941709e+01
2.167275803722504293e+02 6.745924641987536496e+00 4.868272048202715752e+01
2.167386199496512802e+02 6.641843093557839417e+00 4.871841855474391991e+01
2.167385580454789249e+02 6.766229210515455783e+00 4.881154306466922321e+01
2.166707523420411974e+02 6.861747348437951644e+00 4.873465808262143639e+01
2.165179934794271901e+02 7.038793281333828311e+00 4.880188601378399227e+01
2.165968800297140149e+02 7.182514134786018190e+00 4.899725558169287609e+01
2.165437456151211393e+02 7.257191201353637489e+00 4.915459535306013095e+01
2.164862779084643591e+02 7.377780529074326132e+00 4.922698196525112735e+01
2.164641987536626573e+02 7.526990219140770044e+00 4.930070983450951161e+01
2.165521852172836361e+02 7.387066154925508776e+00 4.941424208658330031e+01
2.166001815855721873e+02 7.236515207791671678e+00 4.941581032561594355e+01
2.167451198877471086e+02 7.155400107300565082e+00 4.943623870248854502e+01
2.168898518426808550e+02 7.367298089224546764e+00 4.954735669184103131e+01
2.168525236267591083e+02 7.467974908175477822e+00 4.954384878874169118e+01
2.168601378399570763e+02 7.297552721720110824e+00 4.953538855185506407e+01
2.169864223515331503e+02 7.314885889975650812e+00 4.982683339523750732e+01
2.170745532582229487e+02 7.398270810119268681e+00 5.013162890512153780e+01
2.170198712393215317e+02 7.471544715447154594e+00 5.017816020799801890e+01
2.170959101976806664e+02 7.501279352895052099e+00 5.050313647806528650e+01
2.172101852998225411e+02 7.489084230943832132e+00 5.061569889810573386e+01
2.172276629111468651e+02 7.765259378482110009e+00 5.039305022491848973e+01
2.172132392389913775e+02 7.997503198382237777e+00 5.056256448351285826e+01
2.171941727539102942e+02 7.978746234162849227e+00 5.062211629730510509e+01
2.172864718748710402e+02 8.245965911435764184e+00 5.081919854731542330e+01
2.174533242540547349e+02 8.335458709917048736e+00 5.115234616813172863e+01
2.173448062399405671e+02 8.491931822871528368e+00 5.104217737608848182e+01
2.171756015022079112e+02 8.629730510503074825e+00 5.079813049399529490e+01
2.171438859312451086e+02 8.877347199867937633e+00 5.074357228343856718e+01
2.174026660063555028e+02 9.039825017539515173e+00 5.095714167801576622e+01
2.174962651149354258e+02 9.087305517725228654e+00 5.156526763237175714e+01
2.176155957244851606e+02 9.315731913664313524e+00 5.210288473443110036e+01
2.176289257562626460e+02 9.450476662127027083e+00 5.241521191861664875e+01
2.176067227931162620e+02 9.565845404646939443e+00 5.269662828607981453e+01
2.176027196566381861e+02 9.413169080929387533e+00 5.296492096900664137e+01
2.170067475547851927e+02 1.020007428500681002e+01 5.247608435475217448e+01
2.165832198423507009e+02 1.076391812141471682e+01 5.203476951013164609e+01
2.165088316619206807e+02 1.079482893813709765e+01 5.194864017168090697e+01
2.165210680533201355e+02 1.111524493417523018e+01 5.203468697123519604e+01
2.165355329949238694e+02 1.118228715282076635e+01 5.218913788122652875e+01
2.167475341504683968e+02 1.104399323181049120e+01 5.224499607940241930e+01
2.169048120176633176e+02 1.094750526185464956e+01 5.231143989104865710e+01
2.170454995666707987e+02 1.077832115884610609e+01 5.234526020387107081e+01
2.172148281127481368e+02 1.061935124427386334e+01 5.248033510791960765e+01
2.172836861871156771e+02 1.066577937352977656e+01 5.260129586067434104e+01
2.171182782386199506e+02 1.082788576616730580e+01 5.243064669225372398e+01
2.171594445132268447e+02 1.108763567331104838e+01 5.253260286409970803e+01
2.171606825966736949e+02 1.137602657752465873e+01 5.263022574388180175e+01
2.170633279683050603e+02 1.160269902191407709e+01 5.271012339565020000e+01
2.170640708183731533e+02 1.177109900540629717e+01 5.302127440056126773e+01
2.170763278444967170e+02 1.169177912591308655e+01 5.313437332342866881e+01
2.171282448103668798e+02 1.159962444802112991e+01 5.312300359044199638e+01
2.171718253476950906e+02 1.154970905038999618e+01 5.307015806198671015e+01
2.173528950517931548e+02 1.173849614130659091e+01 5.345918451570302210e+01
2.175536296479716043e+02 1.166336511080846883e+01 5.398481284305228911e+01
2.176689571210432916e+02 1.162151789030580673e+01 5.437357104535512065e+01
2.174414386529652177e+02 1.174101357764846654e+01 5.426777681482398918e+01
2.172341834839668309e+02 1.178682266518096711e+01 5.404999793652758910e+01
2.172317279517972963e+02 1.194925921340431607e+01 5.389779621146465161e+01
2.172300152696958548e+02 1.198219223308984382e+01 5.401941727539102800e+01
2.169733605711691666e+02 1.230958276587842093e+01 5.345210680533201497e+01
2.166620651231893078e+02 1.224695637819322336e+01 5.291647063678758656e+01
2.166336098386364597e+02 1.210362758449919518e+01 5.271249638892327738e+01
2.167623292476579593e+02 1.210672279311625665e+01 5.287732656514382512e+01
2.165633692377532782e+02 1.223925962609879825e+01 5.260645454170277446e+01
2.163244397672403068e+02 1.211192274359291865e+01 5.238793281333828844e+01
2.163781313193842664e+02 1.186552350295076508e+01 5.264739383434443454e+01
2.165951879823366824e+02 1.182433659361974243e+01 5.290256283273492954e+01
2.165635549502703157e+02 1.183459205150427174e+01 5.288236143782757637e+01
2.165278362428294372e+02 1.182020964879699498e+01 5.280857166439684391e+01
2.166103338698361540e+02 1.160282283025875927e+01 5.332852544261483274e+01
2.167676323717551838e+02 1.147090503899962854e+01 5.378434649828732006e+01
2.168810408154842833e+02 1.146838760265775292e+01 5.391135322520737816e+01
2.169384053485204902e+02 1.147858115636993936e+01 5.399480004952333445e+01
2.169610622755973850e+02 1.149898889851842654e+01 5.420948371920267306e+01
2.170573438983120695e+02 1.189245181791919492e+01 5.400963641616111488e+01
2.169377450373488614e+02 1.221949156039783801e+01 5.343202921876934397e+01
2.168196112417977020e+02 1.215467789195658455e+01 5.308070240600883238e+01
2.167427468944740099e+02 1.202810449424291228e+01 5.263618917915067641e+01
2.165612025917213543e+02 1.204095992736577081e+01 5.246700507614212938e+01
2.164847303041558462e+02 1.199319054104246618e+01 5.301673476125624518e+01
2.165030952086170544e+02 1.205090586438859290e+01 5.344688622013123336e+01
2.167467500309520858e+02 1.199001279352895111e+01 5.390640089142008406e+01
2.168266889521687233e+02 1.198508109446576775e+01 5.403165366679047565e+01
2.168171969790763853e+02 1.196880029714002802e+01 5.416792538483760211e+01
2.169473195493376352e+02 1.188027733069208836e+01 5.405428995914324730e+01
2.168780075110395842e+02 1.156015022079154875e+01 5.396545747183360220e+01
2.168954232181915813e+02 1.152950765548264656e+01 5.372817877924972407e+01
2.169906524699764816e+02 1.146683999834922218e+01 5.353324254054723497e+01
2.169324419132516084e+02 1.151304114563988357e+01 5.342821179480830551e+01
2.168350047459865380e+02 1.150464281292559043e+01 5.353113779868763089e+01
2.166664396847014018e+02 1.139080103999009452e+01 5.347596054640749230e+01
2.166669555528042679e+02 1.089160579423053044e+01 5.341267384755065706e+01
2.167115059221658271e+02 1.077823861994965071e+01 5.323057240724691752e+01
2.167202550451900436e+02 1.085163633362221880e+01 5.319945524328339559e+01
2.166916140481201865e+02 1.106388510585613538e+01 5.320430440345012357e+01
2.166326606413272202e+02 1.131011926870537820e+01 5.332301597127646176e+01
2.166959886096322805e+02 1.151118402046964562e+01 5.346537493293714505e+01
2.165811563699393218e+02 1.158396269241880283e+01 5.359675622136931850e+01
2.167420659485782721e+02 1.156227559737526356e+01 5.373930089554702505e+01
2.169013660187363257e+02 1.136253146795427327e+01 5.370607898972390615e+01
2.167648673187239581e+02 1.108557220089967466e+01 5.352370929800668620e+01
2.166123148033510688e+02 1.103435681564937454e+01 5.320155998514299966e+01
2.164527877512277598e+02 1.113187652181090392e+01 5.291081672238042444e+01
2.162579134166976189e+02 1.102306962155915926e+01 5.261311955759151715e+01
2.162246296067021660e+02 1.119250134125706708e+01 5.245881309066897558e+01
2.160200775865626781e+02 1.129181626841649155e+01 5.241300400313647856e+01
2.158015764929222939e+02 1.140239775494201702e+01 5.216053815360488954e+01
2.155990466757459387e+02 1.134290784532210772e+01 5.216546985266806757e+01
2.154427799100326126e+02 1.134777764021294999e+01 5.228050843960216554e+01
2.154734431100656309e+02 1.143171969790763853e+01 5.231075894515290514e+01
2.155582518261730911e+02 1.135380297965416219e+01 5.229332260327679194e+01
2.156728777186249033e+02 1.136610127522595093e+01 5.245561470843134799e+01
2.156251289670257165e+02 1.137660434979984281e+01 5.259758161033386870e+01
2.155187775989435011e+02 1.119128389253435607e+01 5.256671206305971822e+01
2.152392802608229090e+02 1.121858363253683244e+01 5.269041723412158262e+01
2.149208658330238109e+02 1.121016466509842679e+01 5.277634022533118952e+01
2.148058478808138432e+02 1.083812058932772082e+01 5.266348891915315278e+01
2.147642895464487651e+02 1.061256242004044381e+01 5.271870744088151639e+01
2.149415418265857909e+02 1.049143658949279789e+01 5.279451941727538866e+01
2.149855144236721571e+02 1.067987289009945862e+01 5.285093475300234900e+01
2.148378523379142280e+02 1.088562172423754681e+01 5.265727786719491377e+01
2.146766538731377238e+02 1.102583467459040101e+01 5.260963228921629309e+01
2.146160703231397804e+02 1.112145598613346564e+01 5.260870372663117678e+01
2.144448227477198543e+02 1.118567124757542075e+01 5.258982295406710250e+01
2.146477033552061471e+02 1.095027031488588953e+01 5.235495852420453389e+01
2.148952994098468992e+02 1.104137262184804591e+01 5.207323263587965556e+01
2.148977755767405426e+02 1.090237712021790273e+01 5.173760884816969963e+01
2.148877883702694760e+02 1.076759110230696237e+01 5.129286863934629537e+01
2.148948660806404973e+02 1.066270479963682938e+01 5.115224299451116252e+01
2.148302587594403974e+02 1.087385993149271535e+01 5.164966365399694581e+01
2.148597457801989208e+02 1.105748834138087489e+01 5.229775906896124837e+01
2.144144484338244467e+02 1.139381370971070062e+01 5.238533283809995567e+01
2.141360241013577763e+02 1.140920721389955084e+01 5.218150303330444473e+01
2.141542032933019755e+02 1.128913375428170518e+01 5.232613181461763929e+01
2.145041475795468671e+02 1.115886674095167308e+01 5.219565845404646609e+01
2.146581651603318051e+02 1.111049894762907009e+01 5.237679006231686429e+01
2.146034006025339522e+02 1.114766208575791318e+01 5.207211836077751599e+01
2.145490487392183638e+02 1.104644876398002573e+01 5.175353885518550356e+01
2.144642400231109036e+02 1.104735669184102953e+01 5.179905905658041121e+01
2.145621930584788117e+02 1.087437579959556011e+01 5.211295447979860285e+01
2.146875077380215373e+02 1.077221328050844029e+01 5.222875655152490282e+01
2.147564277165614328e+02 1.066148735091411837e+01 5.242177376088481822e+01
2.148120589327720609e+02 1.072035821881061501e+01 5.280361933060954982e+01
2.149962857496595348e+02 1.089725970863769611e+01 5.314976682761751192e+01
2.149459370228219939e+02 1.150418884899508853e+01 5.329709875778960537e+01
2.148617267137138356e+02 1.180066856506128481e+01 5.346820189014072611e+01
2.149365069539020396e+02 1.209681812554166136e+01 5.375364202880607678e+01
2.151050720151871474e+02 1.224346910981800107e+01 5.389179150674755192e+01
2.149787462341628554e+02 1.210612438611695829e+01 5.388805662168297061e+01
2.147478849407783343e+02 1.212184804589162646e+01 5.387480912880194950e+01
2.145123189302958906e+02 1.208681028434649818e+01 5.353646155750897861e+01
2.144105278362428351e+02 1.184317609673558636e+01 5.343138954232181703e+01
2.144471132020964887e+02 1.188591061037513974e+01 5.335826008006272758e+01
2.147126408319920756e+02 1.184340307870083819e+01 5.373178985596962320e+01
2.148310841484049263e+02 1.218102843464982854e+01 5.365121125830547300e+01
2.148413396062894662e+02 1.250400313647806527e+01 5.369933143493871341e+01
2.148369856795014528e+02 1.272753910280219536e+01 5.367393008955470179e+01
2.148505426932441935e+02 1.275471503445998955e+01 5.382396516858569413e+01
2.148778837026949020e+02 1.301865379059881889e+01 5.371115513185588952e+01
2.146582064297800230e+02 1.340082951590937199e+01 5.379852255375345749e+01
2.146151623952787872e+02 1.346097973670092074e+01 5.379831620651231816e+01
2.145579629400354804e+02 1.361435764103833890e+01 5.406002641244686657e+01
2.144920762659403124e+02 1.391515001444430766e+01 5.421569477116091207e+01
2.145201394907350050e+02 1.403629647971606609e+01 5.430898435887912257e+01
2.144465973339936511e+02 1.412343691964838399e+01 5.383287936940283203e+01
2.142559118484585952e+02 1.401172052329660289e+01 5.320663612727497593e+01
2.141933060954974906e+02 1.399504766621270235e+01 5.316776030704469491e+01
2.143310016095084904e+02 1.413230985101729154e+01 5.333634600305394002e+01
2.143757170566629497e+02 1.413183525236267535e+01 5.351097767322850984e+01
2.142181090338822287e+02 1.394773224381989962e+01 5.338054558210556877e+01
2.140549502703148903e+02 1.380725104205356857e+01 5.323703107589451378e+01
2.140215632866988642e+02 1.365325409599273598e+01 5.328094176880855315e+01
2.140446535429821324e+02 1.372013123684536318e+01 5.344405926292765230e+01
2.140665263505426879e+02 1.382014774462465390e+01 5.345672898353348756e+01
2.144058437538690214e+02 1.336467747926210237e+01 5.364881763030827955e+01
2.142908877058313806e+02 1.317341422145185881e+01 5.364242086583302438e+01
2.142700672692006094e+02 1.290278981470017783e+01 5.336038545664644772e+01
2.144267467293962284e+02 1.262595435599025961e+01 5.348159382609054546e+01
2.146780983038256920e+02 1.267005076142132047e+01 5.380432091122941785e+01
2.148111097354628498e+02 1.288038050431265802e+01 5.414006850728405595e+01
2.148783376666253844e+02 1.300897610498947543e+01 5.439024390243902474e+01
2.148141430399075489e+02 1.309475465313028764e+01 5.422603276794189497e+01
2.147462135281251392e+02 1.291372621848045910e+01 5.423069621559159970e+01
2.147884115389377371e+02 1.290338822169947619e+01 5.423727869258387813e+01
2.146454335355536216e+02 1.302507118979819190e+01 5.404626305146300069e+01
2.144377656720729703e+02 1.316078577029425034e+01 5.362624324212785609e+01
2.143097684783954548e+02 1.313173207874210746e+01 5.345431472081218516e+01
2.143450125871817136e+02 1.295856547397961300e+01 5.322888035986958499e+01
2.144011184020469614e+02 1.285999339688828336e+01 5.322935495852420473e+01
2.142535801246337428e+02 1.288236143782757637e+01 5.322727085138871672e+01
2.142034583797614573e+02 1.274629606702158391e+01 5.299663653996945811e+01
2.141546985266807042e+02 1.250796500350790375e+01 5.279804795509883775e+01
2.142202963146382615e+02 1.228991787379802680e+01 5.254345672898353570e+01
2.142365977466881191e+02 1.188099954603606889e+01 5.233818249350006369e+01
2.143317444595765835e+02 1.167877924972143155e+01 5.187765672072964662e+01
2.144460814658908134e+02 1.159351656968346411e+01 5.163581775411662989e+01
2.145027856877553631e+02 1.141046593207048865e+01 5.141919442037060151e+01
2.144454211547191562e+02 1.106846601460938473e+01 5.088265032396516574e+01
2.143852915686517235e+02 1.064867318723948664e+01 5.014848747472246515e+01
2.142523833106351390e+02 9.041826585778547809e+00 4.918950930626057527e+01
2.142124963889232845e+02 6.850831579381783776e+00 4.725597375263092914e+01
2.141046593207048829e+02 5.703726631174941275e+00 4.613829392101027338e+01
2.141954727415294428e+02 5.406710412281787725e+00 4.604391069291403227e+01
2.140193347364945851e+02 5.421691221988361953e+00 4.570321076307210006e+01
2.136982584292848060e+02 5.665985720770913225e+00 4.484920143617679855e+01
2.135280838595188015e+02 5.836820601708555323e+00 4.444713383682060481e+01
2.135059428005447444e+02 5.840307870083776720e+00 4.430106062481944917e+01
2.135129998761916568e+02 5.684185547439231101e+00 4.425878007511039414e+01
2.133768726012133357e+02 5.602822830258759268e+00 4.409132928892740466e+01
2.133700425075316787e+02 5.833828566712062624e+00 4.422502166646032151e+01
2.134594940365647346e+02 5.931987949321117171e+00 4.451479509718954830e+01
2.134251372209153601e+02 6.108105319631876640e+00 4.474980397012092226e+01
2.135087903924724628e+02 6.252940448186207867e+00 4.477982749370640647e+01
2.135000412694482179e+02 6.393834344434814909e+00 4.494632908258016357e+01
2.135584581734142091e+02 6.348995088935661002e+00 4.466208575791341673e+01
2.137094837192026660e+02 6.404543766249845227e+00 4.472029631463827570e+01
2.137901242210391786e+02 6.480706532953654175e+00 4.476092608641822324e+01
2.138398951756014981e+02 6.567702529817176504e+00 4.453161239734225063e+01
2.139741653254095866e+02 6.795055920102348601e+00 4.486304733605711448e+01
2.142727497833353993e+02 6.448062399405720235e+00 4.548190334695225090e+01
2.145954355990260467e+02 6.148425570550121400e+00 4.603582188106145168e+01
2.146242829433370503e+02 6.106681523668028966e+00 4.613862407659609488e+01
2.146402542198010792e+02 6.188044240848499911e+00 4.624229293054352041e+01
2.146829680987165148e+02 6.188353761710206236e+00 4.655195823531839494e+01
2.147662498452395710e+02 6.603545045602740693e+00 4.676144195452106800e+01
2.147554166150798665e+02 6.960897197804465364e+00 4.689664066691427990e+01
2.147185217283644931e+02 7.255045190045809278e+00 4.695749246832569668e+01
2.146981346209401238e+02 7.389397878750361137e+00 4.704362180677644290e+01
2.145620486154100206e+02 7.438714869382196504e+00 4.690095332425405417e+01
2.146614048120176506e+02 7.300317774751351685e+00 4.715595724485163487e+01
2.148022161693698138e+02 7.170649168420617947e+00 4.755682803020923899e+01
2.149604019644257278e+02 7.287297263835582406e+00 4.773341999917460754e+01
2.149130040031364786e+02 7.253992819116008128e+00 4.783351904585035896e+01
2.148212620197267881e+02 7.379204325038173806e+00 4.793095621311542942e+01
2.147506087243613422e+02 7.642606578350047641e+00 4.798631917791259127e+01
2.147403945359250486e+02 7.653708059923238771e+00 4.792664355577566226e+01
2.147089472163757193e+02 7.765878420205521770e+00 4.798772233915232732e+01
2.146576286575048584e+02 7.894061326400065859e+00 4.825052618546489924e+01
2.145946102100614894e+02 8.187817258883248073e+00 4.831420494407989707e+01
2.146030498122240147e+02 8.270232346993520167e+00 4.835112046551937937e+01
2.146186702983781061e+02 8.450662374644050345e+00 4.841783252857909048e+01
2.145514630019396520e+02 8.521996615905244710e+00 4.850596343526886756e+01
2.146850315711278938e+02 8.657195328298460169e+00 4.886740126284511376e+01
2.147274565639057471e+02 9.047996368288556468e+00 4.899263340349139639e+01
2.147750815071602517e+02 9.385353472824068177e+00 4.970702818703313852e+01
2.148508109446576668e+02 9.690747389707398796e+00 5.010470059015310795e+01
2.149284181420494519e+02 9.684123643266890014e+00 5.027964178118938321e+01
2.147963146382732873e+02 9.638603441871982369e+00 5.017991415954768541e+01
2.148173620568693138e+02 9.432565721596303021e+00 5.006728983533490407e+01
2.149910238950105281e+02 9.660331806363748441e+00 5.014918905534233318e+01
2.153506871363129846e+02 9.931492715942388472e+00 5.055550740786596009e+01
2.154281498906359502e+02 1.018730139078040509e+01 5.087253930914943822e+01
2.153552474103421162e+02 1.042656101687920511e+01 5.099135405059634252e+01
2.152361025133093904e+02 1.066536667904750146e+01 5.085702199661590583e+01
2.150553423300730458e+02 1.111607032313978038e+01 5.063796376542445898e+01
2.150044777351326672e+02 1.130838595187982420e+01 5.074289133754281522e+01
2.149960381329701704e+02 1.136721555032809228e+01 5.061008625314679676e+01
2.150306425653089093e+02 1.140671041228178773e+01 5.060981800173331635e+01
2.149234245388139186e+02 1.142697371136147844e+01 5.049459370228220223e+01
2.149377037679006150e+02 1.151524906112005198e+01 5.067329041310717486e+01
2.148348396681936379e+02 1.154358053732821610e+01 5.066342701498081169e+01
2.149074532623498897e+02 1.146310511328463555e+01 5.055107094218150365e+01
2.149012422103916435e+02 1.134472370104411709e+01 5.043879740827865277e+01
2.149024802938384653e+02 1.128587346787173473e+01 5.038729313689076150e+01
2.149413561140687534e+02 1.107028187033139410e+01 5.072945813214477084e+01
2.149382815401758080e+02 1.092280549709050419e+01 5.105282489373117016e+01
2.148530601295860549e+02 1.092041186909331074e+01 5.088787090916594735e+01
2.148000288886137525e+02 1.081711444017993529e+01 5.078822582642069960e+01
2.147669926953076640e+02 1.074148817630308272e+01 5.075027856877553489e+01
2.147163757170566498e+02 1.070999958730551782e+01 5.092781973505014292e+01
2.147647641451033849e+02 1.041758491188972791e+01 5.148524617225867672e+01
2.149167801576492991e+02 1.035489662003219102e+01 5.164547480500185372e+01
2.150712104329165015e+02 1.046523048986835036e+01 5.204591226115307023e+01
2.151559572448516349e+02 1.055556931203829762e+01 5.222531055259791088e+01
2.150194998142874852e+02 1.100821262019726809e+01 5.189201848871280731e+01
2.148612108456109979e+02 1.139437084726177218e+01 5.174280879864636518e+01
2.147451611571953265e+02 1.157973257397548572e+01 5.165172712640831776e+01
2.145502661879410766e+02 1.170595518137922575e+01 5.131051132846354079e+01
2.147289216293178242e+02 1.170277743386570890e+01 5.143588791217861456e+01
2.147503198382237599e+02 1.172985019190293343e+01 5.167052536007593488e+01
2.146177830052412219e+02 1.184315546201147207e+01 5.151366018736329266e+01
2.146324955635343201e+02 1.185658866740951645e+01 5.160249267467293777e+01
2.146681730015269807e+02 1.183498411126243255e+01 5.167403326317526790e+01
2.146526969584416520e+02 1.178232429532417136e+01 5.159013247492880794e+01
2.145334076183401351e+02 1.188407411992901608e+01 5.134526020387107081e+01
2.144102802195534707e+02 1.216602699021914091e+01 5.111780363996533083e+01
2.145421567413643800e+02 1.231862077504023745e+01 5.122528991787379482e+01
2.146964013041145733e+02 1.232545086872188556e+01 5.144703066320003160e+01
2.147679831620651214e+02 1.241335479344641080e+01 5.151619825842928435e+01
2.149554702653625498e+02 1.208255953117906856e+01 5.162942098964136761e+01
2.150049316990631780e+02 1.209685939498988816e+01 5.182699847303041452e+01
2.150107094218150223e+02 1.193617679831620570e+01 5.195835912673847901e+01
2.149763938756138941e+02 1.203658536585365901e+01 5.208000082538896436e+01
2.150621311543064564e+02 1.201834426973711345e+01 5.215238743757996076e+01
2.150454170277743344e+02 1.233168255540423353e+01 5.228482109694193269e+01
2.150465313028764740e+02 1.262700672692006165e+01 5.240130411456399173e+01
2.151143576410383389e+02 1.263695266394288375e+01 5.230824150881102952e+01
2.149348974454211429e+02 1.270973133589203918e+01 5.206768189509305955e+01
2.147749989682637874e+02 1.267320787421072126e+01 5.193456728983533566e+01
2.147835623787709949e+02 1.249397466055878780e+01 5.185650612851306107e+01
2.147889480417646837e+02 1.239360736246956307e+01 5.190217077297676695e+01
2.146824315958895681e+02 1.245988609632289190e+01 5.179309562131154365e+01
2.147092361025133016e+02 1.261210845610994191e+01 5.198369856795014954e+01
2.146532540959927360e+02 1.278636870125046343e+01 5.211728777186249317e+01
2.146827411167512594e+02 1.262108456109941734e+01 5.248648425570549847e+01
2.147066567619990849e+02 1.262025917213486892e+01 5.261167512690355608e+01
2.147492674672939756e+02 1.265795881309066928e+01 5.271687095043539273e+01
2.149346910981800249e+02 1.267512690355330029e+01 5.305183442697371277e+01
2.148897693037844192e+02 1.269303784408402436e+01 5.328420205521852182e+01
2.149729066072386559e+02 1.240425488011225319e+01 5.362298295571788032e+01
2.150433948248112017e+02 1.209064834303165448e+01 5.383876026577524954e+01
2.152026742602451463e+02 1.187534563162890500e+01 5.372582642070075565e+01
2.152311089100738855e+02 1.184358879121786146e+01 5.384969666955552725e+01
2.152252899178737948e+02 1.184156658825471453e+01 5.379532417151582990e+01
2.151137179645908191e+02 1.212038298047955109e+01 5.359194833065082264e+01
2.150290330568280410e+02 1.242631340018983899e+01 5.330743675457058828e+01
2.150440138665346126e+02 1.248470966943171945e+01 5.341498493665140046e+01
2.150604391069291523e+02 1.248929057818496879e+01 5.321187734719986651e+01
2.150288886137592215e+02 1.265911435764103921e+01 5.315306838347571272e+01
2.151259130865420275e+02 1.265554455036936154e+01 5.310954975031983594e+01
2.150911642111344975e+02 1.261214972555816871e+01 5.303235524741034368e+01
2.149589781684618970e+02 1.255781849696669639e+01 5.281383351904585055e+01
2.145523296603524273e+02 1.256126449589369010e+01 5.218981882712228071e+01
2.139427180058602573e+02 1.260812595435599093e+01 5.181042878956708364e+01
2.136968965374933020e+02 1.254719161404812056e+01 5.180207172630102264e+01
2.140297759068961341e+02 1.249653336634889200e+01 5.211741158020717535e+01
2.142400850150633573e+02 1.247810655771532318e+01 5.228215921753125883e+01
2.142475135157442878e+02 1.245365440964054393e+01 5.243343238000908002e+01
2.141897156535017075e+02 1.257259295943213218e+01 5.219708225001031821e+01
2.141273987866782136e+02 1.262122900416821381e+01 5.245371631381288324e+01
2.142051710618628988e+02 1.260620692501341189e+01 5.252585530931451530e+01
2.141394701002847683e+02 1.255779786224258210e+01 5.262853369650447632e+01
2.139670669803144847e+02 1.248809376418637207e+01 5.258470554248689410e+01
2.139455243283397294e+02 1.255282489373117016e+01 5.264318435062523349e+01
2.141000577772275051e+02 1.232819528702901302e+01 5.225436424415005376e+01
