2.233575555615275050e+02 1.892082986213754126e+01 6.553451936255407873e+01
2.233857192765580066e+02 1.893042379941415021e+01 6.554723065760124712e+01
2.233791620757303065e+02 1.883762865819247168e+01 6.543986993093440674e+01
2.234156297868909746e+02 1.866969444519093813e+01 6.524318077987692277e+01
2.230865335519066832e+02 1.839316331192389242e+01 6.475864663674720134e+01
2.227344871140254270e+02 1.830160436430087856e+01 6.431006960307435349e+01
2.222650560318185455e+02 1.850882803472091709e+01 6.361600064497057616e+01
2.220529413345516048e+02 1.853672301201257611e+01 6.345943403832200147e+01
2.218753056891779352e+02 1.847537018623525285e+01 6.350342640617022028e+01
2.217862191287522649e+02 1.856786971594420876e+01 6.349877724328827355e+01
2.217093870092176928e+02 1.871137566848512535e+01 6.367031254199027046e+01
2.216921877939319074e+02 1.863024374512912829e+01 6.373876004407298979e+01
2.218901937599096925e+02 1.836811695466394312e+01 6.346545376367203062e+01
2.221249899223348052e+02 1.864609927172072901e+01 6.357082583107145979e+01
2.222048050307704727e+02 1.847012980032786089e+01 6.379610867754158932e+01
2.221890032517266320e+02 1.872873612641423335e+01 6.380392894574185192e+01
2.221132729569213495e+02 1.907172610249657296e+01 6.387810056166187422e+01
2.220756227997097767e+02 1.886315874338233201e+01 6.421445271559484524e+01
2.220094595684071805e+02 1.907312353873854605e+01 6.426736717637257357e+01
2.221154766063798434e+02 1.905525247910563991e+01 6.448316358066163900e+01
2.220523769853000431e+02 1.915175620112332311e+01 6.440173604579291577e+01
2.219537233613716296e+02 1.900150493133750729e+01 6.409360135443820639e+01
2.220316304318615437e+02 1.860855660960468683e+01 6.411773400338609008e+01
2.221045927279567991e+02 1.847550455510467415e+01 6.435142834108194165e+01
2.223902071967966378e+02 1.850165273709387037e+01 6.452132433957700641e+01
2.224408642605681052e+02 1.830875278815404172e+01 6.461342076267770551e+01
2.225362392840826544e+02 1.839851119292682213e+01 6.457501813979736482e+01
2.221736852006127094e+02 1.876877804950149198e+01 6.472220579936040963e+01
2.219554164091263431e+02 1.902120340759452688e+01 6.446421757007335884e+01
2.217970492596275278e+02 1.891674504850716332e+01 6.442839482948591012e+01
2.215976996049555225e+02 1.910021230281368432e+01 6.441562978689097463e+01
2.215481981134610692e+02 1.937228238961597526e+01 6.451264411061245596e+01
2.215172126521727307e+02 1.923447367713848166e+01 6.425151164978097995e+01
2.212547633764209536e+02 1.908400741716159033e+01 6.379414689204804745e+01
2.211381580715379869e+02 1.853599742011770601e+01 6.361621563516164457e+01
2.209388621644137345e+02 1.836048480288086893e+01 6.326349735293327115e+01
2.208208056757410418e+02 1.803044798581064612e+01 6.295985058181720717e+01
2.210035742119265763e+02 1.824100400419230894e+01 6.250283518314476794e+01
2.212131090269006393e+02 1.865029158044664115e+01 6.235207331165515399e+01
2.211066082609980867e+02 1.885496224234769258e+01 6.218029614898820512e+01
2.209104565854183022e+02 1.869041412485555398e+01 6.193112251753513675e+01
2.209300475665797876e+02 1.852339362016607893e+01 6.173373464835666624e+01
2.208307489720781405e+02 1.848026121308215153e+01 6.223227002767998783e+01
2.208106742629867654e+02 1.860788476525758384e+01 6.264327752546289929e+01
2.210037085807960011e+02 1.854166778640724544e+01 6.305729488592083243e+01
2.209814839697938851e+02 1.840144043428018605e+01 6.317411518099486756e+01
2.210779339442638047e+02 1.835446507753083623e+01 6.297557173953938303e+01
2.210554674692967012e+02 1.871978715971083673e+01 6.383005025395716103e+01
2.211353363252801500e+02 1.960232189406358216e+01 6.438480556824595169e+01
2.209942221386149299e+02 1.990524307328478315e+01 6.454061970922576563e+01
2.209915885087742993e+02 1.984821692510279334e+01 6.457883421568891436e+01
2.208520330009943393e+02 2.008408803848324453e+01 6.458184407836392893e+01
2.210234070570530207e+02 2.034565047969686447e+01 6.437892021176533319e+01
2.210340490715111059e+02 2.040418155921636156e+01 6.422326731342882056e+01
2.211879283007712900e+02 2.037623283437693189e+01 6.409032275402434209e+01
2.211556797721104033e+02 2.021458708446427011e+01 6.400459541533417962e+01
2.211522399290532235e+02 1.999462524522318674e+01 6.379678052188869231e+01
2.210518395098223721e+02 1.973115476606379914e+01 6.402485824084276089e+01
2.209905673053666817e+02 1.917188465776249018e+01 6.449778291365456084e+01
2.211876326892585496e+02 1.880744941012066462e+01 6.470145924592191022e+01
2.212162801322189694e+02 1.846394883233452333e+01 6.449227379000832627e+01
2.211554379081454442e+02 1.832235091773937796e+01 6.428048157802800233e+01
2.207036091478326227e+02 1.922420789551476616e+01 6.334242562683077438e+01
2.203801832791378956e+02 1.962642766923758941e+01 6.280871247749321640e+01
2.202429120421380730e+02 2.005205450001343692e+01 6.250751121980059821e+01
2.201762650829055872e+02 2.032869312837601683e+01 6.237290048641530404e+01
2.201788449651984649e+02 2.048491037596409825e+01 6.237978017252962815e+01
2.205369111284297787e+02 1.963276987987423183e+01 6.315616350004030721e+01
2.207952218430034179e+02 1.917419580231651821e+01 6.390282443363521736e+01
2.208919943027599402e+02 1.903496277982317153e+01 6.445199000295610858e+01
2.210135981295853469e+02 1.896401601676923576e+01 6.488043857998978581e+01
2.212311413291768645e+02 1.899234097444304226e+01 6.502544946386821323e+01
2.211803498965359722e+02 1.936787509069898761e+01 6.496664964660986641e+01
2.212789497729166044e+02 2.008183064147698360e+01 6.492115234742415453e+01
2.211060976592943064e+02 2.003512402246647639e+01 6.464123511864771388e+01
2.210466528714627259e+02 1.988683453817419533e+01 6.443315148746339105e+01
2.208385961140523079e+02 2.016935852301738663e+01 6.430458735320200958e+01
2.205743194216763925e+02 2.094442503560775037e+01 6.367695036413963550e+01
2.205403240977130395e+02 2.169310150224395883e+01 6.333893203622584878e+01
2.203182929778828907e+02 2.231127892289914172e+01 6.321606514202789384e+01
2.204285560721291972e+02 2.274230738222568604e+01 6.349396683776302552e+01
2.203800489102684708e+02 2.312214130230308129e+01 6.356445674666093026e+01
2.208545591357394358e+02 2.272416758485394084e+01 6.386826476042030265e+01
2.213329391846496890e+02 2.232568326570100226e+01 6.427507994947730197e+01
2.214108193813657124e+02 2.215452419983338217e+01 6.430641476982613369e+01
2.215357018086049834e+02 2.175520679369003929e+01 6.420335384698073256e+01
2.215529547714385501e+02 2.141487732122222098e+01 6.397750665125903424e+01
2.210317916745048592e+02 2.200300986267501457e+01 6.461745182876030924e+01
2.206836956813845347e+02 2.241952648410416415e+01 6.492588213162774480e+01
2.204280454704254169e+02 2.231345569858375200e+01 6.491252586600735697e+01
2.203913896428475425e+02 2.247262906129907734e+01 6.512786541614039493e+01
2.203313536319905381e+02 2.312367310741447568e+01 6.593042379941415732e+01
2.205076187148961253e+02 2.364945849345623685e+01 6.635349762167101062e+01
2.206387627314503845e+02 2.329574588159415072e+01 6.635723307624090239e+01
2.207844454596759078e+02 2.292322162801322349e+01 6.628972615624411446e+01
2.206453736798258660e+02 2.271543360834161973e+01 6.629402596006556792e+01
2.206776490822606149e+02 2.304434172690870852e+01 6.633812582300932092e+01
2.210961006154094264e+02 2.306901185133428456e+01 6.698126897960280246e+01
2.213886485179113777e+02 2.308889844400849256e+01 6.734540861573191250e+01
2.214234500550912230e+02 2.279342130015318091e+01 6.729773454086156903e+01
2.214027035016527236e+02 2.250538819166375504e+01 6.707156485985326810e+01
2.213102308457176548e+02 2.251546585687027857e+01 6.704272930047567058e+01
2.210432667759533558e+02 2.275829727768670452e+01 6.698645561796243442e+01
2.210624815242804573e+02 2.298003278600413779e+01 6.670051866383596462e+01
2.208293515358361674e+02 2.313896428475450762e+01 6.673811507349977035e+01
2.207397274999328260e+02 2.304606164843729132e+01 6.653825481712397050e+01
2.207400499852194287e+02 2.288989814839698056e+01 6.637811399854881245e+01
2.207906801752170054e+02 2.294859047055977896e+01 6.666461530192684393e+01
2.208290559243234554e+02 2.322396603154981065e+01 6.718282228373330156e+01
2.210050253957163306e+02 2.330230308242186510e+01 6.790070140549836708e+01
2.211596302168713635e+02 2.366370159361479253e+01 6.814837010561393527e+01
2.212087017279836516e+02 2.382088629706269600e+01 6.825793448173926947e+01
2.213382333181048693e+02 2.414699954314584573e+01 6.783921421085163672e+01
2.213505146327698867e+02 2.445405928354518821e+01 6.751535836177474437e+01
2.214340920695493367e+02 2.446290075515304707e+01 6.716280132218967935e+01
2.212992932197468576e+02 2.413272956921340295e+01 6.678439171212814074e+01
2.210870710273843827e+02 2.392491467576791919e+01 6.622705651554647943e+01
2.211482357367445104e+02 2.332071161753244937e+01 6.637964580366021039e+01
2.212376179086829211e+02 2.303547338152696611e+01 6.636362903442530126e+01
2.212122759399102279e+02 2.286804977022923424e+01 6.653621241030877798e+01
2.210776114589771737e+02 2.282730912902098908e+01 6.645553734110880839e+01
2.210409287576254371e+02 2.226887210771008441e+01 6.636397839348579453e+01
2.206270726398108195e+02 2.228886619547983017e+01 6.560089758404772908e+01
2.202510010480771712e+02 2.266574400042998150e+01 6.529945446239015894e+01
2.200974711778775088e+02 2.308776974550536210e+01 6.542766923759103292e+01
2.199163150681250158e+02 2.335801241568353603e+01 6.539531321383461204e+01
2.198080675069199970e+02 2.399798446695869458e+01 6.590561930611916353e+01
2.201094300072559236e+02 2.398285453226196395e+01 6.605205450001344047e+01
2.204002042406815178e+02 2.385963827900351930e+01 6.610400150493133253e+01
2.205581951573459492e+02 2.374096369353148361e+01 6.621106662008546095e+01
2.206798796054929994e+02 2.387490258256967124e+01 6.644852328612506653e+01
2.205318051113918045e+02 2.379925290908602165e+01 6.636099540458467061e+01
2.203464029453656110e+02 2.308274434978904210e+01 6.670081427534869078e+01
2.201352825777323972e+02 2.227900352046437860e+01 6.638905162451963804e+01
2.199364166509903100e+02 2.168732364085888520e+01 6.606546451318158120e+01
2.199897073446024081e+02 2.138856789658971636e+01 6.602754561823117285e+01
2.199670258794442645e+02 2.166012738168820917e+01 6.641896213485259182e+01
2.199426244927575169e+02 2.253570180860498340e+01 6.680349896535970800e+01
2.199333261669936235e+02 2.300319797909220298e+01 6.694888608207250513e+01
2.198141678535916697e+02 2.301370562468087400e+01 6.709290263631721984e+01
2.198067238182258052e+02 2.312762355217543231e+01 6.707554217838810473e+01
2.197619789847088327e+02 2.310792507591841272e+01 6.689793340678831157e+01
2.196691569697132707e+02 2.315987208083631188e+01 6.602351455214855491e+01
2.195193625540834717e+02 2.326083684931874984e+01 6.561801617801188513e+01
2.195397597484614778e+02 2.318932573701324884e+01 6.542143452204993537e+01
2.193312730106688946e+02 2.296396226922146511e+01 6.495436833194484905e+01
2.192541721533955013e+02 2.274959017494826696e+01 6.442030582354679780e+01
2.194124049340248916e+02 2.214022735212705939e+01 6.511714278036065195e+01
2.194749939534008831e+02 2.188412028701190337e+01 6.521297465803122861e+01
2.193733304667974551e+02 2.185130740909945857e+01 6.543943995055225571e+01
2.195576308080943875e+02 2.186823788664642265e+01 6.594649431619681934e+01
2.196605304882964731e+02 2.159912391497137918e+01 6.604151998065088947e+01
2.197381688210475374e+02 2.219488860820725051e+01 6.598680497702292769e+01
2.197149498804116945e+02 2.258101099137351753e+01 6.597237376044718360e+01
2.198291902931928803e+02 2.279197011636344072e+01 6.605054956867593319e+01
2.198806535701808684e+02 2.312498992233479456e+01 6.603023299561957060e+01
2.199420063959581739e+02 2.315898524629813693e+01 6.618051113917927353e+01
2.198717314772513589e+02 2.328185214049608831e+01 6.588928005159765178e+01
2.195710676950364189e+02 2.330477546961919799e+01 6.553269194592996882e+01
2.193656714412404938e+02 2.331684179409314339e+01 6.527585928891994627e+01
2.192854263524226610e+02 2.357466878073687866e+01 6.523522614280723531e+01
2.192271640106420136e+02 2.349345623605923095e+01 6.502816371503050163e+01
2.191893794845610159e+02 2.292418908387304910e+01 6.516261320577248739e+01
2.193978930961274898e+02 2.248644218107548909e+01 6.569925559646341640e+01
2.198052457606621601e+02 2.272142645991776533e+01 6.602862056918652911e+01
2.201178683722555149e+02 2.300292924135336392e+01 6.660011824460508478e+01
2.201819891967429044e+02 2.305925667141436719e+01 6.682198812179194647e+01
2.200955900137056176e+02 2.318212356561231857e+01 6.662236972938109147e+01
2.199186799602268252e+02 2.369621886001451116e+01 6.645322619655478036e+01
2.198081750020155312e+02 2.411461664561554485e+01 6.636247346214828724e+01
2.197672999919378753e+02 2.421542017145467796e+01 6.652374297922656865e+01
2.197648544785144225e+02 2.420082771223562901e+01 6.657568998414447492e+01
2.197589153744860369e+02 2.401150197522238017e+01 6.643215715782967834e+01
2.197023460804600745e+02 2.382967402112278776e+01 6.608269060224127145e+01
2.198367149498804167e+02 2.360350434011448328e+01 6.599392652710220375e+01
2.198699040606272206e+02 2.339886055198731540e+01 6.573671763725779726e+01
2.197883959044368680e+02 2.326521727446185395e+01 6.563352234554298548e+01
2.199264196071054300e+02 2.322350917739378318e+01 6.581360350434010797e+01
2.198148396979387940e+02 2.312378060251000989e+01 6.601598989546101848e+01
2.198653623928408365e+02 2.329311225175351296e+01 6.624224019779097716e+01
2.200436430087877113e+02 2.320004837279299181e+01 6.636465023783290462e+01
2.199193786783478117e+02 2.330243745129128641e+01 6.628636693450860662e+01
2.198933111176802697e+02 2.337075058450458087e+01 6.614699954314583863e+01
2.198464701298003376e+02 2.343320523501115105e+01 6.607051678267178829e+01
2.199088979065330136e+02 2.354311897019698563e+01 6.612544677649081848e+01
2.198754400580473600e+02 2.368423315686221642e+01 6.603243664507806443e+01
2.199519765660691633e+02 2.392354411329982966e+01 6.600502539571631644e+01
2.196001182446050848e+02 2.386450243207653799e+01 6.631168202950740920e+01
2.194412404934024892e+02 2.367407487033404223e+01 6.630195372336136472e+01
2.193884604014941715e+02 2.358211281610276444e+01 6.643097471177877367e+01
2.193472360323560224e+02 2.354556448362043497e+01 6.635118647711698259e+01
2.193260326247614955e+02 2.366587836929939925e+01 6.633799145413991027e+01
2.193035661497944204e+02 2.373929751955067147e+01 6.641296928327645333e+01
2.195074843460267005e+02 2.416731611620219766e+01 6.675101448496411649e+01
2.196680820187579002e+02 2.450106151406842159e+01 6.686286313186960228e+01
2.195642148826959783e+02 2.477740453091827533e+01 6.701934911719652632e+01
2.195968127704173583e+02 2.508314745639730248e+01 6.740646582999650605e+01
2.197199215285802723e+02 2.446456692913385922e+01 6.749482679852731337e+01
2.195879981725833829e+02 2.340176291956679577e+01 6.735564752358173735e+01
2.195798822928703942e+02 2.286020262825508453e+01 6.724143398457445642e+01
2.195083174330171119e+02 2.261191583134019467e+01 6.705756362365967505e+01
2.193458117223401587e+02 2.248351293972212517e+01 6.682690602241272870e+01
2.190862916879417241e+02 2.243686006825938506e+01 6.676463948832333983e+01
2.190793851280535307e+02 2.258375211630969304e+01 6.673303593023568681e+01
2.189737711966891425e+02 2.265829996506409572e+01 6.671809411195614814e+01
2.189233291231087719e+02 2.246239015344924894e+01 6.676055467469296900e+01
2.190373276719249702e+02 2.257663056623041697e+01 6.689658971809410559e+01
2.193478810029292276e+02 2.269167719222810575e+01 6.651232162532583914e+01
2.193955282040256805e+02 2.267633226734030316e+01 6.636147913251457453e+01
2.196105990164198829e+02 2.272975732982182606e+01 6.621808067506920281e+01
2.196178280615946790e+02 2.280734191502512687e+01 6.627104888339469824e+01
2.197061352825777192e+02 2.283211953454623711e+01 6.631947542393378114e+01
2.196095778130122937e+02 2.298427884227782059e+01 6.588444277229851309e+01
2.193795651823385526e+02 2.335027276880492408e+01 6.556133938889038859e+01
2.190987342452500570e+02 2.380355271290747510e+01 6.558512267877777902e+01
2.190007524656687679e+02 2.399911316546182505e+01 6.567958399398027325e+01
2.190452016876729999e+02 2.400978205369380092e+01 6.571863158743381916e+01
2.188505549434306943e+02 2.419709225766574434e+01 6.531063395232592939e+01
2.188755744269167849e+02 2.457345946091209754e+01 6.563973018731020659e+01
2.191292628523823680e+02 2.500110182472924691e+01 6.595125097417430027e+01
2.190195909811614854e+02 2.506226653408938176e+01 6.593797532987557020e+01
2.189321974684905001e+02 2.489933084303028821e+01 6.585399478648785987e+01
2.191358469269839588e+02 2.474881083550562977e+01 6.602837870522157004e+01
2.191426997393243994e+02 2.478654161403886036e+01 6.627067265056031431e+01
2.190849479992475324e+02 2.442769611136492003e+01 6.598954610195909254e+01
2.190853242320819163e+02 2.411617532450081924e+01 6.588188976377952599e+01
2.191165784311090761e+02 2.414896132863938050e+01 6.589796028056220223e+01
2.193493590604928727e+02 2.416573056354303972e+01 6.632439332455456338e+01
2.194820348821585014e+02 2.402426701781731211e+01 6.641468920480502902e+01
2.196501840853510998e+02 2.407481658649324174e+01 6.666071860471366506e+01
2.196433581467845499e+02 2.413259520034398520e+01 6.661274891833059542e+01
2.195952003439843168e+02 2.405175888850071075e+01 6.665031845422052470e+01
2.194234231813173608e+02 2.398134960092445667e+01 6.713985111929268612e+01
2.191825535459944660e+02 2.451952379672677296e+01 6.723708043320523586e+01
2.191380505764424527e+02 2.499742011770712935e+01 6.752938647174222808e+01
2.188417940931445003e+02 2.490884415898524651e+01 6.750181397973717878e+01
2.187166429281664080e+02 2.461554379081454513e+01 6.724248206175593623e+01
2.188021015291177207e+02 2.410682325118916580e+01 6.756563919271182783e+01
2.189163688156727972e+02 2.418894950417887202e+01 6.739429201042702289e+01
2.189883636559081879e+02 2.434761226519039923e+01 6.765717126656096525e+01
2.191405767111875491e+02 2.435897987154336164e+01 6.805089892773642646e+01
2.190373276719249702e+02 2.462043481766144382e+01 6.824221332401708651e+01
2.190553331004273048e+02 2.449289188680766571e+01 6.794152266802827000e+01
2.191419741474295222e+02 2.451060170379726344e+01 6.759063180242401359e+01
2.192054500013436780e+02 2.453543307086614078e+01 6.732468893606728955e+01
2.190622665340893889e+02 2.409188143290962358e+01 6.697006261589315557e+01
2.191060439117465251e+02 2.415038563865523713e+01 6.680441267367176295e+01
2.189535621187283425e+02 2.460323560237564067e+01 6.634497863534976148e+01
2.189871005885356396e+02 2.506699631829297914e+01 6.616538120448254290e+01
2.192213324017091622e+02 2.528617881809142531e+01 6.623014699954315176e+01
2.193572868237886553e+02 2.545983714493026184e+01 6.628023971406304327e+01
2.194903388782886680e+02 2.574969767004380472e+01 6.637617908682916834e+01
2.193837843648383625e+02 2.590720485877831791e+01 6.758407460159629920e+01
2.193382064443309787e+02 2.598005965977802134e+01 6.815473919002445768e+01
2.191853215447045216e+02 2.548313670688774835e+01 6.817373894816049074e+01
2.189907822955577785e+02 2.496014619332992979e+01 6.817209964795355859e+01
2.189045712289376695e+02 2.469869124721184761e+01 6.784055789954582849e+01
2.188995727069952295e+02 2.421891376205960711e+01 6.745932654322646727e+01
2.190994329633710436e+02 2.398551503587648881e+01 6.738383811238611543e+01
2.192366504528230848e+02 2.422751336970250691e+01 6.771752976270457225e+01
2.193227808981215219e+02 2.460062884630888647e+01 6.821168471688478974e+01
2.193050979549058184e+02 2.466297600171992244e+01 6.831469189218242377e+01
2.190045147940125219e+02 2.534210314154416821e+01 6.831321383461879293e+01
2.188677272849426174e+02 2.576587568192201161e+01 6.807978823466179108e+01
2.186717637257800106e+02 2.560095133159549619e+01 6.771430490983848927e+01
2.185316707425223797e+02 2.556252183494127905e+01 6.746607186047135940e+01
2.184316196823519931e+02 2.557703367283867735e+01 6.743175405122141797e+01
2.186348122866894244e+02 2.525941253930289321e+01 6.699129289726155889e+01
2.187706054661256019e+02 2.482599231410067020e+01 6.664733546531940078e+01
2.187757652307113574e+02 2.455112735481443664e+01 6.609728306146031684e+01
2.188126629222541624e+02 2.427763295799629262e+01 6.595108973153099896e+01
2.188424121899438433e+02 2.431552497917282452e+01 6.587799306656633291e+01
2.188834484426648146e+02 2.417747440273037540e+01 6.615981833328854123e+01
2.187407218295665245e+02 2.421692510279218524e+01 6.621284028916180375e+01
2.184249549864287303e+02 2.419894654806374490e+01 6.626639972051275151e+01
2.184797774851522263e+02 2.412636048480288053e+01 6.629644459971514436e+01
2.185145252747843472e+02 2.474832710757571519e+01 6.654150654376394414e+01
2.186580312273252673e+02 2.491263336110289828e+01 6.729182231060707409e+01
2.188072612937034762e+02 2.509870737147617703e+01 6.794402192899949000e+01
2.189055924323452871e+02 2.505538684797506122e+01 6.812009889548789943e+01
2.189390502808309407e+02 2.474953642740049986e+01 6.813184273467523155e+01
2.188246754991803584e+02 2.438760044072989075e+01 6.783945607481658158e+01
2.186320711617532311e+02 2.457192765580070315e+01 6.640431592808577932e+01
2.184282873343903759e+02 2.439055655585713822e+01 6.560253688425466123e+01
2.181976297331434296e+02 2.417836123726855035e+01 6.489707344602402372e+01
2.180171454677380325e+02 2.407876703125419837e+01 6.463263551100480697e+01
2.179598505818171930e+02 2.433301980597135383e+01 6.475184757195452789e+01
2.181170352852651035e+02 2.412009889548789232e+01 6.494611808336244962e+01
2.181997527612802799e+02 2.402445513423450052e+01 6.510832818252667664e+01
2.180977130418424679e+02 2.389073123538738486e+01 6.520854048534035030e+01
2.183357878046814164e+02 2.391819623229689995e+01 6.543653758297277534e+01
2.184793475047700895e+02 2.412781166859262072e+01 6.565373142350379965e+01
2.183692187793931794e+02 2.419754911182177182e+01 6.600115557227701402e+01
2.181734970841955317e+02 2.441194807986885706e+01 6.620402569132782844e+01
2.180065303270538379e+02 2.425473650264706649e+01 6.626766278788529974e+01
2.178911343419956381e+02 2.430066378221493650e+01 6.623565612318938634e+01
2.176211872833301868e+02 2.419642041331864135e+01 6.598124210582892601e+01
2.180107763833275101e+02 2.345999838757356670e+01 6.556778909462255456e+01
2.183818225793448278e+02 2.317465265647254924e+01 6.557942543871435248e+01
2.186047674074870315e+02 2.303877885571470685e+01 6.560683668807610047e+01
2.186033968450189491e+02 2.254387143586573927e+01 6.534092069549326709e+01
2.185604525543521959e+02 2.208967778345112976e+01 6.483483378570852551e+01
2.177309397758727130e+02 2.174843460267125295e+01 6.475421246405632303e+01
2.174085619843594657e+02 2.166689957270699551e+01 6.439149713794307672e+01
2.172138614925694071e+02 2.160154255462094497e+01 6.432073849130632937e+01
2.173209803552713026e+02 2.176162962564832881e+01 6.462814759076617577e+01
2.171938405310257849e+02 2.216968100830399635e+01 6.488608207250544524e+01
2.172865550509258128e+02 2.234565047969686447e+01 6.509639622692215255e+01
2.173611297734540813e+02 2.242044019241622266e+01 6.509835801241568731e+01
2.172621805380129558e+02 2.244645400553599757e+01 6.530039504447609033e+01
2.171809411195614246e+02 2.252634973529332640e+01 6.542525059794147069e+01
2.170843030286743272e+02 2.264956598855177106e+01 6.547684824379888369e+01
2.170370320604122298e+02 2.270170110988686218e+01 6.504074064120824517e+01
2.171511649780978814e+02 2.262887318266104231e+01 6.485662841632850473e+01
2.172331031146703992e+02 2.254739190024455198e+01 6.446730805407003118e+01
2.173388782886780746e+02 2.249907285480099972e+01 6.440942194512375352e+01
2.172627180134906268e+02 2.262422401977909914e+01 6.433420225202225140e+01
2.172946978044126638e+02 2.232673134288248207e+01 6.459880142968476946e+01
2.173642202574507678e+02 2.217653382064443335e+01 6.450189460105882233e+01
2.174062239660315470e+02 2.197449678858401967e+01 6.462414339845744848e+01
2.174138561178146176e+02 2.192897261562441358e+01 6.469154282335868800e+01
2.174419660852973664e+02 2.187777807637526450e+01 6.461196957888796533e+01
2.173791889495041687e+02 2.167477358845502522e+01 6.479976351078981622e+01
2.174749133320792112e+02 2.177318534841847963e+01 6.483335572814490888e+01
2.174007685899330795e+02 2.178764343876810727e+01 6.496146300825024866e+01
2.171244524468571058e+02 2.189218241917712504e+01 6.520330009943296545e+01
2.169224691623444699e+02 2.197645857407755798e+01 6.516234446803365188e+01
2.165663110370589379e+02 2.236075354061970799e+01 6.479465749375184203e+01
2.163525839133589557e+02 2.210440461153960001e+01 6.401341001316815493e+01
2.162127596678401460e+02 2.196879954852060024e+01 6.368815672784928950e+01
2.161914487651500849e+02 2.207989572975732884e+01 6.359407164548117208e+01
2.160128994114643604e+02 2.204498669748192796e+01 6.339488323345247522e+01
2.157650425949316002e+02 2.207083926795839801e+01 6.348195426083685078e+01
2.158329257477627721e+02 2.203181854827873565e+01 6.354892370535594637e+01
2.157311010185160285e+02 2.195119722662653672e+01 6.353594367256994246e+01
2.157229045174813962e+02 2.191206901185133304e+01 6.364069764317002864e+01
2.155512348499099744e+02 2.168490500120931941e+01 6.365744000429980076e+01
2.153801564053640050e+02 2.155545403240977009e+01 6.321856440299911384e+01
2.154545430114750957e+02 2.115608287871866011e+01 6.282714788637768066e+01
2.155260003762328438e+02 2.068243261401198652e+01 6.247381150734997846e+01
2.154481201795168204e+02 2.065469887936362881e+01 6.217524387949799802e+01
2.153893203622584736e+02 2.042627180134906340e+01 6.209803552712907759e+01
2.152699739324393420e+02 2.030184622826583407e+01 6.209916422563220806e+01
2.151499825320469768e+02 2.010838193007444019e+01 6.189903523151755849e+01
2.150733385289296109e+02 2.003950444760957694e+01 6.175835102523447517e+01
2.150056434925156452e+02 1.998798742307382170e+01 6.168044395474456820e+01
2.149198355325038392e+02 1.966910322216548934e+01 6.167224745370992167e+01
2.150198597189003351e+02 1.982738975034263973e+01 6.144661524817929887e+01
2.149117734003386033e+02 1.997258875063825201e+01 6.126301362500336012e+01
2.147143855311601328e+02 2.002859369541264556e+01 6.097054634382306659e+01
2.146309693370239984e+02 1.996084491145091633e+01 6.079750611378355529e+01
2.145598075837789906e+02 1.999903254414017439e+01 6.076969175781354693e+01
2.147788557147080155e+02 1.999771572921985552e+01 6.100798151084357102e+01
2.146916771922280986e+02 1.966125608019133963e+01 6.096933702399827837e+01
2.147306441643600010e+02 1.898562253097202301e+01 6.037951143479078553e+01
2.147957055709333360e+02 1.844822767461234747e+01 6.010298030152374338e+01
2.147352395796941664e+02 1.788930692537152822e+01 5.978788530273306634e+01
2.148147053290693691e+02 1.788833946951170262e+01 5.946174518287602950e+01
2.149240547150036207e+02 1.774856897154067426e+01 5.931103705893418265e+01
2.150355002553008603e+02 1.766593211684716991e+01 5.933307355351912094e+01
2.150977667893902208e+02 1.801480744941012091e+01 5.963446292762892398e+01
2.150898121523205475e+02 1.799142726613098375e+01 5.962497648544785278e+01
2.147634570422724494e+02 1.814474214613958125e+01 5.948190051328908368e+01
2.143325629518153335e+02 1.823466179355567007e+01 5.914033484722259715e+01
2.141164978097874325e+02 1.820467066190105143e+01 5.904544355163795899e+01
2.140776652065249550e+02 1.814501088387842387e+01 5.889994893982962054e+01
2.138607401037327804e+02 1.792469968557684723e+01 5.873357340571336493e+01
2.143721480207465504e+02 1.768759237859772782e+01 5.912426433043992091e+01
2.144567735347074802e+02 1.783287200021499075e+01 5.952161995108973258e+01
2.145737281986509402e+02 1.805861170084114775e+01 5.994826798527316924e+01
2.145718201607051583e+02 1.829843325898255912e+01 6.000655720082771438e+01
2.145327188197038595e+02 1.825857945231248891e+01 6.010212034075945553e+01
2.147083120582623508e+02 1.817922119803283820e+01 6.038837978017252794e+01
2.149239203461341958e+02 1.828437827524119186e+01 6.087549380559512002e+01
2.151008572733869073e+02 1.841377549649297407e+01 6.123388245411302933e+01
2.152243422643841768e+02 1.833936201660799270e+01 6.102440138668673342e+01
2.152826046061648526e+02 1.839625379592056120e+01 6.118518717583510380e+01
2.150777189540727079e+02 1.913028405578995361e+01 6.146042836795571418e+01
2.147505845045819797e+02 1.951887882615355707e+01 6.181137298110773770e+01
2.145327994410255030e+02 1.982010695762005881e+01 6.183050710811319561e+01
2.143342559995700185e+02 1.981779581306602722e+01 6.176531133267044993e+01
2.142859638279003605e+02 1.950944613152024942e+01 6.140783639246459558e+01
2.142784929187605769e+02 1.926199242159576386e+01 6.058450458197845023e+01
2.141653812044825429e+02 1.916083953669613749e+01 5.992776329579962891e+01
2.139119883905296717e+02 1.906086909784741223e+01 5.964059014807449444e+01
2.138970196984762708e+02 1.900784714197414615e+01 5.939552820402569466e+01
2.137554486576549948e+02 1.899489398296202580e+01 5.927997097632420775e+01
2.134466152481793131e+02 1.795818440783639147e+01 5.917223401682298345e+01
2.134045040445029713e+02 1.705581682835720514e+01 5.886839912928972751e+01
2.131420547687511657e+02 1.638117760877160123e+01 5.850818306414770120e+01
2.129731530998898279e+02 1.578635349762167017e+01 5.820096208110504676e+01
2.131702991051033393e+02 1.571411679342130086e+01 5.820292386659858863e+01
2.133587648813523003e+02 1.583418881513530962e+01 5.854510762946440394e+01
2.134934562360592167e+02 1.602348767837467491e+01 5.875802853994786545e+01
2.135785386041761740e+02 1.616664427185509822e+01 5.880484265405390687e+01
2.135948509849238235e+02 1.621520518126360599e+01 5.900725591894870092e+01
2.134458896562844359e+02 1.638684797506113711e+01 5.904985085055494665e+01
2.128855983445755271e+02 1.721585015183682188e+01 5.799709763242051963e+01
2.126047136599392786e+02 1.769595012227567210e+01 5.763360296686463613e+01
2.123534438741232293e+02 1.786931283760178601e+01 5.728529198355325036e+01
2.120489640160167824e+02 1.799027169385396618e+01 5.668807610652763884e+01
2.120389132245841211e+02 1.809209642310069555e+01 5.651449840101045652e+01
2.120304748595845297e+02 1.757155142296632633e+01 5.689951895944747662e+01
2.121162559458224734e+02 1.702249334874096220e+01 5.704721722071430179e+01
2.122403321598451953e+02 1.681991884120287040e+01 5.708258310714573724e+01
2.122945634355432674e+02 1.665658004353551291e+01 5.729203730079814960e+01
2.122546827550993100e+02 1.656429550401762896e+01 5.749189755717395656e+01
2.122042406815189111e+02 1.646257826986643735e+01 5.707702023595173557e+01
2.123659670527532057e+02 1.621856440299911384e+01 5.694396818145172290e+01
2.123958506893123115e+02 1.610354465077530861e+01 5.665572008277122507e+01
2.123306011663217987e+02 1.591857246513127855e+01 5.630775845852033257e+01
2.124250893552981552e+02 1.595866813576630605e+01 5.630923651608395630e+01
2.122376716562306740e+02 1.590406062723388203e+01 5.679051893257370409e+01
2.120826368546935043e+02 1.602152589288113660e+01 5.687901426997392917e+01
2.122207143049098477e+02 1.586025637580285341e+01 5.702539571632044613e+01
2.122656472548439979e+02 1.574120555749643913e+01 5.685101179758673595e+01
2.121169546639434600e+02 1.576614441966085245e+01 5.679317943618822540e+01
2.118770524844804015e+02 1.578205369380022027e+01 5.655617962430464019e+01
2.117708742038644516e+02 1.581013678750906948e+01 5.648896831582059264e+01
2.118727258068850574e+02 1.580978742844857621e+01 5.656182311682029251e+01
2.118558759506597653e+02 1.614321034102819041e+01 5.656864905538684951e+01
2.119297788288409379e+02 1.619029319287307445e+01 5.674899895192282173e+01
2.119091397704979727e+02 1.619212060949719145e+01 5.670234608046008162e+01
2.118781543092096342e+02 1.622133240170917290e+01 5.662035419633978961e+01
2.119722393915777729e+02 1.634642981913950166e+01 5.716599930128187879e+01
2.119359060492865012e+02 1.665760124694310917e+01 5.731453064953911536e+01
2.120192684958748828e+02 1.692359786084760032e+01 5.760326247614952422e+01
2.123621509768616704e+02 1.706326086372309092e+01 5.802316519308806875e+01
2.124437397543736950e+02 1.677213727123699982e+01 5.791833060116632481e+01
2.125115422858831948e+02 1.652043750503883146e+01 5.793141812904786292e+01
2.124683830050254016e+02 1.626451855634086741e+01 5.778944398161834073e+01
2.125288758700384335e+02 1.618798204831904641e+01 5.768369568138453474e+01
2.125974846147644541e+02 1.629746580312273352e+01 5.740302598693934755e+01
2.127005455376098553e+02 1.629932009352073408e+01 5.737822149364435376e+01
2.127304291741689326e+02 1.626685657466877899e+01 5.755867888527586018e+01
2.127696111364919034e+02 1.655967321490956934e+01 5.762516460186503764e+01
2.126397839348579737e+02 1.669194592996694482e+01 5.767974523662358166e+01
2.122572895111660500e+02 1.681285103867136144e+01 5.763451667517669819e+01
2.121385074305984801e+02 1.687581629088172974e+01 5.769444519093816126e+01
2.119275483056085534e+02 1.698008653355190845e+01 5.749313375077262123e+01
2.117703098546128899e+02 1.702749187068339864e+01 5.744140173604579047e+01
2.119353954475826924e+02 1.706917309397758586e+01 5.761293703474778738e+01
2.116199242159576386e+02 1.740477278224181035e+01 5.734610733385289194e+01
2.115605331756738678e+02 1.742326193867404882e+01 5.703351159603342779e+01
2.116260783101770926e+02 1.749721856440299916e+01 5.701260379995162708e+01
2.117294079707613434e+02 1.744355163795651720e+01 5.704662599768885656e+01
2.116944720647120448e+02 1.734911719652791007e+01 5.699161538254816861e+01
2.123457311010185151e+02 1.644994759614092672e+01 5.736548332482330181e+01
2.126479266883448531e+02 1.602356829969632557e+01 5.776735373948563534e+01
2.127814087232270026e+02 1.600884147160785886e+01 5.805310257719491318e+01
2.127983392007739667e+02 1.583389320362258523e+01 5.827862728763000177e+01
2.128298352637660855e+02 1.568700115557227726e+01 5.822485286608798560e+01
2.126514740264975387e+02 1.655513154712316393e+01 5.787382763161430432e+01
2.124494907419849028e+02 1.727384375587863730e+01 5.810298030152374338e+01
2.124247131224637997e+02 1.777528150278143571e+01 5.811123055010614991e+01
2.123772540377845246e+02 1.788487275268066057e+01 5.810292655397597628e+01
2.122878718658461139e+02 1.807650963424793744e+01 5.798594501625863273e+01
2.122978689097309939e+02 1.802757249200505285e+01 5.797667356426862995e+01
2.121818548278734795e+02 1.791416516621429267e+01 5.803036736448899546e+01
2.122900755153046077e+02 1.791760500927145117e+01 5.808457176641315556e+01
2.123534707478971200e+02 1.786541614038859649e+01 5.826258364462121619e+01
2.125573620703555378e+02 1.798395635699121087e+01 5.831711053183198601e+01
2.128939560882534749e+02 1.768181451721265063e+01 5.881903200666469900e+01
2.131550348015371696e+02 1.769979307194109097e+01 5.913213834618795772e+01
2.134669586950095379e+02 1.757714116793421155e+01 5.935470694149579174e+01
2.136151138104324048e+02 1.756657977479777344e+01 5.945661229206417175e+01
2.135204643788127044e+02 1.788283034586547160e+01 5.982349305312945376e+01
2.134709091397704981e+02 1.787947112412996020e+01 5.978562790572679830e+01
2.134010373276719292e+02 1.766990943538201009e+01 5.966966757141705102e+01
2.134492488780199437e+02 1.754895057912982637e+01 5.971838972346886720e+01
2.134114912257128367e+02 1.766020800300986338e+01 5.977735078337050822e+01
2.135066781328101797e+02 1.771511112305501001e+01 5.978552041063126410e+01
2.131848378167746034e+02 1.842933541157184862e+01 5.954731127892289777e+01
2.128994920856735860e+02 1.877756577356158019e+01 5.914307597215876910e+01
2.127700948644218215e+02 1.896167799844132063e+01 5.916591867996022813e+01
2.128949772916610641e+02 1.923815538416059923e+01 5.895923248501787128e+01
2.129486710918814367e+02 1.964929725081293199e+01 5.923213565881057008e+01
2.128231705678428511e+02 1.957695305151702314e+01 5.945400553599741755e+01
2.126486522802397019e+02 1.927008142753486908e+01 5.971941092687646346e+01
2.126048749025825657e+02 1.920888984440085068e+01 5.973483647308591316e+01
2.123924645938029130e+02 1.928564134261374363e+01 5.971701916100077767e+01
2.125397328746875871e+02 1.910279218510655497e+01 5.980336459649028313e+01
2.126959769960495521e+02 1.911305796673026691e+01 5.953578242992663405e+01
2.127159442100454214e+02 1.933129988444277103e+01 5.928204025691327672e+01
2.126847168847921239e+02 1.972989169869124737e+01 5.920351508962403386e+01
2.127500201553304180e+02 1.975859288919943069e+01 5.932605949853537908e+01
2.126682970089489686e+02 1.983330198059713467e+01 5.937824836741823731e+01
2.126432237779151251e+02 1.941764531993227649e+01 5.951030609228453727e+01
2.126997930719410874e+02 1.922119803283975159e+01 5.971476176399451674e+01
2.127750665125903708e+02 1.897960280562199387e+01 5.986681357663056957e+01
2.127394318884200857e+02 1.867807906264276596e+01 5.997323372121147145e+01
2.128172045900405749e+02 1.853341753782483536e+01 5.995227217758189653e+01
2.130415737281986424e+02 1.833562656203810803e+01 6.008957028835559555e+01
2.131702453575555580e+02 1.823049635860363793e+01 6.030327053828169426e+01
2.131430759721587833e+02 1.804165434952030367e+01 6.040737953830856810e+01
2.131999946252452105e+02 1.812044825454838559e+01 6.047499395340087602e+01
2.132210636639703409e+02 1.832098035527129198e+01 6.089925022170863400e+01
2.131039477573835654e+02 1.866520652495229982e+01 6.082354680067722086e+01
2.131514337158367027e+02 1.892636585955765938e+01 6.071301496869205039e+01
2.129330036817070209e+02 1.900440729891698766e+01 6.075714170540969405e+01
2.129329230603853773e+02 1.908924780306898583e+01 6.060331622369729132e+01
2.129441294240950242e+02 1.907339227647738511e+01 6.047902501948348686e+01
2.130845717664131485e+02 1.871478863776840029e+01 6.061731745989089148e+01
2.130460347746634113e+02 1.835803928945741959e+01 6.072911235924861018e+01
2.130602778748219635e+02 1.825067856279057210e+01 6.083827362876569111e+01
2.131072801053451826e+02 1.813017656069441941e+01 6.097471177877509518e+01
2.129435650748434625e+02 1.828784499207223746e+01 6.117876434387680717e+01
2.126835344387412192e+02 1.816906291150466402e+01 6.088481900513288991e+01
2.125290908602295019e+02 1.813138588051920053e+01 6.062677702829808624e+01
2.123087259143801475e+02 1.819913466448093331e+01 6.045182876031280728e+01
2.122234823036199032e+02 1.809803552712907404e+01 6.031745989089247928e+01
2.122626373921689833e+02 1.802440138668673342e+01 6.054252774717153329e+01
2.119948133616403823e+02 1.856695600763215026e+01 6.025591894869796761e+01
2.119441831716428055e+02 1.880696568219075004e+01 6.005777861385074345e+01
2.119510628577571083e+02 1.925411840584773415e+01 5.999873693262745178e+01
2.119274408105130192e+02 1.951981940823949913e+01 6.015119185187175788e+01
2.119142189137620562e+02 1.958367149498804238e+01 6.023968718927199006e+01
2.119330843030286644e+02 1.894278573540082178e+01 6.040643895622262249e+01
2.120625083980543479e+02 1.872505441939211579e+01 6.055376098465507795e+01
2.121610007793394459e+02 1.852503292037300753e+01 6.084370213109026793e+01
2.122500067184434727e+02 1.824127274193114800e+01 6.086998468194888545e+01
2.124029184918438204e+02 1.839958614388218550e+01 6.086893660476740564e+01
2.125888850071215472e+02 1.852127059202923931e+01 6.104762032732256927e+01
2.126295181532342724e+02 1.837926957082583002e+01 6.127935287952487187e+01
2.125745612856413516e+02 1.821262529897073534e+01 6.112173819569482447e+01
2.125163258176345664e+02 1.809529440219289853e+01 6.095369648759775316e+01
2.123551100481040521e+02 1.797299185724651238e+01 6.076982612668297179e+01
2.120795463706968462e+02 1.822821208782349345e+01 5.969471392867700388e+01
2.118034989653596938e+02 1.824052027626239436e+01 5.905818172045900383e+01
2.115947434898282893e+02 1.841562978689097463e+01 5.886114321034102659e+01
2.114065733250920402e+02 1.882612668297008796e+01 5.868065894493563661e+01
2.113939695251404203e+02 1.893155249791728423e+01 5.877482464862540468e+01
2.116378221493644389e+02 1.826266426594286685e+01 5.884168659804896606e+01
2.117307247856816446e+02 1.815648598532692048e+01 5.887208083631184508e+01
2.117112144258418311e+02 1.818158609013463689e+01 5.873975437370670249e+01
2.114779231947542257e+02 1.774787025341968771e+01 5.860670231920668272e+01
2.113195829190293296e+02 1.742232135658810677e+01 5.808760850286205368e+01
2.112814490338878386e+02 1.708935529816452004e+01 5.844242293945338673e+01
2.111525355405659639e+02 1.665244148235736787e+01 5.861124398699309523e+01
2.109515734594609171e+02 1.634350057778613774e+01 5.847351589583725229e+01
2.109798446695869529e+02 1.571108005697240095e+01 5.812748918330601100e+01
2.109649028513074143e+02 1.560750853242320879e+01 5.814635457257262630e+01
2.102898336513396487e+02 1.664545430114750957e+01 5.757265324769557679e+01
2.100974980516513995e+02 1.752266802827120884e+01 5.759141114186665078e+01
2.099838488618956660e+02 1.798973421837628806e+01 5.754258149471930039e+01
2.098818897637795260e+02 1.794622557845798383e+01 5.750611378355862513e+01
2.099727768670554440e+02 1.821558141409798282e+01 5.743677944693773441e+01
2.099665421515143464e+02 1.834425304345489138e+01 5.768743113595441940e+01
2.100472172207143160e+02 1.858619762973314238e+01 5.807624089650909838e+01
2.102120340759452972e+02 1.840063422106366531e+01 5.793609416570369319e+01
2.103846174518287739e+02 1.816524683561312514e+01 5.786331998602563687e+01
2.105224261643062675e+02 1.821407648276047553e+01 5.815223992905323769e+01
2.104049608986589988e+02 1.845782161188895643e+01 5.880562199349654406e+01
2.103604848028808760e+02 1.871175190131950217e+01 5.917207277417967504e+01
2.104013060654107790e+02 1.920004837279299181e+01 5.963204428797936174e+01
2.104276423638171423e+02 1.952898336513396416e+01 6.020730429174169274e+01
2.104990191072532184e+02 1.973486334685980026e+01 6.038956222622342551e+01
2.111525086667920732e+02 1.962986751229475146e+01 6.050090027142511673e+01
2.115007927763295754e+02 1.986087447260218752e+01 6.058995995807691060e+01
2.118633199860256298e+02 1.953070328666254696e+01 6.078495606137970242e+01
2.118556878342425591e+02 1.931541748407729031e+01 6.043199591518636993e+01
2.116506140657332651e+02 1.881932761817742161e+01 5.963792964445997313e+01
2.116107333852893078e+02 1.884190158824003802e+01 5.957141705409690502e+01
2.113611835210018626e+02 1.921039477573835796e+01 5.967477358845502522e+01
2.113138588051920124e+02 1.952610787132837089e+01 6.007051678267178829e+01
2.112590900540162977e+02 1.993477735078337076e+01 6.032544140173604319e+01
2.112286420682056303e+02 1.990973099352342146e+01 6.038238692859638235e+01
2.111248824272392710e+02 1.999588831259573851e+01 6.070707586466367189e+01
2.110679100266050341e+02 1.982902905054956832e+01 6.103437155679772275e+01
2.111216844481470503e+02 1.950098089274676738e+01 6.097129880949182024e+01
2.109414420467066122e+02 1.928437827524119186e+01 6.085743462954502547e+01
2.108569509016151073e+02 1.913014968692053586e+01 6.070863454354895339e+01
2.108928273897503516e+02 1.954236650452823199e+01 6.035508317433016856e+01
2.108447233344978713e+02 1.989852462981376391e+01 6.039499072854800943e+01
2.106762785197925325e+02 2.013143962806697118e+01 6.029359597968342399e+01
2.106636478460670219e+02 2.014726828088468480e+01 6.009567063502727535e+01
2.107567923463491866e+02 2.031213888366343312e+01 6.014111418666523434e+01
2.108592620461691354e+02 2.055623337185241084e+01 6.068915105748300221e+01
2.108491037596409683e+02 2.051793824406761502e+01 6.104581978447233581e+01
2.109124452446856992e+02 2.053559431350944564e+01 6.102058531079519810e+01
2.110331084894251603e+02 2.036647765445701452e+01 6.130036817070221389e+01
2.110807019429738602e+02 2.062575582489048998e+01 6.164650237832898938e+01
2.110431861546316838e+02 2.103227540243476312e+01 6.204947461772056982e+01
2.108895219155625966e+02 2.117750127650425895e+01 6.190408750100776558e+01
2.108660879847356853e+02 2.107403724705060455e+01 6.146849050012092874e+01
2.110492327537556037e+02 2.106670070678025297e+01 6.191260648732901473e+01
2.109632904248743728e+02 2.112109322512160503e+01 6.203488215850151732e+01
2.108442664803418438e+02 2.138171508424927936e+01 6.162572895111660642e+01
2.105983177017548655e+02 2.156706350272768802e+01 6.164282067130687182e+01
2.104838085512348584e+02 2.203877885571470685e+01 6.179210448523286203e+01
2.103351697078820735e+02 2.250181397973717523e+01 6.177764639488323439e+01
2.103153368627556290e+02 2.244844266480341943e+01 6.190500120931982764e+01
2.102930047566579788e+02 2.278810029292413475e+01 6.215452419983338217e+01
2.101608395366961304e+02 2.292338287065652480e+01 6.221601139448012674e+01
2.101973878691784705e+02 2.278836903066297737e+01 6.225323157130955565e+01
2.102170863454354901e+02 2.251570772083523764e+01 6.200018811641719196e+01
2.102523716105452820e+02 2.229743892934884997e+01 6.204786219128752123e+01
2.105516917040660019e+02 2.136744511031684013e+01 6.233116551557335328e+01
2.107886915159495800e+02 2.082123565612318927e+01 6.277401843540888393e+01
2.109188143290962216e+02 2.055451345032382804e+01 6.269251027921851005e+01
2.111878208056757273e+02 2.027962161726371093e+01 6.284574453790546045e+01
2.111743032974120524e+02 2.010459272795678842e+01 6.265510198597188918e+01
2.107376044717959758e+02 2.071892719894654888e+01 6.210558705759049758e+01
2.103159818333288626e+02 2.092832764505119414e+01 6.131700303673645180e+01
2.101334820348821495e+02 2.107360726666845707e+01 6.075415871650855593e+01
2.098744457284136331e+02 2.098747682137002357e+01 6.048163177555024106e+01
2.096884254655881250e+02 2.101198570315229475e+01 6.030813469135470939e+01
2.099399639891429956e+02 2.022197737228238879e+01 6.033299293219747028e+01
2.101811023622047117e+02 1.976813307892827254e+01 6.040141356050629895e+01
2.102977614146354597e+02 1.963432855875950622e+01 6.042275133697025069e+01
2.103382333181048693e+02 1.957595872188331398e+01 6.059984950686624927e+01
2.104279111015559920e+02 1.944330977399156168e+01 6.054032409771303946e+01
2.102382628792561263e+02 1.986213753997473930e+01 6.038066700706779955e+01
2.100763483916046255e+02 2.016172637123431244e+01 6.025551584208970723e+01
2.100985192550589886e+02 2.028488887694498999e+01 6.018537529225228866e+01
2.101027115637849079e+02 2.060500927145199057e+01 6.031259573781946415e+01
2.100908602295020273e+02 2.075711483163580695e+01 6.045776786434119288e+01
2.097998172583375833e+02 2.106242777673268662e+01 6.073712074386605764e+01
2.097480046222891019e+02 2.138136572518878964e+01 6.088928005159764467e+01
2.095027545618231102e+02 2.155862513772808953e+01 6.100849211254736559e+01
2.093901803230227756e+02 2.149208567359114141e+01 6.100575098761119364e+01
2.092467012442557177e+02 2.143487140899196319e+01 6.097116444062239538e+01
2.097973986186880211e+02 2.109975544865765329e+01 6.107468221762382399e+01
2.103056623041573800e+02 2.097444304103625257e+01 6.131818548278734937e+01
2.105956034505925629e+02 2.092934884845879040e+01 6.143758566015425515e+01
2.106160275187444597e+02 2.094762301469995336e+01 6.136236596705275304e+01
2.104402730375426529e+02 2.075324500819650098e+01 6.109510628577571367e+01
2.104332858563328159e+02 2.054661256080191478e+01 6.148767837467415376e+01
2.103958775630861737e+02 2.031208513611566602e+01 6.178423046948483233e+01
2.102993200935207199e+02 2.020445567170997947e+01 6.192295289027438088e+01
2.102969552014189389e+02 2.000008062132165065e+01 6.205060331622370029e+01
2.102636585955765725e+02 1.993956088253473524e+01 6.197132568326570379e+01
2.099850581817204613e+02 2.024151460589610707e+01 6.143285587595065778e+01
2.097659294294697929e+02 2.026239552820402423e+01 6.090852167369863679e+01
2.096877536212410291e+02 2.032294214076482675e+01 6.076329579962914096e+01
2.096525221036790185e+02 2.033632528015909102e+01 6.083230765096342196e+01
2.095160033323479638e+02 2.045094192577463588e+01 6.066676520383757776e+01
2.095855526591599300e+02 2.017494826798527185e+01 5.998710058853564675e+01
2.097287361264142191e+02 2.016503184542205318e+01 5.931598183332885554e+01
2.096907903576899344e+02 2.040490715111123166e+01 5.958711133804520443e+01
2.097930181935449241e+02 2.044277229851388000e+01 5.943798876676251552e+01
2.095486818413909873e+02 2.036782134315121695e+01 5.927838542366504271e+01
2.092649754104969020e+02 2.035390072827927099e+01 5.990470559780710147e+01
2.089768079331380477e+02 2.028088468463626270e+01 6.035019214748326988e+01
2.089245653167074295e+02 2.045196312918223214e+01 6.091674504850715977e+01
2.087704979710300677e+02 2.068705490312004613e+01 6.118822391228400193e+01
2.087307247856816446e+02 2.046400257988229399e+01 6.113001531805111455e+01
2.087835317513638529e+02 2.024651312783854351e+01 6.082314369406896049e+01
2.087144661524818048e+02 2.042554620945419330e+01 6.073325092042675521e+01
2.087287898739620005e+02 2.075759855956572153e+01 6.088111042433688880e+01
2.089782322431539114e+02 2.099602268146515982e+01 6.109816989599849535e+01
2.091220606809814342e+02 2.139364703985380700e+01 6.148563596785896834e+01
2.091081938136572660e+02 2.208215312676358977e+01 6.164497057321759854e+01
2.092473730886028420e+02 2.253812044825454919e+01 6.196546720055897595e+01
2.092784122974389334e+02 2.322993200935207270e+01 6.269796565531697752e+01
2.092209561688748067e+02 2.377103544650775291e+01 6.301773669076348483e+01
2.091435328263148108e+02 2.404090188385155002e+01 6.311958829378409774e+01
2.092544408911343510e+02 2.372610249657359560e+01 6.308290559243234696e+01
2.093902609443444192e+02 2.333202547633764112e+01 6.314536024293891359e+01
2.094413211147241327e+02 2.306852812340436998e+01 6.301585552659160072e+01
2.095521485582220294e+02 2.289613286393808167e+01 6.311945392491467288e+01
2.096154094219451167e+02 2.288731826610410991e+01 6.295111660530488251e+01
2.095000134368869453e+02 2.322388541022816000e+01 6.314912257128268180e+01
2.093089409045712159e+02 2.333127301066888748e+01 6.319513047217220958e+01
2.091327564429873007e+02 2.322216548869957720e+01 6.292816640240788928e+01
2.089392115234742278e+02 2.316398376824057337e+01 6.271860471365994272e+01
2.088200532100723024e+02 2.302071967966461585e+01 6.256303243664508074e+01
2.090213915240117046e+02 2.246760366558275734e+01 6.270583967106500722e+01
2.090478084437397683e+02 2.182206874311359712e+01 6.253116014081857799e+01
2.089808927467684327e+02 2.118779393190185800e+01 6.222928703877885681e+01
2.089928247023729568e+02 2.050057778613850701e+01 6.189796028056220223e+01
2.089470317916745046e+02 2.029999193786783351e+01 6.179691489075811006e+01
2.089569213404638504e+02 2.080650882803472257e+01 6.140160167692349091e+01
2.091486657171266472e+02 2.091851871758350967e+01 6.127919163688157056e+01
2.091051839509822230e+02 2.098970734460240095e+01 6.105259197549111860e+01
2.092033538469807183e+02 2.094700491790062102e+01 6.116597242750799523e+01
2.093983230765096266e+02 2.094606433581467897e+01 6.105468812985407823e+01
2.094898282765848876e+02 2.125212974658031229e+01 6.116067829405283618e+01
2.093620166079922740e+02 2.195925935879175483e+01 6.141839778560103014e+01
2.091138104323990206e+02 2.235086399183037287e+01 6.148337857085270741e+01
2.090341565666066401e+02 2.228163715030501635e+01 6.151444465346268231e+01
2.087773507833705082e+02 2.225406465829996350e+01 6.128886619547983372e+01
2.085589744967885792e+02 2.238534304372362982e+01 6.110486146569562749e+01
2.083424525006046508e+02 2.269882561608126537e+01 6.103286662546021546e+01
2.081626669533202687e+02 2.289602536884254746e+01 6.090510870441536184e+01
2.082396603154980994e+02 2.293905028083093711e+01 6.076942302007471142e+01
2.081626132057724874e+02 2.307699336217785202e+01 6.089640160167692073e+01
2.084957673806132732e+02 2.289785278546666447e+01 6.147735884550267116e+01
2.086067291929805663e+02 2.260565424202520646e+01 6.148114804762033003e+01
2.085660154255461975e+02 2.260183816613367114e+01 6.166673833006369421e+01
2.088155384160597805e+02 2.292088360968530836e+01 6.208209937921582622e+01
2.088608744726021769e+02 2.314549461180833489e+01 6.233568030958587514e+01
2.087969148907581030e+02 2.295931310633952194e+01 6.265881056676789029e+01
2.088170164736233971e+02 2.276278519792534638e+01 6.289360672919298167e+01
2.088805460750853342e+02 2.272559189486979747e+01 6.327892289914272794e+01
2.089771841659724316e+02 2.280484265405391042e+01 6.329209104834591670e+01
2.090875010077665195e+02 2.277780763752653925e+01 6.358697696917577957e+01
2.084088844696460683e+02 2.361033027868103673e+01 6.345048507161860840e+01
2.080467334927843979e+02 2.391220338072075435e+01 6.316769234903657804e+01
2.079078498293515338e+02 2.395267528419016045e+01 6.313157399693638894e+01
2.078161296390852044e+02 2.398435946359947479e+01 6.276724624439010114e+01
2.076624116524683643e+02 2.398908924780306862e+01 6.261761307140361765e+01
2.081549273064416354e+02 2.334839160463303998e+01 6.257367445110316595e+01
2.084454596759022991e+02 2.294402192899949000e+01 6.260562736825132646e+01
2.086420950794120017e+02 2.282427239257208740e+01 6.264779231947542115e+01
2.085927010830130826e+02 2.293878154309209805e+01 6.276689688532960787e+01
2.086427669237590976e+02 2.288852758592889103e+01 6.279729112359248688e+01
2.085215662035419655e+02 2.288081481282416618e+01 6.287404262180537984e+01
2.083774421542017024e+02 2.288065357018086132e+01 6.307062427776732960e+01
2.084165703689769202e+02 2.289304237994141644e+01 6.316293569105909711e+01
2.085733788395904469e+02 2.292402784122974424e+01 6.328827497245438138e+01
2.086731342882480931e+02 2.303044798581064612e+01 6.347515519604417733e+01
2.086785627905726699e+02 2.303695143909058984e+01 6.380473515895837266e+01
2.086990137324984573e+02 2.295794254387143596e+01 6.395337400231114344e+01
2.087386794227513462e+02 2.312824164897476464e+01 6.412375372873613344e+01
2.087342721238343586e+02 2.347585391416516742e+01 6.443648383542500824e+01
2.086769772379135190e+02 2.328918868076643989e+01 6.423514552148557755e+01
2.085924860928220141e+02 2.285775711483163519e+01 6.376087715997957872e+01
2.086541345301120600e+02 2.291349332186718968e+01 6.351452527478434007e+01
2.087845798285453327e+02 2.307204858778318268e+01 6.358670823143694406e+01
2.087243557012711221e+02 2.333992636585955793e+01 6.350262019295369953e+01
2.085358630512482989e+02 2.361825804197683354e+01 6.378358549891161289e+01
2.083374002311144579e+02 2.362887318266104231e+01 6.379253446561500596e+01
2.082629867512294766e+02 2.390121200720217232e+01 6.412206068098143419e+01
2.082618580527263532e+02 2.463728467388675369e+01 6.450898927736422195e+01
2.083953669613823934e+02 2.511596033430974728e+01 6.505428502324581075e+01
2.084187471446615234e+02 2.542530434548923779e+01 6.532353336379027553e+01
2.084158985246298244e+02 2.548646905484937264e+01 6.555953884604015514e+01
2.083579317943618889e+02 2.550944613152024942e+01 6.551006422831957821e+01
2.083944801268442006e+02 2.536094165703689640e+01 6.552360861035715800e+01
2.084452446857112022e+02 2.537163741904275582e+01 6.565432264652925198e+01
2.083580392894574231e+02 2.549582112816102608e+01 6.561984359463599503e+01
2.083990755421783945e+02 2.522979764048265139e+01 6.545556421488269905e+01
2.085180726129370328e+02 2.506285775711483055e+01 6.536381715084249322e+01
2.084820886297062827e+02 2.505557496439224963e+01 6.506796377415280119e+01
2.086343554325333969e+02 2.485958453145575220e+01 6.495286340060734176e+01
2.086294912794603817e+02 2.477141167934212973e+01 6.493456236059229525e+01
2.087161054526887085e+02 2.524551879820483080e+01 6.511587971298808952e+01
2.087897127193571691e+02 2.565961677998441459e+01 6.530977399156164154e+01
2.088390260944344448e+02 2.590040579398564802e+01 6.553545994464002433e+01
2.087622208486737918e+02 2.580572948859208182e+01 6.561132460831474589e+01
2.086083416194136078e+02 2.594165703689769131e+01 6.528496949826664775e+01
2.087762758324151378e+02 2.562742199887130212e+01 6.490868291634194520e+01
2.087473865254897873e+02 2.532272715057375478e+01 6.450288893069253504e+01
2.087315578726720560e+02 2.540990567305366810e+01 6.448375480368707713e+01
2.087607965386579281e+02 2.542240197790975742e+01 6.455650210959124990e+01
2.087011636344091698e+02 2.518217731316008567e+01 6.438442933541156776e+01
2.083872510816694046e+02 2.552557039585068921e+01 6.444613152024939495e+01
2.081844615839402195e+02 2.522474537099244785e+01 6.418368224449758941e+01
2.079445325307032988e+02 2.535758243530138856e+01 6.393587917551261768e+01
2.080527532181344270e+02 2.555588401279191757e+01 6.420069334336621125e+01
2.080224396011931844e+02 2.559872080836311881e+01 6.441584477708204304e+01
2.083182661041090000e+02 2.534043696756335606e+01 6.421767756846094244e+01
2.085982370804331936e+02 2.495512079761360980e+01 6.398836365590820208e+01
2.085025664454059324e+02 2.500865335519067045e+01 6.370570530219558947e+01
2.085152777404530866e+02 2.494560748165864794e+01 6.355408346994168056e+01
2.086047674074870315e+02 2.474942893230496210e+01 6.346050898927736483e+01
2.082902098841740326e+02 2.514826261051839396e+01 6.390088952191556615e+01
2.079115584101475349e+02 2.523323748353981344e+01 6.381586090134637601e+01
2.075351105855795311e+02 2.534333933514283288e+01 6.349286501303377861e+01
2.073308161565128671e+02 2.519897342183762845e+01 6.360605734863347038e+01
2.071311708903281215e+02 2.512869850313079567e+01 6.364784606702319536e+01
2.073344441159871963e+02 2.451331595495955540e+01 6.339579694176453017e+01
2.073961463008250234e+02 2.415457794738114927e+01 6.319104565854183164e+01
2.072256322055306157e+02 2.380992179731799752e+01 6.313399263658595828e+01
2.071509231141329224e+02 2.313119776410201212e+01 6.273932439332455147e+01
2.071567009755179924e+02 2.304098250517320068e+01 6.254483889172556843e+01
2.072586331998602702e+02 2.332619386740480039e+01 6.260487490258257282e+01
2.073783289887398951e+02 2.339061030340490888e+01 6.293794845610169375e+01
2.074244175109510593e+02 2.349101072263577805e+01 6.286899035231517274e+01
2.074345757974792264e+02 2.352637660906720996e+01 6.290844105237698614e+01
2.074578484856628506e+02 2.335027276880492408e+01 6.277716266695332337e+01
2.071603826825401029e+02 2.354577947381150693e+01 6.263835962484211706e+01
2.071184327215070766e+02 2.355282040256913234e+01 6.258668135766305340e+01
2.070131144016554288e+02 2.347308591545510836e+01 6.247217220714304631e+01
2.069477305097954911e+02 2.293182123565612329e+01 6.202679315256241210e+01
2.069157238450995635e+02 2.265735938297815011e+01 6.163328048157802641e+01
2.067835854989116058e+02 2.280032786004138501e+01 6.151646018650399128e+01
2.068241917712504403e+02 2.292109859987638032e+01 6.151624519631291577e+01
2.069160463303861661e+02 2.310916126951707739e+01 6.178729407970761400e+01
2.069312031388568016e+02 2.339144339039531317e+01 6.189349923409744747e+01
2.068721883314073864e+02 2.366923759103491065e+01 6.199806508828034879e+01
2.068251323533363859e+02 2.402273521270592127e+01 6.153873854505388152e+01
2.068435140146730760e+02 2.412711295047163418e+01 6.104772782241810347e+01
2.068197575985595620e+02 2.439281395286339915e+01 6.082295557765176852e+01
2.067382494423691810e+02 2.443022224611002002e+01 6.083472629061299131e+01
2.067500739028781709e+02 2.435639998925049099e+01 6.077495901749482954e+01
2.064682486361559768e+02 2.417099782322431523e+01 6.121044852328612507e+01
2.062545752600037758e+02 2.372188331407379636e+01 6.139668377630270868e+01
2.062199618392410798e+02 2.360750853242320701e+01 6.154032409771303946e+01
2.063223240439654944e+02 2.376547257531375124e+01 6.197570610840880079e+01
2.062814759076617008e+02 2.388180914245787534e+01 6.217271774475289448e+01
2.068235736744510973e+02 2.325796135551315302e+01 6.281419472736556742e+01
2.072158232780629419e+02 2.295270215796404401e+01 6.323334497863535120e+01
2.074702641691972929e+02 2.253699174975141872e+01 6.346741554916557249e+01
2.075624680873935120e+02 2.251393405175888773e+01 6.356757410443148615e+01
2.075698583752116235e+02 2.256942839482948671e+01 6.381086237940394312e+01
2.073701324877052343e+02 2.278901400123619325e+01 6.342828733439036881e+01
2.074046115395985055e+02 2.293727661175458721e+01 6.333245545671978505e+01
2.072988901131385830e+02 2.335669560076321360e+01 6.329262852382360194e+01
2.073583080271962729e+02 2.324393324554567286e+01 6.314471527236570125e+01
2.071889226304049885e+02 2.305721426459917822e+01 6.292031926043374312e+01
2.068108086318561618e+02 2.335543253339066538e+01 6.245628980677756914e+01
2.065143640321410317e+02 2.361855365348955971e+01 6.206621697885034195e+01
2.063403294724678290e+02 2.375687296767085144e+01 6.206973744322915110e+01
2.061587971298809521e+02 2.386740479965601480e+01 6.189374109806239943e+01
2.058566284163285047e+02 2.352161995108973258e+01 6.141288866195479557e+01
2.058141409798178074e+02 2.303450592566714050e+01 6.116968100830399635e+01
2.057774582784660424e+02 2.282760474053371169e+01 6.141571040821262528e+01
2.057303754266211513e+02 2.287205396253795797e+01 6.143446830238370637e+01
2.057402918491843877e+02 2.307349977157292287e+01 6.156856843406519886e+01
2.055508586170755905e+02 2.315328800623471395e+01 6.177681330789283010e+01
2.053461342076267897e+02 2.313127838542366632e+01 6.179076079653865605e+01
2.051467576791808938e+02 2.278893337991454260e+01 6.164768482437988695e+01
2.050722098304264875e+02 2.260855660960468683e+01 6.122952890274380877e+01
2.049448012684421201e+02 2.240969068286259613e+01 6.106387896052242326e+01
2.051361694122705615e+02 2.204057939856494031e+01 6.097522238047888976e+01
2.048744994759614144e+02 2.241326489478917594e+01 6.021211469726693366e+01
2.047399693638977851e+02 2.264354626320174191e+01 6.005463438230630402e+01
2.045723307624089671e+02 2.302413264894789080e+01 5.983072209830426402e+01
2.044085619843594657e+02 2.324522318669210819e+01 5.991403079734487136e+01
2.043498427884227908e+02 2.330429174168928697e+01 5.990704361613501305e+01
2.049218510655451269e+02 2.260616484372900459e+01 6.008424928112654584e+01
2.053825481712396765e+02 2.233049367122625029e+01 6.056039880680444298e+01
2.056570368976915404e+02 2.218478406922683988e+01 6.094141517293273580e+01
2.057948724839429246e+02 2.215296552094810778e+01 6.121257155142296824e+01
2.057899277095482660e+02 2.198731557872672226e+01 6.105621993496546906e+01
2.054385531160140772e+02 2.204681411410604497e+01 6.092375910349090162e+01
2.053587917551261626e+02 2.187764370750584675e+01 6.038894412942409673e+01
2.053228883932170561e+02 2.194146892048050290e+01 6.030861841928462042e+01
2.051985971890032658e+02 2.199333530407675141e+01 6.010486146569562749e+01
2.050881459783397247e+02 2.217876434387681073e+01 6.011741151809948747e+01
2.052579882292870366e+02 2.204364300878772553e+01 6.005914917631883299e+01
2.054235038026390043e+02 2.213549756792346201e+01 5.999260971218188132e+01
2.054507538093574510e+02 2.223173255220230615e+01 6.024997984466958911e+01
2.054707210233533203e+02 2.229101609739055689e+01 6.029410658138722567e+01
2.055550777995754004e+02 2.239198086587299485e+01 6.039149713794308383e+01
2.052988901131385830e+02 2.275732982182687891e+01 6.011655155733519962e+01
2.052056918653086370e+02 2.285380667007067856e+01 6.000403106608261083e+01
2.050712155007927890e+02 2.308645293058504322e+01 6.008497487302141593e+01
2.050480503077046990e+02 2.316839106715756103e+01 5.990328128779124484e+01
2.050770202359517214e+02 2.333377227164010748e+01 5.985872457069146435e+01
2.051543092096423209e+02 2.270473784633576031e+01 5.969938996533283415e+01
2.052545215124559945e+02 2.236948751713202910e+01 5.946873236408588781e+01
2.052663190991910938e+02 2.219069629948133482e+01 5.961833866329848775e+01
2.050108032571014007e+02 2.224584128349144052e+01 5.950842492811265316e+01
2.048974765526322983e+02 2.229362285345731109e+01 5.965537072371073180e+01
2.049381634462927764e+02 2.233917390019080429e+01 6.002544946386821323e+01
2.049543952057187255e+02 2.220214452715594788e+01 6.016978850339953055e+01
2.051095106285775671e+02 2.196573593829781501e+01 6.015148746338448404e+01
2.050867754158716423e+02 2.187146273951250919e+01 6.022060680981429925e+01
2.049722931391255258e+02 2.185633280481577856e+01 6.019709225766574434e+01
2.050209615436295678e+02 2.155811453602429495e+01 6.036207035554002687e+01
2.050005912230254523e+02 2.130179248071806697e+01 6.047843379645803452e+01
2.049785547284405141e+02 2.113095590013705660e+01 6.049297250812931992e+01
2.049440756765472713e+02 2.116734298997608121e+01 6.048550159898954348e+01
2.050012093198247953e+02 2.140901883851549314e+01 6.057031522936765811e+01
2.049393996398914339e+02 2.203251726639972219e+01 6.082870656526296216e+01
2.047434898282765801e+02 2.228015909274139261e+01 6.071871220875547692e+01
2.046438687484883587e+02 2.220593372927360321e+01 6.029418720270887633e+01
2.045791835747494076e+02 2.179059955389535475e+01 5.993797532987557730e+01
2.041252855338475172e+02 2.152763967643976173e+01 5.951560022573970343e+01
2.038739351267098527e+02 2.163094246325011483e+01 5.948138991158528199e+01
2.037612802665878462e+02 2.156179624304641251e+01 5.924350326516352538e+01
2.035718739082529396e+02 2.145032382897530354e+01 5.908940904571228714e+01
2.035237429792265687e+02 2.153083765553196471e+01 5.924662062293408127e+01
2.035708795786192127e+02 2.162107978823466325e+01 5.925218349412808294e+01
2.039850581817204613e+02 2.125788073419150237e+01 5.931719115315363666e+01
2.042426970519470046e+02 2.102297707667087678e+01 5.932103410281905553e+01
2.043933245545671866e+02 2.090774233425599959e+01 5.950818306414770120e+01
2.044164360001074954e+02 2.083007712773104814e+01 5.969302088092230463e+01
2.043159012120071907e+02 2.074158179033081595e+01 5.958815941522667714e+01
2.043638977721641368e+02 2.023920346134207549e+01 5.953046142269759144e+01
2.042137271236999823e+02 2.007032866625460343e+01 5.944836204348176523e+01
2.040001074950955342e+02 2.006358334900970064e+01 5.925387654188277509e+01
2.040185160302061149e+02 1.999965064093950673e+01 5.926019187874553040e+01
2.040132218967509630e+02 2.012394184515331474e+01 5.916118889575663076e+01
2.039565182338555758e+02 2.010287280642820562e+01 5.857904920587998276e+01
2.037749858912686989e+02 1.964932412458681554e+01 5.811222487973986262e+01
2.038408803848324453e+02 1.935457257262637398e+01 5.740853511058558212e+01
2.037864072451694426e+02 1.921367337615221160e+01 5.718166671145628754e+01
2.037872672059337162e+02 1.927091451452527338e+01 5.724503507027491622e+01
2.034629813764746871e+02 1.990118513342828876e+01 5.813342828733438949e+01
2.032933003681706907e+02 2.002106903872510912e+01 5.873177286286313148e+01
2.029071779850044379e+02 2.008634543548950546e+01 5.899516272070086842e+01
2.029228991427266067e+02 2.020531563247426732e+01 5.912708607669775063e+01
2.027839617317459897e+02 2.014011985703152163e+01 5.931450377576523181e+01
2.025190131950229784e+02 2.066595899062105346e+01 5.875778667598290639e+01
2.022266534089382048e+02 2.066426594286635776e+01 5.809282201499556919e+01
2.020960199940877828e+02 2.064048265297895668e+01 5.737333046679745507e+01
2.019368466313724468e+02 2.049445056569294010e+01 5.720754615570664470e+01
2.019321168471688566e+02 2.080266587836930015e+01 5.735680309585875136e+01
2.026521458708446346e+02 2.026110558705758891e+01 5.743401144822767179e+01
2.033071403617209967e+02 1.955599150788745177e+01 5.750447448335170009e+01
2.036907634839160437e+02 1.936905753674988517e+01 5.761925237161054270e+01
2.037072102335330896e+02 1.923882722850769866e+01 5.760425680578323693e+01
2.037146273951250919e+02 1.916642928166402271e+01 5.765512885974577273e+01
2.034224019779097716e+02 1.915516917040660161e+01 5.762930316304318268e+01
2.029519496922953010e+02 1.924081588777512053e+01 5.780113407325790575e+01
2.026924565316707287e+02 1.946550751121980127e+01 5.781457096019994424e+01
2.026546451318158688e+02 1.972688183601623280e+01 5.816081266292225393e+01
2.026678132810190505e+02 1.979221198032839624e+01 5.807895514767138678e+01
2.020498239767810560e+02 2.030773158474644546e+01 5.795084786756603989e+01
2.017458009728306081e+02 2.040367095751256343e+01 5.746996855768455248e+01
2.015212437182553629e+02 2.046177205664991661e+01 5.719822095616887481e+01
2.014161135148208928e+02 2.039335142834108083e+01 5.709835801241568021e+01
2.013708043320523586e+02 2.043866061110961851e+01 5.698333826019187853e+01
2.020971218188170155e+02 1.967853591679879699e+01 5.710975249254252617e+01
2.025568245948778667e+02 1.938483244201983169e+01 5.744798581064738840e+01
2.027468759237859786e+02 1.923673107414474259e+01 5.771935717932869636e+01
2.027892558652011417e+02 1.909768616806858077e+01 5.778909462255784746e+01
2.029064523931095607e+02 1.895928623256563839e+01 5.763276987987423183e+01
2.028475719545295703e+02 1.899782322431538972e+01 5.723157130955900129e+01
2.028962134852597217e+02 1.916516621429147449e+01 5.704383112520491039e+01
2.028967778345113118e+02 1.922504098250517401e+01 5.674969767004380117e+01
2.026888016984225089e+02 1.925277471715352817e+01 5.652602725000672024e+01
2.026444062239660298e+02 1.904031066082610124e+01 5.645212437182553344e+01
2.028194619870468500e+02 1.865821934374244151e+01 5.621982747037166206e+01
2.028395904436860064e+02 1.832708070194297534e+01 5.629354223213565689e+01
2.026785627905726699e+02 1.820270887640751312e+01 5.626779715675472460e+01
2.027547499395340083e+02 1.823487678374674203e+01 5.643266775953347292e+01
2.027696648840396563e+02 1.810230845717664039e+01 5.631340195103598489e+01
2.022305769799253028e+02 1.822012308188438823e+01 5.680263900459541304e+01
2.019060224127274239e+02 1.875641611351482041e+01 5.733793770659213607e+01
2.017379807046303597e+02 1.888968315820590860e+01 5.758649324124586855e+01
2.016147644513719115e+02 1.874905269947058528e+01 5.782102066593211731e+01
2.014229125796135520e+02 1.866574400042998150e+01 5.778949772916610783e+01
2.016553707237107176e+02 1.819749536427400471e+01 5.721332401709172188e+01
2.017926957082583215e+02 1.810757571685791945e+01 5.681430222246110162e+01
2.019137351858321381e+02 1.795065975114885504e+01 5.651035983983230437e+01
2.021090806481954303e+02 1.800443417269087121e+01 5.645314557523312970e+01
2.021257692617774353e+02 1.794571497675418570e+01 5.662425089355298269e+01
2.019850313079465707e+02 1.821141597914595067e+01 5.700110182472924691e+01
2.018405578995458427e+02 1.848488350219021115e+01 5.736790196447287116e+01
2.017654457015398748e+02 1.876775684609389572e+01 5.756203810701136803e+01
2.016657977479777344e+02 1.855327725672516337e+01 5.753032705382816658e+01
2.016130714036171980e+02 1.859235172395259639e+01 5.747948187363951433e+01
2.021250705436564488e+02 1.814269973932439228e+01 5.696796646153019594e+01
2.024239875305689225e+02 1.816790733922764645e+01 5.657571685791835847e+01
2.025652898336513488e+02 1.829606836688076044e+01 5.664752358173658564e+01
2.028760581548466746e+02 1.837257800112869788e+01 5.656125876756873083e+01
2.029820214452715561e+02 1.833667463921958429e+01 5.665139340517588806e+01
2.025242267071564868e+02 1.850060465991239056e+01 5.697809787428448658e+01
2.023202816371503161e+02 1.845561796243046260e+01 5.726572787616564852e+01
2.021887076402139201e+02 1.855096611217113178e+01 5.748883394695116777e+01
2.021485850958050037e+02 1.876063529601461966e+01 5.782800784714197562e+01
2.021533955013302659e+02 1.871022009620811133e+01 5.795138534304372513e+01
2.021977641020128544e+02 1.879594743489828446e+01 5.739937115369111353e+01
2.023778721345838676e+02 1.897011636344091912e+01 5.690113138588051811e+01
2.023513477197602981e+02 1.910752196931014879e+01 5.687157023460804339e+01
2.022049393996398976e+02 1.894794549998656308e+01 5.656276369890623812e+01
2.021433178361237140e+02 1.878683722555158297e+01 5.623433930826905680e+01
2.024186396495659892e+02 1.906683507564967428e+01 5.702225148477600669e+01
2.025174813899115804e+02 1.951576146838300474e+01 5.795654510762946643e+01
2.024043428018596558e+02 2.007425223724167651e+01 5.826228803310849003e+01
2.024647281717771534e+02 2.021265217274461889e+01 5.860640670769396365e+01
2.024400849211254751e+02 2.017545886968906999e+01 5.850485071618607691e+01
2.025894493563731089e+02 1.976687001155572432e+01 5.792308725914379863e+01
2.028827228507699374e+02 1.953097202440138602e+01 5.739853806670070924e+01
2.029594474752089468e+02 1.953333691650318471e+01 5.737238988471150947e+01
2.030432667759533558e+02 1.931170890328128920e+01 5.683996667652038326e+01
2.028322539034156478e+02 1.900634221063663887e+01 5.643688694203326861e+01
2.026136626266426504e+02 1.873585767649350942e+01 5.632888124479320879e+01
2.024064658299965060e+02 1.862220848673779372e+01 5.628432452769342120e+01
2.020197790975786631e+02 1.848026121308215153e+01 5.626682970089489544e+01
2.018793367552605389e+02 1.841264679798984005e+01 5.626489478917524423e+01
2.019255327725672657e+02 1.839861868802235989e+01 5.630437236301094117e+01
2.015906586761979042e+02 1.890905914917631847e+01 5.593149875036951357e+01
2.013169492891886705e+02 1.898688559834457479e+01 5.563763403294724696e+01
2.011023622047244146e+02 1.905587057590497579e+01 5.550971486925909204e+01
2.011022815834027710e+02 1.958961059901642088e+01 5.569326274488726369e+01
2.012448469538577172e+02 2.005654242025207523e+01 5.617508263685469672e+01
2.020982505173201389e+02 1.968251323533363717e+01 5.760788476525758739e+01
2.024569347773507957e+02 1.955918948697965831e+01 5.859557657681867937e+01
2.027464459434038417e+02 1.950423261938674102e+01 5.895896374727902867e+01
2.028324688936067162e+02 1.916849856225309878e+01 5.893880841686598160e+01
2.029818602026282690e+02 1.893085377979629769e+01 5.911184864690548579e+01
2.027820805675740985e+02 1.950173335841552102e+01 5.895106285775711541e+01
2.028381930074440334e+02 1.980586385746150313e+01 5.894254387143586627e+01
2.027311278922899191e+02 2.005793985649404831e+01 5.896643465641879800e+01
2.024626857649619751e+02 2.021767756846093889e+01 5.885877831823923145e+01
2.026006019725350029e+02 1.991268710865066893e+01 5.861019590981161542e+01
2.025506167531106314e+02 2.006355647523581709e+01 5.809346698556878152e+01
2.023727392437720027e+02 2.035919486173443360e+01 5.795375023514552026e+01
2.024118943323210829e+02 2.028612507054365821e+01 5.779293757222326633e+01
2.023248233049367002e+02 2.011157990916664318e+01 5.749799790384563636e+01
2.022806159468974272e+02 2.015516917040660161e+01 5.749308000322485412e+01
2.024120824487382890e+02 2.003087796619279359e+01 5.774440353658864211e+01
2.024657762489586332e+02 1.982881406035849636e+01 5.773134288248098756e+01
2.023351697078820735e+02 1.968678616538120352e+01 5.769113971675042052e+01
2.023389857837736088e+02 1.945139877993066690e+01 5.763481228668941725e+01
2.023917390019080358e+02 1.926166993630915414e+01 5.752702157964042584e+01
2.023183467254306436e+02 1.923041573728198728e+01 5.737596409663809283e+01
2.022657278761656414e+02 1.905863857461503486e+01 5.728367955712020887e+01
2.022752411921206033e+02 1.868245948778587007e+01 5.676453199322780563e+01
2.022731987853054250e+02 1.855892074924081570e+01 5.680387519819408482e+01
2.023607804143935880e+02 1.878377361532880130e+01 5.683061460320872982e+01
2.026946064335814697e+02 1.856440299911316671e+01 5.671500362795947581e+01
2.031439628066969476e+02 1.844631963666657626e+01 5.674964392249603407e+01
2.032472387197334172e+02 1.877073983499502674e+01 5.702168713552444501e+01
2.033878154309209663e+02 1.907841767219370510e+01 5.740477278224180679e+01
2.033203353846980690e+02 1.905240385907393019e+01 5.733487409636935439e+01
2.031895676009781937e+02 1.866319099191099440e+01 5.748810835505629768e+01
2.029312568864045545e+02 1.847386525489774556e+01 5.755669022600844187e+01
2.027315041251243031e+02 1.823132944559404578e+01 5.742062830883340752e+01
2.027154067345677220e+02 1.795224530380801298e+01 5.724748058369836912e+01
2.024632232404396461e+02 1.762930316304318623e+01 5.690269006476579250e+01
2.015003359221735479e+02 1.846190642551933436e+01 5.606788315283115054e+01
2.011937599097041129e+02 1.877990379188949532e+01 5.579949477305098071e+01
2.011789793340678898e+02 1.927188197038510253e+01 5.568135766305662315e+01
2.011290209884174089e+02 1.965580070409287572e+01 5.582091317083658311e+01
2.013145843970868896e+02 1.985649404745908342e+01 5.594439816183386682e+01
2.017005455376098553e+02 1.960809975544865935e+01 5.706226653408938176e+01
2.021507887452634975e+02 1.926054123780602367e+01 5.747434898282765658e+01
2.024143398457445358e+02 1.882588481900513244e+01 5.769476767622477098e+01
2.024252237241675800e+02 1.872588750638252009e+01 5.756902528822122633e+01
2.023820375695358962e+02 1.879618929886323997e+01 5.744908763537663532e+01
2.023346053586305118e+02 1.874348982827658361e+01 5.706369084410523840e+01
2.023151218725645606e+02 1.847808443739754480e+01 5.659458224718497377e+01
2.022148558222031056e+02 1.851573459460912119e+01 5.633452473730886112e+01
2.018379242697051836e+02 1.841786031012335201e+01 5.619373303593023650e+01
2.017227432748380807e+02 1.833344978635349776e+01 5.608817285211362247e+01
2.014272123834350054e+02 1.882722850769933487e+01 5.549724543817688271e+01
2.012248259923140949e+02 1.922772835989357887e+01 5.546421757007336595e+01
2.012514310284593364e+02 1.923025449463868242e+01 5.523186692107172746e+01
2.015485474725215624e+02 1.927481121173846290e+01 5.509378947085539124e+01
2.017066727580554186e+02 1.959554970304479937e+01 5.535290639864555828e+01
2.021454946118083456e+02 1.901198570315229475e+01 5.612961221144285417e+01
2.026278788530273403e+02 1.879027706860874503e+01 5.653266507215608527e+01
2.029285426352422803e+02 1.869425707452097640e+01 5.692534465615006667e+01
2.030504958211281519e+02 1.841495794254387164e+01 5.704109000026873844e+01
2.030651151541210879e+02 1.802493886216441510e+01 5.662766386283625764e+01
2.029639622692214687e+02 1.770699524334202124e+01 5.652675284190159033e+01
2.028376286581924717e+02 1.770605466125607919e+01 5.657751740076859193e+01
2.026746392195856004e+02 1.755757706054661327e+01 5.655741581790330486e+01
2.027263712343124382e+02 1.758818628900056424e+01 5.655908199188412055e+01
2.028308027196259218e+02 1.772892424283142176e+01 5.665961677998441104e+01
2.028042514310284616e+02 1.795315901212007148e+01 5.675630861841928265e+01
2.029355566902260080e+02 1.814702641691972929e+01 5.717142780360646270e+01
2.030855123484990941e+02 1.836529520840611696e+01 5.770315229367660237e+01
2.029069898685872317e+02 1.857394318884200857e+01 5.779213135900674558e+01
2.027176641315739971e+02 1.877907070489908747e+01 5.790239445325307344e+01
2.025332562951815305e+02 1.904240681518905731e+01 5.761973609954046083e+01
2.024544355163795615e+02 1.905834296310230869e+01 5.728800623471553877e+01
2.021048345919217297e+02 1.874891833060116753e+01 5.657708742038644800e+01
2.018952997769476667e+02 1.856660664857166054e+01 5.592521028728064181e+01
2.017674881083550531e+02 1.844312165757437327e+01 5.589113434199564523e+01
2.020477815699658777e+02 1.817094407567654812e+01 5.602114966004675978e+01
2.023044798581064754e+02 1.799604955523904337e+01 5.629214479589368381e+01
2.023561312515116413e+02 1.796277982317056754e+01 5.652879524871677575e+01
2.023830856467173760e+02 1.801631238074762820e+01 5.680255838327376239e+01
2.024200102120340716e+02 1.788033108489425160e+01 5.699266345972964842e+01
2.023534707478971200e+02 1.805740238101636663e+01 5.676300018811641479e+01
2.022279164763107815e+02 1.791730939775872855e+01 5.653344441159872247e+01
2.021161753245008299e+02 1.776313455698583610e+01 5.630254494638682417e+01
2.021024159522721675e+02 1.783343634946655598e+01 5.623264626051436466e+01
2.019758942248259928e+02 1.785506973744323034e+01 5.622240735266453271e+01
2.018995727069952295e+02 1.812789228991427137e+01 5.619053505683802996e+01
2.018505549434306943e+02 1.802415952272177435e+01 5.595001478057563560e+01
2.016897154067345639e+02 1.821711321920937365e+01 5.572978420359571317e+01
2.016720593372927226e+02 1.820706242777673367e+01 5.559829082798097488e+01
2.016463948832334552e+02 1.802991051033296444e+01 5.547021042164951155e+01
2.016468248636155920e+02 1.764830292117922284e+01 5.542998038214506806e+01
2.018697428179839335e+02 1.732893499234097590e+01 5.550326516352691186e+01
2.020171723415119232e+02 1.727569804627663785e+01 5.572642498186020532e+01
2.021176533820644465e+02 1.748802773373464703e+01 5.599680202090779346e+01
2.021038133885141406e+02 1.774569347773507744e+01 5.630474859584531799e+01
2.024198220956168939e+02 1.767834780038160858e+01 5.659009432694633546e+01
2.026082878718658549e+02 1.761497944156297990e+01 5.669087097901158501e+01
2.027356158125285504e+02 1.743153906103033890e+01 5.653688425465588097e+01
2.026014350595254143e+02 1.732372148020746394e+01 5.648380855123485134e+01
2.026556932089973486e+02 1.713028405578995361e+01 5.621300153180511217e+01
2.025407272043213140e+02 1.732012039450700058e+01 5.627035016527371170e+01
2.025230442611055821e+02 1.748160490177635751e+01 5.633656714412404654e+01
2.024004461046464769e+02 1.746042836795571063e+01 5.608228749563301108e+01
2.024071376743436019e+02 1.711206363709655776e+01 5.574789712719357482e+01
2.024203326973206742e+02 1.697954905807422676e+01 5.564024078901400117e+01
2.021878745532235087e+02 1.706194404880277204e+01 5.562064980785251578e+01
2.020209615436295678e+02 1.741541479669989911e+01 5.599637204052564954e+01
2.018805998226330871e+02 1.758402085404853565e+01 5.616414501088387823e+01
2.017809249952970845e+02 1.797815162183225368e+01 5.644623901534492205e+01
2.019719169062911419e+02 1.800368170702211756e+01 5.672924672811802793e+01
2.022034075945284997e+02 1.809454193652414489e+01 5.700352046437881626e+01
2.020803794576872292e+02 1.817083658058101037e+01 5.730106688882320043e+01
2.019852194243637769e+02 1.825766574400043041e+01 5.739370078740157766e+01
2.018841471607858011e+02 1.822286420682056374e+01 5.743371583671495273e+01
2.018677810324903987e+02 1.798215581414098097e+01 5.723605922979763960e+01
2.015788342156889144e+02 1.796960576173712099e+01 5.654357582435301310e+01
2.013516702050469007e+02 1.785240923382870548e+01 5.618994383381258473e+01
2.013552981645212299e+02 1.786068635618499911e+01 5.597589422482599275e+01
2.013283706430894142e+02 1.785869769691757725e+01 5.589016688613582318e+01
2.012546290075515287e+02 1.804176184461583787e+01 5.592461906425519658e+01
2.016274219988713128e+02 1.800878772406008821e+01 5.634159253984037008e+01
2.018977452903711196e+02 1.810349090322754151e+01 5.662976001719921726e+01
2.020932788691515896e+02 1.823791352019564016e+01 5.711757276074278877e+01
2.022711563784902182e+02 1.823364059014807381e+01 5.725546209454193303e+01
2.023553519120690112e+02 1.823372121146972802e+01 5.724828679691488986e+01
2.017550455510467202e+02 1.900163930020692860e+01 5.669646072397947023e+01
2.014640294536561669e+02 1.941200182741662417e+01 5.642852919835532788e+01
2.013049098384886122e+02 1.949017763564537375e+01 5.607847141974147576e+01
2.012286420682056303e+02 1.955736207035554131e+01 5.585291983553250361e+01
2.011558141409798282e+02 1.955999570019617906e+01 5.556295181532342298e+01
2.015934266749079598e+02 1.881535029964257788e+01 5.552102872806428024e+01
2.016460455241729619e+02 1.848050307704711059e+01 5.599774260299373907e+01
2.019267420923920326e+02 1.841928462013920509e+01 5.594547311278923019e+01
2.019282470237295399e+02 1.791128967240869585e+01 5.578976646690495045e+01
2.018756550482384284e+02 1.756047942812609008e+01 5.551030609228453727e+01
2.019277632957996218e+02 1.761624250893552812e+01 5.529168794173765633e+01
2.020632608637230874e+02 1.761557066458842868e+01 5.542654053908790246e+01
2.023318104861465656e+02 1.770976324205208030e+01 5.546478191932492763e+01
2.024492757517938344e+02 1.784222407352664419e+01 5.560519738786917543e+01
2.026404020316573167e+02 1.809510628577571012e+01 5.574644594340383463e+01
2.024545161377012050e+02 1.844215420171454767e+01 5.583456504796968289e+01
2.022773642202574536e+02 1.890317379269570708e+01 5.589320362258472130e+01
2.021726639972051203e+02 1.916951976566069149e+01 5.593480422455725432e+01
2.020689043562387326e+02 1.924691623444680388e+01 5.598231705678428227e+01
2.019776141463545684e+02 1.916871355244417074e+01 5.578221493644352336e+01
2.022852651097793739e+02 1.884996372040525614e+01 5.594603746204079187e+01
2.025637311547660602e+02 1.881107736959501153e+01 5.611023622047244430e+01
2.024768751175727743e+02 1.881096987449947733e+01 5.637040122544409115e+01
2.024414286098196669e+02 1.880564886727043117e+01 5.630700599285157892e+01
2.024985622530971909e+02 1.892647335465319358e+01 5.665905243073284936e+01
2.023063878960522288e+02 1.896232296901454006e+01 5.682193437424417226e+01
2.022447932063099643e+02 1.888930692537152822e+01 5.698121523205503536e+01
2.021135416946601708e+02 1.859138426809276723e+01 5.696949826664158678e+01
2.021398242455188097e+02 1.872277014861197131e+01 5.711762650829055588e+01
2.022871462739512651e+02 1.874053371314933614e+01 5.721136223159818002e+01
2.023279675364811396e+02 1.878533229421407569e+01 5.742154201714546957e+01
2.024540592835451775e+02 1.866294912794603889e+01 5.761368950041654102e+01
2.024169734755851664e+02 1.828394829485904793e+01 5.730496358603638640e+01
2.023982962027357644e+02 1.800333234796162429e+01 5.720786864099325442e+01
2.023082421864502294e+02 1.797524925425277331e+01 5.715688909193517731e+01
2.017928569509016086e+02 1.849928784499207168e+01 5.660624546505065524e+01
2.014304641100749791e+02 1.894187202708876328e+01 5.623842412189944184e+01
2.015000403106608360e+02 1.940125231786299764e+01 5.643253339066404806e+01
2.014964392249603691e+02 1.960718604713660085e+01 5.654454328021284226e+01
2.013918733707774607e+02 1.998650936551019797e+01 5.650683937545349522e+01
2.018634543548950546e+02 1.982335868426002889e+01 5.705990164198758663e+01
2.022796753648114816e+02 1.969659509284888799e+01 5.751592271102630605e+01
2.026683238827228593e+02 1.932382897530300170e+01 5.750923114132917391e+01
2.028904624976485422e+02 1.934763913896428633e+01 5.758813254145279359e+01
2.027742334255999594e+02 1.947800381607589060e+01 5.768211012872537680e+01
2.024798849802477889e+02 1.933307355351912094e+01 5.734127005455376036e+01
2.022564295504017764e+02 1.910934938593426580e+01 5.679446937733465717e+01
2.019331111768025551e+02 1.903230227620864667e+01 5.655365348955953664e+01
2.019158850877428790e+02 1.927459622154739094e+01 5.658829378409610200e+01
2.020899465211899724e+02 1.937359920453629414e+01 5.680685818709521584e+01
2.020694149579425414e+02 1.959936577893633469e+01 5.689699282470237307e+01
2.020633683588186216e+02 1.957697992529091024e+01 5.693555669022600796e+01
2.019393727661175433e+02 1.946448630781220501e+01 5.683031899169600365e+01
2.020071215500792903e+02 1.936860068259385770e+01 5.660863723092634103e+01
2.020195103598398418e+02 1.928773749697669970e+01 5.648875332562951712e+01
2.019225229098922227e+02 1.917731316008707054e+01 5.656101690360377177e+01
2.018704952836526729e+02 1.914423154443578667e+01 5.655806078847652429e+01
2.017680524576066148e+02 1.904229932009351955e+01 5.672661309827739018e+01
2.015529010238907972e+02 1.881263604848028947e+01 5.654749939534008973e+01
2.014890220633683668e+02 1.866649646609873514e+01 5.628271210126037971e+01
2.018758431646556062e+02 1.851828760312810829e+01 5.582674477976942029e+01
2.019064792668834514e+02 1.880067721910187828e+01 5.598003278600413779e+01
2.018607132299588898e+02 1.906586761978984867e+01 5.611577221789255532e+01
2.020255300851898710e+02 1.920899733949638488e+01 5.628865120528875821e+01
2.019614361344763722e+02 1.941181371099943576e+01 5.637021310902689919e+01
2.016359409851925477e+02 1.925151164978097995e+01 5.642401440434279891e+01
2.012177044422348331e+02 1.876724624439010114e+01 5.614546773803445490e+01
2.008837171804036359e+02 1.819142189137620491e+01 5.610123350622127703e+01
2.007352395796941664e+02 1.796681088925317837e+01 5.596398914299535221e+01
2.006459917766251806e+02 1.816505871919593673e+01 5.602867431673429621e+01
2.006318830453360533e+02 1.838289753030018048e+01 5.566520652495229626e+01
2.006474160866410443e+02 1.867969148907581101e+01 5.544392787079089402e+01
2.006309424632501077e+02 1.896065679503372792e+01 5.542019832845126359e+01
2.008133885141490396e+02 1.901335626562038073e+01 5.539856494047459279e+01
2.009561151272473296e+02 1.909884174034559834e+01 5.550447448335170009e+01
2.006725968127704220e+02 1.942269758942248359e+01 5.522990513557819270e+01
2.005063287737496864e+02 1.974295235279890193e+01 5.497430867216683481e+01
2.003654027035016441e+02 1.960847598828303617e+01 5.479301819354491698e+01
2.001592002364891982e+02 1.969132783316761248e+01 5.450673188035796102e+01
2.000988417403455912e+02 1.977205664991534917e+01 5.441245868157265164e+01
2.003647846067023295e+02 1.910961812367310841e+01 5.485541909650372361e+01
2.003981080863185582e+02 1.847064040203165902e+01 5.504020316573056704e+01
2.004604821155034813e+02 1.793362177850635675e+01 5.473988874257612025e+01
2.004926768966165866e+02 1.759595280965305975e+01 5.471355244416973562e+01
2.005572277014861129e+02 1.753855042863669311e+01 5.483744054177527971e+01
2.006103840262288145e+02 1.792324850178710705e+01 5.528230899465211934e+01
2.005929160732041510e+02 1.820587998172583255e+01 5.546859799521647005e+01
2.007072102335330896e+02 1.826586224503506983e+01 5.564072451694391219e+01
2.006003063610222910e+02 1.871838972346886720e+01 5.611768025583833008e+01
2.005882400365483420e+02 1.905659616779984589e+01 5.624511569159657398e+01
2.005878906774878487e+02 1.880290774233425566e+01 5.558294590309316874e+01
2.004968960791163965e+02 1.868721614576335099e+01 5.508814597833973892e+01
2.004752895649135951e+02 1.867877778076375250e+01 5.497608234124317761e+01
2.004821961248018169e+02 1.840216602617505615e+01 5.463889710031979519e+01
2.004401655424471187e+02 1.792252290989223695e+01 5.432227029641772731e+01
2.006415038563865494e+02 1.764612614549461256e+01 5.462927628926929913e+01
2.007671656230684505e+02 1.733264357313697701e+01 5.495117035285264961e+01
2.008875601300690619e+02 1.726906022412727282e+01 5.507317728628631670e+01
2.007017279836607315e+02 1.737491601945661301e+01 5.529480529950821222e+01
2.005816022143989699e+02 1.742817983929483105e+01 5.544287979360941421e+01
2.001382118190857682e+02 1.769917497514175864e+01 5.527303754266211655e+01
