1.175015577579029298e+02 3.664652324550801588e+00 1.994625735234872366e+01
1.173509655413208748e+02 3.693443987860231648e+00 1.995391185238900889e+01
1.170554749818709155e+02 3.689455590470819057e+00 1.988222813095909558e+01
1.169290817285741184e+02 3.731555340692396694e+00 1.992606021540031591e+01
1.169687776972040893e+02 3.749617274997985472e+00 1.941256412322402269e+01
1.166407487981092004e+02 3.692154808906078056e+00 1.891052292321327855e+01
1.164086965863615575e+02 3.661993392957859861e+00 1.821549431955523346e+01
1.162164612037708480e+02 3.585018666236940543e+00 1.796994601563129379e+01
1.159715574893239847e+02 3.464923589289071515e+00 1.771881126957269004e+01
1.157715064593237173e+02 3.419627749576988229e+00 1.769852012999221103e+01
1.159164585179813542e+02 3.482126070958558195e+00 1.796196922085247039e+01
1.159256439180297065e+02 3.472940670910213967e+00 1.789983348105175409e+01
1.165173502000913146e+02 3.507654500040287004e+00 1.797745279724975020e+01
1.171689630166787595e+02 3.655708645556361436e+00 1.817673837724599295e+01
1.175399779765262025e+02 3.721886498536244758e+00 1.824236564338087163e+01
1.176791958746273536e+02 3.868047162463406075e+00 1.847371954986168063e+01
1.180862407004538994e+02 4.002806650014771428e+00 1.885833803346493553e+01
1.180045658421292956e+02 4.090779684688314433e+00 1.892503961539494384e+01
1.177649665619208719e+02 4.230494453844707792e+00 1.889533478365965635e+01
1.177633819461230615e+02 4.335481964923589615e+00 1.900719791582735851e+01
1.176181478795691930e+02 4.344183922864125691e+00 1.898102489726855069e+01
1.172349260064996059e+02 4.201904224746864536e+00 1.875093331184701739e+01
1.170952380952381020e+02 4.107673300566701435e+00 1.877517256197459261e+01
1.171608116455832231e+02 4.042408616012677314e+00 1.895689307872049056e+01
1.171821636720113844e+02 4.103832621599119435e+00 1.912480863749899385e+01
1.171683452850965494e+02 4.035210700185319688e+00 1.914223941127494300e+01
1.172959471436628860e+02 4.142400558644213859e+00 1.938737141782826967e+01
1.173211398490586248e+02 4.223699406440522885e+00 1.920922300110117220e+01
1.170646603819192677e+02 4.173300566701581893e+00 1.889939032578626410e+01
1.168513415518491598e+02 4.154164316600864382e+00 1.869603577471597688e+01
1.166739048693363401e+02 4.173287137754142506e+00 1.844823140762226998e+01
1.166273332796175453e+02 4.236403190717911826e+00 1.848439556307576481e+01
1.164991002605215868e+02 4.312142454274433767e+00 1.871795181693658705e+01
1.162250691590793110e+02 4.191872801009856708e+00 1.870287110896247995e+01
1.159622109419063776e+02 4.039575108103027112e+00 1.846767652351408628e+01
1.156473289823543666e+02 3.893226438911717935e+00 1.827370880670373054e+01
1.154623049445384453e+02 3.702871108962479507e+00 1.797205436037923221e+01
1.154946284210243590e+02 3.804501383181586149e+00 1.781135014637552771e+01
1.156633228587543272e+02 4.018021647463271506e+00 1.785651169661321802e+01
1.158494614992076919e+02 4.176872666720382377e+00 1.783299760964735725e+01
1.155352644159750781e+02 4.105390379502054543e+00 1.755935594768082098e+01
1.154050304837106893e+02 3.944954744447130235e+00 1.735706228345822311e+01
1.154677168103564071e+02 3.937273386511965345e+00 1.741867429430881131e+01
1.153270217280369536e+02 3.867953159831332588e+00 1.747798995514731502e+01
1.154871216394058990e+02 3.948365697096661631e+00 1.771044503531813064e+01
1.153797034888405477e+02 3.976888781457309285e+00 1.778378051728305564e+01
1.154023312652754214e+02 3.917452260091854210e+00 1.788056294147664715e+01
1.161597910455778475e+02 4.037453334407649308e+00 1.852450782907635585e+01
1.169872424999328615e+02 4.339161496521902528e+00 1.928923266994333119e+01
1.173274111675126932e+02 4.384940778341793965e+00 1.971651491956060553e+01
1.172598098461042611e+02 4.289031235731743052e+00 1.966945988773399989e+01
1.173701420782639104e+02 4.391749254693417370e+00 1.980134558053339688e+01
1.168164397174549407e+02 4.861547551902881459e+00 1.967342142722853282e+01
1.163528993097521038e+02 5.113286600596245179e+00 1.946523245508016942e+01
1.162042140037063831e+02 5.181129643058577372e+00 1.951099830795262235e+01
1.158860016651894824e+02 5.208309832675315221e+00 1.915475519028818496e+01
1.158320575833266162e+02 5.111554266376601596e+00 1.894080519968844811e+01
1.157856739988719710e+02 4.946082776032014294e+00 1.927458168828727381e+01
1.158199446727365540e+02 4.851932425536486626e+00 1.938124781779604078e+01
1.157495232723659058e+02 4.786372304138801326e+00 1.939713426261649687e+01
1.154339564364945119e+02 4.536862460720328727e+00 1.916373915612494372e+01
1.151427631402250711e+02 4.320965272741922547e+00 1.892271640748798234e+01
1.149605591813713659e+02 4.326524856981709632e+00 1.833068783068782892e+01
1.152247334353933326e+02 4.343418472860097523e+00 1.819293368785754694e+01
1.154151827679746418e+02 4.517632207987538173e+00 1.813753927967125890e+01
1.154827706604356337e+02 4.529933123841753506e+00 1.820800096688421732e+01
1.155160610211371619e+02 4.641178524427255425e+00 1.828019498831681489e+01
1.159119329626943795e+02 4.462949534015524300e+00 1.857031396879112606e+01
1.161455563612924067e+02 4.359452636102382428e+00 1.872900384067896695e+01
1.163641393387586334e+02 4.448325410254343915e+00 1.917609378776891305e+01
1.168153519727123779e+02 4.645784653398866482e+00 1.962314344801654542e+01
1.170154432895549661e+02 4.677973840410388995e+00 1.984069239652995975e+01
1.167886686541508823e+02 4.835025380710660237e+00 1.996098890768941558e+01
1.167095452958397175e+02 5.025353852765020335e+00 1.999795879998925585e+01
1.161926785378561959e+02 4.955711331345849402e+00 1.981333763059651432e+01
1.157829210646469562e+02 4.934251873338167727e+00 1.951669218166680153e+01
1.157081889721483634e+02 5.005532726344909200e+00 1.947572046303010751e+01
1.153107189858458952e+02 5.274138533021782038e+00 1.939041978889694562e+01
1.151005828163188625e+02 5.577538742513361569e+00 1.939826229420138048e+01
1.152928181989095719e+02 5.937568823355625192e+00 1.971788467219939278e+01
1.156575886981978414e+02 6.289111809416377596e+00 2.012223027959068489e+01
1.158278140359358588e+02 6.633430021754894490e+00 2.037214299143233021e+01
1.163329304649101630e+02 6.713708269545833218e+00 2.060818360056938658e+01
1.164907071683721398e+02 6.749926140789084705e+00 2.077145274353396331e+01
1.164690999919426275e+02 6.632342277012328147e+00 2.057059597668734696e+01
1.166103322321596494e+02 6.503854107915021387e+00 2.050867510004565730e+01
1.163774339967233402e+02 6.330083528053071618e+00 2.014434775602288141e+01
1.160828431767518083e+02 6.312975049015657980e+00 2.044056347863454448e+01
1.158512878360594129e+02 6.395589933660999371e+00 2.078591571992587106e+01
1.155036123868611213e+02 6.207893535304703114e+00 2.064715440603765373e+01
1.150241183896006163e+02 6.213802272177906261e+00 2.055406494238981452e+01
1.153049176805521938e+02 6.647476700776192793e+00 2.128031584884376670e+01
1.156728305535412176e+02 7.338678054414095264e+00 2.192615421803239073e+01
1.155697230951038108e+02 7.403996454757876045e+00 2.195900142346842898e+01
1.153757553782934480e+02 7.316063706926651200e+00 2.175152418553433620e+01
1.153402358123170330e+02 7.340907259688985498e+00 2.170339483791260449e+01
1.154511992050063185e+02 7.635457792818199252e+00 2.190527220476458936e+01
1.163652539413960767e+02 7.921561518008218172e+00 2.283783203072543344e+01
1.169776810893562100e+02 8.146764966561921284e+00 2.348534901834394262e+01
1.169281551312008105e+02 7.904667902129831170e+00 2.351683990008863034e+01
1.166826471141191917e+02 7.591330271533316854e+00 2.329028012784358026e+01
1.168451373781323070e+02 7.563559208229259312e+00 2.338330244675422165e+01
1.160752558214487209e+02 7.804219375285365246e+00 2.328018155936937816e+01
1.154351918996589035e+02 8.054816963446404188e+00 2.306581527139902832e+01
1.151027314479091075e+02 8.092874600488814352e+00 2.295348212607095917e+01
1.146213842559020293e+02 7.919950044315526405e+00 2.249069373942470307e+01
1.144356619128192705e+02 7.880764375688233514e+00 2.226982784089383216e+01
1.147469046276152937e+02 8.057771331883007093e+00 2.232879434909891714e+01
1.153591034834689708e+02 8.262549351381839102e+00 2.264315257970080353e+01
1.158300298122633194e+02 8.597829882093842357e+00 2.303719818440630718e+01
1.161619933929578536e+02 8.897134262616496869e+00 2.345379099186205707e+01
1.163403163860016605e+02 9.025582144871485468e+00 2.349272151048800694e+01
1.163681545940429203e+02 9.037775629146187484e+00 2.371185507479923871e+01
1.164010823731635895e+02 9.178255848306609010e+00 2.377736148040716557e+01
1.162107941879515494e+02 9.078331050412268510e+00 2.353271291596164616e+01
1.158063008621384284e+02 8.790602422582118436e+00 2.315898530873150207e+01
1.155602422582118010e+02 8.477345365670238664e+00 2.284877662288829825e+01
1.156231434480165490e+02 8.005264147396127683e+00 2.267227996669620893e+01
1.156529691402787847e+02 7.701219348427470024e+00 2.273199849595788535e+01
1.158048639647624469e+02 7.633188300700990858e+00 2.283887948862568251e+01
1.159516826471141258e+02 7.582641742540219276e+00 2.289117180995353706e+01
1.153697392098407306e+02 6.959189428732575955e+00 2.226042757768646041e+01
1.143183331990438631e+02 6.570542260897591191e+00 2.127906695673193127e+01
1.142890312357317413e+02 6.879488625681519309e+00 2.125633174871753539e+01
1.142338516907044834e+02 7.176845808825504491e+00 2.146480272876211970e+01
1.141986678484140469e+02 7.368664894045604541e+00 2.148943141836542736e+01
1.143583380334649320e+02 7.749657561840303188e+00 2.194762710498751090e+01
1.144656890392930961e+02 7.899511186313216804e+00 2.235088496763623667e+01
1.144467810812988517e+02 7.928235704885451263e+00 2.227056643300297978e+01
1.143916686810087810e+02 7.908777160046195576e+00 2.229429538312787074e+01
1.147060269116106639e+02 8.108975908468293525e+00 2.258127198990143114e+01
1.147723524830123836e+02 8.220879327478312959e+00 2.270187736685198487e+01
1.143694034861547522e+02 7.986947063089194998e+00 2.290599736792630026e+01
1.137758037225042358e+02 7.437246528617087016e+00 2.259137055837563324e+01
1.133498509386834314e+02 6.911677812693040934e+00 2.207384578196760927e+01
1.132354631643971743e+02 6.707893535304703114e+00 2.189599280208417298e+01
1.135441678081271988e+02 6.973800123546316065e+00 2.238024064673810898e+01
1.140527086186984604e+02 7.353194746595761444e+00 2.281631885692799244e+01
1.144024386968549436e+02 7.532189187011521625e+00 2.291531705744903746e+01
1.146317379743775717e+02 7.678282706201487784e+00 2.307187172669406294e+01
1.146921413799586418e+02 7.717965245884027325e+00 2.314738269814412064e+01
1.144607606155829558e+02 7.563183197700964477e+00 2.295189751027314529e+01
1.140206134343190172e+02 7.501329465796470863e+00 2.255285633712029636e+01
1.135353047028173989e+02 7.506445894770767957e+00 2.216654580613971603e+01
1.133859613783471616e+02 7.503128944753310492e+00 2.207466494776139498e+01
1.130969704294577411e+02 7.373378454596728915e+00 2.194856713130824843e+01
1.127562511750329008e+02 7.166277227190932742e+00 2.171390970375741958e+01
1.130631026240163237e+02 6.990922031531168201e+00 2.165048478500255058e+01
1.132120565090108215e+02 6.766161738242956858e+00 2.164190368758896810e+01
1.136294281954180434e+02 6.764738269814412064e+00 2.178333736201756565e+01
1.139863561894018744e+02 6.928101415411060060e+00 2.233131899121746855e+01
1.141067869900357152e+02 6.934560739129267404e+00 2.238988263099938081e+01
1.143038702226519518e+02 7.206617785297988021e+00 2.256030940294899523e+01
1.145070367684580930e+02 7.359210915048478796e+00 2.278531141729111198e+01
1.147061477721376264e+02 7.637969005989310389e+00 2.289969919157736555e+01
1.148672279966696266e+02 7.771466172481400925e+00 2.312060537695055373e+01
1.148836113125453267e+02 7.872035559852818665e+00 2.319991674052587882e+01
1.142213627695861220e+02 7.847782880777804948e+00 2.305504525555286932e+01
1.134319823812209620e+02 7.773561088281900844e+00 2.277761663040850948e+01
1.132586012408347500e+02 7.877796578304192110e+00 2.267426745091719553e+01
1.131297773480514621e+02 8.042878629173046079e+00 2.278485483307818171e+01
1.129158004995568518e+02 7.919856041683452474e+00 2.273058845647678083e+01
1.132051540300271313e+02 7.526643031719173926e+00 2.251873338167754568e+01
1.135810705556898483e+02 7.266255740875029900e+00 2.275132275132274984e+01
1.140694679451024598e+02 7.462895818225767641e+00 2.311504579271076665e+01
1.146636317245454251e+02 7.803789648967313752e+00 2.367978674831466535e+01
1.147283726801493344e+02 7.929592028576800011e+00 2.382422850696962513e+01
1.145943920715494357e+02 8.175744635135497873e+00 2.394883571025702906e+01
1.145554346950286089e+02 8.512958934278731959e+00 2.395459672870840251e+01
1.145941637794429653e+02 8.854739075551258054e+00 2.417174280879864767e+01
1.145593156608385073e+02 9.077632745145436388e+00 2.430724088845916242e+01
1.144272688206698376e+02 9.158582440308329353e+00 2.437341874143904619e+01
1.147651277092901410e+02 9.003934681599655931e+00 2.405775790293556682e+01
1.148000564015792406e+02 8.758950393468159845e+00 2.380757661214514087e+01
1.147460854618215080e+02 8.490492305213116708e+00 2.340433217844385183e+01
1.148977922810410064e+02 8.392219267853786135e+00 2.325673461714070811e+01
1.148439824886525429e+02 8.304085085810974931e+00 2.315090108237316358e+01
1.149569199366153640e+02 8.382993580963123748e+00 2.302906024225821113e+01
1.148391077807321494e+02 8.475653318292911464e+00 2.289646281524453997e+01
1.149720140735369114e+02 8.604584642655709104e+00 2.310859989793999958e+01
1.151678752719361825e+02 8.655748932398678264e+00 2.324487685655198277e+01
1.151439986033894627e+02 8.575416968817984653e+00 2.335107297290038275e+01
1.151827411167512736e+02 8.536513308086911778e+00 2.330806005425294813e+01
1.151846480272876221e+02 8.484449278865522359e+00 2.324266108022453281e+01
1.152740445303897019e+02 8.529785405419923805e+00 2.323730293019633208e+01
1.154167270969301455e+02 8.653116858700615310e+00 2.338596137834716515e+01
1.155117906158515240e+02 8.709491580049956383e+00 2.356235060295973938e+01
1.148669057019310884e+02 8.704294577391024745e+00 2.350453898423441501e+01
1.144513200655332668e+02 8.627977869094619834e+00 2.339192383101012496e+01
1.142594204066285215e+02 8.634302903338436863e+00 2.322827867751725606e+01
1.140166116079821705e+02 8.598125318937501760e+00 2.315977761663040724e+01
1.139575108103026935e+02 8.700695619477345488e+00 2.322856068541347696e+01
1.145200359895791422e+02 8.866516262455348851e+00 2.375954126715548043e+01
1.151402116402116462e+02 9.170601348266322006e+00 2.433248730964466944e+01
1.155494856713130787e+02 9.489686568366771269e+00 2.488770714151424812e+01
1.156911879246904675e+02 9.740848172320253795e+00 2.515510434292160014e+01
1.160078962210941853e+02 1.002692503961539572e+01 2.565382859291488771e+01
1.164105766390030396e+02 9.964614723497971838e+00 2.574683748287809237e+01
1.161454220718180039e+02 9.441839228641258686e+00 2.539122552574329106e+01
1.158842156151800822e+02 8.986826202562243182e+00 2.480090242526790689e+01
1.159001826336851764e+02 8.918754867993445856e+00 2.472995729594714476e+01
1.158105041226868650e+02 8.772339054064941521e+00 2.456872935299331218e+01
1.156472618376171653e+02 8.646388956033625561e+00 2.421380227217790804e+01
1.154513469234281473e+02 8.719939301157575429e+00 2.398739021835468677e+01
1.153849004914994794e+02 8.772365911959820295e+00 2.399524615260655835e+01
1.152396529959981706e+02 8.694786882604141454e+00 2.387758171514516548e+01
1.153448150833937689e+02 8.872210136169526251e+00 2.402272177906695561e+01
1.154784868262025554e+02 8.969180565627265622e+00 2.406976338194612453e+01
1.155364193054548423e+02 9.002752934225014769e+00 2.417167566406144985e+01
1.155585502108344684e+02 9.174482314076222167e+00 2.402595815539978119e+01
1.157420299196949003e+02 9.099454784733971735e+00 2.425130932237531312e+01
1.157934627883866483e+02 8.955724760293287900e+00 2.411986678484140256e+01
1.152496575618403085e+02 8.830701259635269196e+00 2.355673730293019474e+01
1.150391990975747376e+02 8.782034754115972675e+00 2.319947358526038883e+01
1.151193296269438378e+02 9.103604329492654301e+00 2.317594606934708423e+01
1.149901162946848245e+02 9.149343324470228467e+00 2.307395321354712081e+01
1.148701957940536573e+02 9.095023232079070041e+00 2.321754894851341433e+01
1.146253055085542343e+02 9.162423119275910466e+00 2.343587677597829710e+01
1.148355759675556698e+02 9.346037117610721978e+00 2.410206000053715769e+01
1.151025703005398384e+02 9.635148927027099575e+00 2.467029248247522233e+01
1.150129320763838479e+02 9.613514892702710313e+00 2.496987887089409952e+01
1.149284102812021615e+02 9.561773158219859070e+00 2.492867886015094214e+01
1.154636209813874785e+02 9.595828968925415481e+00 2.498001772621061889e+01
1.158133644884913878e+02 9.630381650686219430e+00 2.506641957403378740e+01
1.156533182929122034e+02 9.365576236134611321e+00 2.470730266161738342e+01
1.153025138989605978e+02 9.106786990035720564e+00 2.438786828888351721e+01
1.154460022023473869e+02 9.132960008594526613e+00 2.440974404426181010e+01
1.156307979480568378e+02 9.408213144253753768e+00 2.464485805602556923e+01
1.156189670453629788e+02 9.479467139365617356e+00 2.457238202669674720e+01
1.157185561195713461e+02 9.531128300163832279e+00 2.468264711411919521e+01
1.159475599602503166e+02 9.660704214003706269e+00 2.485985550452555515e+01
1.159607337576880752e+02 9.673676577229876727e+00 2.486270244138264474e+01
1.156324497085918352e+02 9.671984529852549528e+00 2.461947734536567012e+01
1.155911959820589203e+02 9.786654312035022230e+00 2.465223054816963355e+01
1.160387290844143706e+02 1.019287997206778940e+01 2.497652619987645295e+01
1.161204442295812811e+02 1.024749550130260722e+01 2.502379609486208523e+01
1.158378723175677436e+02 1.001212633953750775e+01 2.465115623237450748e+01
1.158294792254183108e+02 9.741304756533182285e+00 2.479292563048908349e+01
1.158544167808127270e+02 9.594727795235408863e+00 2.510603496897913089e+01
1.161417559691671357e+02 9.675247764080252111e+00 2.560293288212070095e+01
1.163132301990169992e+02 9.853208175543201719e+00 2.611330002954368368e+01
1.163083017753068447e+02 1.009051110573953203e+01 2.630730803319635669e+01
1.162842236725485492e+02 1.006090027663631759e+01 2.601701447640533971e+01
1.164453173260279897e+02 1.016180538769371289e+01 2.578643944887599559e+01
1.165176859237772931e+02 1.016200682190529925e+01 2.561743614535492597e+01
1.159897402841565253e+02 9.900692933687857078e+00 2.513584723229393347e+01
1.160335186528079987e+02 9.917170252195633751e+00 2.507912335831117545e+01
1.162086992721510512e+02 1.024267450917197131e+01 2.530323906212231222e+01
1.164018343942201881e+02 1.047057717616093164e+01 2.552030456852791929e+01
1.165221309053796404e+02 1.066694867456288698e+01 2.581157843848199107e+01
1.166290790427846247e+02 1.094320898128004771e+01 2.604731018182794955e+01
1.166323557059597675e+02 1.102206376064244076e+01 2.603353208175543188e+01
1.166262186769801019e+02 1.109162570837697714e+01 2.623124647490129746e+01
1.168427873123304579e+02 1.106394864770499353e+01 2.637712513093223876e+01
1.166143877742862571e+02 1.065499691134208859e+01 2.604961996078747433e+01
1.163360862675583434e+02 1.019860070367684557e+01 2.541410845217951930e+01
1.161030403137002054e+02 9.964963876131388787e+00 2.509756130314505995e+01
1.158052936910804931e+02 9.729124701205918768e+00 2.527963097252437308e+01
1.154227029785405421e+02 9.572126876695405073e+00 2.554227432653828700e+01
1.155333843633335960e+02 9.819689522735208342e+00 2.594264496548760590e+01
1.159291085864689990e+02 1.029060242258211844e+01 2.679718260682727760e+01
1.158541482018639357e+02 1.038573308624070002e+01 2.722903069857384750e+01
1.156593881771546677e+02 1.075932640399645557e+01 2.672443799854967494e+01
1.156278167217253525e+02 1.101518813955362219e+01 2.633028496226465620e+01
1.154110197942685261e+02 1.089755055998710809e+01 2.589319958101684094e+01
1.151841914430746954e+02 1.079056213573980116e+01 2.562780329277791225e+01
1.151144683479708846e+02 1.076880724088845831e+01 2.547627104987510904e+01
1.154911906104799471e+02 1.054113286600596311e+01 2.556921279510111944e+01
1.154314317943759534e+02 1.012820616120108497e+01 2.539058093626621471e+01
1.153665565492976697e+02 9.949010286573738426e+00 2.505624043187495076e+01
1.154492922944699558e+02 9.773829667230682361e+00 2.492655708645556345e+01
1.157147557274460894e+02 9.850535815002819717e+00 2.491342357586012568e+01
1.158316815727983311e+02 9.870061504579270562e+00 2.520476459055139173e+01
1.158039507963365793e+02 1.003494212123653817e+01 2.536251443611849865e+01
1.157395455644186626e+02 9.952797249751563768e+00 2.539149410469207524e+01
1.157990358015738792e+02 9.949171433943007514e+00 2.546661563666639694e+01
1.161386270244138217e+02 1.034806488867402585e+01 2.590306985738457968e+01
1.163941261783901382e+02 1.073837724599145993e+01 2.649363467891386748e+01
1.165405688502135177e+02 1.097280638143582365e+01 2.708559611097682307e+01
1.167095990116294644e+02 1.102842908172857328e+01 2.716841242983375082e+01
1.164822335025380653e+02 1.080483710686756460e+01 2.686332017296484409e+01
1.161553460639755002e+02 1.043274783122498839e+01 2.646942228668116925e+01
1.155919345741680786e+02 1.021365455375607745e+01 2.560461150055058610e+01
1.151315499691134221e+02 9.953790991862057069e+00 2.477631402250691650e+01
1.145630623371740171e+02 9.689187011522037096e+00 2.390300271264738186e+01
1.144825423683291774e+02 9.659777616630409014e+00 2.369622377998012652e+01
1.145602019713694801e+02 9.970792039319958278e+00 2.387139097037574231e+01
1.150110117369000591e+02 9.880871807267746831e+00 2.414148739021835510e+01
1.152854188488706200e+02 9.703730561598581161e+00 2.421096876426825517e+01
1.155742889372331064e+02 9.521365455375606857e+00 2.430345392528133530e+01
1.159038755942309251e+02 9.610869390057207085e+00 2.459867590578250329e+01
1.160683936293073373e+02 9.735221443343270664e+00 2.481635914377030971e+01
1.159942121236537531e+02 9.955469610291945770e+00 2.498559073939784625e+01
1.157245454301291829e+02 1.012060537695055373e+01 2.498234093411758394e+01
1.153699540729997608e+02 9.940053178631858444e+00 2.483184272016759309e+01
1.153031584884376741e+02 9.894273896811967006e+00 2.478340450675475992e+01
1.151362232428222256e+02 9.891923831010124957e+00 2.454021969758010258e+01
1.151817070877984577e+02 9.645838369188622252e+00 2.439694625735234723e+01
1.152975586173555769e+02 9.595036661026508540e+00 2.448980742889372308e+01
1.155384873633604599e+02 9.632933150699647840e+00 2.463160368490317609e+01
1.154468885128783597e+02 9.470510031423737374e+00 2.434171299653533183e+01
1.150970644320898089e+02 8.991311471006902423e+00 2.380648886740257453e+01
1.136168989874573612e+02 8.379636344103349899e+00 2.315413745870598561e+01
1.128207235516880189e+02 7.889802057314748041e+00 2.300010743157951154e+01
1.122980017726210633e+02 7.572919184594311126e+00 2.263168425858781063e+01
1.121837751457040753e+02 7.658891306099428142e+00 2.272474686434077285e+01
1.122385383933607272e+02 7.929108586468992748e+00 2.287926033357505418e+01
1.122983643542019223e+02 7.983092955174173611e+00 2.307659871619262404e+01
1.124236698627561566e+02 8.161509950850051709e+00 2.325848038030779108e+01
1.126522574060645070e+02 8.335683399135175975e+00 2.366947331668144017e+01
1.126742540219697588e+02 8.472376655117772160e+00 2.392306556012139751e+01
1.125913302715333231e+02 8.578787634625198777e+00 2.400397496844197320e+01
1.123518787097467282e+02 8.756049740821314487e+00 2.357937850831251936e+01
1.122002256063169767e+02 8.907219402143260467e+00 2.328682888835173159e+01
1.118418607149571642e+02 8.747361211828216909e+00 2.295522788923804214e+01
1.117039454247576060e+02 8.810396691107351685e+00 2.278398195149464200e+01
1.115507211344774845e+02 8.774514543550075985e+00 2.271742808798646251e+01
1.118420218623264333e+02 8.625587516450460512e+00 2.270242795369698996e+01
1.120895442215239228e+02 8.493178094700937208e+00 2.280425966212768074e+01
1.121999435984207594e+02 8.357532296618591872e+00 2.267001047457900142e+01
1.121647194692880021e+02 8.290602422582118436e+00 2.273707463808986518e+01
1.122997072489458219e+02 8.302822764751699225e+00 2.274505143286869213e+01
1.122694518303655400e+02 8.156621813982219749e+00 2.288773399940912512e+01
1.124272285338275168e+02 8.159804474525286011e+00 2.312454005855020966e+01
1.125326860580667727e+02 8.248623532887492615e+00 2.333959122283995313e+01
1.125659227029785399e+02 8.399632046840169508e+00 2.360116026105873743e+01
1.125190959632583940e+02 8.418674294308811312e+00 2.379429538312787074e+01
1.121003410952649517e+02 8.529140815942845677e+00 2.335447049660247743e+01
1.116148175006043033e+02 8.329277791206724402e+00 2.261305830848978005e+01
1.114397711707356393e+02 8.190583622055703117e+00 2.218498375097359698e+01
1.112075443826712871e+02 8.088161039937689978e+00 2.208178228990411895e+01
1.111864072194021418e+02 8.123532887492277865e+00 2.207692101093116221e+01
1.112444202723390561e+02 8.119625063787500707e+00 2.220248166948674395e+01
1.112323879354336214e+02 8.170158193000832014e+00 2.229730346735422941e+01
1.112748771251309279e+02 8.147248408669728548e+00 2.246397013402089371e+01
1.113704912308973292e+02 8.144898342867886498e+00 2.266854671930813936e+01
1.111522708350119473e+02 8.011642897429698706e+00 2.261172884269331007e+01
1.112099615932103234e+02 7.924730749603845936e+00 2.246970429457739016e+01
1.108438750570730207e+02 7.567856471409770691e+00 2.170613434319017898e+01
1.106064378374023107e+02 7.253229661859103672e+00 2.111812102167431959e+01
1.104821663578008781e+02 7.120887384846775525e+00 2.072862783015067123e+01
1.102812155883221834e+02 7.082668600435098050e+00 2.042005747589503883e+01
1.098896677678403506e+02 6.752329922380683414e+00 2.051545671850240282e+01
1.095577176160932567e+02 6.568930787204898536e+00 2.045540246555475150e+01
1.093842290441275225e+02 6.532122042274326468e+00 2.049059973679263180e+01
1.093960062310316061e+02 6.510998307952622355e+00 2.060868047162463412e+01
1.092832433593854944e+02 6.428302849622646420e+00 2.055532726344909022e+01
1.093581365992533563e+02 6.377420567775898164e+00 2.042571106276690074e+01
1.094056347863454448e+02 6.444363870759810098e+00 2.038386646254666701e+01
1.094427658260145506e+02 6.453495555018397667e+00 2.025082588026750585e+01
1.092713318830070079e+02 6.343082749174119961e+00 2.005904708188972307e+01
1.092474149276179674e+02 6.399739478419681049e+00 2.002096258695243591e+01
1.096203905137915342e+02 6.474525286708027849e+00 2.037987806515725353e+01
1.094280476996213025e+02 6.360204657158972097e+00 2.020237423790723241e+01
1.089518035076410740e+02 5.635618940187468340e+00 1.957533639513334833e+01
1.083840678967582534e+02 5.230212445948486888e+00 1.892678537856202681e+01
1.079176536943034392e+02 4.857612870303225527e+00 1.833204415437917945e+01
1.081178390137780951e+02 4.820078962210941675e+00 1.795792710767329936e+01
1.083062337174012271e+02 4.754169688179840314e+00 1.758484408992023162e+01
1.083780114414632152e+02 4.679558456208201989e+00 1.734711143340584982e+01
1.087859291488733078e+02 4.884712486235328832e+00 1.776647060403405476e+01
1.089080654258319214e+02 4.915451346923427778e+00 1.779442967260226283e+01
1.085994816426288452e+02 5.047337039722826546e+00 1.790446646791824392e+01
1.080987296215722608e+02 4.995098434184728653e+00 1.782245588590766161e+01
1.077155748932398609e+02 4.895173636290387265e+00 1.772731179330164153e+01
1.074737732656514453e+02 4.821985872747293733e+00 1.750357210001880048e+01
1.073131227674374912e+02 4.726667203824564290e+00 1.753245776596030581e+01
1.074742969946015592e+02 4.787392904144173400e+00 1.768323798780651401e+01
1.078087449305723453e+02 4.977775091988290157e+00 1.812161254800848553e+01
1.081976472484086713e+02 5.227969811726157268e+00 1.868436601939140118e+01
1.083721429914323267e+02 5.328982354363064999e+00 1.917720839040635994e+01
1.083500389439475668e+02 5.335387962291515684e+00 1.918852899309752047e+01
1.082631536540165911e+02 5.321851583272903419e+00 1.928262562780329148e+01
1.085288319501517407e+02 5.505640157924421629e+00 1.972001987484220820e+01
1.089542207181801103e+02 5.736765772298767274e+00 2.026083044610963313e+01
1.087869766067735640e+02 5.664424032444337342e+00 2.022078532484623992e+01
1.086932022668063240e+02 5.638385303359922496e+00 2.008530067413316189e+01
1.089958370262938843e+02 5.814438804286520046e+00 2.028849407783418002e+01
1.091770203851422139e+02 5.947909112883731808e+00 2.053169231595627409e+01
1.093342465017591962e+02 6.075148389869202248e+00 2.056748046088147674e+01
1.091945451615502378e+02 5.830889264899417057e+00 2.042251497327639598e+01
1.088969596862997946e+02 5.640735369161765433e+00 2.011107082426879344e+01
1.087150511642897470e+02 5.482408078854779099e+00 1.957588698197835342e+01
1.087110493379528862e+02 5.477224505143286848e+00 1.929025326994869971e+01
1.087750651303950775e+02 5.415518491660623823e+00 1.895556361292402059e+01
1.088899229178417016e+02 5.376050815137109140e+00 1.885246958343405055e+01
1.089416512233771073e+02 5.443853570757124061e+00 1.885656541240297557e+01
1.082257271775038276e+02 4.984865576236134466e+00 1.825376681975666671e+01
1.074134772916498832e+02 4.592552305750275288e+00 1.750574758950393317e+01
1.068649182177100982e+02 4.205624043187494721e+00 1.682776032014610834e+01
1.066753149088174411e+02 3.847769451830365561e+00 1.643956973652405296e+01
1.068790857572583519e+02 3.781900464641581472e+00 1.632910321489001859e+01
1.078470442886686556e+02 3.813136196384927512e+00 1.686952434668170753e+01
1.086803641930545439e+02 3.823100475384739294e+00 1.745243466817071010e+01
1.089887868288883510e+02 3.798149491042892123e+00 1.769086562995192580e+01
1.091270378427738876e+02 3.835669970187736588e+00 1.776719576719576565e+01
1.093499852281578200e+02 3.972484086697284589e+00 1.802797249751564479e+01
1.086965057878763474e+02 4.232226788064351375e+00 1.785899605188945216e+01
1.081973518115650137e+02 4.427738833830204612e+00 1.778087986463620851e+01
1.076455160744500859e+02 4.461123197163805898e+00 1.750126232105927571e+01
1.073680203045685317e+02 4.463446405070770950e+00 1.715885101925710998e+01
1.072801144146321803e+02 4.487188784143098630e+00 1.701779335535680815e+01
1.070676147503558724e+02 4.426704804877394039e+00 1.702923481857492050e+01
1.068669191308785287e+02 4.292818198909569283e+00 1.693388929175731050e+01
1.067222759380119754e+02 4.233475680176187694e+00 1.694766739182982818e+01
1.068685708914135262e+02 4.223685977493084387e+00 1.704616872129562566e+01
1.070636397819138921e+02 4.298216635780087280e+00 1.724436655654929851e+01
1.074294308812075371e+02 4.114669782182472701e+00 1.713426261649611959e+01
1.078721027045900200e+02 4.029207960680041722e+00 1.698674562887760686e+01
1.080335186528079987e+02 4.005922165820643421e+00 1.682507453065828784e+01
1.080219563290629310e+02 3.865898530873149941e+00 1.683502538071066112e+01
1.081727096930142551e+02 3.906910536352160790e+00 1.679836435420191876e+01
1.080432949265436520e+02 4.027811350146375702e+00 1.703474068702495003e+01
1.080499288265785793e+02 4.096298982085784246e+00 1.723391883544167769e+01
1.078315875701662492e+02 4.097964171568232672e+00 1.722584803803077946e+01
1.076629602771734682e+02 4.052614616066392728e+00 1.717221282195901466e+01
1.077775091988289944e+02 4.077350737249214596e+00 1.727946982515510399e+01
1.075747589503934734e+02 4.029503397523702013e+00 1.725108103026884621e+01
1.077099615932103234e+02 3.961230628743319215e+00 1.702966454489297021e+01
1.078798109204200557e+02 3.944820454972739032e+00 1.698584588939919016e+01
1.081737437219670710e+02 3.984301560443692214e+00 1.717343485617597310e+01
1.082716004619557850e+02 4.017363629038755768e+00 1.737163269142964594e+01
1.082205301748448960e+02 3.922864125909811150e+00 1.725991727768377615e+01
1.083434587597024148e+02 3.840114951790078557e+00 1.713962076652432032e+01
1.085662852845593989e+02 3.941986947063089275e+00 1.737931404936481172e+01
1.089120269653264614e+02 4.137740713882846144e+00 1.775819837241157018e+01
1.092012193484274718e+02 4.298606075255821501e+00 1.803353208175543188e+01
1.095139661053366638e+02 4.502457497381355367e+00 1.833885263073080196e+01
1.093977385652512595e+02 4.328552628045013506e+00 1.817949131147100772e+01
1.091455160744500859e+02 4.255539440818628449e+00 1.794418929444310251e+01
1.089798297209464693e+02 4.128367308570354055e+00 1.780709317003733361e+01
1.087470792039319889e+02 4.025300136975263676e+00 1.746066661295087741e+01
1.086004485268444597e+02 4.010192571106276915e+00 1.754273091075121371e+01
1.085834877662288847e+02 4.037856202830822028e+00 1.775720463030107865e+01
1.085436575081245110e+02 4.196922085246958645e+00 1.798988800257835763e+01
1.084020895442215249e+02 4.329694088577337396e+00 1.819588805629414807e+01
1.082246394327612649e+02 4.402076115274084600e+00 1.819467945102462991e+01
1.075371444686165461e+02 4.384255902022399454e+00 1.775152418553433620e+01
1.069741358472322901e+02 4.379757204630300826e+00 1.729241533048639567e+01
1.068580828834635952e+02 4.396409099454785085e+00 1.705352778449225326e+01
1.068498912255257380e+02 4.391789541535734642e+00 1.693633336019122737e+01
1.068441436360218120e+02 4.468267397201407753e+00 1.697114119195337523e+01
1.071950957483952465e+02 4.443826712862246175e+00 1.707337576880724228e+01
1.071540568850213475e+02 4.324255364864502127e+00 1.678018155936937816e+01
1.071464292428759393e+02 4.288896946257352738e+00 1.672650605645529609e+01
1.072574194934601053e+02 4.254787419762038780e+00 1.677123788037493668e+01
1.071681975666747206e+02 4.198197835253672849e+00 1.674859667499261562e+01
1.071636585824403056e+02 4.038071065989847774e+00 1.685181156500953392e+01
1.074379045470415974e+02 3.996871055246689952e+00 1.723808180914780053e+01
1.077422044960116096e+02 4.135994950715763174e+00 1.759315660838503348e+01
1.078715789756398920e+02 4.140601079687374231e+00 1.765760212714527455e+01
1.077595009803131632e+02 4.025958155399779415e+00 1.761188999006257916e+01
1.075496199607874672e+02 4.137122982300647678e+00 1.769678779577256833e+01
1.077343754196546115e+02 4.443759568125050130e+00 1.817242768511804130e+01
1.079230387022265205e+02 4.658421292939059377e+00 1.849552816050277926e+01
1.078252893938173145e+02 4.743211667069535231e+00 1.856167915558778603e+01
1.077738968119678731e+02 4.743453388123438863e+00 1.856126285821717303e+01
1.076996213036822212e+02 4.808704643730024486e+00 1.832414793328499059e+01
1.076427899981199516e+02 4.910818360056938836e+00 1.812582923750436592e+01
1.075044718394972136e+02 4.988800257835790397e+00 1.783470308597212295e+01
1.075921897241694154e+02 5.095640963661268508e+00 1.786785915719925910e+01
1.075878790320414709e+02 5.124244621706550262e+00 1.775813122767437591e+01
1.079460962049794546e+02 5.079257647785566654e+00 1.801794107377863696e+01
1.081840034378105457e+02 5.101751134746058902e+00 1.830599199634732699e+01
1.081439986033894627e+02 5.012488921118362306e+00 1.832120699379582618e+01
1.080262938790857561e+02 4.956678215561463929e+00 1.837460048881368735e+01
1.083923132704858574e+02 5.295033975237021018e+00 1.873590631966266429e+01
1.081308516638465846e+02 5.265691725082588093e+00 1.896104262347917313e+01
1.076128703032256340e+02 4.996642763140225263e+00 1.877190932774689003e+01
1.075329814949104303e+02 4.954892165552063688e+00 1.891965460747186611e+01
1.077591383987323042e+02 4.991405473638976353e+00 1.911730185588053743e+01
1.076314693954287804e+02 5.036593881771546322e+00 1.903557328176617602e+01
1.075976015899873772e+02 5.146590390245212809e+00 1.908244030832863203e+01
1.077110627669003264e+02 5.311041280584428037e+00 1.897897026831036982e+01
1.076090161953106161e+02 5.254371122391426674e+00 1.876606773561088204e+01
1.077729030698573780e+02 5.364354201917653775e+00 1.895784653398866482e+01
1.079653130287648111e+02 5.600529100529100468e+00 1.930842263583380358e+01
1.078927429968039036e+02 5.662208256116885607e+00 1.952677732119356335e+01
1.076872398141433678e+02 5.651532242902801428e+00 1.965765584293503210e+01
1.077236859774930906e+02 5.653439153439153486e+00 1.986768458088254974e+01
1.076590390245212632e+02 5.673381140386216437e+00 1.996524588402760969e+01
1.074395697365240494e+02 5.562807187172669643e+00 1.976268364085623119e+01
1.076541643166008697e+02 5.413853302178175397e+00 1.945110520237423657e+01
1.080446109633926852e+02 5.513576665860929538e+00 1.957373835038809773e+01
1.082489726855209113e+02 5.609539924260736221e+00 1.954827706604356408e+01
1.083576262992506685e+02 5.670319340370101990e+00 1.977374909354604782e+01
1.083612521150592158e+02 5.722490801171003838e+00 1.976590658824161295e+01
1.081665995219294700e+02 5.728023527515913038e+00 1.980072784895119753e+01
1.079586388418875771e+02 5.764456261918191160e+00 1.976716890930088866e+01
1.079199097574732065e+02 5.708726130045927327e+00 1.984968979131415523e+01
1.078309429806891728e+02 5.616831842720167778e+00 1.964577122445142621e+01
1.075308731501624919e+02 5.469731152472268931e+00 1.946081433137270622e+01
1.078586871860983507e+02 5.532417479117986758e+00 1.963506835334246503e+01
1.080512314344801723e+02 5.635780087556737428e+00 1.976963983562968252e+01
1.078544973544973544e+02 5.529973410684070778e+00 1.970273681948808786e+01
1.080001611473692691e+02 5.479776005156716145e+00 1.980717374372196815e+01
1.083152579700803102e+02 5.734576853866194313e+00 2.028094700937340633e+01
1.084454919023446990e+02 5.964722155077485155e+00 2.035596110976821649e+01
1.085150404211317863e+02 6.107445008460237190e+00 2.032275132275132279e+01
1.086041952031799696e+02 6.198063545779281647e+00 2.041952031799747402e+01
1.088564579808234640e+02 6.214326001128031685e+00 2.041273869954072850e+01
1.085636800687562129e+02 6.177060671984530238e+00 2.026737034351247502e+01
1.084459619155050660e+02 5.998536244729137934e+00 2.047445814197083180e+01
1.084837375446512482e+02 5.828270620148792602e+00 2.057031396879112606e+01
1.084029758547524978e+02 5.669594177208390207e+00 2.058346090833400410e+01
1.084107512153197490e+02 5.772540488276528770e+00 2.080924180162758930e+01
1.085520371713265178e+02 5.927711975935325839e+00 2.103742647651277053e+01
1.083311444149007627e+02 5.815862272715064840e+00 2.063266457175086543e+01
1.084272688206698376e+02 5.787782343619906733e+00 2.046309725243735400e+01
1.085009265973732937e+02 5.845661107082427144e+00 2.029837778314935548e+01
1.084208497837939404e+02 5.747482072355168725e+00 2.027174818037762094e+01
1.083967313941933241e+02 5.744420272339054279e+00 2.010191228211532888e+01
1.085257567211881877e+02 5.937864260199285482e+00 2.027084844089920068e+01
1.086518008218515803e+02 6.051419439744313067e+00 2.033493137807858631e+01
1.086495447586818131e+02 6.160905648215292629e+00 2.052012999221120992e+01
1.086567426745091751e+02 6.360312088738484526e+00 2.079917009104826420e+01
1.086160932506110157e+02 6.437837402304407597e+00 2.089328015470147548e+01
1.081712727956382736e+02 6.184043724652862117e+00 2.048448956570783963e+01
1.079399323181049084e+02 6.067695324040501603e+00 2.030808691214782513e+01
1.079126044100663364e+02 5.952998683963151016e+00 2.010606182687400789e+01
1.076312545322697645e+02 5.774232535653855081e+00 1.981399564902103094e+01
1.077189052722047649e+02 5.807710901619531185e+00 1.993523218650122075e+01
1.083639647624419240e+02 5.991204039427389993e+00 2.027338651196519237e+01
1.087997206778932622e+02 6.138183869148336136e+00 2.045948486557623625e+01
1.087721913356431145e+02 6.070072247737222426e+00 2.062729299277522799e+01
1.085190691053635277e+02 5.936199070716837056e+00 2.040525877581715264e+01
1.084390057207316147e+02 5.771801896167378487e+00 2.022488115381516494e+01
1.079173045416700205e+02 5.587328445196465765e+00 1.992332071012274142e+01
1.076768458088255045e+02 5.385746515188139405e+00 1.979542341471275435e+01
1.076393521875755397e+02 5.433258131227674426e+00 1.987049123089732205e+01
1.076106410979507473e+02 5.511266886901404760e+00 1.990476190476190510e+01
1.075595842397872843e+02 5.524413826444283693e+00 1.997604275776864569e+01
1.072385921091504883e+02 5.513133510595439546e+00 1.990677624687776870e+01
1.071831036983321184e+02 5.417989417989417689e+00 1.967942416673380990e+01
1.069767813498777969e+02 5.406910536352160790e+00 1.964043993231810603e+01
1.064733166814385044e+02 5.274393683023125057e+00 1.931032954637015564e+01
1.062017967931673468e+02 5.006647328982354317e+00 1.894909086025837297e+01
1.062989686568366778e+02 4.789192383101012140e+00 1.904475868181452114e+01
1.062450514328686921e+02 4.654674616603550419e+00 1.908010367147423025e+01
1.061039803400209536e+02 4.522372626433540432e+00 1.894010689442161421e+01
1.060497542502618700e+02 4.165189482448365510e+00 1.857802218462116883e+01
1.060015577579029298e+02 4.122861440120323628e+00 1.850667418687723398e+01
1.060428383423307253e+02 4.428437139097037623e+00 1.847044288668654133e+01
1.061748046088147674e+02 4.833803346493701802e+00 1.875590202239948567e+01
1.061559637955577102e+02 5.024292965917330989e+00 1.873017215910616784e+01
1.058577471597776167e+02 4.970818897214836163e+00 1.850909139741627030e+01
1.060118846184836059e+02 5.143340584964950502e+00 1.865787070609405518e+01
1.068220664464319327e+02 5.191241640480218855e+00 1.901916310799559540e+01
1.075124083474337340e+02 5.402546128434453365e+00 1.949054602100287426e+01
1.076883947036231319e+02 5.331614428061128841e+00 1.960118711895361798e+01
1.076545940429189159e+02 5.145811511293744367e+00 1.918667579835092596e+01
1.079454247576074977e+02 5.218099535358418528e+00 1.937277415196196984e+01
1.077403513012650080e+02 5.491942631536540276e+00 1.973320710122740707e+01
1.075431740660167037e+02 5.646482958665699492e+00 2.015241855343378319e+01
1.076224988585394726e+02 6.006526468455402501e+00 2.062984449278865640e+01
1.077860365804528300e+02 6.279845835683398825e+00 2.119778153788305985e+01
1.077193215695753707e+02 6.407031396879112606e+00 2.145705422608975965e+01
1.087535519565976472e+02 6.667176966669352112e+00 2.202000913168425811e+01
1.095762361346117757e+02 6.962882389278328255e+00 2.247038917089678378e+01
1.099088174468885200e+02 7.082534310960706847e+00 2.264838986920205244e+01
1.098169097306153077e+02 6.915531920608062322e+00 2.237265329143501802e+01
1.093254505411865836e+02 6.437300244406843674e+00 2.181314962533236468e+01
1.091234657427550871e+02 6.437689683882577008e+00 2.131349877796578340e+01
1.091102382295275675e+02 6.697351811565009250e+00 2.150385410791502139e+01
1.092674509171971096e+02 7.111648269008675527e+00 2.187993178094701108e+01
1.092914618752182179e+02 7.348588617624150388e+00 2.220414685896919238e+01
1.092583460908333990e+02 7.535492708081540592e+00 2.231447909112883821e+01
1.091103188032122091e+02 7.769304111943705848e+00 2.258497837939462372e+01
1.089034995837026258e+02 7.858781188730427303e+00 2.264547578760776858e+01
1.087683237987806564e+02 7.720489888002578738e+00 2.249692477103644705e+01
1.086885155641500802e+02 7.512247200064458674e+00 2.253546585018666093e+01
1.086430854349636093e+02 7.361520694008003574e+00 2.229781376735691367e+01
1.089411140654795531e+02 7.465004162973706059e+00 2.239088980205731616e+01
1.094433835575967606e+02 7.683949722020788187e+00 2.257873391883544301e+01
1.095695888056294081e+02 7.786936319931244022e+00 2.259063196626648562e+01
1.094482448365697138e+02 7.740123009158542011e+00 2.251630274219106553e+01
1.096932156957537643e+02 7.832621599119060640e+00 2.266488061665726761e+01
1.097352483012381441e+02 8.176563800929283587e+00 2.297192007090484367e+01
1.096365992533505249e+02 8.316130851663846357e+00 2.329003840678967663e+01
1.095337469449144550e+02 8.271573604060913354e+00 2.330278247790938195e+01
1.095388096580989981e+02 8.245333440764913036e+00 2.333968522547202795e+01
1.098065694410872055e+02 8.606786990035720564e+00 2.369392742996803847e+01
1.101735557167029214e+02 9.011307173743722032e+00 2.414320629549056108e+01
1.102405258775817174e+02 9.079324792522761811e+00 2.414837644025461216e+01
1.099011360889533506e+02 8.813780785862004308e+00 2.346578304192517450e+01
1.099366422259823253e+02 8.878494883571026008e+00 2.338284586254129493e+01
1.098952139231327010e+02 8.865173367711438601e+00 2.355664330029812348e+01
1.094239518706523739e+02 8.850334380791233357e+00 2.356436494507560653e+01
1.090705154030027160e+02 8.913087852174147230e+00 2.367731582198587148e+01
1.092229473853839323e+02 9.346117691295356522e+00 2.417092364300486196e+01
1.093996589047350483e+02 9.720677893266726599e+00 2.452382295275696222e+01
1.092803158488437703e+02 9.719294711680499077e+00 2.452883195015174778e+01
1.098529395965944246e+02 1.015803185346332604e+01 2.488071065989847597e+01
1.101598179034727281e+02 1.054243547390755431e+01 2.504115972390084011e+01
1.099851475841323492e+02 1.036009722557945878e+01 2.493183466279912963e+01
1.096589853087315021e+02 1.015832729030698545e+01 2.442510676013214166e+01
1.093450836623425459e+02 9.932855262804501706e+00 2.407064969247710451e+01
1.096361829559799048e+02 9.566755297719764073e+00 2.407635699513872041e+01
1.098176751806193465e+02 9.315620551661160320e+00 2.408673757150914341e+01
1.100045792710767358e+02 9.148564445518760024e+00 2.412976391910402185e+01
1.100018666236940419e+02 8.967246797196036567e+00 2.403457953965568095e+01
1.097607364434775548e+02 8.838691483361534651e+00 2.385393333870491261e+01
1.096919399457470519e+02 8.875849380925522780e+00 2.381024897268552110e+01
1.096392581849434578e+02 8.926879381194101626e+00 2.373210592753740045e+01
1.092536996750194760e+02 8.853664759756130209e+00 2.351260978164531323e+01
1.089515080707974164e+02 8.660798216635779312e+00 2.315463432976123315e+01
1.089515752155346036e+02 8.583783203072544055e+00 2.297008030510568588e+01
1.089501517471060623e+02 8.009104826363708796e+00 2.255607928450568167e+01
1.087833910778073232e+02 7.403311578438482421e+00 2.204171031074584519e+01
1.088447076518142467e+02 7.322214164853758867e+00 2.187366046249294982e+01
1.088220664464319327e+02 7.144911771815324997e+00 2.168971074047216163e+01
1.088132167700695589e+02 7.096473558402492721e+00 2.161265544006660733e+01
1.084576585287245223e+02 7.388042865200225684e+00 2.172733865119651853e+01
1.081697821824725310e+02 7.589329358364891753e+00 2.171652834850804226e+01
1.079861010394005376e+02 7.680981924636746783e+00 2.169692208524695687e+01
1.081091639137324449e+02 7.920258910106626082e+00 2.194371928128273197e+01
1.083268337227728040e+02 8.047605618671608951e+00 2.220213251685332878e+01
1.078594929229446961e+02 8.097252437353960275e+00 2.243180780490425263e+01
1.076391238954690692e+02 8.264348830338677843e+00 2.272784895119920634e+01
1.075795127977869043e+02 8.435406762817930115e+00 2.282307361748986096e+01
1.075520237423790775e+02 8.318078049042515687e+00 2.291210753901109243e+01
1.074284639969919226e+02 8.265906588241612951e+00 2.291610936534794263e+01
1.084387102838879429e+02 8.131039669110734280e+00 2.314773185077753581e+01
1.090593425187333878e+02 8.177624687776971157e+00 2.355190288185212211e+01
1.093998066231568771e+02 8.341471275481428194e+00 2.374764321972443781e+01
1.096467783955093580e+02 8.273399940912630868e+00 2.401658475008728644e+01
1.095347004001826292e+02 8.304380522654634333e+00 2.391527677060672019e+01
1.089317943759568124e+02 8.210592753739961225e+00 2.379304649101603530e+01
1.086439180297048352e+02 8.325208820132678156e+00 2.382140842800741254e+01
1.084252007627642200e+02 8.383060725700319793e+00 2.386035237558080269e+01
1.082104584642655709e+02 8.415290199554158690e+00 2.380283619369913950e+01
1.081028120215937491e+02 8.307710901619531185e+00 2.364781242446217036e+01
1.079157602127145310e+02 8.291273869954073561e+00 2.337300244406843319e+01
1.076215856901136050e+02 8.267034619826498343e+00 2.292557677329250865e+01
1.075680981924636797e+02 8.219818440630623613e+00 2.277801949883168220e+01
1.074477076786721454e+02 8.259312975049015293e+00 2.288761313888217330e+01
1.076104128058442768e+02 8.326108559611098414e+00 2.285801573872639736e+01
1.078034807831762123e+02 8.013724384282760127e+00 2.240438589423360938e+01
1.079666022077189638e+02 7.981521768323799115e+00 2.227522627776435016e+01
1.084346815996562157e+02 8.147906427094245174e+00 2.258931592941745237e+01
1.084545832997609693e+02 8.217038648510730070e+00 2.251137431848091808e+01
1.083257459780302412e+02 8.196908656299518370e+00 2.247590846829425359e+01
1.085143958316547099e+02 8.095614105766390622e+00 2.267411973249536672e+01
1.083878951467783907e+02 8.093384900491498612e+00 2.264954475868181305e+01
1.086103456611070754e+02 8.249818709209572276e+00 2.300684876319393979e+01
1.088877608573040021e+02 8.487766228882980712e+00 2.328990411731528454e+01
1.086388150296779713e+02 8.393468159965621567e+00 2.319702951682647196e+01
1.083212069937958262e+02 8.172011387747428302e+00 2.315979104557784751e+01
1.086193296269438378e+02 8.321865012220342805e+00 2.357267746354040838e+01
1.089085757258346092e+02 8.531772889640910407e+00 2.395247495501302737e+01
1.089611366261112408e+02 8.784008809389520778e+00 2.423702092230011118e+01
1.091113125453227042e+02 8.959431149786480475e+00 2.462494292697338238e+01
1.089880348078317667e+02 9.372169849327208979e+00 2.476285821717293700e+01
1.089164719469287945e+02 9.838852630730803739e+00 2.496500416297370606e+01
1.091529154244890236e+02 1.057716273198506762e+01 2.562185426906238916e+01
1.095271264738269821e+02 1.115826014556978940e+01 2.617550291408159424e+01
1.096649074745521375e+02 1.147671420514060081e+01 2.650843337899175367e+01
1.098113367174280910e+02 1.152969140278784899e+01 2.651624902640131154e+01
1.096429780033841013e+02 1.136738914403889034e+01 2.622375312223028132e+01
1.095244541132865947e+02 1.121953643273440271e+01 2.591308785217414723e+01
1.095011414605323239e+02 1.110736443477560265e+01 2.593766282598769735e+01
1.095519565976418761e+02 1.119360513522950029e+01 2.598549673676577143e+01
1.093577337308301765e+02 1.139945747052346015e+01 2.607414121881127045e+01
1.091405205060027441e+02 1.131288104638358405e+01 2.592614078908495046e+01
1.089900760078425037e+02 1.123855182230816752e+01 2.595244809711814682e+01
1.088392152123116574e+02 1.127211076195847816e+01 2.598763193940859040e+01
1.086332017296484338e+02 1.097649934198157595e+01 2.577224505143286848e+01
1.085474041844600208e+02 1.068443316412859545e+01 2.548925684204872155e+01
1.086059543952945035e+02 1.028762119625063853e+01 2.533831547283324070e+01
1.084618752182203991e+02 9.676040071979159052e+00 2.488684768887814514e+01
1.081358740901888069e+02 9.189939032578626765e+00 2.409376091101979256e+01
1.081125077216447750e+02 9.079915666210082392e+00 2.395176322079875320e+01
1.084085757258346092e+02 9.469838584051782249e+00 2.394798968656836635e+01
1.084512126339537446e+02 9.674160019337683991e+00 2.400102060000537207e+01
1.084447130233932199e+02 9.862380146644106560e+00 2.396237208927564311e+01
1.085272070475116095e+02 9.970550318266054646e+00 2.407709558724787158e+01
1.083140090779684641e+02 9.984019552547470866e+00 2.401835737114924996e+01
1.083435393333870422e+02 9.996199607874734383e+00 2.425778207504095718e+01
1.084444041576021220e+02 1.036981978352536693e+01 2.472110761958477809e+01
1.084870947815110185e+02 1.057732387935433671e+01 2.506107485295302695e+01
1.083339913517578452e+02 1.061786587167297746e+01 2.509538581365992371e+01
1.081802567614750359e+02 1.055489753713104051e+01 2.511953106115542766e+01
1.082066312142454336e+02 1.054039427389681194e+01 2.510430263475948820e+01
1.082907232831090738e+02 1.059840732683372266e+01 2.512436548223350385e+01
1.082578492197781515e+02 1.062832702172803678e+01 2.508176886095667868e+01
1.082158837590309730e+02 1.056850106088684704e+01 2.513302715333172088e+01
1.083383557596755509e+02 1.081114871216394135e+01 2.529943866999704483e+01
1.087426342223296558e+02 1.091790884430478314e+01 2.554512126339537659e+01
1.087953696989229968e+02 1.087547337039722883e+01 2.560255687159240523e+01
1.089222061074852945e+02 1.101636988692826336e+01 2.581909864904788776e+01
1.091565278113501449e+02 1.138699540729997572e+01 2.613756613756613589e+01
1.092663766014019870e+02 1.157007224773722243e+01 2.637969005989310389e+01
1.090299331238417579e+02 1.174674348024601755e+01 2.633436736228614450e+01
1.088765476861923531e+02 1.181259903848736315e+01 2.622540488276528947e+01
1.089032847205436099e+02 1.197367926301936514e+01 2.628361936991378656e+01
1.090126232105927500e+02 1.225617060134826630e+01 2.653200118174737554e+01
1.089934063868074077e+02 1.237101495984744659e+01 2.662639325329680773e+01
1.085083796632019926e+02 1.250713077109016247e+01 2.676532914350173087e+01
1.081376332823033266e+02 1.247723793409072535e+01 2.693907286546880542e+01
1.079001692047377361e+02 1.240434560739129211e+01 2.686246072032874110e+01
1.076258963822415637e+02 1.225104074342653071e+01 2.663862702441382524e+01
1.075578519055676452e+02 1.223871296967743660e+01 2.653174603174603163e+01
1.080006580184245166e+02 1.203561356860849330e+01 2.644483388392017886e+01
1.083204415437918016e+02 1.181928665431203562e+01 2.626573201192490359e+01
1.084975559315660831e+02 1.184559396234523199e+01 2.630240646738108623e+01
1.086379152901995582e+02 1.210103940053178562e+01 2.641378615744098113e+01
1.087251363038165124e+02 1.204193860285230855e+01 2.633771117019847807e+01
1.086581527139902761e+02 1.187822630462224360e+01 2.644396100233663560e+01
1.087189724169419662e+02 1.182087127010984950e+01 2.666383315875701498e+01
1.087421776381167291e+02 1.183242016490747517e+01 2.665666210082453702e+01
1.087594472645234021e+02 1.179796148577874426e+01 2.687219670722208775e+01
1.090565358687186119e+02 1.185613568608492407e+01 2.708393092149437464e+01
1.089333252759648758e+02 1.184165928074557428e+01 2.725306851448983281e+01
1.085925523057502744e+02 1.184876319394085975e+01 2.719094620363656034e+01
1.085546289581822634e+02 1.207289232669943324e+01 2.744319555233260743e+01
1.085946740794456531e+02 1.245910885504794052e+01 2.790026320736980736e+01
1.084287594338355802e+02 1.233726801493298986e+01 2.765855558241344880e+01
1.083103295463701556e+02 1.202644159750758668e+01 2.709382805575699038e+01
1.084317138022721849e+02 1.202191604222061017e+01 2.690554078371337354e+01
1.085713211398490614e+02 1.221685064324658221e+01 2.671565546692450255e+01
1.087488518249939631e+02 1.245721537345902874e+01 2.689007063626353045e+01
1.087086052695189693e+02 1.272843982488652514e+01 2.710688099266779361e+01
1.083508715386887928e+02 1.274409797760051610e+01 2.728353879622915201e+01
1.083783337362017534e+02 1.307693443987860249e+01 2.769539118523890053e+01
1.088127601858566322e+02 1.394061719442430025e+01 2.858495152149974317e+01
1.090685816345714869e+02 1.454655816077135810e+01 2.929053527784492417e+01
1.091736497193350033e+02 1.485631026240163344e+01 2.955320548975371153e+01
1.093570622834582196e+02 1.480674401740391666e+01 2.989652995998173779e+01
1.094058227916095944e+02 1.467671151935111240e+01 2.999675019471973769e+01
1.091879246904627649e+02 1.452423925012757522e+01 3.002433325275965004e+01
1.093204952595815485e+02 1.446054575242392559e+01 3.006843391614965100e+01
1.094169688179840421e+02 1.452503155802648216e+01 3.019055676416082434e+01
1.095005640157924489e+02 1.442902801278435732e+01 2.979457739102409164e+01
1.097201541643165967e+02 1.446626648403298177e+01 2.972971557489324113e+01
1.097697204093143171e+02 1.441482018639378992e+01 2.968200252464211886e+01
1.095419923186420590e+02 1.423841753283377720e+01 2.925958155399779770e+01
1.095424757607498663e+02 1.414035935863346971e+01 2.912569494802997383e+01
1.100056670158192986e+02 1.448281094727795271e+01 2.934670856498267710e+01
1.103828861493836087e+02 1.489716112051137387e+01 2.966720382456422911e+01
1.104884645341498128e+02 1.503819192651680048e+01 2.971280853006741296e+01
1.104129401337523149e+02 1.502538071065989911e+01 2.965568178766148222e+01
1.104645341498133320e+02 1.508791931888378635e+01 2.962603067171595228e+01
1.102744205409180012e+02 1.477040528563371247e+01 2.957305347406870411e+01
1.100180619343055923e+02 1.440161953106115611e+01 2.940178067843042342e+01
1.098920312625896401e+02 1.441413531007439630e+01 2.945816882872720299e+01
1.100471490344586840e+02 1.440619880213788839e+01 2.972729836435420125e+01
1.099899685762629957e+02 1.424354739075551279e+01 2.949401068944216320e+01
1.096454220718180039e+02 1.426796121719979560e+01 2.922501544328955347e+01
1.093517309913248994e+02 1.413333601912282056e+01 2.887623882040125523e+01
1.092962694384014242e+02 1.423406655386350828e+01 2.882013267800069656e+01
1.094621840840114970e+02 1.444619020761152761e+01 2.902421239223269822e+01
1.095551258292375110e+02 1.461942362957591435e+01 2.908291032148900257e+01
1.095976687347245786e+02 1.443611849703220251e+01 2.880235275159132868e+01
1.095842532162329093e+02 1.425121531974323830e+01 2.857447694249724535e+01
1.096346923428141764e+02 1.440233126527542851e+01 2.847496844197351962e+01
1.096332554454381807e+02 1.437492278355222552e+01 2.837442591249697799e+01
1.094532941208068166e+02 1.426093787768914645e+01 2.825473370397228123e+01
1.093051325437112240e+02 1.423759836703999149e+01 2.846284210243601009e+01
1.090324846238551828e+02 1.422051674589745573e+01 2.845879998925684262e+01
1.087795772567346120e+02 1.400858109741358426e+01 2.830655601213976880e+01
1.085458195686622105e+02 1.393229124701205990e+01 2.810851932425536504e+01
1.085190019606263263e+02 1.391862057851905554e+01 2.812642011119168473e+01
1.083376843123036082e+02 1.362146482958665672e+01 2.819176536943034250e+01
1.081972040931431849e+02 1.342286412590981115e+01 2.806893078720489854e+01
1.080079633658313867e+02 1.321518545376413378e+01 2.793260011280315780e+01
1.076126285821717232e+02 1.280611285687427880e+01 2.747251094459216247e+01
1.075325651975398102e+02 1.258371605833534801e+01 2.731600999113689454e+01
1.080287245185722327e+02 1.278645287782343587e+01 2.734282759917277517e+01
1.082908844304783429e+02 1.302791878172588902e+01 2.736675798350925248e+01
1.084316735154298641e+02 1.309825960841189207e+01 2.726687347245722748e+01
1.084127118416458586e+02 1.301333494480702591e+01 2.720988101952568883e+01
1.083580291676738341e+02 1.299383611312545383e+01 2.705824134504337408e+01
1.082723121961700627e+02 1.283490452018370753e+01 2.695941772083904198e+01
1.082018102221147871e+02 1.265369430344049562e+01 2.696766309456664956e+01
1.079718932130099631e+02 1.246136491821770953e+01 2.675839980662315654e+01
1.074278596943571529e+02 1.183922864125909769e+01 2.608813418204281120e+01
1.071358203743990600e+02 1.157933822147020031e+01 2.576238820401257001e+01
1.069532538339644958e+02 1.165713211398490579e+01 2.573025273279080238e+01
1.068584320360970139e+02 1.174158676442940319e+01 2.574436655654929851e+01
1.066291596164692663e+02 1.185765315714554369e+01 2.582011924905325984e+01
1.068783203072543131e+02 1.222555260118711828e+01 2.615396288238927980e+01
1.070420997502215812e+02 1.247561303145059419e+01 2.647641876829694141e+01
1.070319206080627339e+02 1.254200574758950459e+01 2.662035022694921338e+01
1.071049069373942473e+02 1.252897966857357659e+01 2.662116939274299554e+01
1.072662020250852777e+02 1.258911449520586601e+01 2.687222356511696475e+01
1.073319635806945485e+02 1.279095157521553539e+01 2.708957107941879627e+01
1.072701367066849230e+02 1.267536862460720393e+01 2.697139634195471913e+01
1.067772271909327770e+02 1.278481454623586622e+01 2.670151478527112943e+01
1.060495662449977203e+02 1.250265893159294173e+01 2.619454516155023782e+01
1.057704858593183417e+02 1.243445330754975409e+01 2.597363897617704609e+01
1.058878951467783907e+02 1.258098998200521024e+01 2.612139768484946245e+01
1.059540192839685204e+02 1.266051620873955841e+01 2.638269814411946257e+01
1.065926194504874758e+02 1.242512018907958016e+01 2.665364058765074162e+01
1.070822254451696125e+02 1.227280906722531029e+01 2.691841914430746741e+01
1.072932882120699389e+02 1.212975049015658158e+01 2.693935487336502632e+01
1.075513925818494414e+02 1.212651411382375777e+01 2.697284666827814092e+01
1.077356243117664434e+02 1.219837241157038044e+01 2.714765127709290127e+01
1.076564338087180772e+02 1.224596460129455089e+01 2.714065479547712911e+01
1.075985953320978723e+02 1.233336019122821092e+01 2.732829747804366960e+01
1.076935917062820636e+02 1.238157011253457895e+01 2.743076034700400356e+01
1.075445841054978047e+02 1.238357102570300583e+01 2.731822576746434450e+01
1.073540541992318680e+02 1.224819380656944112e+01 2.714504606128971531e+01
1.070300942712110270e+02 1.231985067010447743e+01 2.676473826981441206e+01
1.068522278623801469e+02 1.235703542556334433e+01 2.681766175167190269e+01
1.068471248623532830e+02 1.260363118738753307e+01 2.682937179383879922e+01
1.066524185534337761e+02 1.269982273789380400e+01 2.676524856981709632e+01
1.062245320011817427e+02 1.224221792495904104e+01 2.627370880670373054e+01
1.059959444578733923e+02 1.177591115408374378e+01 2.596693793140493511e+01
1.062057180458195660e+02 1.177435339618080690e+01 2.582645771224451536e+01
1.062844116778126988e+02 1.178070528831950092e+01 2.611711385061638779e+01
1.063833964493862965e+02 1.190298928369994336e+01 2.638374560201971519e+01
1.064978916552520616e+02 1.191616308113770017e+01 2.645620820240109694e+01
1.065551929739746981e+02 1.194843284183385634e+01 2.644948029973410542e+01
1.064375016786184318e+02 1.169152364837644065e+01 2.620612091424274226e+01
1.062593264039964538e+02 1.140750141003948137e+01 2.593042462331802511e+01
1.059111406547954743e+02 1.113411489807428900e+01 2.547281981038326393e+01
1.057447157091827137e+02 1.081911207799532626e+01 2.521206993795826179e+01
1.052415733354819594e+02 1.086200413611581084e+01 2.490845486530765740e+01
1.049335938549136529e+02 1.109239115838100531e+01 2.450294093948916441e+01
1.048061800016114802e+02 1.132473880697230939e+01 2.451024628689603446e+01
1.048235436306502351e+02 1.147798995514731502e+01 2.457349662933419410e+01
1.048167082964037320e+02 1.148082346305696611e+01 2.449916740525877756e+01
1.049898611446834735e+02 1.113445062176026568e+01 2.476715548035344838e+01
1.053713238256385409e+02 1.116130851663846535e+01 2.521675664061450917e+01
1.057090215668895894e+02 1.119733838261756986e+01 2.557274460827760265e+01
1.058630918808583772e+02 1.133460908334004813e+01 2.582489995434157848e+01
1.058188300700991107e+02 1.113955362178712427e+01 2.575039615394945258e+01
1.052363360459807211e+02 1.118296940885773338e+01 2.540422474686434029e+01
1.047327236591195998e+02 1.112135739800714340e+01 2.500436440791770565e+01
1.044556441866086516e+02 1.094502188918432495e+01 2.469132221416485251e+01
1.044590148524158622e+02 1.095046061289716199e+01 2.466557892192409795e+01
1.043983428678860150e+02 1.120205194316869424e+01 2.468942873257594073e+01
1.048484677570971968e+02 1.099829452367523430e+01 2.473953213547122232e+01
1.050861064109795109e+02 1.094486074181505586e+01 2.498869282625627974e+01
1.055313297343754186e+02 1.112538608223887415e+01 2.531531168587006064e+01
1.058476083044610903e+02 1.124095560389976711e+01 2.557048854510783542e+01
1.058620309940106949e+02 1.114871216394059061e+01 2.558569011360889434e+01
1.061258695243466832e+02 1.140203582843176733e+01 2.504803534498966044e+01
1.063760911019794264e+02 1.149282894206752026e+01 2.489203126258963650e+01
1.065265490290871071e+02 1.153565385545081057e+01 2.466621008245373758e+01
1.065693067977331907e+02 1.165006848763193936e+01 2.444425643918029678e+01
1.065398034002094931e+02 1.168893186152069319e+01 2.434653398866596774e+01
1.059120941100636486e+02 1.128614401203233619e+01 2.422882926436225759e+01
1.055399645475787622e+02 1.091718368114307225e+01 2.405187602395724156e+01
1.055154567185024064e+02 1.098203206832648426e+01 2.425788950662047228e+01
1.054348293180780445e+02 1.082894206752074773e+01 2.441925173904869339e+01
1.053053205489753736e+02 1.087478849407783343e+01 2.464378374023043961e+01
1.054740955603899835e+02 1.096928799720677894e+01 2.524010958021110440e+01
1.054636209813874785e+02 1.096196922085247039e+01 2.544154379179759928e+01
1.053135927805978582e+02 1.079972067789326751e+01 2.533961808073483368e+01
1.054376225391453801e+02 1.075218220395885282e+01 2.541683452850965708e+01
1.055336932291247081e+02 1.067356914565036341e+01 2.542561706013482592e+01
1.054443772997072557e+02 1.048193806569441122e+01 2.516099965084736567e+01
1.055152955711331373e+02 1.032882120699379591e+01 2.494929229446995933e+01
1.054298740364730236e+02 1.021740123009158552e+01 2.491844600220234796e+01
1.053065962989820861e+02 1.016134880348078262e+01 2.493695109177342673e+01
1.054010823731635895e+02 1.034347218864985329e+01 2.507739102409153276e+01
1.057862648725592862e+02 1.078012784357962062e+01 2.535704885451078283e+01
1.058234361990707129e+02 1.099978513684097514e+01 2.526976069615663434e+01
1.056340074664947792e+02 1.094508903392152099e+01 2.496556817876614787e+01
1.053741841914430779e+02 1.067912872989015050e+01 2.447425670775924544e+01
1.052273655090913991e+02 1.046298982085784068e+01 2.409605726103188061e+01
1.047038379931780980e+02 1.038110009937421019e+01 2.432009239115837929e+01
1.040496333897349075e+02 1.027879837778314887e+01 2.428318964359573329e+01
1.038574248650390786e+02 1.006181344506217634e+01 2.434339161496522053e+01
1.039115435232186542e+02 1.026005156715816646e+01 2.445804796820025118e+01
1.039040367416001942e+02 1.033561625439797993e+01 2.458920849783794083e+01
1.040997905084199431e+02 1.030360164370316589e+01 2.475617060134826630e+01
1.043645019203394781e+02 1.021852926167646913e+01 2.489379045470415974e+01
1.044273091075121584e+02 1.017258883248731038e+01 2.499879139473048184e+01
1.047955174173448256e+02 1.016428974296994525e+01 2.506218945559047029e+01
1.048781188730427374e+02 1.013517578492197835e+01 2.503126258963822437e+01
1.044906937394246995e+02 9.660247629790777779e+00 2.459919963473263138e+01
1.044825155104342969e+02 9.365616522976928593e+00 2.431341820428114886e+01
1.043872774151961949e+02 9.214890016920474380e+00 2.415917331399564816e+01
1.043069454516155048e+02 9.154768619235623461e+00 2.398175006043026514e+01
1.043843767625493513e+02 9.157937850831251225e+00 2.409068568205623961e+01
1.045268041790884439e+02 9.169124164048021441e+00 2.377626030671715895e+01
1.044196814653667502e+02 8.901216662637981614e+00 2.309585582682029425e+01
1.042459511723471053e+02 8.528335079096500237e+00 2.247700964198426021e+01
1.041712593666908333e+02 8.364246770338141346e+00 2.220308597212150659e+01
1.044535492708081534e+02 8.502564928960868684e+00 2.227953696989229826e+01
1.042983509252544820e+02 8.970832326162275550e+00 2.294537104181774367e+01
1.039996105605242604e+02 9.125882953294121691e+00 2.330098299895254144e+01
1.037228936695941712e+02 9.162006821905299248e+00 2.356504982139500015e+01
1.034983885263073091e+02 9.188246985201299566e+00 2.354184460022023373e+01
1.035781161872532437e+02 9.324926812236457252e+00 2.373166277227191046e+01
1.036810087825316202e+02 9.434010152284264095e+00 2.373620175650632547e+01
1.035615851529557148e+02 9.249254693417130468e+00 2.333667714124566928e+01
1.033111084253216205e+02 8.947291381301534230e+00 2.291213439690596942e+01
1.032014073536916214e+02 8.805172830553541274e+00 2.255058684500308885e+01
1.034683345419386029e+02 8.877313136196384846e+00 2.285229500711734119e+01
1.037810410120054740e+02 8.965299599817365461e+00 2.289655681787661479e+01
1.037828673488571951e+02 8.936910804931109453e+00 2.284114898074289002e+01
1.037439099723363682e+02 8.844828512341202043e+00 2.296650820508688540e+01
1.037913947304810307e+02 8.823127333279616735e+00 2.301334837375446440e+01
1.037086589853087304e+02 8.803977654231461614e+00 2.288119410200628323e+01
1.034628823892783345e+02 8.614119195337469392e+00 2.285108640184782303e+01
1.032712781672172468e+02 8.548599360782102252e+00 2.283421964386431569e+01
1.034242473074960316e+02 8.606706416351086020e+00 2.305385007923079144e+01
1.035388633738887592e+02 8.692759111540837580e+00 2.341730454167002407e+01
1.034098246179464411e+02 8.795826283135927071e+00 2.342381758117798896e+01
1.032201407353691565e+02 8.874049901968684040e+00 2.318850213520264347e+01
1.027707141514248121e+02 8.757996938199983816e+00 2.270327397738565267e+01
1.023657642413987645e+02 8.560497408213144865e+00 2.234175328337764910e+01
1.023554508097655287e+02 8.597118147879569960e+00 2.218162651411382313e+01
1.023721429914323267e+02 8.575725834609082554e+00 2.207619584776945132e+01
1.028666908387720582e+02 8.225767464346144919e+00 2.219253081943437422e+01
1.034758413235570629e+02 8.162288829801520151e+00 2.249359439207155020e+01
1.038784008809389547e+02 8.123264308543497236e+00 2.289945747052346192e+01
1.038544302097601530e+02 8.102650874224478272e+00 2.283254102543442698e+01
1.040436037923347499e+02 8.018746810624982402e+00 2.279935809631241028e+01
1.039170493916686837e+02 8.011535465850187165e+00 2.244217495232723536e+01
1.036997153063142889e+02 8.059678242419359151e+00 2.211856417693981314e+01
1.038048505358150067e+02 8.053138345016517263e+00 2.194042918916015239e+01
1.037134665484919225e+02 8.054722960814331145e+00 2.173994843284183531e+01
1.035073456342491909e+02 7.923522144334326889e+00 2.144328955496468225e+01
1.032172535116697532e+02 7.678819864099051706e+00 2.131458652270834975e+01
1.030861466978218317e+02 7.593062605752961325e+00 2.108335347675449256e+01
1.031777858351462385e+02 7.555662987135068676e+00 2.109479493997260491e+01
1.031639137324416566e+02 7.597453871565546635e+00 2.110897590846829530e+01
1.030785190556764093e+02 7.453092686595224947e+00 2.107678672145677368e+01
1.029134907205973235e+02 7.559033652942282799e+00 2.137002121773695507e+01
1.028002712647382708e+02 7.787836059409663392e+00 2.188884860204657201e+01
1.025692396529960035e+02 7.880643515161281698e+00 2.211438777428625002e+01
1.023202266806327714e+02 7.819595520103134412e+00 2.217863185883490473e+01
1.023587274729406715e+02 7.791811027851636595e+00 2.222198050116831780e+01
1.028609298203206777e+02 7.435353047028174345e+00 2.204274433969865399e+01
1.030172427685118066e+02 7.271331883007009722e+00 2.167007761931619925e+01
1.033187494964144690e+02 7.287621196250637645e+00 2.157192544248381694e+01
1.033126393253296840e+02 7.319407514838986550e+00 2.160477264791985519e+01
1.034244218838127409e+02 7.299358096312411170e+00 2.172498858539467648e+01
1.030058684500308885e+02 7.571898584588939940e+00 2.187548679934466733e+01
1.029018612521150544e+02 7.864166196653505914e+00 2.222642548277066155e+01
1.028238927832836396e+02 7.994158407863992011e+00 2.241637794429672681e+01
1.026371632691429596e+02 7.915424489028549893e+00 2.232926436225928768e+01
1.026592673166277194e+02 7.859304917680551839e+00 2.241118094163779517e+01
1.029435984207557766e+02 7.780879864636209398e+00 2.198195149464185150e+01
1.032019579405366159e+02 7.899564902102973463e+00 2.173441570649692522e+01
1.038125453226976020e+02 8.031155158058711052e+00 2.201371095533531985e+01
1.039721886498536207e+02 8.158421292939060265e+00 2.200546558160771227e+01
1.039609754787419718e+02 8.229755861735556621e+00 2.197440442618107426e+01
1.037494024118389575e+02 8.073308624070046235e+00 2.215450004028684106e+01
1.034498697392098450e+02 8.014409260602153751e+00 2.216169795611419957e+01
1.033857330862407053e+02 8.004498697392097739e+00 2.226714205140601166e+01
1.035732683372277307e+02 8.111648269008675527e+00 2.262919990331158004e+01
1.033801197862111536e+02 8.069172508258802168e+00 2.266966132194558625e+01
1.031594687508393093e+02 8.127225848038030165e+00 2.229263019364542231e+01
1.031070152821421857e+02 8.403956167915559661e+00 2.206006768189509160e+01
1.033110681384792997e+02 8.554816963446404188e+00 2.195740337872317482e+01
1.030620685950635220e+02 8.390312357317434078e+00 2.162436548223350385e+01
1.030324711949077425e+02 8.308301775306851766e+00 2.145224666290656046e+01
1.034434909891762686e+02 8.544208094969516054e+00 2.190238498106518250e+01
1.038524158676442966e+02 8.953522412913276440e+00 2.300228292106464778e+01
1.041401176375795643e+02 9.254854564499234826e+00 2.339784599683076749e+01
1.041690704482582674e+02 9.478083957779389834e+00 2.365033706658072177e+01
1.039816426288507500e+02 9.401820965272742470e+00 2.361250772164477851e+01
1.040748798109204216e+02 9.208833561625439756e+00 2.278118873042730996e+01
1.043583380334649320e+02 9.118523890097494089e+00 2.240883087583595312e+01
1.046602207718958937e+02 9.112292858485751879e+00 2.230585770687293490e+01
1.045242795369698854e+02 8.868570891413531498e+00 2.177313136196384846e+01
1.039394891628394220e+02 8.417492546934171926e+00 2.127532028039642142e+01
1.034539387102838930e+02 8.138949319152365192e+00 2.109094083205758352e+01
1.030915182767974585e+02 8.050049687105524043e+00 2.100664732898235343e+01
1.027103913195283695e+02 7.980326592001718566e+00 2.085946606504982270e+01
1.025487067923616138e+02 7.905903365294228102e+00 2.089366959417720793e+01
1.026137969005989277e+02 7.943074691805656506e+00 2.092039319958101729e+01
1.022623747750651262e+02 8.013576665860929538e+00 2.106907850562672735e+01
1.017731716488061693e+02 8.092579163645153173e+00 2.114903445867912879e+01
1.014283834233072810e+02 8.303950796336582840e+00 2.116745897456557302e+01
1.015288990948889420e+02 8.659898477157360830e+00 2.161722128219590289e+01
1.018832218730695871e+02 9.071065989847715727e+00 2.233744259124969744e+01
1.030852066715010835e+02 9.132557140171353893e+00 2.310787473477828868e+01
1.040333843633335960e+02 9.259433835575967109e+00 2.368662208256116841e+01
1.042442994118121078e+02 9.260414148739021911e+00 2.406059141084521968e+01
1.042787312330459599e+02 9.074544087234443168e+00 2.389348158891306184e+01
1.043960062310316061e+02 8.977143931458652304e+00 2.394557247602933003e+01
1.045552869766067801e+02 9.005546155292348587e+00 2.408035882147557416e+01
1.048402089544221525e+02 9.118604463782128633e+00 2.433251416753954999e+01
1.051456637928719147e+02 9.272245051432868479e+00 2.454412752128488151e+01
1.050209894448473165e+02 9.207906964252142501e+00 2.460872075846695139e+01
1.047634490908602629e+02 8.946270781296162156e+00 2.425382053554642425e+01
1.039984153842021897e+02 9.044624392340129049e+00 2.364217226653774873e+01
1.037431579512797839e+02 9.366395401928397035e+00 2.348443584991808208e+01
1.035567373029302018e+02 9.460962049794536810e+00 2.319179222732522305e+01
1.032687132382563817e+02 9.340276099159348533e+00 2.288575994413557879e+01
1.033806435151612817e+02 9.359090054521526980e+00 2.289862487578223593e+01
1.037053688931861473e+02 9.371713265114280489e+00 2.326696747508930230e+01
1.036958209115569503e+02 9.168842156151800538e+00 2.321630005640157890e+01
1.033833830204388562e+02 9.022936642225982240e+00 2.304768619235624172e+01
1.031785915719925839e+02 8.819971530631429246e+00 2.295306582870034617e+01
1.028148148148148096e+02 8.582144871484972626e+00 2.242924287594338395e+01
1.027509467407944612e+02 8.432022668063277493e+00 2.232414793328499059e+01
1.027054763247656695e+02 8.166774098246179392e+00 2.194657964708726183e+01
1.025905513925818440e+02 7.786211156769532238e+00 2.143251953911852326e+01
1.025370773238793589e+02 7.648994171836811518e+00 2.116606236403190877e+01
1.027693846856283386e+02 7.758372948728278651e+00 2.149895254209975093e+01
1.026951628931324336e+02 7.712539951118631443e+00 2.127733462251228858e+01
1.029455187602395654e+02 7.597521016302741792e+00 2.128905809362662183e+01
1.035909676899524641e+02 8.000201434211586360e+00 2.199531329734375262e+01
1.040311014422689482e+02 8.422340396959686615e+00 2.246942228668116925e+01
1.038921655520640286e+02 8.320763838530336187e+00 2.238900974941584110e+01
1.038222544516960824e+02 8.148081003410952761e+00 2.220516745897456445e+01
1.037755754303977653e+02 7.992869228909838419e+00 2.195842397872854690e+01
1.034904385894233627e+02 7.824577659603040303e+00 2.161747643219724324e+01
1.032218596406413695e+02 7.669218166680095372e+00 2.130401794107377711e+01
1.031722933956436492e+02 7.473397255123143346e+00 2.116568635350361305e+01
1.026089490505734148e+02 7.600461955791905311e+00 2.072133591169124145e+01
1.020896382241559905e+02 7.706765503719818611e+00 2.049660247629790888e+01
1.021313485349018322e+02 8.025823865925389100e+00 2.067108479037413105e+01
1.022115327800606934e+02 8.114857787446620563e+00 2.067648322724464904e+01
1.021903284720543610e+02 8.231595627534714410e+00 2.094079177074100784e+01
1.028620041361158144e+02 8.377756291461874838e+00 2.142951145489216458e+01
1.032650874224478343e+02 8.385840517820213336e+00 2.176746434614454984e+01
1.032736819488088571e+02 8.158877877151988756e+00 2.172532430908065493e+01
1.032792146751537672e+02 8.082776032014610479e+00 2.160483979265705301e+01
1.034633926892810081e+02 8.033008352805307339e+00 2.154412752128488151e+01
1.033415518491660663e+02 7.961257486638197101e+00 2.112623210592753864e+01
1.030018397657991613e+02 7.609996508473665600e+00 2.064391802970483170e+01
1.028975102731447890e+02 7.531598313324201932e+00 2.054590014234684148e+01
1.031771546746166024e+02 7.569024789836972467e+00 2.059271345311954349e+01
1.030315983133241957e+02 7.487779657830419211e+00 2.048912255257432946e+01
1.027471329197217500e+02 7.577055300405554306e+00 2.051811565009534633e+01
1.028090269384685627e+02 7.857357720301882509e+00 2.071897241694195912e+01
1.027618644750624384e+02 7.804165659495608587e+00 2.075339080922837098e+01
1.026030403137002054e+02 7.654204603443182542e+00 2.065785727714661846e+01
1.026467783955093580e+02 7.841028120215937314e+00 2.092826256278032915e+01
1.029789031235731755e+02 8.046571589718798378e+00 2.124744178551285145e+01
1.032215104880079508e+02 8.101616845271667700e+00 2.155101657132113857e+01
1.033161845674536039e+02 8.301990170010475012e+00 2.166544463244970942e+01
1.033669862756157158e+02 8.287285472564660083e+00 2.155329949238578635e+01
1.030067144737195548e+02 7.890513791529019549e+00 2.105317863185883454e+01
1.026020331426422842e+02 7.573966642494561086e+00 2.074993956973652232e+01
1.027299707248945850e+02 7.580385679370451157e+00 2.075763435661912837e+01
1.025531249160690805e+02 7.401753820535546424e+00 2.071194907743130997e+01
1.025178336421991219e+02 7.421279510111997268e+00 2.056197459243144365e+01
1.027424865039078270e+02 7.394045604705502761e+00 2.077916095936400609e+01
1.031425079902237201e+02 7.514530121129105567e+00 2.106088684768887731e+01
1.032634625198077032e+02 7.803212204227432558e+00 2.139141353100744070e+01
1.034552413181854860e+02 7.971476915639351901e+00 2.174742835656541118e+01
1.036015899873767836e+02 8.178537856202831691e+00 2.200214863159025569e+01
1.037138425590202218e+02 8.277925496199607380e+00 2.217399887196841490e+01
1.032189052722047649e+02 8.388177154674616887e+00 2.205869792925630435e+01
1.027101361695270327e+02 8.518760239572422677e+00 2.166148309295517294e+01
1.021252517927644874e+02 8.337617167566406806e+00 2.111296430585770523e+01
1.018058308489780615e+02 8.122740579593370924e+00 2.080045927000241690e+01
1.017437488249670992e+02 8.008916821099562711e+00 2.066424945612762798e+01
1.019516423602718049e+02 7.727217790669567599e+00 2.044435044181237160e+01
1.020605242661080183e+02 7.491553192060806055e+00 2.032621599119061173e+01
1.024093680337335144e+02 7.619920500631160110e+00 2.057720301882738312e+01
1.026694464587865667e+02 7.670856498267665913e+00 2.082279160959364006e+01
1.026131925979641721e+02 7.630596513845245177e+00 2.091984261273601220e+01
1.025919614320629591e+02 7.691402787849487943e+00 2.117369000617731700e+01
1.024193188837858912e+02 7.557153600300808627e+00 2.109492922944699700e+01
1.022837670883356225e+02 7.319488088523621094e+00 2.082491338328901875e+01
1.024986839631509667e+02 7.388029436252786297e+00 2.107062283458222396e+01
1.026151129374479609e+02 7.507305347406870055e+00 2.136424677033814135e+01
1.026765638009292871e+02 7.551996884484194261e+00 2.129951924368167937e+01
1.026762280772433087e+02 7.446190207611527612e+00 2.123864582494024233e+01
1.027219267853785567e+02 7.330835549109660398e+00 2.119458544839255509e+01
1.025261595896113676e+02 7.214124566916445325e+00 2.093856256546611760e+01
1.023233959122284062e+02 7.080801976741063264e+00 2.067374372196707100e+01
1.020727848951199235e+02 6.900948083689200097e+00 2.040118980474310462e+01
1.022680149329895585e+02 6.909354604786076770e+00 2.040527220476458936e+01
1.024414497891655316e+02 7.084830660972793126e+00 2.030575027529342336e+01
1.025977895952515269e+02 7.200950769478688507e+00 2.048900169204737765e+01
1.028819595520103150e+02 7.410590067950473703e+00 2.087524507829076370e+01
1.033683963150968168e+02 7.548639647624419524e+00 2.122326968012247050e+01
1.036919936615368130e+02 7.552896623962613631e+00 2.129285848575188567e+01
1.037249482985523628e+02 7.538635081782289582e+00 2.117750382725002112e+01
1.037053957510810278e+02 7.395388499449413011e+00 2.110110654526898344e+01
1.035958961136626044e+02 7.217656380092928536e+00 2.101881395536218022e+01
1.035778610372519069e+02 7.283605940966347170e+00 2.092451588644481930e+01
1.036148175006043033e+02 7.486127897295410172e+00 2.090813257056911922e+01
1.034760830446109594e+02 7.353678188703569596e+00 2.065463432976123315e+01
1.030342975317594636e+02 7.058657642413987965e+00 2.015059221658206567e+01
1.029337147154406011e+02 6.940764912846130841e+00 2.007176429511454785e+01
1.028087449305723453e+02 7.145220637606424674e+00 2.002277549485671315e+01
1.027091692853114182e+02 7.289836972578089380e+00 2.017834985093868383e+01
1.026892541562592385e+02 7.485577310450406863e+00 2.029865979104557638e+01
1.028732173072274634e+02 7.755646872398141767e+00 2.075439798028630634e+01
1.028901646388955982e+02 7.824523943813283644e+00 2.093658851019257128e+01
1.029265570864555599e+02 7.845056804447667176e+00 2.133740230440738017e+01
1.030699111003679462e+02 7.975022157763274500e+00 2.165501034028952887e+01
1.031612682297961499e+02 8.035519565976418477e+00 2.190563478634544481e+01
1.030716971503773465e+02 8.011334031638600806e+00 2.199630703945424770e+01
1.027488786828888294e+02 7.763556522439770902e+00 2.182429565170681940e+01
1.026045174979185077e+02 7.553648645019203300e+00 2.119071791153009343e+01
1.023976982784089387e+02 7.345164236027180493e+00 2.086109096768995386e+01
1.022000778878951479e+02 7.210565895845083340e+00 2.047676792093035658e+01
1.020926060215400355e+02 7.264295114548922072e+00 2.033315875701662634e+01
1.021795450272607582e+02 7.318736067467032314e+00 2.034427792549620051e+01
1.024676228077243252e+02 7.499180834206215174e+00 2.087125668090135022e+01
1.029012032336905378e+02 7.760709585582682202e+00 2.137096124405768904e+01
1.031337120296511216e+02 7.915169339027206874e+00 2.176441597507587389e+01
1.030187199527301090e+02 7.935661912819273134e+00 2.185171756237745910e+01
1.031246340611822916e+02 7.914565036392447794e+00 2.185127440711196911e+01
1.029668170708779797e+02 8.150887653425725077e+00 2.178904466467918155e+01
1.027495904171031071e+02 8.198358982622941937e+00 2.156824591088550491e+01
1.025727311793301624e+02 8.177302393038432982e+00 2.121264738269814387e+01
1.024820589262213559e+02 8.140950232320790292e+00 2.124697177235248446e+01
1.024171568232481917e+02 8.092659737329787717e+00 2.108730158730158877e+01
1.021344371928128254e+02 7.886565680981924231e+00 2.071625976955926163e+01
1.020193779711546256e+02 7.786076867295141035e+00 2.063124110332232064e+01
1.021017645636934930e+02 7.841739854430209711e+00 2.061797330325249078e+01
1.017111836274272889e+02 7.585220100448526459e+00 2.030315848843767768e+01
1.016935782773346233e+02 7.391064378374022859e+00 2.005586442134665504e+01
1.023134047753337086e+02 7.255714017135336924e+00 2.006805790562135883e+01
1.028201998227378908e+02 7.233354819649235878e+00 2.033987323073617404e+01
1.031386538823087022e+02 7.217562377460854606e+00 2.042804769962130251e+01
1.033338570622834567e+02 7.313109338490049183e+00 2.060556495581876391e+01
1.034831466709639329e+02 7.550479413423575537e+00 2.085138183869148421e+01
1.032327102301721595e+02 7.725539172239679786e+00 2.097651277092901623e+01
1.030786802030456784e+02 7.942336099696506224e+00 2.100193376843122905e+01
1.030625520371713293e+02 8.069024789836973355e+00 2.110243601106545341e+01
1.029681062498321324e+02 8.131496253323664547e+00 2.101079687374103599e+01
1.029912443262697082e+02 8.124164048021915718e+00 2.090803856793704441e+01
1.033290092122579438e+02 8.074181505653587720e+00 2.108257459780302412e+01
1.035724088845916242e+02 8.182163672011387945e+00 2.147585475250449960e+01
1.035790965004162985e+02 8.342908172857411486e+00 2.166576692718824759e+01
1.035839846372841322e+02 8.402680417908843680e+00 2.183753659388177226e+01
1.038041522305481692e+02 8.568339913517577955e+00 2.205440066607579297e+01
1.035866838557193859e+02 8.615744097977600546e+00 2.207677329250933340e+01
1.034063599495071628e+02 8.571804581956866897e+00 2.193293583648913625e+01
1.034667902129831134e+02 8.509265973732979660e+00 2.198678591571992413e+01
1.033760373861896653e+02 8.605538097923885132e+00 2.202892595278381904e+01
1.032092230011011793e+02 8.623479171702522095e+00 2.195315983133242099e+01
1.035192705395751034e+02 8.506083313189911621e+00 2.196105605242660985e+01
1.039120001074315809e+02 8.397295409985765957e+00 2.206476781349877925e+01
1.037981629199903324e+02 8.042153466011333407e+00 2.163430290333843686e+01
1.037955442752397062e+02 7.913477291649880563e+00 2.145634249187548548e+01
1.040283485080439334e+02 7.906239088980205665e+00 2.145148121290253229e+01
1.033545376413396752e+02 7.990734026267021228e+00 2.123785351704133362e+01
1.028931592941745237e+02 8.110265087422448005e+00 2.108047968200252598e+01
1.028777160046195576e+02 8.369954072999759020e+00 2.122727150645932426e+01
1.026919802325893727e+02 8.623613461176912409e+00 2.146474901297236215e+01
1.027192947116805044e+02 8.856901136088954019e+00 2.164362259286117052e+01
1.035891547820481833e+02 8.952730105014369499e+00 2.211328660059624696e+01
1.042694786882604205e+02 8.977600515671580794e+00 2.245888056294147717e+01
1.043832353020170274e+02 8.858646899256036988e+00 2.235154298606075329e+01
1.048043133779174383e+02 8.777643488303386476e+00 2.235806945451615491e+01
1.049545832997609693e+02 8.904157602127146021e+00 2.244760024709263391e+01
1.044504874707920408e+02 8.801077001584616255e+00 2.191377272849354085e+01
1.037053151773964004e+02 8.457779389251470548e+00 2.134680256761475192e+01
1.035658018424515916e+02 8.352241291327585415e+00 2.088154325463970196e+01
1.036972443799854915e+02 8.461579781376736165e+00 2.101553729218703737e+01
1.038566728439824942e+02 8.604477211076195786e+00 2.122094647221550900e+01
1.037457228802406490e+02 8.714849730078157108e+00 2.124917411973249415e+01
1.035652781135014635e+02 8.777804635672655564e+00 2.127141245669164604e+01
1.032997206778932622e+02 8.642642279698117491e+00 2.109988451105202500e+01
1.031526334165928063e+02 8.599253350522385375e+00 2.088512878360594271e+01
1.031532914350173229e+02 8.658112427147960588e+00 2.089462304944538573e+01
1.033151908253431088e+02 8.568541347729164315e+00 2.092552305750275465e+01
1.032099078774205623e+02 8.423481857492010505e+00 2.101369752638788313e+01
1.032294201380495764e+02 8.307482609513066052e+00 2.095231380764375828e+01
1.032650337066580732e+02 8.089275642575135095e+00 2.085694142293127129e+01
1.031105605242661056e+02 7.904641044234953284e+00 2.059866247683506657e+01
1.033350656675529819e+02 7.823946499073402450e+00 2.047441785512851453e+01
1.037182338248328080e+02 8.082655171487658663e+00 2.081752746219751415e+01
1.041274809980393741e+02 8.369510917734267252e+00 2.143363414175597015e+01
1.041600461955791843e+02 8.513200655332635591e+00 2.171154620900813725e+01
1.040859452636102418e+02 8.604799505814733962e+00 2.181568769639835637e+01
1.034456933365562747e+02 8.558805360835817666e+00 2.179812263314801513e+01
1.025489485134155245e+02 8.220892756425751458e+00 2.134558053339779349e+01
1.020266161738242943e+02 7.907286546880455624e+00 2.094018746810624876e+01
1.019736524051244828e+02 7.793664222598232882e+00 2.086035237558080269e+01
1.021656460666612958e+02 7.941140923374425675e+00 2.095728251819622301e+01
1.019542475760749909e+02 8.171568232481938310e+00 2.085044181237074667e+01
1.017116402116402156e+02 8.451346923428141977e+00 2.078592914887331133e+01
1.017776032014610763e+02 8.619920500631160110e+00 2.075294765396288099e+01
1.016269975559315668e+02 8.710592753739961225e+00 2.068882442994118165e+01
1.015419520317997524e+02 8.782773346225122069e+00 2.073934413020707268e+01
1.022899041173152881e+02 8.633577740176724191e+00 2.107510810302688498e+01
1.025971987215641974e+02 8.539252813364488048e+00 2.115162624553487447e+01
1.025464238712969660e+02 8.303279348964627715e+00 2.107783417935702275e+01
1.025510165713211421e+02 8.194827169446458726e+00 2.098796766309456530e+01
1.026731662772271960e+02 8.152942282383905948e+00 2.106145086348131912e+01
1.025414551607445048e+02 8.053621787124324527e+00 2.104995568447344922e+01
1.022603738618967100e+02 7.832729030698573958e+00 2.087308301775306774e+01
1.019093008889963272e+02 7.581003410952649624e+00 2.060655869792925543e+01
1.016995944457873406e+02 7.245763167082963641e+00 2.036329331506996354e+01
1.017801949883168220e+02 7.279751833051325782e+00 2.045348212607095917e+01
1.019062928047699614e+02 7.552399752907366981e+00 2.069791582735745195e+01
1.017584132355706004e+02 7.743654822335025223e+00 2.096303010770015973e+01
1.015133215158595874e+02 7.947157091827143027e+00 2.103707732387935536e+01
1.019114092337442656e+02 8.264415975075873888e+00 2.146272124190905828e+01
1.021785647140977034e+02 8.538218784411677476e+00 2.188498106518411035e+01
1.018725592888029468e+02 8.390446646791824392e+00 2.139776542314613295e+01
1.016374721349340575e+02 8.273023930384336921e+00 2.087868288883517209e+01
1.017465017591921139e+02 8.321891870115219803e+00 2.064504606128971531e+01
1.016696076061558358e+02 8.119678779577256478e+00 2.039823543630650349e+01
1.011228345822254511e+02 7.785096554132087121e+00 1.987035694142292996e+01
1.016931216931216966e+02 7.514489834286788295e+00 2.009686299787822605e+01
1.020030886579109932e+02 7.362971020331426253e+00 2.037516450460612916e+01
1.022245320011817427e+02 7.394032175758064263e+00 2.051352295007117377e+01
1.023483200386753680e+02 7.437125668090135200e+00 2.077264791985604120e+01
1.024356753417667107e+02 7.508325947412242130e+00 2.086918862299572908e+01
1.018305266833185669e+02 7.588120753095372706e+00 2.052148631590256045e+01
