7.770170281213600560e+01 0.000000000000000000e+00 3.953075600421542823e-01
7.853935326418547902e+01 0.000000000000000000e+00 4.728492983526540461e-01
7.875217704808919450e+01 0.000000000000000000e+00 4.783404514948139119e-01
7.924787841810416467e+01 0.000000000000000000e+00 5.003050640634533197e-01
8.057695934328026510e+01 0.000000000000000000e+00 5.571579122524821237e-01
7.892828221199178529e+01 0.000000000000000000e+00 4.314715181097121266e-01
8.006051361695047319e+01 0.000000000000000000e+00 4.629208497420821966e-01
7.920156414665261480e+01 0.000000000000000000e+00 3.250873592545343582e-01
8.109529092018414076e+01 0.000000000000000000e+00 3.158799711575794311e-01
8.022230850296743654e+01 0.000000000000000000e+00 2.589161905818403442e-01
8.131172000665594624e+01 0.000000000000000000e+00 1.694492206999833606e-01
8.116967108547341070e+01 0.000000000000000000e+00 2.174829441455432832e-01
8.081984580398247431e+01 0.000000000000000000e+00 2.001774918187364805e-01
8.189605635365245462e+01 0.000000000000000000e+00 2.504853291918575642e-01
8.063137167896167057e+01 0.000000000000000000e+00 2.157080259581784787e-01
8.276754118364856083e+01 0.000000000000000000e+00 2.835431804315269866e-01
8.113090021631815318e+01 0.000000000000000000e+00 2.159853569249542415e-01
8.230656165067391328e+01 0.000000000000000000e+00 2.806034721837040169e-01
8.038471351711132229e+01 0.000000000000000000e+00 2.338454711853125423e-01
8.211975151145377083e+01 0.000000000000000000e+00 3.163791668977757876e-01
8.024582616895003184e+01 0.000000000000000000e+00 2.746685894947029638e-01
8.145937101336735964e+01 0.000000000000000000e+00 3.007931665649786201e-01
8.025714127239447748e+01 0.000000000000000000e+00 2.467690942370625029e-01
7.979372122691219715e+01 0.000000000000000000e+00 1.913029008819124854e-01
7.992928060347217922e+01 0.000000000000000000e+00 2.667923900382716540e-01
7.837389760940706651e+01 0.000000000000000000e+00 1.216928282211991730e-01
7.993172111597981200e+01 0.000000000000000000e+00 1.934660824227633358e-01
7.886022519274501974e+01 0.000000000000000000e+00 2.032281324532697331e-01
8.114509956181707651e+01 0.000000000000000000e+00 2.768317710355538419e-01
7.960480337234456272e+01 0.000000000000000000e+00 1.940762105496699752e-01
8.164135559376559570e+01 0.000000000000000000e+00 2.387819623939209102e-01
7.972605247101891734e+01 0.000000000000000000e+00 1.898053136613234160e-01
8.222929724333019408e+01 0.000000000000000000e+00 2.369515780132009641e-01
8.119823617505130642e+01 0.000000000000000000e+00 1.828165732985745084e-01
8.218126351988462375e+01 0.000000000000000000e+00 1.764379610627322681e-01
8.225054079538520568e+01 0.000000000000000000e+00 2.438848521825947024e-01
8.160580176382494244e+01 0.000000000000000000e+00 1.538077541738310516e-01
8.246380830883576607e+01 0.000000000000000000e+00 2.360641189195185619e-01
8.061772699539631049e+01 0.000000000000000000e+00 1.809861889178545624e-01
8.199417604969771389e+01 0.000000000000000000e+00 3.046758000998391336e-01
7.976415774585390750e+01 0.000000000000000000e+00 2.351211936324809904e-01
8.158200676687559394e+01 0.000000000000000000e+00 3.356259359920128471e-01
7.878800820899661517e+01 0.000000000000000000e+00 2.315713572577514090e-01
8.011919684952022180e+01 0.000000000000000000e+00 3.213156581063841832e-01
7.864423983582007338e+01 0.000000000000000000e+00 2.279660546896666584e-01
7.957701480947362427e+01 0.000000000000000000e+00 2.252482112152643101e-01
7.912845970381052041e+01 0.000000000000000000e+00 3.030118142991846675e-01
7.921260191913029303e+01 0.000000000000000000e+00 1.952964668034832818e-01
8.026923290254589460e+01 0.000000000000000000e+00 2.891452659603971354e-01
7.889466969881857494e+01 0.000000000000000000e+00 1.936879471961839294e-01
8.049608963336845591e+01 0.000000000000000000e+00 2.681790448721504405e-01
7.906606023628597768e+01 0.000000000000000000e+00 2.063342392811581272e-01
8.120672250263464775e+01 0.000000000000000000e+00 2.162626878917300044e-01
7.969948416440179528e+01 0.000000000000000000e+00 1.751067724222086508e-01
8.096389150812579771e+01 0.000000000000000000e+00 2.321814853846580484e-01
7.910266792390038404e+01 0.000000000000000000e+00 1.525320317266626036e-01
8.033884297520661733e+01 0.000000000000000000e+00 1.911365023018470333e-01
7.909096455710245266e+01 0.000000000000000000e+00 2.152088302179821500e-01
7.943607521215818679e+01 0.000000000000000000e+00 1.322314049586776896e-01
7.983515447334849569e+01 0.000000000000000000e+00 2.332353430584059029e-01
7.853552609684396657e+01 0.000000000000000000e+00 1.624604803372344530e-01
8.013162127683176550e+01 0.000000000000000000e+00 2.268567308225636348e-01
7.834095069055410931e+01 0.000000000000000000e+00 1.666759110322258708e-01
7.984824449498030674e+01 0.000000000000000000e+00 2.045593210937933226e-01
7.809390426535027530e+01 0.000000000000000000e+00 1.562482666814576648e-01
7.990903544289754734e+01 0.000000000000000000e+00 2.180930722724499504e-01
7.813899828054800878e+01 0.000000000000000000e+00 1.484275334183814965e-01
8.021476510067114418e+01 0.000000000000000000e+00 2.226413001275722447e-01
7.909845249320538585e+01 0.000000000000000000e+00 1.832048366520605820e-01
8.022829885184980014e+01 0.000000000000000000e+00 1.788230073770037121e-01
8.042353985245992476e+01 0.000000000000000000e+00 2.865383548727050700e-01
7.997404182150978613e+01 0.000000000000000000e+00 1.989017693715680324e-01
8.209257307670974058e+01 0.000000000000000000e+00 3.010150313383992415e-01
8.105984802263020583e+01 0.000000000000000000e+00 2.029508014864939702e-01
8.300870819235676379e+01 0.000000000000000000e+00 2.758333795551611289e-01
8.143546508403127859e+01 0.000000000000000000e+00 1.995118974984746718e-01
8.339896832880359057e+01 0.000000000000000000e+00 3.071163126074657468e-01
8.078462477120194762e+01 0.000000000000000000e+00 2.026180043263630937e-01
8.182223085029674792e+01 0.000000000000000000e+00 3.030118142991846675e-01
7.970353319651671598e+01 0.000000000000000000e+00 2.260802041155915432e-01
8.106628210105940013e+01 0.000000000000000000e+00 2.376726385268179143e-01
8.020356092961340266e+01 0.000000000000000000e+00 2.680681124854401021e-01
7.950696100726607085e+01 0.000000000000000000e+00 2.107160685562149971e-01
7.986094625325863205e+01 0.000000000000000000e+00 3.301902490432081505e-01
7.829763159354374125e+01 0.000000000000000000e+00 2.667923900382716540e-01
7.965677519551833541e+01 0.000000000000000000e+00 3.438349326085750612e-01
7.783582006766874883e+01 0.000000000000000000e+00 2.647401408841311143e-01
7.997165677519551252e+01 0.000000000000000000e+00 3.311886405236008635e-01
7.832908092517610044e+01 0.000000000000000000e+00 2.096622108824671427e-01
7.970852515391868565e+01 0.000000000000000000e+00 2.827111875311997258e-01
7.779710466470686470e+01 0.000000000000000000e+00 2.304065671972932439e-01
7.964945365799545129e+01 0.000000000000000000e+00 2.105496699761495449e-01
7.827821842586942580e+01 0.000000000000000000e+00 1.854234843862665738e-01
7.890043818292750188e+01 0.000000000000000000e+00 1.624604803372344530e-01
7.919063730656165490e+01 0.000000000000000000e+00 1.772699539630595289e-01
7.882639081479838694e+01 0.000000000000000000e+00 1.186976537800210757e-01
8.015214376837317900e+01 0.000000000000000000e+00 1.738865161683953720e-01
7.846741361140385607e+01 0.000000000000000000e+00 1.296244938709856243e-01
8.004575960951800084e+01 0.000000000000000000e+00 1.874757335404071135e-01
7.768866825669753950e+01 0.000000000000000000e+00 1.458206223306894311e-01
7.938155194409007720e+01 0.000000000000000000e+00 1.930223528759221208e-01
7.746175605968161904e+01 0.000000000000000000e+00 1.548616118475789061e-01
7.870386599367685676e+01 0.000000000000000000e+00 2.001774918187364805e-01
7.678662155416273549e+01 0.000000000000000000e+00 1.617394198236175029e-01
7.768007099672749405e+01 0.000000000000000000e+00 1.409395973154362325e-01
7.710671695601530473e+01 0.000000000000000000e+00 2.002329580120916219e-01
7.670020522491540760e+01 0.000000000000000000e+00 1.756059681624050073e-01
7.813888734816129045e+01 0.000000000000000000e+00 2.421654001885850671e-01
7.691086582727827192e+01 0.000000000000000000e+00 1.732763880414887048e-01
7.866825669754284434e+01 0.000000000000000000e+00 2.311276277109101940e-01
7.727644350768207460e+01 0.000000000000000000e+00 1.518664374064007949e-01
7.911470408785845621e+01 0.000000000000000000e+00 2.301847024238726502e-01
7.787514559875755538e+01 0.000000000000000000e+00 1.623495479505241423e-01
7.973836596594375692e+01 0.000000000000000000e+00 2.331798768650507614e-01
7.871795440678906175e+01 0.000000000000000000e+00 1.905263741749403661e-01
7.993233124410672019e+01 0.000000000000000000e+00 2.141549725442342955e-01
7.877120195241000999e+01 0.000000000000000000e+00 2.317932220311720026e-01
7.882550335570469713e+01 0.000000000000000000e+00 1.578013200954018480e-01
7.939419823617505756e+01 0.000000000000000000e+00 2.172056131787675481e-01
7.821792667369238927e+01 0.000000000000000000e+00 1.388873481612956928e-01
8.008453047867324415e+01 0.000000000000000000e+00 1.936324810028287879e-01
7.820439292251373331e+01 0.000000000000000000e+00 1.504243163791668947e-01
7.930456486771312541e+01 0.000000000000000000e+00 2.186477342060014484e-01
7.687830717177880047e+01 0.000000000000000000e+00 1.282933052304620347e-01
7.842636862832104327e+01 0.000000000000000000e+00 1.853125519995562631e-01
7.662083310222419641e+01 0.000000000000000000e+00 1.434355760164179872e-01
7.822347329302789376e+01 0.000000000000000000e+00 1.944090077098008795e-01
7.650990071551389349e+01 0.000000000000000000e+00 1.558045371346164498e-01
7.743773919795884808e+01 0.000000000000000000e+00 1.184757890066004821e-01
7.752742803261412519e+01 0.000000000000000000e+00 1.792667369238449271e-01
7.681657329857452510e+01 0.000000000000000000e+00 1.686726939930112690e-01
7.792506517277719524e+01 0.000000000000000000e+00 2.239170225747406928e-01
7.564867713128847981e+01 0.000000000000000000e+00 1.797104664706861143e-01
7.713489378223972892e+01 0.000000000000000000e+00 2.338454711853125423e-01
7.507687614399023346e+01 0.000000000000000000e+00 1.933551500360530251e-01
7.674718509068722483e+01 0.000000000000000000e+00 2.674025181651783489e-01
7.502035609296133600e+01 0.000000000000000000e+00 1.939098119696045230e-01
7.672411115425148864e+01 0.000000000000000000e+00 2.608020411559154872e-01
7.512274668589495263e+01 0.000000000000000000e+00 1.945199400965111902e-01
7.633740085417937848e+01 0.000000000000000000e+00 1.940762105496699752e-01
7.614071773254201503e+01 0.000000000000000000e+00 2.873148815796771616e-01
7.567369238449165891e+01 0.000000000000000000e+00 2.198125242664595858e-01
7.729302789949525732e+01 0.000000000000000000e+00 2.319041544178823133e-01
7.650651727771922594e+01 0.000000000000000000e+00 1.632370070442065446e-01
7.825564368517387948e+01 0.000000000000000000e+00 1.974596483443341322e-01
7.653308558433634801e+01 0.000000000000000000e+00 1.125963725109545704e-01
7.851173109989461807e+01 0.000000000000000000e+00 1.848133562593599066e-01
7.612746131233014069e+01 0.000000000000000000e+00 1.176437961062732213e-01
7.715380775417382608e+01 0.000000000000000000e+00 1.618503522103278136e-01
7.522186477342060584e+01 0.000000000000000000e+00 1.145376892783848272e-01
7.664113372899217325e+01 0.000000000000000000e+00 1.592434411226357482e-01
7.561783792778301461e+01 0.000000000000000000e+00 1.753286371956292722e-01
7.594836097398635388e+01 0.000000000000000000e+00 1.613511564701314571e-01
7.610311165344722895e+01 0.000000000000000000e+00 2.407787453547063083e-01
7.511010039380997227e+01 0.000000000000000000e+00 1.368905652005102946e-01
7.639980032170392121e+01 0.000000000000000000e+00 2.499306672583060662e-01
7.460646735814520980e+01 0.000000000000000000e+00 1.508125797326529405e-01
7.737805757390870554e+01 0.000000000000000000e+00 2.192023961395529463e-01
7.634871595762382412e+01 0.000000000000000000e+00 1.299018248377613871e-01
7.799367685395750982e+01 0.000000000000000000e+00 1.838704309723223629e-01
7.630229075378557013e+01 0.000000000000000000e+00 1.718342670142548045e-01
7.793898718730933695e+01 0.000000000000000000e+00 2.074435631482611231e-01
7.555721337844583729e+01 0.000000000000000000e+00 1.392201453214265972e-01
7.613117754728493480e+01 0.000000000000000000e+00 1.435465084031282978e-01
7.541516445726330176e+01 0.000000000000000000e+00 1.548616118475789061e-01
7.507404736812912915e+01 0.000000000000000000e+00 9.174108380941815855e-02
7.623312441067169232e+01 0.000000000000000000e+00 1.589106439625048439e-01
7.745166121249098978e+01 0.000000000000000000e+00 1.479283376781851400e-01
8.062931942980753774e+01 0.000000000000000000e+00 3.466082422763325788e-01
7.931931887514559776e+01 0.000000000000000000e+00 2.804370736036385647e-01
8.139774807254977418e+01 0.000000000000000000e+00 3.621942426091297462e-01
7.964429530201341834e+01 0.000000000000000000e+00 2.962449387098563536e-01
7.968633867657662506e+01 0.000000000000000000e+00 2.023961395529424723e-01
7.674302512618558580e+01 0.000000000000000000e+00 1.313994120583504288e-01
7.745293693493815113e+01 0.000000000000000000e+00 1.364468356536690796e-01
7.618808586166731800e+01 0.000000000000000000e+00 1.332297964390703748e-01
7.633529313883188649e+01 0.000000000000000000e+00 7.682067779688279974e-02
7.648283321315658156e+01 0.000000000000000000e+00 2.024516057462976415e-01
7.563697376449054843e+01 0.000000000000000000e+00 1.916911642353985312e-01
7.716883909257308005e+01 0.000000000000000000e+00 2.011204171057740242e-01
7.524044594819457643e+01 0.000000000000000000e+00 1.603527649897387442e-01
7.743058405901602725e+01 0.000000000000000000e+00 2.502079982250818291e-01
7.549847467968272952e+01 0.000000000000000000e+00 1.598535692495424154e-01
7.736003106106828398e+01 0.000000000000000000e+00 1.458760885240446004e-01
7.594813910921293143e+01 0.000000000000000000e+00 1.137611625714127217e-01
7.759559598424759486e+01 0.000000000000000000e+00 1.516445726329802013e-01
7.594059570691663907e+01 0.000000000000000000e+00 8.591713350712740227e-02
7.773925342503744673e+01 0.000000000000000000e+00 1.059958955016917226e-01
7.746502856508958246e+01 0.000000000000000000e+00 1.232458816351433839e-01
7.726091297354263077e+01 0.000000000000000000e+00 7.576682012313494530e-02
7.842570303400077592e+01 0.000000000000000000e+00 1.264074546563869195e-01
7.737766931055521979e+01 0.000000000000000000e+00 8.763658550113705148e-02
7.840656719729325630e+01 0.000000000000000000e+00 1.351156470131454901e-01
7.606550557435242865e+01 0.000000000000000000e+00 1.154806145654223709e-01
7.751245216040823038e+01 0.000000000000000000e+00 1.545288146874480018e-01
7.574396805147262057e+01 0.000000000000000000e+00 1.068833545953741249e-01
7.705014143879306232e+01 0.000000000000000000e+00 1.525320317266626036e-01
7.554467801874757527e+01 0.000000000000000000e+00 1.096566642631316146e-01
7.711304010205779491e+01 0.000000000000000000e+00 1.027788562870930178e-01
7.606239946752454273e+01 0.000000000000000000e+00 1.599090354428975569e-01
7.637650452049476257e+01 0.000000000000000000e+00 1.678407010926840082e-01
7.664046813467192010e+01 0.000000000000000000e+00 1.271285151700038696e-01
7.523828276665372528e+01 0.000000000000000000e+00 1.655111209717677057e-01
7.634516612124909329e+01 0.000000000000000000e+00 2.281324532697321106e-01
7.484574851627932901e+01 0.000000000000000000e+00 1.842032281324532672e-01
7.673309667757501984e+01 0.000000000000000000e+00 2.184258694325808547e-01
7.500177491818736542e+01 0.000000000000000000e+00 1.735537190082644676e-01
7.663264740140884612e+01 0.000000000000000000e+00 1.747739752620777742e-01
7.482622441621830944e+01 0.000000000000000000e+00 9.989461423262521733e-02
7.633484940928504159e+01 0.000000000000000000e+00 1.601863664096732920e-01
7.484996394697431299e+01 0.000000000000000000e+00 9.412613012368961640e-02
7.585728548449719710e+01 0.000000000000000000e+00 8.081424371845359611e-02
7.672566420766543160e+01 0.000000000000000000e+00 1.531976260469244122e-01
7.744378501303455664e+01 0.000000000000000000e+00 1.066614898219535174e-01
7.880298408120250997e+01 0.000000000000000000e+00 1.730545232680681111e-01
7.727433579233456840e+01 0.000000000000000000e+00 1.302346219978922914e-01
7.921432137112429928e+01 0.000000000000000000e+00 1.667313772255810123e-01
7.702257474069554632e+01 0.000000000000000000e+00 8.830217982139886013e-02
7.883071717788007504e+01 0.000000000000000000e+00 1.499805868323257074e-01
7.742082200898552458e+01 0.000000000000000000e+00 1.096566642631316146e-01
7.930817017028121541e+01 0.000000000000000000e+00 2.026180043263630937e-01
7.776754118364856083e+01 0.000000000000000000e+00 1.406622663486604974e-01
7.882494869377114810e+01 0.000000000000000000e+00 1.887514559875755615e-01
7.700238504631427361e+01 0.000000000000000000e+00 2.235842254146097885e-01
7.705896056353653023e+01 0.000000000000000000e+00 1.926340895224360750e-01
7.691530312274669257e+01 0.000000000000000000e+00 2.100504742359531885e-01
7.587558932830440028e+01 0.000000000000000000e+00 1.486493981918020901e-01
7.732425536635420826e+01 0.000000000000000000e+00 1.850352210327805280e-01
7.574468911198624710e+01 0.000000000000000000e+00 1.176992622996283766e-01
7.782012313494924172e+01 0.000000000000000000e+00 1.299018248377613871e-01
7.603982472682899640e+01 0.000000000000000000e+00 9.495812302401686333e-02
7.763292473237561353e+01 0.000000000000000000e+00 1.550834766209994997e-01
7.609334960341671206e+01 0.000000000000000000e+00 1.222474901547506848e-01
7.819280048810250605e+01 0.000000000000000000e+00 1.440457041433246543e-01
7.644888790282323043e+01 0.000000000000000000e+00 1.223029563481058263e-01
7.743485495590437040e+01 0.000000000000000000e+00 8.774751788784736217e-02
7.677430805923789592e+01 0.000000000000000000e+00 1.536413555937655995e-01
7.506899994453380032e+01 0.000000000000000000e+00 8.048144655832270566e-02
7.508014864939819688e+01 0.000000000000000000e+00 1.557490709412613084e-01
7.363386765766264830e+01 0.000000000000000000e+00 9.678850740473680936e-02
7.510799267846248028e+01 0.000000000000000000e+00 9.828609462532586494e-02
7.333057851239669844e+01 0.000000000000000000e+00 6.683676299295579493e-02
7.635559376559986333e+01 0.000000000000000000e+00 1.485384658050918072e-01
7.537090243496588471e+01 0.000000000000000000e+00 1.034444506073548126e-01
7.757340950690553427e+01 0.000000000000000000e+00 1.296799600643407935e-01
7.593981918020966759e+01 0.000000000000000000e+00 8.580620112041710545e-02
7.720128681568583318e+01 0.000000000000000000e+00 1.106550557435243276e-01
7.600044372954684491e+01 0.000000000000000000e+00 1.218037606079094837e-01
7.631221920239613610e+01 0.000000000000000000e+00 9.828609462532586494e-02
7.634011869765377867e+01 0.000000000000000000e+00 1.353375117865660837e-01
7.549503577569471702e+01 0.000000000000000000e+00 6.805701924676908765e-02
7.708530700538021563e+01 0.000000000000000000e+00 1.232458816351433839e-01
7.500110932386709806e+01 0.000000000000000000e+00 8.430861389982804988e-02
7.644517166786843632e+01 0.000000000000000000e+00 1.143158245049642197e-01
7.455072383382328383e+01 0.000000000000000000e+00 8.624993066725830659e-02
7.657934438959453871e+01 0.000000000000000000e+00 1.336180597925564484e-01
7.453746741361140948e+01 0.000000000000000000e+00 5.008597259970048315e-02
7.647850685007487925e+01 0.000000000000000000e+00 1.007820733263076196e-01
7.506428531809861227e+01 0.000000000000000000e+00 1.013922014532142590e-01
7.587697598313827996e+01 0.000000000000000000e+00 9.002163181540850934e-02
7.556153974152753960e+01 0.000000000000000000e+00 1.786011426035831184e-01
7.555704697986577401e+01 0.000000000000000000e+00 1.235232126019191329e-01
7.637295468412003174e+01 0.000000000000000000e+00 1.129846358644406301e-01
7.508563980254035641e+01 0.000000000000000000e+00 8.608353208719285443e-02
7.683631926340895291e+01 0.000000000000000000e+00 1.165344722391702253e-01
7.504298629985024149e+01 0.000000000000000000e+00 9.085362471573575627e-02
7.633102224194352914e+01 0.000000000000000000e+00 1.077153474957013718e-01
7.451145376892783645e+01 0.000000000000000000e+00 7.659881302346220611e-02
7.640922957457429732e+01 0.000000000000000000e+00 1.179765932664041256e-01
7.485667535637028891e+01 0.000000000000000000e+00 8.957790226856730820e-02
7.681574130567419445e+01 0.000000000000000000e+00 1.260191913029008737e-01
7.550990071551389349e+01 0.000000000000000000e+00 1.039991125409063244e-01
7.504426202229740284e+01 0.000000000000000000e+00 9.628931166454046675e-02
7.397886738033169252e+01 0.000000000000000000e+00 1.250207998225081885e-01
7.283759498585611425e+01 0.000000000000000000e+00 9.939541849242886085e-02
7.374474457817960626e+01 0.000000000000000000e+00 1.434355760164179872e-01
7.217643796106273157e+01 0.000000000000000000e+00 8.103610849187420362e-02
7.527821842586942580e+01 0.000000000000000000e+00 1.279605080703311304e-01
7.398740917410837881e+01 0.000000000000000000e+00 1.020023295801209123e-01
7.605502246380831366e+01 0.000000000000000000e+00 1.155915469521326816e-01
7.445277053635808784e+01 0.000000000000000000e+00 8.735925453436130250e-02
7.637750291197515651e+01 0.000000000000000000e+00 1.359476399134727509e-01
7.377985467857341462e+01 0.000000000000000000e+00 1.025015253203172688e-01
7.459798103056186847e+01 0.000000000000000000e+00 1.103777247767485786e-01
7.364462809917355912e+01 0.000000000000000000e+00 1.539741527538965038e-01
7.350202451605746035e+01 0.000000000000000000e+00 9.656664263131621573e-02
7.386815685839481205e+01 0.000000000000000000e+00 1.150368850185811698e-01
7.279666093516001979e+01 0.000000000000000000e+00 8.624993066725830659e-02
7.424804481668422795e+01 0.000000000000000000e+00 9.140828664928725422e-02
7.261423262521492461e+01 0.000000000000000000e+00 4.309723223695157562e-02
7.426529480281767803e+01 0.000000000000000000e+00 8.819124743468856331e-02
7.284047922791059193e+01 0.000000000000000000e+00 7.521215818958344734e-02
7.445432358977203080e+01 0.000000000000000000e+00 5.973709024349659058e-02
7.291230794830551076e+01 0.000000000000000000e+00 3.499916800709967218e-02
7.460386044705751374e+01 0.000000000000000000e+00 5.452326806811248761e-02
7.333540407121859062e+01 0.000000000000000000e+00 5.019690498641077997e-02
7.406744689111985736e+01 0.000000000000000000e+00 4.781185867213932905e-02
7.436147318209550861e+01 0.000000000000000000e+00 6.278773087802984321e-02
7.393011259637250987e+01 0.000000000000000000e+00 6.378612235842254230e-02
7.524066781296799888e+01 0.000000000000000000e+00 1.115979810305618714e-01
7.334022963004049700e+01 0.000000000000000000e+00 7.526762438293860269e-02
7.545582117699262881e+01 0.000000000000000000e+00 1.251317322092184714e-01
7.340129790892450501e+01 0.000000000000000000e+00 5.407953852127128647e-02
7.475356370292307417e+01 0.000000000000000000e+00 7.781906927727549883e-02
7.296156192800488327e+01 0.000000000000000000e+00 3.904820012202562390e-02
7.421565255976481978e+01 0.000000000000000000e+00 5.807310444284208978e-02
7.281956847301569269e+01 0.000000000000000000e+00 4.398469133063397790e-02
7.318509068722613620e+01 0.000000000000000000e+00 4.714626435187752734e-02
7.174757335404071057e+01 0.000000000000000000e+00 1.190304509401519800e-01
7.156863941427700126e+01 0.000000000000000000e+00 7.471296244938710474e-02
7.190737145709690026e+01 0.000000000000000000e+00 1.012258028731488207e-01
7.061495368572855114e+01 0.000000000000000000e+00 6.550557435243219151e-02
7.225675300904099174e+01 0.000000000000000000e+00 8.397581673969715943e-02
7.054833878750901022e+01 0.000000000000000000e+00 2.895335293138831881e-02
7.209567918353764071e+01 0.000000000000000000e+00 1.114315824504964192e-01
7.040335015807865204e+01 0.000000000000000000e+00 2.168728160186366577e-02
7.219657218925064512e+01 0.000000000000000000e+00 6.068001553053414127e-02
7.151345055188862432e+01 0.000000000000000000e+00 2.135448444173276492e-02
7.376371401630706259e+01 0.000000000000000000e+00 3.804980864163292481e-02
7.252393366243275352e+01 0.000000000000000000e+00 6.001442121027233956e-02
7.359487492373398254e+01 0.000000000000000000e+00 5.003050640634533475e-02
7.329591214154972079e+01 0.000000000000000000e+00 6.606023628598368946e-02
7.280281768262244668e+01 0.000000000000000000e+00 6.278773087802984321e-02
7.357856786288756723e+01 0.000000000000000000e+00 1.175328637195629244e-01
7.228515170003882417e+01 0.000000000000000000e+00 7.426923290254590360e-02
7.385351378334904382e+01 0.000000000000000000e+00 1.257973265294802800e-01
7.239447556714182497e+01 0.000000000000000000e+00 8.392035054634200408e-02
7.485401297908924789e+01 0.000000000000000000e+00 1.440457041433246543e-01
7.372705086249931128e+01 0.000000000000000000e+00 8.591713350712740227e-02
7.579316656497864813e+01 0.000000000000000000e+00 1.165899384325253807e-01
7.433945310333351131e+01 0.000000000000000000e+00 1.000610128126906695e-01
7.592722835431804640e+01 0.000000000000000000e+00 1.120971767707582278e-01
7.305330301181429320e+01 0.000000000000000000e+00 9.978368184591492052e-02
7.268988851295135589e+01 0.000000000000000000e+00 7.010926840090964118e-02
7.274929280603471682e+01 0.000000000000000000e+00 1.026679239003827210e-01
7.145143934771756733e+01 0.000000000000000000e+00 5.518886238837428931e-02
7.269060957346496821e+01 0.000000000000000000e+00 6.411891951855344662e-02
7.211248544012424588e+01 0.000000000000000000e+00 5.052970214654168429e-02
7.416606578290532070e+01 0.000000000000000000e+00 8.763658550113705148e-02
7.259676077430806629e+01 0.000000000000000000e+00 7.587775250984525599e-02
7.445077375339729997e+01 0.000000000000000000e+00 1.264629208497420887e-01
7.338942814354651034e+01 0.000000000000000000e+00 1.334516612124909962e-01
7.473159909035443604e+01 0.000000000000000000e+00 1.247434688557324256e-01
7.283426701425480587e+01 0.000000000000000000e+00 1.027788562870930178e-01
7.353408397581674194e+01 0.000000000000000000e+00 7.903932553108880543e-02
7.287076376948249390e+01 0.000000000000000000e+00 1.294026290975650306e-01
7.267419158023184877e+01 0.000000000000000000e+00 9.878529036552220755e-02
7.428903433357368158e+01 0.000000000000000000e+00 9.606744689111985924e-02
7.354828332131565105e+01 0.000000000000000000e+00 4.276443507682067824e-02
7.578013200954018203e+01 0.000000000000000000e+00 6.389705474513283912e-02
7.433135503910366992e+01 0.000000000000000000e+00 3.999112540906317459e-02
7.602801042764434669e+01 0.000000000000000000e+00 7.055299794775084232e-02
7.526008098064230012e+01 0.000000000000000000e+00 5.125076266015863441e-02
7.805846136779632616e+01 0.000000000000000000e+00 1.076044151089910750e-01
7.708946696988185465e+01 0.000000000000000000e+00 7.626601586333130178e-02
7.900088745909367560e+01 0.000000000000000000e+00 1.020023295801209123e-01
7.784846635975372919e+01 0.000000000000000000e+00 1.252426645959287821e-01
7.787381441011703487e+01 0.000000000000000000e+00 1.368350990071551254e-01
7.730029397082478226e+01 0.000000000000000000e+00 1.682844306395252232e-01
7.624371845360252564e+01 0.000000000000000000e+00 1.578013200954018480e-01
7.747601087137390152e+01 0.000000000000000000e+00 2.208663819402074402e-01
7.586072438848522381e+01 0.000000000000000000e+00 1.846469576792944822e-01
7.784258694325808392e+01 0.000000000000000000e+00 2.736701980143102508e-01
7.651117643796106904e+01 0.000000000000000000e+00 1.483166010316711858e-01
7.829380442620222880e+01 0.000000000000000000e+00 2.065561040545787208e-01
7.649509124188807618e+01 0.000000000000000000e+00 1.283487714238171762e-01
7.815319762604691789e+01 0.000000000000000000e+00 2.135448444173276283e-01
7.657457429696600570e+01 0.000000000000000000e+00 1.586887791890842503e-01
7.765472294636418837e+01 0.000000000000000000e+00 1.502024516057463011e-01
7.696799600643407757e+01 0.000000000000000000e+00 1.386654833878750992e-01
7.686505075156692612e+01 0.000000000000000000e+00 1.264074546563869195e-01
7.735903266958789004e+01 0.000000000000000000e+00 1.908591713350712704e-01
7.598091962948582534e+01 0.000000000000000000e+00 1.148150202451605761e-01
7.800454822785512476e+01 0.000000000000000000e+00 1.455432913639136960e-01
7.638238393699040785e+01 0.000000000000000000e+00 1.093238671030007242e-01
7.830711631260746231e+01 0.000000000000000000e+00 1.597426368628321047e-01
7.660863053968606096e+01 0.000000000000000000e+00 1.402740029951744516e-01
7.819734871595763082e+01 0.000000000000000000e+00 1.418825226024738040e-01
7.655366354207110646e+01 0.000000000000000000e+00 1.246880026623772841e-01
7.791225248211215160e+01 0.000000000000000000e+00 1.454878251705585546e-01
7.654806145654224281e+01 0.000000000000000000e+00 1.028343224804481731e-01
7.688984413999666856e+01 0.000000000000000000e+00 7.199511897498474255e-02
7.619773697931111656e+01 0.000000000000000000e+00 1.293471629042098892e-01
7.480231848688224261e+01 0.000000000000000000e+00 1.031671196405790636e-01
7.603727328193465951e+01 0.000000000000000000e+00 1.696710854734039542e-01
7.458905097343169643e+01 0.000000000000000000e+00 1.484829996117366380e-01
7.643052859282266809e+01 0.000000000000000000e+00 1.799323312441067080e-01
7.473270841422153410e+01 0.000000000000000000e+00 1.432691774363525350e-01
7.641239114759554241e+01 0.000000000000000000e+00 1.752177048089189615e-01
7.486077985467856877e+01 0.000000000000000000e+00 1.123745077375339768e-01
7.666043596427977036e+01 0.000000000000000000e+00 1.304010205779577436e-01
7.495612624105608290e+01 0.000000000000000000e+00 9.734316933828830731e-02
7.649686616007542739e+01 0.000000000000000000e+00 9.612291308447501459e-02
7.632408896777414498e+01 0.000000000000000000e+00 1.370014975872205776e-01
7.631615730212435267e+01 0.000000000000000000e+00 1.112651838704309670e-01
7.682994065117310356e+01 0.000000000000000000e+00 1.517555050196905120e-01
7.544861057185644881e+01 0.000000000000000000e+00 1.280714404570414411e-01
7.694747351489267828e+01 0.000000000000000000e+00 1.704476121803760735e-01
7.526895557157912720e+01 0.000000000000000000e+00 1.332852626324255441e-01
7.701281269066504365e+01 0.000000000000000000e+00 1.550834766209994997e-01
7.540096511176437843e+01 0.000000000000000000e+00 1.233568140218536807e-01
7.683792778301625503e+01 0.000000000000000000e+00 1.736646513949747506e-01
7.552992401131510292e+01 0.000000000000000000e+00 1.418825226024738040e-01
7.709728770314492863e+01 0.000000000000000000e+00 1.873093349603416613e-01
7.563070608464141742e+01 0.000000000000000000e+00 1.773808863497698118e-01
7.646358644406234362e+01 0.000000000000000000e+00 1.619612845970380965e-01
7.660940706639303244e+01 0.000000000000000000e+00 2.375617061401076036e-01
7.577236674247046722e+01 0.000000000000000000e+00 1.157024793388429784e-01
7.681357812413334329e+01 0.000000000000000000e+00 1.693937545066282191e-01
7.515419601752731182e+01 0.000000000000000000e+00 1.061068278884020194e-01
7.729291696710855319e+01 0.000000000000000000e+00 1.317876754118364746e-01
7.577735869987242268e+01 0.000000000000000000e+00 1.014476676465694144e-01
7.883454434522158749e+01 0.000000000000000000e+00 1.807643241444339688e-01
7.774014088413112233e+01 0.000000000000000000e+00 1.381108214543236012e-01
8.000893005713018624e+01 0.000000000000000000e+00 2.162626878917300044e-01
7.866709190748238711e+01 0.000000000000000000e+00 1.494259248987742095e-01
8.030273448333241504e+01 0.000000000000000000e+00 1.624050141438793116e-01
7.993610294525487348e+01 0.000000000000000000e+00 1.997892284652504347e-01
7.967180653391757517e+01 0.000000000000000000e+00 8.869044317488490592e-02
8.039669421487603529e+01 0.000000000000000000e+00 1.484829996117366380e-01
7.931815408508514054e+01 0.000000000000000000e+00 1.206389705474513324e-01
8.156459038216206636e+01 0.000000000000000000e+00 1.293471629042098892e-01
7.895828942259693406e+01 0.000000000000000000e+00 8.796938266126795580e-02
8.036957124632536420e+01 0.000000000000000000e+00 1.382772200343890534e-01
7.817238892894781088e+01 0.000000000000000000e+00 9.701037217815741687e-02
7.978584502745576401e+01 0.000000000000000000e+00 1.865328082533695697e-01
7.792356758555659724e+01 0.000000000000000000e+00 1.409395973154362325e-01
7.946968772533141134e+01 0.000000000000000000e+00 1.378334904875478384e-01
7.810538576737478422e+01 0.000000000000000000e+00 1.503688501858117532e-01
7.892900327250541181e+01 0.000000000000000000e+00 1.489821953519329945e-01
7.900737700371622907e+01 0.000000000000000000e+00 2.008430861389982891e-01
7.832658494647512271e+01 0.000000000000000000e+00 1.206944367408064739e-01
8.035453990792612444e+01 0.000000000000000000e+00 1.710577403072827130e-01
7.897681513117754548e+01 0.000000000000000000e+00 1.581895834488878938e-01
8.081668423096122922e+01 0.000000000000000000e+00 2.144323035110100306e-01
7.876981529757613032e+01 0.000000000000000000e+00 1.183648566198901714e-01
8.039852459925675987e+01 0.000000000000000000e+00 1.757723667424704594e-01
7.924599256753009513e+01 0.000000000000000000e+00 1.474846081313439528e-01
8.111847578900659528e+01 0.000000000000000000e+00 2.139885739641688434e-01
7.963580897443009121e+01 0.000000000000000000e+00 1.573575905485606607e-01
8.096239392090521392e+01 0.000000000000000000e+00 1.611292916967108635e-01
8.050280104276443183e+01 0.000000000000000000e+00 2.244716845082921908e-01
7.975101225802873728e+01 0.000000000000000000e+00 1.306228853513783372e-01
8.013683509900715762e+01 0.000000000000000000e+00 2.072216983748405295e-01
7.885700815353042969e+01 0.000000000000000000e+00 1.797659326640412558e-01
8.028121360031060760e+01 0.000000000000000000e+00 1.946863386765766146e-01
7.858611126518387380e+01 0.000000000000000000e+00 1.744966442953020114e-01
8.156314826113484173e+01 0.000000000000000000e+00 2.076654279216817445e-01
8.044450607354816896e+01 0.000000000000000000e+00 1.915247656553330791e-01
8.262238615563813937e+01 0.000000000000000000e+00 2.534250374396805339e-01
8.083221476510067305e+01 0.000000000000000000e+00 1.176992622996283766e-01
8.278168506295412499e+01 0.000000000000000000e+00 2.072216983748405295e-01
7.881318986077985755e+01 0.000000000000000000e+00 1.514781740529147491e-01
7.843574241499806021e+01 0.000000000000000000e+00 1.542514837206722389e-01
7.784580398247268818e+01 0.000000000000000000e+00 2.600809806422985093e-01
7.682322924177714185e+01 0.000000000000000000e+00 1.617394198236175029e-01
7.777885628709302068e+01 0.000000000000000000e+00 2.198125242664595858e-01
7.867164013533751188e+01 0.000000000000000000e+00 2.010094847190637413e-01
8.209395973154362025e+01 0.000000000000000000e+00 2.886460702202007789e-01
8.049786455155582132e+01 0.000000000000000000e+00 2.614676354761772958e-01
8.287658771978479422e+01 0.000000000000000000e+00 3.408952243607521471e-01
8.092656275999777904e+01 0.000000000000000000e+00 2.450496422430528676e-01
8.168428642742249224e+01 0.000000000000000000e+00 2.838205113983027217e-01
7.933889844139996228e+01 0.000000000000000000e+00 1.722225303677408503e-01
8.029879638360419847e+01 0.000000000000000000e+00 1.607964945365799592e-01
7.928798047589994269e+01 0.000000000000000000e+00 2.041155915469521354e-01
7.909484719063731006e+01 0.000000000000000000e+00 1.607410283432248177e-01
7.915608186810139557e+01 0.000000000000000000e+00 2.140995063508791263e-01
7.795069055410726833e+01 0.000000000000000000e+00 1.833157690387708649e-01
7.915680292861500789e+01 0.000000000000000000e+00 2.345665316989294924e-01
7.741272394475566898e+01 0.000000000000000000e+00 1.823173775583781797e-01
7.940379388762549695e+01 0.000000000000000000e+00 3.437240002218647783e-01
7.751738865161684089e+01 0.000000000000000000e+00 2.088302179821398818e-01
7.917161240224083940e+01 0.000000000000000000e+00 2.817682622441621820e-01
7.717599423151588667e+01 0.000000000000000000e+00 1.997337622718952932e-01
7.852360086527261274e+01 0.000000000000000000e+00 2.077763603083920274e-01
7.702923068389816308e+01 0.000000000000000000e+00 1.844250929058738608e-01
7.797010372178156956e+01 0.000000000000000000e+00 1.580231848688224416e-01
7.799145820622331371e+01 0.000000000000000000e+00 1.957956625436796383e-01
7.687154029618947959e+01 0.000000000000000000e+00 1.233013478284985254e-01
7.750834766209995053e+01 0.000000000000000000e+00 1.534749570137001473e-01
7.548704864385156554e+01 0.000000000000000000e+00 9.040989516889455513e-02
7.729003272505407551e+01 0.000000000000000000e+00 1.626268789172999052e-01
7.504686893338509890e+01 0.000000000000000000e+00 1.024460591269621135e-01
7.691807643241443770e+01 0.000000000000000000e+00 1.597426368628321047e-01
7.487642132120473093e+01 0.000000000000000000e+00 1.120417105774030725e-01
7.643324643629708248e+01 0.000000000000000000e+00 1.526429641133728865e-01
7.490504187697598582e+01 0.000000000000000000e+00 9.523545399079261231e-02
7.632774973653557993e+01 0.000000000000000000e+00 9.529092018414776766e-02
7.569060957346496821e+01 0.000000000000000000e+00 1.199179100338343823e-01
7.586222197570580761e+01 0.000000000000000000e+00 8.037051417161240885e-02
7.640329469188529288e+01 0.000000000000000000e+00 1.271285151700038696e-01
7.477985467857341462e+01 0.000000000000000000e+00 8.547340396028620113e-02
7.619019357701480999e+01 0.000000000000000000e+00 1.256309279494148279e-01
7.451866437406400223e+01 0.000000000000000000e+00 8.331022241943535078e-02
7.648477452992401027e+01 0.000000000000000000e+00 1.398302734483332366e-01
7.449692162626878655e+01 0.000000000000000000e+00 1.093238671030007242e-01
7.632863719562926974e+01 0.000000000000000000e+00 1.754395695823395551e-01
7.474541017249985941e+01 0.000000000000000000e+00 1.418825226024738040e-01
7.671030007210605106e+01 0.000000000000000000e+00 1.993454989184092196e-01
7.515774585390204265e+01 0.000000000000000000e+00 1.671196405790670581e-01
7.605768484108935468e+01 0.000000000000000000e+00 1.721670641743857089e-01
7.559565145044095402e+01 0.000000000000000000e+00 1.382217538410338842e-01
7.501403294691886003e+01 0.000000000000000000e+00 9.828609462532586494e-02
7.599661656220533246e+01 0.000000000000000000e+00 1.439902379499694851e-01
7.466420766542792364e+01 0.000000000000000000e+00 1.088801375561595230e-01
7.645659770369960029e+01 0.000000000000000000e+00 1.703921459870209043e-01
7.459038216207221694e+01 0.000000000000000000e+00 1.346164512729491336e-01
7.616817349825281269e+01 0.000000000000000000e+00 2.293527095235453894e-01
7.437406400798712980e+01 0.000000000000000000e+00 1.611847578900660050e-01
7.559759276720838272e+01 0.000000000000000000e+00 2.183704032392256855e-01
7.374141660657828368e+01 0.000000000000000000e+00 1.283487714238171762e-01
7.534438959454212181e+01 0.000000000000000000e+00 1.028897886738033146e-01
7.490188030395474073e+01 0.000000000000000000e+00 1.309556825115092416e-01
7.521598535692496057e+01 0.000000000000000000e+00 7.920572411115425759e-02
7.549231793222031683e+01 0.000000000000000000e+00 9.257307670974540548e-02
7.432137112429974479e+01 0.000000000000000000e+00 6.422985190526374344e-02
7.515225470075988312e+01 0.000000000000000000e+00 8.841311220810915694e-02
7.316944922069998825e+01 0.000000000000000000e+00 5.563259193521548351e-02
7.494558766431859453e+01 0.000000000000000000e+00 1.054412335681402246e-01
7.350479782572521970e+01 0.000000000000000000e+00 1.190859171335071215e-01
7.520461478728714155e+01 0.000000000000000000e+00 1.791558045371346164e-01
7.346292084974207626e+01 0.000000000000000000e+00 1.112097176770758256e-01
7.537789117532864225e+01 0.000000000000000000e+00 1.626823451106550467e-01
7.377575018026513476e+01 0.000000000000000000e+00 6.456264906539464776e-02
7.470253480503633625e+01 0.000000000000000000e+00 5.568805812857063886e-02
7.441039436463475454e+01 0.000000000000000000e+00 1.025569915136724103e-01
7.387869543513228621e+01 0.000000000000000000e+00 6.722502634644184072e-02
7.465366908869044948e+01 0.000000000000000000e+00 1.106550557435243276e-01
7.323229241777136167e+01 0.000000000000000000e+00 4.514948139109212916e-02
7.482306284319706435e+01 0.000000000000000000e+00 8.591713350712740227e-02
7.319191302900881624e+01 0.000000000000000000e+00 5.912696211658993728e-02
7.511914138332686264e+01 0.000000000000000000e+00 8.869044317488490592e-02
7.367812967996006535e+01 0.000000000000000000e+00 6.378612235842254230e-02
7.555588218980531678e+01 0.000000000000000000e+00 1.158134117255532752e-01
7.400343890398801250e+01 0.000000000000000000e+00 6.101281269066503865e-02
7.533113317433024747e+01 0.000000000000000000e+00 7.676521160352764439e-02
7.405657551722225662e+01 0.000000000000000000e+00 1.179765932664041256e-01
7.437877863442231785e+01 0.000000000000000000e+00 8.918963891508126240e-02
7.471446003660769009e+01 0.000000000000000000e+00 1.513672416662044384e-01
7.370292306838982199e+01 0.000000000000000000e+00 8.203449997226690271e-02
7.521282378390371548e+01 0.000000000000000000e+00 1.624604803372344530e-01
7.347212823783904412e+01 0.000000000000000000e+00 8.974430084863276036e-02
7.514365744078983766e+01 0.000000000000000000e+00 1.038327139608408722e-01
7.290814798380387174e+01 0.000000000000000000e+00 6.023628598369294013e-02
7.487958289422597602e+01 0.000000000000000000e+00 1.022796605468966613e-01
7.274513284153309201e+01 0.000000000000000000e+00 3.788341006156747265e-02
7.417427477952188042e+01 0.000000000000000000e+00 6.461811525874978923e-02
7.205979255643684667e+01 0.000000000000000000e+00 6.167840701092684036e-02
7.330922402795496851e+01 0.000000000000000000e+00 4.636973764490542882e-02
7.275400743246990487e+01 0.000000000000000000e+00 8.236729713239780704e-02
7.193915358588940023e+01 0.000000000000000000e+00 3.533196516723056957e-02
7.272194797271063749e+01 0.000000000000000000e+00 7.144045704143324460e-02
7.130916856176160934e+01 0.000000000000000000e+00 1.702812136003106075e-02
7.351505907149592645e+01 0.000000000000000000e+00 5.180542459371013236e-02
7.170392145987021593e+01 0.000000000000000000e+00 3.228132453269732388e-02
7.401874757335403388e+01 0.000000000000000000e+00 6.578290531920794049e-02
7.161678407010926151e+01 0.000000000000000000e+00 4.919851350601808088e-02
7.327683177103556034e+01 0.000000000000000000e+00 7.343724000221864279e-02
7.130040490321148638e+01 0.000000000000000000e+00 3.976926063564257402e-02
7.289422596927173004e+01 0.000000000000000000e+00 1.285151700038826283e-01
7.165855011370570082e+01 0.000000000000000000e+00 9.323867103000721412e-02
7.260008874590937467e+01 0.000000000000000000e+00 5.485606522824338499e-02
7.360363858228409129e+01 0.000000000000000000e+00 8.952243607521215285e-02
7.274857174552110450e+01 0.000000000000000000e+00 6.084641411059958649e-02
7.428027067502357284e+01 0.000000000000000000e+00 1.191968495202174322e-01
7.247434688557324023e+01 0.000000000000000000e+00 5.319207942758888419e-02
7.411969604526041167e+01 0.000000000000000000e+00 7.926119030450939906e-02
7.184990848078096803e+01 0.000000000000000000e+00 2.407232791613511669e-02
7.395196627655444388e+01 0.000000000000000000e+00 5.463420045482278442e-02
7.205890509734317106e+01 0.000000000000000000e+00 7.654334683010704903e-03
7.383005158355982189e+01 0.000000000000000000e+00 2.684563758389261687e-02
7.279272283543180322e+01 0.000000000000000000e+00 2.324033501580786629e-02
7.413256420211881448e+01 0.000000000000000000e+00 1.774918187364801087e-02
7.395806755782351161e+01 0.000000000000000000e+00 1.087692051694492262e-01
7.402324033501581368e+01 0.000000000000000000e+00 4.365189417050308052e-02
7.508475234344666660e+01 0.000000000000000000e+00 9.556825115092351663e-02
7.250069332741693984e+01 0.000000000000000000e+00 5.452326806811248761e-02
7.379399855787897877e+01 0.000000000000000000e+00 9.967274945920460982e-02
7.120356092961340266e+01 0.000000000000000000e+00 4.343002939708247995e-02
7.287331521437683080e+01 0.000000000000000000e+00 6.750235731321758970e-02
7.107238338232846786e+01 0.000000000000000000e+00 4.226523933662432869e-02
7.395867768595041980e+01 0.000000000000000000e+00 1.037217815741305615e-01
7.237478506850074211e+01 0.000000000000000000e+00 9.423706251039991322e-02
7.462931942980753774e+01 0.000000000000000000e+00 1.119307781906927757e-01
7.290354428975538781e+01 0.000000000000000000e+00 8.991069942869821252e-02
7.338826335348605312e+01 0.000000000000000000e+00 7.876199456431305645e-02
7.412507626601586708e+01 0.000000000000000000e+00 1.096566642631316146e-01
7.353075600421543356e+01 0.000000000000000000e+00 6.467358145210494458e-02
7.534039602862056029e+01 0.000000000000000000e+00 1.371678961672860297e-01
7.330084863275833129e+01 0.000000000000000000e+00 6.284319707138498468e-02
7.571673415053524536e+01 0.000000000000000000e+00 1.181984580398247331e-01
7.221654001885850960e+01 0.000000000000000000e+00 3.050640634533251933e-02
7.358555660325032477e+01 0.000000000000000000e+00 6.716956015308669925e-02
7.105707471296244648e+01 0.000000000000000000e+00 4.037938876254922732e-02
7.277674857174551448e+01 0.000000000000000000e+00 6.045815075711354070e-02
7.089810860280658744e+01 0.000000000000000000e+00 5.119529646680348600e-02
7.262105496699761886e+01 0.000000000000000000e+00 4.448388707083032745e-02
7.222036718620000784e+01 0.000000000000000000e+00 6.517277719230128719e-02
7.215242109933994641e+01 0.000000000000000000e+00 4.592600809806422768e-02
7.333329635587109863e+01 0.000000000000000000e+00 7.787453547063065418e-02
7.159088135781240680e+01 0.000000000000000000e+00 2.756669809750956698e-02
7.339852459925675987e+01 0.000000000000000000e+00 5.263741749403738623e-02
7.129380442620222880e+01 0.000000000000000000e+00 3.538743136058572492e-02
7.319230129236230198e+01 0.000000000000000000e+00 7.687614399023795508e-02
7.114304731266292947e+01 0.000000000000000000e+00 4.465028565089577961e-02
7.306483998003217550e+01 0.000000000000000000e+00 8.242276332575294850e-02
7.128631649009928140e+01 0.000000000000000000e+00 3.599755948749237128e-02
7.305513339619501778e+01 0.000000000000000000e+00 4.936491208608353304e-02
7.146086860058794343e+01 0.000000000000000000e+00 4.842198679904598235e-02
7.256364745687503159e+01 0.000000000000000000e+00 3.405624272006212150e-02
7.304864385157246431e+01 0.000000000000000000e+00 6.522824338565644253e-02
7.257718120805368756e+01 0.000000000000000000e+00 1.946863386765766354e-02
7.429097565034111028e+01 0.000000000000000000e+00 4.731266293194297951e-02
7.297454101724999020e+01 0.000000000000000000e+00 3.572022852071662230e-02
7.524638083088358087e+01 0.000000000000000000e+00 6.023628598369294013e-02
7.308968883465527711e+01 0.000000000000000000e+00 2.889788673803317040e-02
7.468234511065504933e+01 0.000000000000000000e+00 6.123467746408563922e-02
7.267685395751288979e+01 0.000000000000000000e+00 3.461090465361361945e-02
7.457834599811414478e+01 0.000000000000000000e+00 7.121859226801265097e-02
7.229435908813577782e+01 0.000000000000000000e+00 2.978534583171556921e-02
7.345171667868434895e+01 0.000000000000000000e+00 3.411170891341726991e-02
7.260996172832658146e+01 0.000000000000000000e+00 7.271617948860169267e-02
7.265239336624327393e+01 0.000000000000000000e+00 1.874757335404071343e-02
7.342697875644795147e+01 0.000000000000000000e+00 6.700316157302124709e-02
7.214288091408286618e+01 0.000000000000000000e+00 4.398469133063397790e-02
7.403083920350546521e+01 0.000000000000000000e+00 7.110765988130234028e-02
7.219396527816296327e+01 0.000000000000000000e+00 7.909479172444394690e-02
7.448272228076987744e+01 0.000000000000000000e+00 1.459315547173997418e-01
7.236735259859115388e+01 0.000000000000000000e+00 8.974430084863276036e-02
7.464068999944534255e+01 0.000000000000000000e+00 1.438793055632592022e-01
7.251345055188862432e+01 0.000000000000000000e+00 1.053303011814299139e-01
7.485506683676298678e+01 0.000000000000000000e+00 1.253535969826390928e-01
7.321282378390371548e+01 0.000000000000000000e+00 5.757390870264574023e-02
7.403566476232735738e+01 0.000000000000000000e+00 3.400077652670697309e-02
7.422641300127571640e+01 0.000000000000000000e+00 6.639303344611459379e-02
7.402989627821843044e+01 0.000000000000000000e+00 4.570414332464362711e-02
7.518231737755837685e+01 0.000000000000000000e+00 6.850074879361028879e-02
7.312912529813078777e+01 0.000000000000000000e+00 3.511010039380997594e-02
7.512701758278329578e+01 0.000000000000000000e+00 6.961007266071329858e-02
7.333135503910366992e+01 0.000000000000000000e+00 4.631427145155028041e-02
7.537567252759443193e+01 0.000000000000000000e+00 8.680459260080980455e-02
7.386627100782072830e+01 0.000000000000000000e+00 5.213822175384103669e-02
7.638221753841034456e+01 0.000000000000000000e+00 1.193077819069277290e-01
7.433579233457207636e+01 0.000000000000000000e+00 5.313661323423373578e-02
7.606672583060624504e+01 0.000000000000000000e+00 6.151200843086138820e-02
7.513017915580454087e+01 0.000000000000000000e+00 1.012258028731488207e-01
7.481130401020577381e+01 0.000000000000000000e+00 7.232791613511564688e-02
7.524521604082312365e+01 0.000000000000000000e+00 1.044983082811026670e-01
7.373226468467468919e+01 0.000000000000000000e+00 6.112374507737534240e-02
7.561833712352321868e+01 0.000000000000000000e+00 9.384879915691386743e-02
7.405247101891397676e+01 0.000000000000000000e+00 5.768484108935603705e-02
7.662172056131787201e+01 0.000000000000000000e+00 1.109878529036552181e-01
7.507737533973043753e+01 0.000000000000000000e+00 6.739142492650729288e-02
7.721465416828442585e+01 0.000000000000000000e+00 1.120417105774030725e-01
7.492794941483165871e+01 0.000000000000000000e+00 4.093405069610072528e-02
7.666969881857008318e+01 0.000000000000000000e+00 5.868323256974873614e-02
7.378462477120194762e+01 0.000000000000000000e+00 5.629818625547728522e-02
7.448715957623828388e+01 0.000000000000000000e+00 4.997504021299017940e-02
7.401386654833878254e+01 0.000000000000000000e+00 1.254090631759942343e-01
7.329358256142880634e+01 0.000000000000000000e+00 4.237617172333462551e-02
7.485739641688391544e+01 0.000000000000000000e+00 8.508514060680015534e-02
7.259454212657385597e+01 0.000000000000000000e+00 9.151921903599756491e-02
7.460513616950468929e+01 0.000000000000000000e+00 1.289588995507238434e-01
7.251045537744744252e+01 0.000000000000000000e+00 5.130622885351378282e-02
7.429336069665538389e+01 0.000000000000000000e+00 7.621054966997614644e-02
7.222358422541461209e+01 0.000000000000000000e+00 5.369127516778523374e-02
7.416745243773920038e+01 0.000000000000000000e+00 1.018359310000554602e-01
7.220394919296688840e+01 0.000000000000000000e+00 1.001164790060458110e-01
7.380548005990348770e+01 0.000000000000000000e+00 1.214154972544234240e-01
7.266254367962726235e+01 0.000000000000000000e+00 1.645127294913750204e-01
7.289699927893948939e+01 0.000000000000000000e+00 1.047756392478784160e-01
7.382450496422430319e+01 0.000000000000000000e+00 1.129846358644406301e-01
7.280398247268290390e+01 0.000000000000000000e+00 6.212213655776804150e-02
7.512385600976205069e+01 0.000000000000000000e+00 9.617837927783015606e-02
7.331637916689777512e+01 0.000000000000000000e+00 3.167119640579067058e-02
7.566992068334350563e+01 0.000000000000000000e+00 7.249431471518109904e-02
7.326895557157912720e+01 0.000000000000000000e+00 5.968162405014144217e-02
7.536912751677851929e+01 0.000000000000000000e+00 9.773143269177436698e-02
7.339236785179433298e+01 0.000000000000000000e+00 7.687614399023795508e-02
7.520139774807255151e+01 0.000000000000000000e+00 1.251871984025736406e-01
7.364346330911310190e+01 0.000000000000000000e+00 1.058849631149814119e-01
7.447545620944035250e+01 0.000000000000000000e+00 7.865106217760274576e-02
7.423961395529424578e+01 0.000000000000000000e+00 1.002274113927561217e-01
7.361750513062288803e+01 0.000000000000000000e+00 7.410283432248045143e-02
7.466564978645516248e+01 0.000000000000000000e+00 1.088801375561595230e-01
7.288768095845581740e+01 0.000000000000000000e+00 3.538743136058572492e-02
7.522031172000666288e+01 0.000000000000000000e+00 9.418159631704475787e-02
7.335282045593210398e+01 0.000000000000000000e+00 5.369127516778523374e-02
7.580087636585501798e+01 0.000000000000000000e+00 1.123190415441788215e-01
7.361872538687670442e+01 0.000000000000000000e+00 4.847745299240113076e-02
7.536663153807754156e+01 0.000000000000000000e+00 8.447501247989350204e-02
7.214077319873537419e+01 0.000000000000000000e+00 4.670253480503633314e-02
7.327611071052193381e+01 0.000000000000000000e+00 5.618725386876698841e-02
7.128565089577902825e+01 0.000000000000000000e+00 5.285928226745798680e-02
7.128021520883021367e+01 0.000000000000000000e+00 2.590271229685506618e-02
7.168772533141050474e+01 0.000000000000000000e+00 6.001442121027233956e-02
7.020344999722668433e+01 0.000000000000000000e+00 2.945254867158466835e-02
7.186072438848522381e+01 0.000000000000000000e+00 7.632148205668644325e-02
7.002423872649620762e+01 0.000000000000000000e+00 4.609240667812967984e-02
7.198546785734095010e+01 0.000000000000000000e+00 8.486327583337956171e-02
6.992717288812468723e+01 0.000000000000000000e+00 5.380220755449553749e-02
7.241455432913639356e+01 0.000000000000000000e+00 1.030561872538687668e-01
7.070741583005158759e+01 0.000000000000000000e+00 8.669366021409950773e-02
7.284325253757835128e+01 0.000000000000000000e+00 6.922180930722723891e-02
7.102140995063508910e+01 0.000000000000000000e+00 6.151200843086138820e-02
7.222624660269565311e+01 0.000000000000000000e+00 3.583116090742692605e-02
7.175511675633701714e+01 0.000000000000000000e+00 4.864385157246658292e-02
7.108236729713239299e+01 0.000000000000000000e+00 1.370014975872205915e-02
7.232675134505518599e+01 0.000000000000000000e+00 5.757390870264574023e-02
7.071035553829941023e+01 0.000000000000000000e+00 1.270175827832935832e-02
7.287353707915025325e+01 0.000000000000000000e+00 5.041876975983138054e-02
7.080625658661045918e+01 0.000000000000000000e+00 3.755061290143657526e-02
7.331787675411835892e+01 0.000000000000000000e+00 7.526762438293860269e-02
7.122491541405513260e+01 0.000000000000000000e+00 3.932553108880137288e-02
7.323051749958401047e+01 0.000000000000000000e+00 8.963336846192246354e-02
7.152476565533306996e+01 0.000000000000000000e+00 6.766875589328304186e-02
7.265544400687781490e+01 0.000000000000000000e+00 6.140107604415109138e-02
7.131454878251705054e+01 0.000000000000000000e+00 7.327084142215320450e-02
7.141732763880415291e+01 0.000000000000000000e+00 3.266958788618336967e-02
7.218664374064007916e+01 0.000000000000000000e+00 6.511731099894614572e-02
7.137861223584225456e+01 0.000000000000000000e+00 3.472183704032392321e-02
7.355244328581729008e+01 0.000000000000000000e+00 7.360363858228409495e-02
7.176177269953963389e+01 0.000000000000000000e+00 4.054578734261467948e-02
7.410777081368905783e+01 0.000000000000000000e+00 1.129291696710854748e-01
7.280603472183703673e+01 0.000000000000000000e+00 1.164790060458150700e-01
7.519884630317821461e+01 0.000000000000000000e+00 2.251927450219091409e-01
7.367912807144045928e+01 0.000000000000000000e+00 1.137611625714127217e-01
7.618847412502080374e+01 0.000000000000000000e+00 1.072161517555050153e-01
7.479754839425369539e+01 0.000000000000000000e+00 1.000610128126906695e-01
7.555876643185978025e+01 0.000000000000000000e+00 1.169227355926562711e-01
7.514421210272338669e+01 0.000000000000000000e+00 2.304065671972932439e-01
7.428836873925342843e+01 0.000000000000000000e+00 3.455543846025847105e-02
7.532780520272893909e+01 0.000000000000000000e+00 4.492761661767152859e-02
7.312596372510954268e+01 0.000000000000000000e+00 2.457152365633146623e-02
7.525669754284763258e+01 0.000000000000000000e+00 3.616395806755782344e-02
7.315597093571467724e+01 0.000000000000000000e+00 1.963503244772311224e-02
7.496006434078428526e+01 0.000000000000000000e+00 3.588662710078207446e-02
7.286050252371180136e+01 0.000000000000000000e+00 6.262133229796439104e-02
7.501924676909423795e+01 0.000000000000000000e+00 1.176992622996283766e-01
7.295002495978701518e+01 0.000000000000000000e+00 6.811248544012424300e-02
7.438327139608408345e+01 0.000000000000000000e+00 7.277164568195684802e-02
7.425725220478118160e+01 0.000000000000000000e+00 1.029452548671584700e-01
7.488463031782129065e+01 0.000000000000000000e+00 5.507793000166398556e-02
7.557707027566698343e+01 0.000000000000000000e+00 9.778689888512950845e-02
7.431027788562870739e+01 0.000000000000000000e+00 6.561650673914248832e-02
7.649314992512063327e+01 0.000000000000000000e+00 1.206944367408064739e-01
7.395202174274778884e+01 0.000000000000000000e+00 7.393643574241499927e-02
7.583138277220034240e+01 0.000000000000000000e+00 1.279050418769759889e-01
7.373969715458427743e+01 0.000000000000000000e+00 7.565588773642464848e-02
7.558877364246491481e+01 0.000000000000000000e+00 1.439902379499694851e-01
7.347162904209884005e+01 0.000000000000000000e+00 1.028343224804481731e-01
7.614637528426423785e+01 0.000000000000000000e+00 1.516445726329802013e-01
7.503793887625492687e+01 0.000000000000000000e+00 8.591713350712740227e-02
7.623129402629098195e+01 0.000000000000000000e+00 6.855621498696544414e-02
7.588329912918077014e+01 0.000000000000000000e+00 1.294580952909201721e-01
7.535803427810749611e+01 0.000000000000000000e+00 7.560042154306949314e-02
7.553208719285595407e+01 0.000000000000000000e+00 8.164623661878085692e-02
7.280259581784902423e+01 0.000000000000000000e+00 6.173387320428198877e-02
7.437156802928615207e+01 0.000000000000000000e+00 7.149592323478839995e-02
7.198824116700870945e+01 0.000000000000000000e+00 6.079094791724443808e-02
7.382250818126351533e+01 0.000000000000000000e+00 1.043319097010372148e-01
7.178307171778800466e+01 0.000000000000000000e+00 4.603694048477453143e-02
7.366232181485383990e+01 0.000000000000000000e+00 7.083032891452659130e-02
7.216551112097177167e+01 0.000000000000000000e+00 5.629818625547728522e-02
7.359692717288812958e+01 0.000000000000000000e+00 5.674191580231848636e-02
7.274857174552110450e+01 0.000000000000000000e+00 9.296134006323146515e-02
7.355205502246380433e+01 0.000000000000000000e+00 7.071939652781629448e-02
7.438266126795717526e+01 0.000000000000000000e+00 9.224027954961451503e-02
7.307282711187531277e+01 0.000000000000000000e+00 4.620333906483997666e-02
7.487708691552498408e+01 0.000000000000000000e+00 1.293471629042098892e-01
7.330517499584003360e+01 0.000000000000000000e+00 4.803372344555992962e-02
7.487936102945255357e+01 0.000000000000000000e+00 1.377225581008375277e-01
7.295945421265739128e+01 0.000000000000000000e+00 9.606744689111985924e-02
7.522940817571689820e+01 0.000000000000000000e+00 1.490931277386433051e-01
7.320295080148649447e+01 0.000000000000000000e+00 9.029896278218425831e-02
7.504104498308281279e+01 0.000000000000000000e+00 1.803760607909479230e-01
7.460829774252593438e+01 0.000000000000000000e+00 1.449886294303621981e-01
7.684020189694381031e+01 0.000000000000000000e+00 9.900715513894281505e-02
7.748399800321703879e+01 0.000000000000000000e+00 2.098286094625325948e-01
7.708397581673969512e+01 0.000000000000000000e+00 1.521437683731765578e-01
7.905169449220700528e+01 0.000000000000000000e+00 2.717288812468800496e-01
7.752343446669254945e+01 0.000000000000000000e+00 1.788230073770037121e-01
7.975994231515890931e+01 0.000000000000000000e+00 2.736147318209551371e-01
7.805807310444284042e+01 0.000000000000000000e+00 2.242498197348715971e-01
8.035670308946697560e+01 0.000000000000000000e+00 3.051749958400354901e-01
7.852914748460813144e+01 0.000000000000000000e+00 2.338454711853125423e-01
8.026962116589938034e+01 0.000000000000000000e+00 3.436130678351544954e-01
7.779399855787897877e+01 0.000000000000000000e+00 1.741638471351711071e-01
7.952321260191912700e+01 0.000000000000000000e+00 2.287980475899938915e-01
7.838127461312329558e+01 0.000000000000000000e+00 2.752787176216096032e-01
7.861683953630262067e+01 0.000000000000000000e+00 1.734982528149093262e-01
7.981485384658050464e+01 0.000000000000000000e+00 2.718952798269455018e-01
7.899650562981862834e+01 0.000000000000000000e+00 1.940207443563148337e-01
8.099839148039269787e+01 0.000000000000000000e+00 2.861500915192190519e-01
7.904792279105885200e+01 0.000000000000000000e+00 1.850352210327805280e-01
8.156348105829496831e+01 0.000000000000000000e+00 3.569249542403905018e-01
7.908502967441344822e+01 0.000000000000000000e+00 2.282988518497975350e-01
8.101259082589162119e+01 0.000000000000000000e+00 2.763880414887126546e-01
7.879826945476732192e+01 0.000000000000000000e+00 2.031172000665594224e-01
8.087331521437683080e+01 0.000000000000000000e+00 2.822674579843585385e-01
7.902629097565034044e+01 0.000000000000000000e+00 2.172056131787675481e-01
7.946691441566365199e+01 0.000000000000000000e+00 1.900271784347440374e-01
7.884419546286538605e+01 5.546619335515003395e-05 2.713406178933939761e-01
7.822280769870764061e+01 1.663985800654501019e-04 2.081091574685229317e-01
7.891020023295801877e+01 0.000000000000000000e+00 3.199844694658605659e-01
7.681097121304564723e+01 0.000000000000000000e+00 2.013977480725497871e-01
7.938088634976980984e+01 5.546619335515003395e-05 2.384491652337900058e-01
7.749270619557380257e+01 0.000000000000000000e+00 9.784236507848466380e-02
7.995817849021021573e+01 0.000000000000000000e+00 1.817627156248266818e-01
7.774485551056631039e+01 0.000000000000000000e+00 9.218481335625935968e-02
7.976060790947917667e+01 0.000000000000000000e+00 1.437683731765488915e-01
7.717904487215042764e+01 0.000000000000000000e+00 1.205835043540961771e-01
7.862360641189195576e+01 0.000000000000000000e+00 1.502579177991014425e-01
7.715386322036718525e+01 0.000000000000000000e+00 1.529202950801486494e-01
7.758683232569748611e+01 0.000000000000000000e+00 6.694769537966609174e-02
7.836824005768484369e+01 0.000000000000000000e+00 1.584669144156636567e-01
7.768583948083643520e+01 0.000000000000000000e+00 1.025015253203172688e-01
7.982694547673193597e+01 0.000000000000000000e+00 1.896943812746131330e-01
7.783265849464751795e+01 0.000000000000000000e+00 8.918963891508126240e-02
8.019956736369182693e+01 0.000000000000000000e+00 1.722779965610960196e-01
7.801991236341450531e+01 0.000000000000000000e+00 1.113206500637861224e-01
8.080592378945033261e+01 0.000000000000000000e+00 2.793277497365355688e-01
7.886898885129514269e+01 0.000000000000000000e+00 1.819845803982472754e-01
8.138604470575184280e+01 0.000000000000000000e+00 2.210327805202728924e-01
7.945315879971157358e+01 0.000000000000000000e+00 1.965167230572965884e-01
8.087730878029840653e+01 0.000000000000000000e+00 1.771590215763492182e-01
7.950407676521160738e+01 0.000000000000000000e+00 2.221421043873758883e-01
7.839159132508736150e+01 0.000000000000000000e+00 1.119862443840479171e-01
7.933512674025182321e+01 0.000000000000000000e+00 2.282433856564423935e-01
7.771052193687947351e+01 0.000000000000000000e+00 1.453214265904931024e-01
7.979527428032614011e+01 0.000000000000000000e+00 2.355649231793222054e-01
7.734000776526707455e+01 0.000000000000000000e+00 1.172555327527871755e-01
7.926551666759110049e+01 1.663985800654501019e-04 2.088302179821398818e-01
7.686105718564535039e+01 0.000000000000000000e+00 1.276831771035553953e-01
7.896056353652448934e+01 0.000000000000000000e+00 1.627932774973653574e-01
7.708480780964002577e+01 0.000000000000000000e+00 1.222474901547506848e-01
7.949675522768872327e+01 0.000000000000000000e+00 1.578567862887569895e-01
7.827622164290865214e+01 0.000000000000000000e+00 2.269121970159188040e-01
7.873215375228798507e+01 0.000000000000000000e+00 1.677852348993288667e-01
7.895762382827666670e+01 0.000000000000000000e+00 2.976870597370902538e-01
7.803516556658716752e+01 0.000000000000000000e+00 1.844805590992290301e-01
8.034860502523712000e+01 0.000000000000000000e+00 3.136613234233734393e-01
7.842021188085861638e+01 0.000000000000000000e+00 2.385600976205003165e-01
8.105613178767541172e+01 0.000000000000000000e+00 3.857673747850685064e-01
7.875339730434299668e+01 0.000000000000000000e+00 2.519829164124466336e-01
8.112807144045703467e+01 0.000000000000000000e+00 3.437240002218647783e-01
7.941832603028454685e+01 0.000000000000000000e+00 2.077208941150368859e-01
8.156581063841588275e+01 0.000000000000000000e+00 2.898663264740141132e-01
7.941932442176494078e+01 0.000000000000000000e+00 2.016196128459703807e-01
8.052881468744800486e+01 0.000000000000000000e+00 1.764379610627322681e-01
8.011503688501858278e+01 0.000000000000000000e+00 2.866492872594154084e-01
7.960075434022962781e+01 0.000000000000000000e+00 2.360086527261633926e-01
8.012812690665039383e+01 0.000000000000000000e+00 2.748349880747684160e-01
7.827577791336180724e+01 0.000000000000000000e+00 1.698374840534694064e-01
7.996161739419824244e+01 0.000000000000000000e+00 2.609129735426257701e-01
7.759703810527483370e+01 0.000000000000000000e+00 2.208109157468522987e-01
7.941189195185533833e+01 0.000000000000000000e+00 2.451051084364080090e-01
7.710416551112096784e+01 0.000000000000000000e+00 1.516445726329802013e-01
7.886333129957290566e+01 0.000000000000000000e+00 1.994009651117643889e-01
7.669732098286094413e+01 0.000000000000000000e+00 1.169227355926562711e-01
7.862482666814577215e+01 0.000000000000000000e+00 2.015086804592600700e-01
7.767441344500527123e+01 0.000000000000000000e+00 1.777136835099007162e-01
7.837251095457318684e+01 0.000000000000000000e+00 1.233013478284985254e-01
7.833263076155083127e+01 0.000000000000000000e+00 1.462088856841755047e-01
7.758832991291806991e+01 0.000000000000000000e+00 6.151200843086138820e-02
7.941799323312440606e+01 0.000000000000000000e+00 1.487048643851572594e-01
7.677120195241000999e+01 0.000000000000000000e+00 1.034999168007099679e-01
7.840118697653780089e+01 0.000000000000000000e+00 1.941871429363802859e-01
7.605696378057574236e+01 0.000000000000000000e+00 1.645127294913750204e-01
7.813012368961118170e+01 0.000000000000000000e+00 3.121082700094292561e-01
7.573509346053580771e+01 0.000000000000000000e+00 2.089966165622053340e-01
7.790953463863775141e+01 0.000000000000000000e+00 2.003993565921570741e-01
7.583138277220034240e+01 0.000000000000000000e+00 1.349492484330800379e-01
7.704176604359642511e+01 0.000000000000000000e+00 1.333961950191358270e-01
7.605369127516777894e+01 0.000000000000000000e+00 2.006212213655776677e-01
7.578972766099062142e+01 0.000000000000000000e+00 9.362693438349325992e-02
7.717177880082090269e+01 0.000000000000000000e+00 1.254645293693493757e-01
7.602740029951743850e+01 0.000000000000000000e+00 1.233568140218536807e-01
7.839763714016307006e+01 0.000000000000000000e+00 2.028398690997836873e-01
7.655532752787176776e+01 0.000000000000000000e+00 1.306783515447334787e-01
7.870369959509679347e+01 0.000000000000000000e+00 2.220866381940207468e-01
7.615669199622830376e+01 0.000000000000000000e+00 8.902324033501581024e-02
7.805197182317377269e+01 0.000000000000000000e+00 1.646791280714404448e-01
7.613711242997392503e+01 0.000000000000000000e+00 1.276277109102002261e-01
7.786266570525265251e+01 0.000000000000000000e+00 1.689500249597870041e-01
7.679777025902711785e+01 0.000000000000000000e+00 1.783792778301625248e-01
7.796039713794442605e+01 0.000000000000000000e+00 1.604082311830939134e-01
7.854001885850574638e+01 0.000000000000000000e+00 2.559210161406622608e-01
7.814326917743635192e+01 0.000000000000000000e+00 2.005102889788673848e-01
8.043812746131233382e+01 0.000000000000000000e+00 2.868711520328359743e-01
7.887015364135559992e+01 0.000000000000000000e+00 1.337289921792667313e-01
8.148028176826224467e+01 0.000000000000000000e+00 2.211437129069832030e-01
7.967108547340396285e+01 0.000000000000000000e+00 1.443230351101003894e-01
8.207815186643740901e+01 0.000000000000000000e+00 2.452160408231183197e-01
7.964091186421876500e+01 0.000000000000000000e+00 1.873093349603416613e-01
8.170736036385822842e+01 0.000000000000000000e+00 2.537578345998114382e-01
7.964418436962671421e+01 0.000000000000000000e+00 2.432747240556880630e-01
8.083077264407343421e+01 0.000000000000000000e+00 2.285207166232181564e-01
8.033651339508568867e+01 0.000000000000000000e+00 2.761661767152920333e-01
7.989699927893948939e+01 0.000000000000000000e+00 1.408841311220810910e-01
8.102645737423040373e+01 0.000000000000000000e+00 2.853180986188917911e-01
7.768999944533806001e+01 0.000000000000000000e+00 1.175883299129180798e-01
7.926202229740972882e+01 0.000000000000000000e+00 2.622996283765045011e-01
7.709146375284264252e+01 0.000000000000000000e+00 1.584669144156636567e-01
7.936990404348549077e+01 0.000000000000000000e+00 3.496034167175106622e-01
7.691053303011814535e+01 0.000000000000000000e+00 2.657385323645238273e-01
8.083299129180764453e+01 0.000000000000000000e+00 2.837650452049476080e-01
7.957795773476065904e+01 0.000000000000000000e+00 2.114371290698319472e-01
8.224144433967497037e+01 0.000000000000000000e+00 2.554772865938210735e-01
8.105557712574186269e+01 0.000000000000000000e+00 2.631870874701869312e-01
8.171923012923623730e+01 0.000000000000000000e+00 2.173165455654778311e-01
8.162704531587996826e+01 0.000000000000000000e+00 3.423928115813411610e-01
7.985889400410449923e+01 0.000000000000000000e+00 2.573631371678961610e-01
8.147334849409284629e+01 0.000000000000000000e+00 3.289145265960397024e-01
7.895618170724942786e+01 0.000000000000000000e+00 2.373398413666870099e-01
8.126274335792334114e+01 0.000000000000000000e+00 3.429474735148926867e-01
7.964085639802540584e+01 0.000000000000000000e+00 2.128237839037106782e-01
8.212596372510954268e+01 0.000000000000000000e+00 3.234233734538798366e-01
8.010288978867380649e+01 0.000000000000000000e+00 2.345110655055743509e-01
8.206961007266070851e+01 0.000000000000000000e+00 2.808253369571246383e-01
7.983670752676243865e+01 0.000000000000000000e+00 1.951300682234178296e-01
8.056414665261523567e+01 0.000000000000000000e+00 1.753286371956292722e-01
7.999051528093626473e+01 0.000000000000000000e+00 2.313494924843307876e-01
7.934566531698929737e+01 0.000000000000000000e+00 1.879749292806034699e-01
8.056148427533418044e+01 0.000000000000000000e+00 2.620222974097287660e-01
7.918725386876698735e+01 0.000000000000000000e+00 2.303511010039381024e-01
8.157612735037994867e+01 0.000000000000000000e+00 2.793277497365355688e-01
7.935564923179322250e+01 0.000000000000000000e+00 1.726662599145820653e-01
8.135143380109822431e+01 0.000000000000000000e+00 2.075544955349714338e-01
7.916290420988407561e+01 0.000000000000000000e+00 1.236341449886294297e-01
8.130744910976760309e+01 0.000000000000000000e+00 1.541960175273170974e-01
7.879200177491819090e+01 0.000000000000000000e+00 1.761606300959565052e-01
8.008968883465527711e+01 0.000000000000000000e+00 2.460480337234455528e-01
7.840506961007265829e+01 0.000000000000000000e+00 3.153807754173831301e-01
7.891241888069221488e+01 0.000000000000000000e+00 2.295745742969660108e-01
7.886011426035831562e+01 0.000000000000000000e+00 2.975206611570248016e-01
7.836230517499583925e+01 0.000000000000000000e+00 1.960175273171002319e-01
8.069543513228687459e+01 0.000000000000000000e+00 2.911975151145376750e-01
7.881746075766820070e+01 0.000000000000000000e+00 2.123245881635143495e-01
8.136713073381773143e+01 0.000000000000000000e+00 3.019579566254367853e-01
7.934050696100726441e+01 0.000000000000000000e+00 1.523656331465971514e-01
8.121010594042931530e+01 0.000000000000000000e+00 2.283543180431527042e-01
7.901985689722114614e+01 0.000000000000000000e+00 1.869765378002107847e-01
8.095091241888069078e+01 0.000000000000000000e+00 2.438293859892395610e-01
7.897232236951577988e+01 0.000000000000000000e+00 2.263020688890121368e-01
8.061523101669531854e+01 0.000000000000000000e+00 2.712851517000388069e-01
7.908170170281213984e+01 0.000000000000000000e+00 3.086693660214099300e-01
7.872638526817904392e+01 0.000000000000000000e+00 1.961839258971656841e-01
7.933052304620333928e+01 0.000000000000000000e+00 2.687337068057019107e-01
7.749265072938044341e+01 0.000000000000000000e+00 1.964057906705862777e-01
7.949997226690332752e+01 0.000000000000000000e+00 3.072272449941760297e-01
7.743086138998280887e+01 0.000000000000000000e+00 1.956847301569693276e-01
7.975262077763602520e+01 0.000000000000000000e+00 2.005102889788673848e-01
7.783293582561428536e+01 0.000000000000000000e+00 1.193632481002828843e-01
7.966675911032226054e+01 0.000000000000000000e+00 1.876421321204725656e-01
7.742087747517888374e+01 0.000000000000000000e+00 1.287370347773032220e-01
8.059653890953464384e+01 0.000000000000000000e+00 2.139885739641688434e-01
7.941089356037494440e+01 0.000000000000000000e+00 2.382827666537245537e-01
8.054584280880803249e+01 0.000000000000000000e+00 2.261356703089466846e-01
8.079122524821121942e+01 0.000000000000000000e+00 3.588108048144655893e-01
8.030201342281878851e+01 0.000000000000000000e+00 2.500415996450163769e-01
8.121792667369238927e+01 0.000000000000000000e+00 3.718453602529258606e-01
7.918830772644074045e+01 0.000000000000000000e+00 3.020134228187919545e-01
8.133906483998002557e+01 0.000000000000000000e+00 3.974707415830051604e-01
7.885894947029785840e+01 0.000000000000000000e+00 3.101669532419989994e-01
8.118847412502080374e+01 0.000000000000000000e+00 4.142769981696156067e-01
7.800549115314215953e+01 0.000000000000000000e+00 2.284652504298629871e-01
8.000865272616340462e+01 0.000000000000000000e+00 3.259748183482167883e-01
7.772361195851128457e+01 0.000000000000000000e+00 2.411670087081923541e-01
7.931166454046258707e+01 0.000000000000000000e+00 2.565311442675689002e-01
7.860907426923290586e+01 0.000000000000000000e+00 3.097232236951578122e-01
8.064074546563868751e+01 0.000000000000000000e+00 2.549226246602695478e-01
8.224865494481113615e+01 0.000000000000000000e+00 3.730656165067391394e-01
8.113689056520051679e+01 0.000000000000000000e+00 2.735037994342448542e-01
8.355316434633091660e+01 0.000000000000000000e+00 3.922569194076210297e-01
8.141311220810915472e+01 0.000000000000000000e+00 3.306894447834045070e-01
8.337999889067613424e+01 0.000000000000000000e+00 4.497753619169116424e-01
8.048255588218979995e+01 0.000000000000000000e+00 3.679072605247101779e-01
8.220683343502135187e+01 0.000000000000000000e+00 4.822230850296744253e-01
7.971762160962893518e+01 0.000000000000000000e+00 3.318542348438626721e-01
8.128859060402685088e+01 0.000000000000000000e+00 4.117810194686338798e-01
7.844023517665982581e+01 0.000000000000000000e+00 3.247545620944034539e-01
7.829108658272782861e+01 0.000000000000000000e+00 2.230850296744134320e-01
7.791696710854733965e+01 0.000000000000000000e+00 2.769981696156192941e-01
7.712646292084974675e+01 0.000000000000000000e+00 2.152088302179821500e-01
7.876559986688113213e+01 0.000000000000000000e+00 2.910865827278273921e-01
7.764645848355426949e+01 0.000000000000000000e+00 1.492040601253535881e-01
8.032187032003993465e+01 0.000000000000000000e+00 2.590271229685506826e-01
7.812751677852348564e+01 0.000000000000000000e+00 1.729990570747129697e-01
8.050895779022685872e+01 0.000000000000000000e+00 2.403904820012202626e-01
7.831832048366520382e+01 0.000000000000000000e+00 1.726107937212269239e-01
8.002091075489488503e+01 0.000000000000000000e+00 2.463253646902213156e-01
7.727544511620168066e+01 0.000000000000000000e+00 1.855344167729768567e-01
7.841544178823006916e+01 0.000000000000000000e+00 1.933551500360530251e-01
7.751616839536302450e+01 0.000000000000000000e+00 2.867047534527705221e-01
7.749381551944090063e+01 0.000000000000000000e+00 1.945754062898663317e-01
7.882616895002496449e+01 0.000000000000000000e+00 3.192634089522435881e-01
7.753974152753896476e+01 0.000000000000000000e+00 2.361195851128737033e-01
7.994775084585944569e+01 0.000000000000000000e+00 2.955238781962393757e-01
7.781379998890676575e+01 0.000000000000000000e+00 2.490986743579788054e-01
7.975334183814965172e+01 0.000000000000000000e+00 3.616395806755782205e-01
7.709334960341671206e+01 0.000000000000000000e+00 2.646292084974208314e-01
7.922247490154749983e+01 0.000000000000000000e+00 2.584724610349991569e-01
7.682084419546286824e+01 0.000000000000000000e+00 2.199234566531698964e-01
7.860031061068278291e+01 0.000000000000000000e+00 2.824338565644239907e-01
7.690509734316934498e+01 0.000000000000000000e+00 2.337345387986022593e-01
7.823939209052082333e+01 0.000000000000000000e+00 1.465971490376615505e-01
7.810666148982195978e+01 0.000000000000000000e+00 2.043929225137278705e-01
7.772411115425148864e+01 5.546619335515003395e-05 1.104331909701037201e-01
7.910549669976148834e+01 0.000000000000000000e+00 1.387764157745853821e-01
7.715086804592600345e+01 0.000000000000000000e+00 1.331743302457152334e-01
7.850346663708469919e+01 0.000000000000000000e+00 2.320150868045925963e-01
7.577857895612623906e+01 0.000000000000000000e+00 1.685062954129458168e-01
7.793360696655388153e+01 0.000000000000000000e+00 2.584724610349991569e-01
7.573503799434244854e+01 0.000000000000000000e+00 1.830939042653502713e-01
7.783593100005546717e+01 0.000000000000000000e+00 2.737811304010205893e-01
7.527189527982694983e+01 0.000000000000000000e+00 1.979033778911753194e-01
7.643640800931832757e+01 0.000000000000000000e+00 1.648455266515058970e-01
7.530988962227522165e+01 0.000000000000000000e+00 2.168173498252815024e-01
7.548699317765822059e+01 0.000000000000000000e+00 1.270175827832935866e-01
7.642320705529979818e+01 1.109323867103000679e-04 2.264130012757224475e-01
7.645987020910754950e+01 0.000000000000000000e+00 1.159798103056187274e-01
7.969820844195463394e+01 0.000000000000000000e+00 2.470464252038382658e-01
7.792806034721837705e+01 0.000000000000000000e+00 1.954628653835487340e-01
8.057718120805368756e+01 0.000000000000000000e+00 2.242498197348715971e-01
7.871401630706084518e+01 0.000000000000000000e+00 1.809307227244994210e-01
8.137883410061567702e+01 0.000000000000000000e+00 2.615785678628875788e-01
7.938432525375783655e+01 0.000000000000000000e+00 1.629596760774308095e-01
8.145132841533084900e+01 0.000000000000000000e+00 2.252482112152643101e-01
7.971357257751400027e+01 0.000000000000000000e+00 2.175938765322535939e-01
8.037833490487547294e+01 0.000000000000000000e+00 1.494813910921293509e-01
8.042442731155361457e+01 0.000000000000000000e+00 2.301847024238726502e-01
7.972965777358699313e+01 0.000000000000000000e+00 1.561928004881024956e-01
8.099805868323257130e+01 0.000000000000000000e+00 2.594153863220367007e-01
7.856237173442787025e+01 0.000000000000000000e+00 1.713350712740584481e-01
8.077974374618669628e+01 0.000000000000000000e+00 2.143213711242997477e-01
7.695950967885073624e+01 0.000000000000000000e+00 1.677852348993288667e-01
7.880026623772810979e+01 0.000000000000000000e+00 1.916356980420433620e-01
7.630134782849853536e+01 0.000000000000000000e+00 1.367241666204448425e-01
7.847795218814133023e+01 0.000000000000000000e+00 1.942426091297354274e-01
7.623789450330023953e+01 0.000000000000000000e+00 1.214709634477785793e-01
7.861855898829662692e+01 0.000000000000000000e+00 1.860336125131732132e-01
7.867901713905374095e+01 0.000000000000000000e+00 3.231460424871041015e-01
7.891308447501248224e+01 0.000000000000000000e+00 2.608020411559154872e-01
8.040068778079759682e+01 0.000000000000000000e+00 4.231515891064396295e-01
7.916312607465749807e+01 0.000000000000000000e+00 2.830994508846857993e-01
8.138948360973986951e+01 0.000000000000000000e+00 3.610849187420267503e-01
7.923950302290754166e+01 0.000000000000000000e+00 2.693438349326085501e-01
8.161817072494314118e+01 0.000000000000000000e+00 3.774474457817960094e-01
7.969976149536857690e+01 0.000000000000000000e+00 2.204781185867213944e-01
8.236779632813799878e+01 0.000000000000000000e+00 3.681291252981307993e-01
8.118281657329858092e+01 0.000000000000000000e+00 2.882578068667147608e-01
8.377902268567308397e+01 0.000000000000000000e+00 3.626934383493261027e-01
8.259010483110543532e+01 0.000000000000000000e+00 3.295246547229463419e-01
8.357446336457928737e+01 0.000000000000000000e+00 3.049531310666149242e-01
8.425886072438848373e+01 0.000000000000000000e+00 5.170003882633534831e-01
8.243091685617615383e+01 0.000000000000000000e+00 2.496533362915303034e-01
8.394941483166010698e+01 0.000000000000000000e+00 3.586444062344001371e-01
8.184802263020688429e+01 0.000000000000000000e+00 2.365633146597148906e-01
8.402473792223639748e+01 0.000000000000000000e+00 3.641910255699151167e-01
8.173071163126074623e+01 0.000000000000000000e+00 2.356758555660325161e-01
8.414909312773863803e+01 0.000000000000000000e+00 3.664096733041211640e-01
8.200205224915414703e+01 0.000000000000000000e+00 2.564202118808586173e-01
8.413278606689222272e+01 0.000000000000000000e+00 4.410117033667979580e-01
8.220699983360141516e+01 0.000000000000000000e+00 3.388984413999667211e-01
8.347528981086027500e+01 0.000000000000000000e+00 3.481058294969216482e-01
8.263719562926395668e+01 0.000000000000000000e+00 3.711797659326640519e-01
8.138121914692995063e+01 0.000000000000000000e+00 2.376726385268179143e-01
8.228293305230461385e+01 0.000000000000000000e+00 2.781074934827222900e-01
8.014421210272338669e+01 0.000000000000000000e+00 1.557490709412613084e-01
8.242720062122135971e+01 0.000000000000000000e+00 2.297409728770314630e-01
7.904958677685949908e+01 0.000000000000000000e+00 1.413278606689222783e-01
8.089211825392423805e+01 5.546619335515003395e-05 2.550335570469798863e-01
7.827344833324089279e+01 0.000000000000000000e+00 2.533695712463253646e-01
8.044450607354816896e+01 0.000000000000000000e+00 3.488823562038937398e-01
7.820899661656220303e+01 0.000000000000000000e+00 2.370070442065561056e-01
8.043369016584391318e+01 0.000000000000000000e+00 2.767208386488435035e-01
7.959010483110543532e+01 0.000000000000000000e+00 2.997947750845859627e-01
8.021986799045981797e+01 0.000000000000000000e+00 2.644628099173553792e-01
8.074701869210716154e+01 0.000000000000000000e+00 2.781074934827222900e-01
8.000343890398801250e+01 0.000000000000000000e+00 1.951855344167729711e-01
8.158300515835598787e+01 0.000000000000000000e+00 2.730600698874036114e-01
7.909384879915691613e+01 0.000000000000000000e+00 2.744467247212823979e-01
8.153497143491041754e+01 0.000000000000000000e+00 3.776693105552165752e-01
7.912751677852348564e+01 0.000000000000000000e+00 2.707304897664873367e-01
8.106739142492651240e+01 0.000000000000000000e+00 4.202118808586166598e-01
7.912391147595540986e+01 0.000000000000000000e+00 2.355649231793222054e-01
8.155893283043984354e+01 0.000000000000000000e+00 3.046758000998391336e-01
7.985207166232181919e+01 0.000000000000000000e+00 2.087747517887847404e-01
8.131321759387653003e+01 0.000000000000000000e+00 2.244716845082921908e-01
8.104542681235787427e+01 0.000000000000000000e+00 3.438903988019302305e-01
8.087675411836485750e+01 0.000000000000000000e+00 2.620777636030839353e-01
8.253425037439680523e+01 0.000000000000000000e+00 3.970824782295190869e-01
8.113012368961118170e+01 0.000000000000000000e+00 3.083365688612790256e-01
8.328481890287869760e+01 0.000000000000000000e+00 4.396250485329191715e-01
8.071584669144156976e+01 0.000000000000000000e+00 3.143823839369904172e-01
8.304914304731266839e+01 0.000000000000000000e+00 3.934217094680791948e-01
8.120505851683398646e+01 0.000000000000000000e+00 2.430528592822674694e-01
8.347551167563369745e+01 0.000000000000000000e+00 2.764435076820677684e-01
8.099778135226578968e+01 0.000000000000000000e+00 1.847024238726496237e-01
8.262710078207332742e+01 0.000000000000000000e+00 1.983471074380165344e-01
8.106972100504742684e+01 0.000000000000000000e+00 2.444395141161462004e-01
8.131576903877086693e+01 0.000000000000000000e+00 3.427810749348272346e-01
8.147956070774863235e+01 0.000000000000000000e+00 5.617616063009596150e-01
8.041411059958954866e+01 0.000000000000000000e+00 4.300293970824782264e-01
8.215469521326751590e+01 0.000000000000000000e+00 5.871651228576182380e-01
8.032248044816684285e+01 0.000000000000000000e+00 3.949747628820234335e-01
8.267036441289033633e+01 0.000000000000000000e+00 5.281490931277386114e-01
8.059920128681568485e+01 0.000000000000000000e+00 3.645792889234011902e-01
8.290548560652283072e+01 0.000000000000000000e+00 4.842198679904597958e-01
8.036824005768484369e+01 0.000000000000000000e+00 3.005713017915580543e-01
8.148405346941039795e+01 0.000000000000000000e+00 4.054024072327916395e-01
7.914282544788950702e+01 0.000000000000000000e+00 3.148815796771867737e-01
8.011570247933883593e+01 0.000000000000000000e+00 3.010150313383992415e-01
7.962782184258693974e+01 0.000000000000000000e+00 4.135004714626435152e-01
7.924787841810416467e+01 0.000000000000000000e+00 3.894836097398635677e-01
8.131898607798547118e+01 0.000000000000000000e+00 3.752287980475900175e-01
7.997698152975760877e+01 0.000000000000000000e+00 2.175938765322535939e-01
8.243185978146320281e+01 0.000000000000000000e+00 3.067280492539796732e-01
8.022929724333019408e+01 0.000000000000000000e+00 1.640135337511786640e-01
8.261950191358367590e+01 0.000000000000000000e+00 2.608020411559154872e-01
8.013583670752676369e+01 0.000000000000000000e+00 2.449387098563425569e-01
8.187736424649176570e+01 0.000000000000000000e+00 3.267513450551888798e-01
7.925869432580842044e+01 0.000000000000000000e+00 1.987353707915025802e-01
8.077408619446447346e+01 0.000000000000000000e+00 2.613567030894669574e-01
7.974374618669921233e+01 0.000000000000000000e+00 3.084475012479893641e-01
7.981246880026623103e+01 0.000000000000000000e+00 1.977924455044650365e-01
8.073736757446336298e+01 0.000000000000000000e+00 3.639691607964945508e-01
7.960785401297908948e+01 0.000000000000000000e+00 2.120472571967385866e-01
8.195401852570857670e+01 0.000000000000000000e+00 3.910366631538077509e-01
7.983726218869598767e+01 0.000000000000000000e+00 3.263630817017028063e-01
8.205147262743358283e+01 0.000000000000000000e+00 3.577569471407177071e-01
7.843707360363858072e+01 0.000000000000000000e+00 2.210882467136280338e-01
8.130489766487326619e+01 0.000000000000000000e+00 3.451661212490986785e-01
7.857474069554606899e+01 0.000000000000000000e+00 2.705640911864218845e-01
8.082899772588606879e+01 0.000000000000000000e+00 2.462698984968661464e-01
7.939968938931721709e+01 0.000000000000000000e+00 1.771035553829940767e-01
8.109346053580343039e+01 0.000000000000000000e+00 1.690054911531421733e-01
8.129108658272782861e+01 0.000000000000000000e+00 2.611348383160463915e-01
8.080864163292473279e+01 0.000000000000000000e+00 1.103222585833934233e-01
8.259110322258582926e+01 0.000000000000000000e+00 2.529813078928392911e-01
8.028814687448000598e+01 0.000000000000000000e+00 1.183093904265350299e-01
8.341638471351711814e+01 0.000000000000000000e+00 3.741749403738421353e-01
8.072050585168339865e+01 0.000000000000000000e+00 3.126629319429807263e-01
8.342470464252038198e+01 0.000000000000000000e+00 4.886571634588718349e-01
8.040063231460425186e+01 0.000000000000000000e+00 3.529313883188197054e-01
8.290559653890953484e+01 0.000000000000000000e+00 4.099506350879139061e-01
8.071091020023295926e+01 0.000000000000000000e+00 2.659049309445892795e-01
8.282505962615785222e+01 0.000000000000000000e+00 2.256364745687503559e-01
8.173858783071717937e+01 0.000000000000000000e+00 3.245881635143380017e-01
8.216329247323756135e+01 0.000000000000000000e+00 2.361195851128737033e-01
8.227616617671529298e+01 0.000000000000000000e+00 4.059016029729879405e-01
8.019856897221143299e+01 0.000000000000000000e+00 2.148760330578512456e-01
8.246092406678130260e+01 0.000000000000000000e+00 4.152199234566531505e-01
7.963309113095567682e+01 0.000000000000000000e+00 2.837650452049476080e-01
8.262321814853847002e+01 2.107715347495701507e-03 4.084530478673248921e-01
8.040251816517832140e+01 0.000000000000000000e+00 2.481002828775861202e-01
8.329474735148926356e+01 3.882633534860502377e-04 3.264740140884130892e-01
8.086959897942203668e+01 3.882633534860502377e-04 2.513173220921848250e-01
8.328060347218369941e+01 0.000000000000000000e+00 3.583670752676244020e-01
8.135931000055465745e+01 3.327971601309002037e-04 2.926951023351267445e-01
8.259681624050141124e+01 5.546619335515003395e-05 3.192634089522435881e-01
8.278151866437406170e+01 2.218647734206001358e-04 4.508846857840146383e-01
8.193654667480170417e+01 0.000000000000000000e+00 3.198180708857951138e-01
8.393560374951466940e+01 0.000000000000000000e+00 5.334738476898330806e-01
8.111553608075877264e+01 0.000000000000000000e+00 3.514892672915858052e-01
8.325752953574796322e+01 7.765267069721004754e-04 4.255366354207110735e-01
7.990576293748959813e+01 0.000000000000000000e+00 1.972377835709135385e-01
8.261805979255643706e+01 1.109323867103000679e-04 2.926396361417715752e-01
7.994242609129734944e+01 0.000000000000000000e+00 1.423262521493149912e-01
8.239957845693049876e+01 0.000000000000000000e+00 2.865938210660602392e-01
8.049869654445615197e+01 0.000000000000000000e+00 1.952410006101281403e-01
8.272932497642686656e+01 0.000000000000000000e+00 2.189805313661323527e-01
8.180753230905763473e+01 5.546619335515003395e-05 3.436685340285096091e-01
8.198408120250707043e+01 0.000000000000000000e+00 2.083864884352986946e-01
8.308380941815963183e+01 0.000000000000000000e+00 2.662377281047201838e-01
8.016157302124355510e+01 0.000000000000000000e+00 2.165400188585057395e-01
8.205374674136113811e+01 0.000000000000000000e+00 3.726218869598979522e-01
7.879871318431416682e+01 0.000000000000000000e+00 2.341782683454434466e-01
8.154706306506184887e+01 2.218647734206001358e-04 4.486660380498086464e-01
7.885462310721615609e+01 1.109323867103000679e-04 2.722280769870763506e-01
8.219069277275499985e+01 2.773309667757501698e-04 4.701869210716068670e-01
7.969809750956791561e+01 0.000000000000000000e+00 2.945809529092018320e-01
8.208636086305396873e+01 0.000000000000000000e+00 3.816074102834322579e-01
8.025675300904099174e+01 0.000000000000000000e+00 2.921404404015752188e-01
8.149919574019635604e+01 0.000000000000000000e+00 2.353985245992567532e-01
8.196472350102612836e+01 0.000000000000000000e+00 5.015807865106217678e-01
8.098191802096621927e+01 5.546619335515003395e-05 3.409506905541072608e-01
8.309501358921737335e+01 0.000000000000000000e+00 5.208830217982139965e-01
8.048638304953131239e+01 1.109323867103000679e-04 3.118864052360086347e-01
8.349559043762826605e+01 0.000000000000000000e+00 4.903211492595263010e-01
8.089145265960397069e+01 0.000000000000000000e+00 3.577569471407177071e-01
8.379588440845304831e+01 3.882633534860502377e-04 5.419601752731709743e-01
8.137678185146152998e+01 5.546619335515003395e-05 2.639081479838038535e-01
8.406994286982084930e+01 5.546619335515003395e-05 5.050196904986410384e-01
8.171945199400964555e+01 8.874590936824005433e-04 3.497143491042210006e-01
8.321831493704587501e+01 3.327971601309002037e-04 3.325752953574795945e-01
