1.536999339061467253e+02 0.000000000000000000e+00 1.088147719762062060e+01
1.550547918043621962e+02 0.000000000000000000e+00 1.130396563119629860e+01
1.554096001321877054e+02 0.000000000000000000e+00 1.145794778585591622e+01
1.563634170522141460e+02 0.000000000000000000e+00 1.171449107732980899e+01
1.561892432253800393e+02 0.000000000000000000e+00 1.161591209517514933e+01
1.560327825512227378e+02 0.000000000000000000e+00 1.147045604758757520e+01
1.558111368142762672e+02 0.000000000000000000e+00 1.144885988103106378e+01
1.552490746860542004e+02 0.000000000000000000e+00 1.109337409120951712e+01
1.554128056840713725e+02 0.000000000000000000e+00 1.094917382683410523e+01
1.550504957038995428e+02 0.000000000000000000e+00 1.064405155320555174e+01
1.558270819563780663e+02 0.000000000000000000e+00 1.073078321216126874e+01
1.553746530072703251e+02 0.000000000000000000e+00 1.061956378056840755e+01
1.556581956378056759e+02 0.000000000000000000e+00 1.057633840052875129e+01
1.552544448116325100e+02 0.000000000000000000e+00 1.055494051553205637e+01
1.551679940515531939e+02 0.000000000000000000e+00 1.045434567085261079e+01
1.550529907468605302e+02 0.000000000000000000e+00 1.050627891606080588e+01
1.547508426966292063e+02 0.000000000000000000e+00 1.042316589557171191e+01
1.550793126239259720e+02 0.000000000000000000e+00 1.060062789160608077e+01
1.546915399867812368e+02 0.000000000000000000e+00 1.035206543291473835e+01
1.550820555188367393e+02 0.000000000000000000e+00 1.042156311962987481e+01
1.547505122273628615e+02 0.000000000000000000e+00 1.033636814276272275e+01
1.550579477858559017e+02 0.000000000000000000e+00 1.042838730998017205e+01
1.545807336417713032e+02 0.000000000000000000e+00 1.039125908790482455e+01
1.546360211500330593e+02 0.000000000000000000e+00 1.029205221414408378e+01
1.546015697290152104e+02 0.000000000000000000e+00 1.031951421017845405e+01
1.545102610707204178e+02 0.000000000000000000e+00 1.026386318572372858e+01
1.547206873760740393e+02 0.000000000000000000e+00 1.040700594844679472e+01
1.547697951090548543e+02 0.000000000000000000e+00 1.033734302709848052e+01
1.552364672835426234e+02 0.000000000000000000e+00 1.056799405155320493e+01
1.547874917382683293e+02 0.000000000000000000e+00 1.033499669530733556e+01
1.553093357567746295e+02 0.000000000000000000e+00 1.050712161269001932e+01
1.549518010575016547e+02 0.000000000000000000e+00 1.044406807666887005e+01
1.554226371447455506e+02 0.000000000000000000e+00 1.053372438863185678e+01
1.550249173826834124e+02 0.000000000000000000e+00 1.039195307336417784e+01
1.553428122934567170e+02 0.000000000000000000e+00 1.044758757435558572e+01
1.553997851949768574e+02 0.000000000000000000e+00 1.051216126900198233e+01
1.554892101784533907e+02 0.000000000000000000e+00 1.041287177792465357e+01
1.555504130865829495e+02 0.000000000000000000e+00 1.056345009914078048e+01
1.553157799074685954e+02 0.000000000000000000e+00 1.038883013879709161e+01
1.555311136814276267e+02 0.000000000000000000e+00 1.062686715135492399e+01
1.550112690019828108e+02 0.000000000000000000e+00 1.043065102445472547e+01
1.555257766027759487e+02 0.000000000000000000e+00 1.060601454064772042e+01
1.552946629213483050e+02 0.000000000000000000e+00 1.058045274289491111e+01
1.558827329808327704e+02 0.000000000000000000e+00 1.064540647719762134e+01
1.555878552544613456e+02 0.000000000000000000e+00 1.066264044943820188e+01
1.555209682749504339e+02 0.000000000000000000e+00 1.058365829477858533e+01
1.551852280237937975e+02 0.000000000000000000e+00 1.053795439524124333e+01
1.551395076007931380e+02 0.000000000000000000e+00 1.041430931923331116e+01
1.554968605419695962e+02 0.000000000000000000e+00 1.061345009914077941e+01
1.552006609385327067e+02 0.000000000000000000e+00 1.041468935888962299e+01
1.555159781890284307e+02 0.000000000000000000e+00 1.058807005948446722e+01
1.549904990085921952e+02 0.000000000000000000e+00 1.045342035690680760e+01
1.555044117647058783e+02 0.000000000000000000e+00 1.055548578982154595e+01
1.550540152015862532e+02 0.000000000000000000e+00 1.047965961665565082e+01
1.552381361533377344e+02 0.000000000000000000e+00 1.056092200925314017e+01
1.550379874421678892e+02 0.000000000000000000e+00 1.052485128883013843e+01
1.550519993390614673e+02 0.000000000000000000e+00 1.041568076668869836e+01
1.552840218109715806e+02 0.000000000000000000e+00 1.050550231328486461e+01
1.552961169861202961e+02 0.000000000000000000e+00 1.040327164573694674e+01
1.556173000660938612e+02 0.000000000000000000e+00 1.060201586252478556e+01
1.551530733641771178e+02 0.000000000000000000e+00 1.017685062789160533e+01
1.558171017845340316e+02 0.000000000000000000e+00 1.046934897554527488e+01
1.552615499008592224e+02 0.000000000000000000e+00 1.040593192333112960e+01
1.555469762062128325e+02 0.000000000000000000e+00 1.054429940515532138e+01
1.552690019828156096e+02 0.000000000000000000e+00 1.048126239259748793e+01
1.556369299405155289e+02 0.000000000000000000e+00 1.055807997356245842e+01
1.555807005948446715e+02 0.000000000000000000e+00 1.065360211500330401e+01
1.555255617977528004e+02 0.000000000000000000e+00 1.054879378717779304e+01
1.557976867151354838e+02 0.000000000000000000e+00 1.059238268341044353e+01
1.555185393258427098e+02 0.000000000000000000e+00 1.051064111037673499e+01
1.559405155320555139e+02 0.000000000000000000e+00 1.065057832121612691e+01
1.552640284203569081e+02 0.000000000000000000e+00 1.044836417713152699e+01
1.561665399867812312e+02 0.000000000000000000e+00 1.073375743555849304e+01
1.556926140118968931e+02 0.000000000000000000e+00 1.055517184401850628e+01
1.562869960343687978e+02 0.000000000000000000e+00 1.064350627891606038e+01
1.561236946463978938e+02 0.000000000000000000e+00 1.062732980832782559e+01
1.564565928618638395e+02 0.000000000000000000e+00 1.065520489094514289e+01
1.560186715135492364e+02 0.000000000000000000e+00 1.072305023132848589e+01
1.556657303370786565e+02 0.000000000000000000e+00 1.055841044282881747e+01
1.554666060806345058e+02 0.000000000000000000e+00 1.054003635161929964e+01
1.549170522141440927e+02 0.000000000000000000e+00 1.034398545935228064e+01
1.552044613350958286e+02 1.652346331791143549e-05 1.055917052214144114e+01
1.547184732319894351e+02 0.000000000000000000e+00 1.032313284864507530e+01
1.550405155320555082e+02 0.000000000000000000e+00 1.048339391936549880e+01
1.548115664243225353e+02 0.000000000000000000e+00 1.040447785855915441e+01
1.555186880370125664e+02 0.000000000000000000e+00 1.051944811632518118e+01
1.552260740251156506e+02 0.000000000000000000e+00 1.047359550561797725e+01
1.552671513549239819e+02 0.000000000000000000e+00 1.041288830138797117e+01
1.553542630535360161e+02 0.000000000000000000e+00 1.048489755452742855e+01
1.552540978189028351e+02 0.000000000000000000e+00 1.040776602775941839e+01
1.555044778585591416e+02 0.000000000000000000e+00 1.048681427627230711e+01
1.550515366820885674e+02 0.000000000000000000e+00 1.029165565102445434e+01
1.556363350958360741e+02 0.000000000000000000e+00 1.050249504296100511e+01
1.552912756113681496e+02 0.000000000000000000e+00 1.039695968274950388e+01
1.556020323859881103e+02 0.000000000000000000e+00 1.061520158625247845e+01
1.551134996695307393e+02 0.000000000000000000e+00 1.052268671513549236e+01
1.555124421678783904e+02 0.000000000000000000e+00 1.058889623265036306e+01
1.553113350958360854e+02 0.000000000000000000e+00 1.053203899537342991e+01
1.555400859220092400e+02 0.000000000000000000e+00 1.047594183740912044e+01
1.557020489094514346e+02 0.000000000000000000e+00 1.052997356245869121e+01
1.553656146728354202e+02 0.000000000000000000e+00 1.043562458691341632e+01
1.557700429610046342e+02 0.000000000000000000e+00 1.051179775280898809e+01
1.553929279576999249e+02 0.000000000000000000e+00 1.043615333773959009e+01
1.559056345009913969e+02 0.000000000000000000e+00 1.061768010575016596e+01
1.553695142101784654e+02 0.000000000000000000e+00 1.047070389953734271e+01
1.557777924653007346e+02 0.000000000000000000e+00 1.058955717118307938e+01
1.555331625908790443e+02 0.000000000000000000e+00 1.056407799074685983e+01
1.559505452742894818e+02 1.652346331791143549e-05 1.056953073364177165e+01
1.558068902842035754e+02 0.000000000000000000e+00 1.057199272967613979e+01
1.558953403833443474e+02 0.000000000000000000e+00 1.044773628552544587e+01
1.559194315928618551e+02 0.000000000000000000e+00 1.044735624586913403e+01
1.553811797752809127e+02 0.000000000000000000e+00 1.027303370786516901e+01
1.554601949768671432e+02 0.000000000000000000e+00 1.039661269001982902e+01
1.547579808327825504e+02 0.000000000000000000e+00 1.017209187045604679e+01
1.554120786516853912e+02 0.000000000000000000e+00 1.039226701916721751e+01
1.550503139458030262e+02 0.000000000000000000e+00 1.026178122934567050e+01
1.555050892267019265e+02 0.000000000000000000e+00 1.034424983476536752e+01
1.551949768671513539e+02 0.000000000000000000e+00 1.032273628552544587e+01
1.552285194976867047e+02 0.000000000000000000e+00 1.029729015201586328e+01
1.551008592200925307e+02 0.000000000000000000e+00 1.032519828155981578e+01
1.552104593522802247e+02 0.000000000000000000e+00 1.017290152015862503e+01
1.552722405816259084e+02 0.000000000000000000e+00 1.032961004626569768e+01
1.549795439524124276e+02 0.000000000000000000e+00 1.021668869795109025e+01
1.555096331791143314e+02 0.000000000000000000e+00 1.043929279576999392e+01
1.550862194315928662e+02 0.000000000000000000e+00 1.029877726371447544e+01
1.555574025115664369e+02 0.000000000000000000e+00 1.044618307997356332e+01
1.551379874421678835e+02 0.000000000000000000e+00 1.036535029742234038e+01
1.558104923992068791e+02 0.000000000000000000e+00 1.044557171183079980e+01
1.556294282881692084e+02 0.000000000000000000e+00 1.044127561136814286e+01
1.549360046265697406e+02 0.000000000000000000e+00 1.014558823529411846e+01
1.552054362194315900e+02 0.000000000000000000e+00 1.031419365499008656e+01
1.549824520819563816e+02 0.000000000000000000e+00 1.014940515532055443e+01
1.554377230667547849e+02 0.000000000000000000e+00 1.042387640449438280e+01
1.548591870456047559e+02 1.652346331791143549e-05 1.018785525446133455e+01
1.556142101784533907e+02 0.000000000000000000e+00 1.050317250495703902e+01
1.549346001321877111e+02 0.000000000000000000e+00 1.026412756113681368e+01
1.556988103106411074e+02 0.000000000000000000e+00 1.042724719101123654e+01
1.552455551883674900e+02 0.000000000000000000e+00 1.023468274950429624e+01
1.556365333773958923e+02 0.000000000000000000e+00 1.036412756113681510e+01
1.550226371447455449e+02 0.000000000000000000e+00 1.017536351619299317e+01
1.550040978189028351e+02 0.000000000000000000e+00 9.950627891606080411e+00
1.547178288169200187e+02 0.000000000000000000e+00 1.009859550561797725e+01
1.540569729015201688e+02 0.000000000000000000e+00 9.874223397224058729e+00
1.542938697951090603e+02 0.000000000000000000e+00 1.018623595505617985e+01
1.536180436219431726e+02 0.000000000000000000e+00 9.841771315267680009e+00
1.543745703899537318e+02 0.000000000000000000e+00 1.018727693324520800e+01
1.538840052875082733e+02 0.000000000000000000e+00 9.960426305353601961e+00
1.547623430270984670e+02 0.000000000000000000e+00 1.016034368803701327e+01
1.543022471910112472e+02 0.000000000000000000e+00 1.010533707865168473e+01
1.547347984137475123e+02 0.000000000000000000e+00 1.020216457369464713e+01
1.543698942498347719e+02 0.000000000000000000e+00 1.022316589557171262e+01
1.543091870456047729e+02 0.000000000000000000e+00 1.003577329808327789e+01
1.546677296761401124e+02 0.000000000000000000e+00 1.020117316589557177e+01
1.543614011896893601e+02 0.000000000000000000e+00 9.912904824851288765e+00
1.548820389953734207e+02 0.000000000000000000e+00 1.016473892927957756e+01
1.542263549239920621e+02 0.000000000000000000e+00 9.934071381361533781e+00
1.550723231989424846e+02 0.000000000000000000e+00 1.026891936549900919e+01
1.544431097157964246e+02 0.000000000000000000e+00 1.008749173826834067e+01
1.549209517514871095e+02 0.000000000000000000e+00 1.028405485789821583e+01
1.545265036351619301e+02 1.652346331791143549e-05 1.024714144084600065e+01
1.550299735624586788e+02 0.000000000000000000e+00 1.031455717118308080e+01
1.549454064771976221e+02 0.000000000000000000e+00 1.039596827495043030e+01
1.549908294778585685e+02 0.000000000000000000e+00 1.021050892267019172e+01
1.553366986120290676e+02 0.000000000000000000e+00 1.035292465300727116e+01
1.548706708526107150e+02 0.000000000000000000e+00 1.004557171183079944e+01
1.554184071381361605e+02 0.000000000000000000e+00 1.023737607402511607e+01
1.547577660277594305e+02 0.000000000000000000e+00 9.988846662260410625e+00
1.554788995373430396e+02 0.000000000000000000e+00 1.026687045604758808e+01
1.548360211500330479e+02 0.000000000000000000e+00 1.003347653668208928e+01
1.553318076668869878e+02 0.000000000000000000e+00 1.011070720423000679e+01
1.546328651685393254e+02 0.000000000000000000e+00 9.977346331791142831e+00
1.547335922009253011e+02 0.000000000000000000e+00 9.762177792465299930e+00
1.545124256444150603e+02 0.000000000000000000e+00 9.983245208195638654e+00
1.542964309319233394e+02 0.000000000000000000e+00 9.915846001321877878e+00
1.545366325181758214e+02 0.000000000000000000e+00 1.011173165895571735e+01
1.538118968935889086e+02 0.000000000000000000e+00 9.806394580304031550e+00
1.545722736285525514e+02 0.000000000000000000e+00 1.009704230006609471e+01
1.540751982815598069e+02 0.000000000000000000e+00 9.850346992729676288e+00
1.549786682088565897e+02 0.000000000000000000e+00 1.005760079312623922e+01
1.544799570389953658e+02 0.000000000000000000e+00 9.955370125578321350e+00
1.551316424322538126e+02 0.000000000000000000e+00 9.913251817580965408e+00
1.545871282220753358e+02 3.304692663582287098e-05 9.956741573033708548e+00
1.544771315267680052e+02 0.000000000000000000e+00 9.917366159947125226e+00
1.545267019167217484e+02 0.000000000000000000e+00 1.013202247191011196e+01
1.543412425644415009e+02 0.000000000000000000e+00 9.971216126900198873e+00
1.548356411103767414e+02 0.000000000000000000e+00 1.020588235294117574e+01
1.541346331791143314e+02 0.000000000000000000e+00 9.932303370786517149e+00
1.548912095175148806e+02 0.000000000000000000e+00 1.016012888301387918e+01
1.542316093853271752e+02 0.000000000000000000e+00 9.944563780568406841e+00
1.550412921348314512e+02 0.000000000000000000e+00 1.014839722405816325e+01
1.547317415730337018e+02 0.000000000000000000e+00 1.009700925313945774e+01
1.553668374091209614e+02 0.000000000000000000e+00 1.006371447455386736e+01
1.548919035029742304e+02 0.000000000000000000e+00 1.015461004626569697e+01
1.547356576338400487e+02 0.000000000000000000e+00 1.009137475214805058e+01
1.549913417052214015e+02 0.000000000000000000e+00 1.024132518175809636e+01
1.545643754130865943e+02 1.652346331791143549e-05 1.000674157303370748e+01
1.548821546596166456e+02 3.304692663582287098e-05 1.021419365499008514e+01
1.540773463317911478e+02 0.000000000000000000e+00 9.806130204890944668e+00
1.545956047587574460e+02 0.000000000000000000e+00 1.005180105750165254e+01
1.539139623265036221e+02 0.000000000000000000e+00 9.914011896893589082e+00
1.543440680766688615e+02 0.000000000000000000e+00 9.899107732980832353e+00
1.538562623925975004e+02 0.000000000000000000e+00 9.797984137475214794e+00
1.543287838730998089e+02 0.000000000000000000e+00 9.835756774619961007e+00
1.542403502974223386e+02 0.000000000000000000e+00 9.898529411764705799e+00
1.542222736285525571e+02 0.000000000000000000e+00 9.787921348314606362e+00
1.546803205551883593e+02 0.000000000000000000e+00 1.004482815598149337e+01
1.542352941176470722e+02 0.000000000000000000e+00 9.742663582286846591e+00
1.549281890284203484e+02 0.000000000000000000e+00 1.002880039656312050e+01
1.542483146067415589e+02 0.000000000000000000e+00 9.792762723066754660e+00
1.548988103106411245e+02 0.000000000000000000e+00 9.925842696629214146e+00
1.543208360872438902e+02 0.000000000000000000e+00 9.805436219431593159e+00
1.548207038995373352e+02 0.000000000000000000e+00 9.989871116986119404e+00
1.541791473892928082e+02 0.000000000000000000e+00 9.890399867812293522e+00
1.543173331130204815e+02 0.000000000000000000e+00 9.808294778585590734e+00
1.542692498347653611e+02 0.000000000000000000e+00 9.934005287508261617e+00
1.542247521480502428e+02 0.000000000000000000e+00 9.813631857237277600e+00
1.544096992729676003e+02 0.000000000000000000e+00 9.944563780568406841e+00
1.541245538664904302e+02 0.000000000000000000e+00 9.800363516192993174e+00
1.546488433575677561e+02 0.000000000000000000e+00 1.003385657633840111e+01
1.540872769332452208e+02 0.000000000000000000e+00 9.796414408460012879e+00
1.548893258426966213e+02 0.000000000000000000e+00 1.006984467944481132e+01
1.540841374752148170e+02 0.000000000000000000e+00 9.930750165234632831e+00
1.545770489094514346e+02 0.000000000000000000e+00 1.002043952412425654e+01
1.540122934567085338e+02 0.000000000000000000e+00 9.937392597488432955e+00
1.540050561797752948e+02 0.000000000000000000e+00 9.698430270984799151e+00
1.536000330469266260e+02 0.000000000000000000e+00 9.630750165234633897e+00
1.532349471249173689e+02 0.000000000000000000e+00 9.401900198281559540e+00
1.535802048909451401e+02 0.000000000000000000e+00 9.696397884996695637e+00
1.531404329147389376e+02 0.000000000000000000e+00 9.527478519497686094e+00
1.536599306014540787e+02 0.000000000000000000e+00 9.869348975545273461e+00
1.530445307336417784e+02 0.000000000000000000e+00 9.593621943159286403e+00
1.538149041639127574e+02 0.000000000000000000e+00 9.794695968274950815e+00
1.532106576338400430e+02 0.000000000000000000e+00 9.704461335095835750e+00
1.539081130204890826e+02 0.000000000000000000e+00 9.760426305353602672e+00
1.533284534038334357e+02 0.000000000000000000e+00 9.743688037012557146e+00
1.534896232650363572e+02 0.000000000000000000e+00 9.707551222736285013e+00
1.533624091209517530e+02 0.000000000000000000e+00 9.749239920687376326e+00
1.529992068737607269e+02 0.000000000000000000e+00 9.576371447455386487e+00
1.534256774619960311e+02 0.000000000000000000e+00 9.831394580304031905e+00
1.526638797091870572e+02 0.000000000000000000e+00 9.495323859881031225e+00
1.535069233311301957e+02 0.000000000000000000e+00 9.749603436880370566e+00
1.526447785855915527e+02 0.000000000000000000e+00 9.434682749504295529e+00
1.532863516192994098e+02 0.000000000000000000e+00 9.597438863185724145e+00
1.528155155320555139e+02 0.000000000000000000e+00 9.499520819563780805e+00
1.534768836748182537e+02 0.000000000000000000e+00 9.540994712491738028e+00
1.531537177792465343e+02 0.000000000000000000e+00 9.488582286847323743e+00
1.531330799735624453e+02 0.000000000000000000e+00 9.333509583608725180e+00
1.529796926635822842e+02 0.000000000000000000e+00 9.534302709847983337e+00
1.524404824851288822e+02 0.000000000000000000e+00 9.215697290152016663e+00
1.528271645736946596e+02 0.000000000000000000e+00 9.439854593522802872e+00
1.520994382022471996e+02 0.000000000000000000e+00 9.245257766027759061e+00
1.524213978849967077e+02 0.000000000000000000e+00 9.352808988764044429e+00
1.514811797752809071e+02 0.000000000000000000e+00 9.073876404494381376e+00
1.520151685393258560e+02 0.000000000000000000e+00 9.121860541969596170e+00
1.514797422339722459e+02 0.000000000000000000e+00 8.987557832121613188e+00
1.516530072703238545e+02 0.000000000000000000e+00 8.967630535360211042e+00
1.515319068076668998e+02 0.000000000000000000e+00 8.952759418374091283e+00
1.516140449438202324e+02 0.000000000000000000e+00 8.973859881031064134e+00
1.517509087904824980e+02 0.000000000000000000e+00 9.162062128222075330e+00
1.514459517514871152e+02 0.000000000000000000e+00 8.997471910112359694e+00
1.518385161929940637e+02 0.000000000000000000e+00 9.274719101123595877e+00
1.511368307997356339e+02 0.000000000000000000e+00 8.973529411764705088e+00
1.513976867151355066e+02 0.000000000000000000e+00 9.142399206873760065e+00
1.505318737607402397e+02 0.000000000000000000e+00 9.009947124917383476e+00
1.510123760740251271e+02 0.000000000000000000e+00 9.074223397224058019e+00
1.504320885657633937e+02 0.000000000000000000e+00 9.010492399206873060e+00
1.505860707204230096e+02 0.000000000000000000e+00 8.922091870456046792e+00
1.505859550561797846e+02 0.000000000000000000e+00 8.943985459352280287e+00
1.506038995373430396e+02 0.000000000000000000e+00 8.844249834765367524e+00
1.507336582947785928e+02 0.000000000000000000e+00 8.993423661599472041e+00
1.502318902842035584e+02 0.000000000000000000e+00 8.789738929279577562e+00
1.507385988103106342e+02 0.000000000000000000e+00 9.089210178453404509e+00
1.502970092531394641e+02 0.000000000000000000e+00 8.775000000000000355e+00
1.508640614672835341e+02 0.000000000000000000e+00 8.972752808988763817e+00
1.504113350958360797e+02 0.000000000000000000e+00 8.869150693985458744e+00
1.511318076668869708e+02 0.000000000000000000e+00 8.954312623925975601e+00
1.506870125578321336e+02 0.000000000000000000e+00 8.963086582947786596e+00
1.507048248512888335e+02 0.000000000000000000e+00 8.890234633179113999e+00
1.503738764044943821e+02 0.000000000000000000e+00 8.894431592861863578e+00
1.498182419035029795e+02 0.000000000000000000e+00 8.678420356906807243e+00
1.497575512227362822e+02 0.000000000000000000e+00 8.772273628552545333e+00
1.492140118968935951e+02 0.000000000000000000e+00 8.543010575016523944e+00
1.495707204230006653e+02 0.000000000000000000e+00 8.754510905485789252e+00
1.484830799735624680e+02 0.000000000000000000e+00 8.386070720423001390e+00
1.491442994051553228e+02 0.000000000000000000e+00 8.585608063450099081e+00
1.485454395241242480e+02 0.000000000000000000e+00 8.477842035690681399e+00
1.491385988103106399e+02 0.000000000000000000e+00 8.443506278916061092e+00
1.486657799074686181e+02 0.000000000000000000e+00 8.460740251156641634e+00
1.489301718440185027e+02 0.000000000000000000e+00 8.368258426966292518e+00
1.488329147389292757e+02 0.000000000000000000e+00 8.479494382022471299e+00
1.485041969596827585e+02 0.000000000000000000e+00 8.226520158625246992e+00
1.489291308658294781e+02 0.000000000000000000e+00 8.446992729676139788e+00
1.482444315928618721e+02 0.000000000000000000e+00 8.264755452742894803e+00
1.488299074686054269e+02 0.000000000000000000e+00 8.487937871777925025e+00
1.479349140779907543e+02 0.000000000000000000e+00 8.143539325842697352e+00
1.487274619960343784e+02 0.000000000000000000e+00 8.369216787838730909e+00
1.481960013218770769e+02 0.000000000000000000e+00 8.327015862524785206e+00
1.484863350958360968e+02 0.000000000000000000e+00 8.354444811632518508e+00
1.479650198281559881e+02 0.000000000000000000e+00 8.321959682749504594e+00
1.481879709187045648e+02 0.000000000000000000e+00 8.271761401189689167e+00
1.483035690680766550e+02 0.000000000000000000e+00 8.373066754791803845e+00
1.480053205551883764e+02 0.000000000000000000e+00 8.166672174487771940e+00
1.485797752808988719e+02 0.000000000000000000e+00 8.347339722405816786e+00
1.479379048248513016e+02 0.000000000000000000e+00 8.052825512227363092e+00
1.487030237937871675e+02 0.000000000000000000e+00 8.325231328486450977e+00
1.481181758096496992e+02 0.000000000000000000e+00 8.114639788499669493e+00
1.486527924653007346e+02 0.000000000000000000e+00 8.346001321877064782e+00
1.481884996695307279e+02 0.000000000000000000e+00 8.282402511566424153e+00
1.487406972901520135e+02 0.000000000000000000e+00 8.236682088565762783e+00
1.482915234633179011e+02 0.000000000000000000e+00 8.303354263053536854e+00
1.480382683410442723e+02 0.000000000000000000e+00 8.143093192333113350e+00
1.479624752148050106e+02 0.000000000000000000e+00 8.196216126900198518e+00
1.473744051553205452e+02 0.000000000000000000e+00 7.871480502313285221e+00
1.477085261070720321e+02 0.000000000000000000e+00 8.120423000660938584e+00
1.469550066093853218e+02 0.000000000000000000e+00 7.801850627891606216e+00
1.473427792465300854e+02 0.000000000000000000e+00 8.033460013218769902e+00
1.466001156642432193e+02 0.000000000000000000e+00 7.872075346992729372e+00
1.473426635822868604e+02 0.000000000000000000e+00 7.929345670852610439e+00
1.469767514871116987e+02 0.000000000000000000e+00 7.884914077990746506e+00
1.471754957038995428e+02 0.000000000000000000e+00 7.882204230006609080e+00
1.469901189689358887e+02 0.000000000000000000e+00 7.939144084600131990e+00
1.471193324520819488e+02 0.000000000000000000e+00 7.850033046926635727e+00
1.471910773298083370e+02 0.000000000000000000e+00 7.916606080634500664e+00
1.466689854593522853e+02 0.000000000000000000e+00 7.671761401189689522e+00
1.470211665565102521e+02 0.000000000000000000e+00 7.867812293456708517e+00
1.462016192994051664e+02 0.000000000000000000e+00 7.603189028420357154e+00
1.467392927957699840e+02 0.000000000000000000e+00 7.803883013879708841e+00
1.462964970257766026e+02 0.000000000000000000e+00 7.722405816259088063e+00
1.468078651685393368e+02 0.000000000000000000e+00 7.769448116325182063e+00
1.464915565102445498e+02 0.000000000000000000e+00 7.801949768671513574e+00
1.467720423000660901e+02 0.000000000000000000e+00 7.812309980171844082e+00
1.465447455386648983e+02 0.000000000000000000e+00 7.868506278916060914e+00
1.465088565763383883e+02 0.000000000000000000e+00 7.776619299405155061e+00
1.468986450760079379e+02 0.000000000000000000e+00 8.002957699933906710e+00
1.465764871116986114e+02 0.000000000000000000e+00 7.785822868473231573e+00
1.471688202247190986e+02 0.000000000000000000e+00 8.008608724388631472e+00
1.465106906807666860e+02 0.000000000000000000e+00 7.831675479180436383e+00
1.470329643093192260e+02 0.000000000000000000e+00 8.034434897554527666e+00
1.463004130865829495e+02 0.000000000000000000e+00 7.898430270984798440e+00
1.468749008592201051e+02 0.000000000000000000e+00 7.954180436219431272e+00
1.465343027098479922e+02 0.000000000000000000e+00 7.954031725049570234e+00
1.466689689358889552e+02 0.000000000000000000e+00 7.857732980832782488e+00
1.469359385327164489e+02 0.000000000000000000e+00 8.070786516853932113e+00
1.470593192333112995e+02 0.000000000000000000e+00 7.972604097818902780e+00
1.474648876404494331e+02 0.000000000000000000e+00 8.202842035690681044e+00
1.466006113681427507e+02 0.000000000000000000e+00 7.872818902842035449e+00
1.468218770654329148e+02 0.000000000000000000e+00 8.010674157303370180e+00
1.459186384666226104e+02 0.000000000000000000e+00 7.743291473892927712e+00
1.464632848645076137e+02 0.000000000000000000e+00 7.830254461335095506e+00
1.456375578321216153e+02 0.000000000000000000e+00 7.732485128883014092e+00
1.459277098479841470e+02 0.000000000000000000e+00 7.676569729015201737e+00
1.455869464639788475e+02 0.000000000000000000e+00 7.611368142762723110e+00
1.457229676140119068e+02 0.000000000000000000e+00 7.516226040978189360e+00
1.458519332452081869e+02 0.000000000000000000e+00 7.624173826834104162e+00
1.454923000660938612e+02 0.000000000000000000e+00 7.439061467283542228e+00
1.460064276272306643e+02 0.000000000000000000e+00 7.623198942498347286e+00
1.454115994712491613e+02 0.000000000000000000e+00 7.419464639788500016e+00
1.461163417052214015e+02 0.000000000000000000e+00 7.771645736946464211e+00
1.454624256444150774e+02 0.000000000000000000e+00 7.632204230006609080e+00
1.459035360211500461e+02 0.000000000000000000e+00 7.744993390614673068e+00
1.452709847984137355e+02 0.000000000000000000e+00 7.637557832121612655e+00
1.457769332452081983e+02 0.000000000000000000e+00 7.694068076668870049e+00
1.459845836087243924e+02 0.000000000000000000e+00 7.730155320555188503e+00
1.459336087243886197e+02 0.000000000000000000e+00 7.617845340383344599e+00
1.463022141440845871e+02 0.000000000000000000e+00 7.846910112359550382e+00
1.461564276272306699e+02 0.000000000000000000e+00 7.679461335095836283e+00
1.468736450760079322e+02 0.000000000000000000e+00 7.982220753469927210e+00
1.462600958360872312e+02 0.000000000000000000e+00 7.717878387309980326e+00
1.469908625247852001e+02 0.000000000000000000e+00 7.886235955056180025e+00
1.464676801057501621e+02 0.000000000000000000e+00 7.708641771315267732e+00
1.471595340383344421e+02 0.000000000000000000e+00 7.864590218109715813e+00
1.466332286847323303e+02 0.000000000000000000e+00 7.757749504296100440e+00
1.466454064771976107e+02 0.000000000000000000e+00 7.720489094514210393e+00
1.462814937210839332e+02 0.000000000000000000e+00 7.857005948446794008e+00
1.461719266358228708e+02 0.000000000000000000e+00 7.727941176470587870e+00
1.464009583608724370e+02 0.000000000000000000e+00 7.928717779246530206e+00
1.460192002643753995e+02 0.000000000000000000e+00 7.685558493060145047e+00
1.467862524785194864e+02 0.000000000000000000e+00 8.025859220092531388e+00
1.461035194976867047e+02 0.000000000000000000e+00 7.802115003304693097e+00
1.469906146728354202e+02 0.000000000000000000e+00 8.198545935228024106e+00
1.463739424983476454e+02 0.000000000000000000e+00 8.060244547257104486e+00
1.468048578982154595e+02 0.000000000000000000e+00 8.040135492399206996e+00
1.459105584930601367e+02 0.000000000000000000e+00 7.877197620621282148e+00
1.459182088565763422e+02 0.000000000000000000e+00 7.679097818902842043e+00
1.454864342366159917e+02 0.000000000000000000e+00 7.624173826834104162e+00
1.449504626569728885e+02 0.000000000000000000e+00 7.365069398545935009e+00
1.450766192994051664e+02 0.000000000000000000e+00 7.460839391936549880e+00
1.447546596166556583e+02 0.000000000000000000e+00 7.336417713152676434e+00
1.454933906146728475e+02 0.000000000000000000e+00 7.663764044943819798e+00
1.448966787838731136e+02 0.000000000000000000e+00 7.418605419695968095e+00
1.456930436219431613e+02 0.000000000000000000e+00 7.658063450099140468e+00
1.452040317250495605e+02 0.000000000000000000e+00 7.525165234633178990e+00
1.456215796430931846e+02 0.000000000000000000e+00 7.631692002643753803e+00
1.451306510244547212e+02 0.000000000000000000e+00 7.543836748182418894e+00
1.452624421678783904e+02 0.000000000000000000e+00 7.494563780568407552e+00
1.450833939193655056e+02 0.000000000000000000e+00 7.581890284203568697e+00
1.449342200925314046e+02 0.000000000000000000e+00 7.394514210178453339e+00
1.455415234633179011e+02 0.000000000000000000e+00 7.577627230667547842e+00
1.451098149372108423e+02 0.000000000000000000e+00 7.476107072042299961e+00
1.458062623925974890e+02 0.000000000000000000e+00 7.721563119629874627e+00
1.453820389953734207e+02 0.000000000000000000e+00 7.576239259748843047e+00
1.461368638466622656e+02 0.000000000000000000e+00 7.725925313945802841e+00
1.455884831460674036e+02 0.000000000000000000e+00 7.625380039656311837e+00
1.463270323859881046e+02 0.000000000000000000e+00 7.684914077990747217e+00
1.460180436219431499e+02 0.000000000000000000e+00 7.810839391936549525e+00
1.460877395902181206e+02 0.000000000000000000e+00 7.656939854593522554e+00
1.459867977528089966e+02 0.000000000000000000e+00 7.708559153998677971e+00
1.454442333113020425e+02 0.000000000000000000e+00 7.517101784534037989e+00
1.458227362855254512e+02 0.000000000000000000e+00 7.794795109054858173e+00
1.452392762723066824e+02 0.000000000000000000e+00 7.544778585591539688e+00
1.459890614672835341e+02 0.000000000000000000e+00 7.793770654329147618e+00
1.452896728354263018e+02 0.000000000000000000e+00 7.613896232650363416e+00
1.460488268341044318e+02 0.000000000000000000e+00 7.774636483807006115e+00
1.457869795109054962e+02 0.000000000000000000e+00 7.778354263053535611e+00
1.463389292795770018e+02 0.000000000000000000e+00 7.750594844679445039e+00
1.461696298744216733e+02 0.000000000000000000e+00 7.852544613350958436e+00
1.463492564441506829e+02 0.000000000000000000e+00 7.766011235955056158e+00
1.468455551883674843e+02 0.000000000000000000e+00 7.954163912756113675e+00
1.465020819563780492e+02 0.000000000000000000e+00 7.764953734302709520e+00
1.467050892267019151e+02 0.000000000000000000e+00 7.915565102445472512e+00
1.458109550561797789e+02 0.000000000000000000e+00 7.364722405816259254e+00
1.464092861863846622e+02 0.000000000000000000e+00 7.693076668869794688e+00
1.453533707865168481e+02 0.000000000000000000e+00 7.554543952412426044e+00
1.459410608063450070e+02 0.000000000000000000e+00 7.681609385327164752e+00
1.453325677461996008e+02 0.000000000000000000e+00 7.587574355584930430e+00
1.456915234633179068e+02 0.000000000000000000e+00 7.578618638466622315e+00
1.455422339722405809e+02 0.000000000000000000e+00 7.704907468605419751e+00
1.451303040317250463e+02 0.000000000000000000e+00 7.514210178453403444e+00
1.453146728354263075e+02 0.000000000000000000e+00 7.596116986120290626e+00
1.448440846001321916e+02 0.000000000000000000e+00 7.391027759418373755e+00
1.452902015862524649e+02 0.000000000000000000e+00 7.595621282220753834e+00
1.444988103106411188e+02 0.000000000000000000e+00 7.276189689358889545e+00
1.454509914077990800e+02 0.000000000000000000e+00 7.555981493721083631e+00
1.449132683410442723e+02 0.000000000000000000e+00 7.477329808327825234e+00
1.453256609385327067e+02 0.000000000000000000e+00 7.505353602115003575e+00
1.449154824851288765e+02 0.000000000000000000e+00 7.494729015201586186e+00
1.453034368803701284e+02 0.000000000000000000e+00 7.539226701916721396e+00
1.453651189689358887e+02 0.000000000000000000e+00 7.716110376734963694e+00
1.454692498347653782e+02 0.000000000000000000e+00 7.591953073364177129e+00
1.458651520158625203e+02 0.000000000000000000e+00 7.813284864507600957e+00
1.452816093853271582e+02 0.000000000000000000e+00 7.494282881692003073e+00
1.458899537343027077e+02 0.000000000000000000e+00 7.771926635822868690e+00
1.451054692663582273e+02 0.000000000000000000e+00 7.551454064771975894e+00
1.456592861863846622e+02 0.000000000000000000e+00 7.733493060145406162e+00
1.446840548578982180e+02 0.000000000000000000e+00 7.565746860541969987e+00
1.452431097157964359e+02 0.000000000000000000e+00 7.612822207534699182e+00
1.450619299405155402e+02 0.000000000000000000e+00 7.646728354263053973e+00
1.459004791804362071e+02 0.000000000000000000e+00 7.701222736285525450e+00
1.463090218109715863e+02 0.000000000000000000e+00 7.828717779246529673e+00
1.461219596827494911e+02 0.000000000000000000e+00 7.673479841374752475e+00
1.466461335095836205e+02 0.000000000000000000e+00 7.937194315928618238e+00
1.462161269001982760e+02 0.000000000000000000e+00 7.736946463978849664e+00
1.471901520158625374e+02 0.000000000000000000e+00 8.024388631857236831e+00
1.466331130204891053e+02 0.000000000000000000e+00 7.804560475875743641e+00
1.471407633840052824e+02 0.000000000000000000e+00 7.945654329147389561e+00
1.463583113020489179e+02 0.000000000000000000e+00 7.764920687376074326e+00
1.464312789160608190e+02 0.000000000000000000e+00 7.670786516853932646e+00
1.456615003304692664e+02 0.000000000000000000e+00 7.635459352280237866e+00
1.455927792465300854e+02 0.000000000000000000e+00 7.559583608724389059e+00
1.453950429610046342e+02 0.000000000000000000e+00 7.652511566424322176e+00
1.449660112359550510e+02 0.000000000000000000e+00 7.364309319233311335e+00
1.452778089887640363e+02 0.000000000000000000e+00 7.638896232650363771e+00
1.450788334434897422e+02 0.000000000000000000e+00 7.434567085261070574e+00
1.458443985459352348e+02 0.000000000000000000e+00 7.701635822868473369e+00
1.453061797752808957e+02 0.000000000000000000e+00 7.542250495703899382e+00
1.457883013879709324e+02 0.000000000000000000e+00 7.665300727032385630e+00
1.454475049570390013e+02 0.000000000000000000e+00 7.595538664904164072e+00
1.455317250495703831e+02 0.000000000000000000e+00 7.541705221414408022e+00
1.453315432914739063e+02 0.000000000000000000e+00 7.553916060806344923e+00
1.452988268341044318e+02 0.000000000000000000e+00 7.435327164573694247e+00
1.453479345670852751e+02 0.000000000000000000e+00 7.605502313284864258e+00
1.448967944481163386e+02 0.000000000000000000e+00 7.431262392597488109e+00
1.456211004626569832e+02 0.000000000000000000e+00 7.729957038995373786e+00
1.451502808988764173e+02 0.000000000000000000e+00 7.494844679444812030e+00
1.460091374752147999e+02 0.000000000000000000e+00 7.727081956378056837e+00
1.453494712491738312e+02 0.000000000000000000e+00 7.480452742894910578e+00
1.462117481824190293e+02 0.000000000000000000e+00 7.705304031725049185e+00
1.457190019828155982e+02 0.000000000000000000e+00 7.701404494382022570e+00
1.460389623265036221e+02 0.000000000000000000e+00 7.602875082617316593e+00
1.458484137475214766e+02 0.000000000000000000e+00 7.645042961004626214e+00
1.460020323859881159e+02 0.000000000000000000e+00 7.537508261731659331e+00
1.463397389292795765e+02 0.000000000000000000e+00 7.822951090548579067e+00
1.461576173165895511e+02 0.000000000000000000e+00 7.688218770654328793e+00
1.469565432914739063e+02 0.000000000000000000e+00 7.989821546596166613e+00
1.465469596827495025e+02 0.000000000000000000e+00 7.809071381361533781e+00
1.471718109715796459e+02 0.000000000000000000e+00 7.999339061467283685e+00
1.466194481163251737e+02 0.000000000000000000e+00 7.911615994712491329e+00
1.471215300727032513e+02 0.000000000000000000e+00 8.039920687376074682e+00
1.467651520158625260e+02 0.000000000000000000e+00 8.036533377395901567e+00
1.470232815598149330e+02 0.000000000000000000e+00 8.028271645736946738e+00
1.466328982154659570e+02 0.000000000000000000e+00 8.056411103767349147e+00
1.462400693985459270e+02 0.000000000000000000e+00 7.804841374752148120e+00
1.464059980171844018e+02 0.000000000000000000e+00 7.942184401850627573e+00
1.457630370125578452e+02 0.000000000000000000e+00 7.640333773959022245e+00
1.461945803040317173e+02 0.000000000000000000e+00 7.831113681427627427e+00
1.454772141440845985e+02 0.000000000000000000e+00 7.487607402511566868e+00
1.460391275611368087e+02 0.000000000000000000e+00 7.773744216787839001e+00
1.456672339722405809e+02 0.000000000000000000e+00 7.692316589557171014e+00
1.463779081295439539e+02 0.000000000000000000e+00 7.748215465961665771e+00
1.460125908790482470e+02 0.000000000000000000e+00 7.769729015201586542e+00
1.461423331130204986e+02 0.000000000000000000e+00 7.750082617316589761e+00
1.459583939193655056e+02 0.000000000000000000e+00 7.794877726371447046e+00
1.460422174487772509e+02 0.000000000000000000e+00 7.649140779907468435e+00
1.463283377395902107e+02 0.000000000000000000e+00 7.853783873099801305e+00
1.457622769332452037e+02 0.000000000000000000e+00 7.504477858559154058e+00
1.464096662260409687e+02 0.000000000000000000e+00 7.819662921348314200e+00
1.457110541969596795e+02 0.000000000000000000e+00 7.570786516853933001e+00
1.464304527428949143e+02 0.000000000000000000e+00 7.720522141440845587e+00
1.459064111037673399e+02 0.000000000000000000e+00 7.576140118968935688e+00
1.465556675479180342e+02 0.000000000000000000e+00 7.633526107072042599e+00
1.462970092531394641e+02 0.000000000000000000e+00 7.724272967614012053e+00
1.465477693324520772e+02 0.000000000000000000e+00 7.728486450760079229e+00
1.466526437541308781e+02 0.000000000000000000e+00 7.895323859881030693e+00
1.464949768671513652e+02 0.000000000000000000e+00 7.765300727032386163e+00
1.469073529411764696e+02 0.000000000000000000e+00 7.960525446133509320e+00
1.463861698612029159e+02 0.000000000000000000e+00 7.725346992729676288e+00
1.470417713152676811e+02 0.000000000000000000e+00 7.955072703238598386e+00
1.464832617316589563e+02 0.000000000000000000e+00 7.807600793126239225e+00
1.472180105750165353e+02 0.000000000000000000e+00 8.023545935228023396e+00
1.466211169861202848e+02 0.000000000000000000e+00 7.905122273628552243e+00
1.474048909451421139e+02 0.000000000000000000e+00 8.000446133509584001e+00
1.471236946463978938e+02 0.000000000000000000e+00 8.016506939854593838e+00
1.476043456708526094e+02 0.000000000000000000e+00 7.943225380039656613e+00
1.479848975545274357e+02 0.000000000000000000e+00 8.199752148050231781e+00
1.477310971579643137e+02 0.000000000000000000e+00 7.911748182419034769e+00
1.479358724388631856e+02 0.000000000000000000e+00 8.168803701255782812e+00
1.472668208856576371e+02 0.000000000000000000e+00 7.856411103767349857e+00
1.476547257105089272e+02 0.000000000000000000e+00 7.971596166556509822e+00
1.467267019167217370e+02 0.000000000000000000e+00 7.739441506939854776e+00
1.471526107072042180e+02 0.000000000000000000e+00 7.854130865829477948e+00
1.466397719762062195e+02 0.000000000000000000e+00 7.852990746860541549e+00
1.470264375413086668e+02 0.000000000000000000e+00 7.834451421017845085e+00
1.469471414408459964e+02 0.000000000000000000e+00 7.915846001321876990e+00
1.471833608724388682e+02 0.000000000000000000e+00 7.869960343688036986e+00
1.476249504296100383e+02 0.000000000000000000e+00 8.072273628552544267e+00
1.473994877726371442e+02 0.000000000000000000e+00 7.902098479841375145e+00
1.478596497025776557e+02 0.000000000000000000e+00 8.139243225380040414e+00
1.474091539986781356e+02 0.000000000000000000e+00 7.856295439524124014e+00
1.479721910112359637e+02 0.000000000000000000e+00 7.965168539325842900e+00
1.473857402511566477e+02 0.000000000000000000e+00 7.828849966953073114e+00
1.482577660277594305e+02 0.000000000000000000e+00 7.891325181758096718e+00
1.477736615994712395e+02 0.000000000000000000e+00 7.920588235294117929e+00
1.482093853271645685e+02 0.000000000000000000e+00 8.002015862524785916e+00
1.480676801057501564e+02 0.000000000000000000e+00 8.034649702577659980e+00
1.480392267019167321e+02 0.000000000000000000e+00 8.009104428288170041e+00
1.481341870456047616e+02 0.000000000000000000e+00 8.159897554527429264e+00
1.478554196959682656e+02 0.000000000000000000e+00 7.995885657633840182e+00
1.483279576999339042e+02 0.000000000000000000e+00 8.245290812954396031e+00
1.475960839391936474e+02 0.000000000000000000e+00 7.934352280237938260e+00
1.482702908129543857e+02 0.000000000000000000e+00 8.197752808988763462e+00
1.476726536682088522e+02 0.000000000000000000e+00 8.013797091870456413e+00
1.482615994712491840e+02 0.000000000000000000e+00 8.143737607402512069e+00
1.477615003304692607e+02 0.000000000000000000e+00 8.105964970257765856e+00
1.482219596827495138e+02 0.000000000000000000e+00 8.110955056179776079e+00
1.481629709187045592e+02 0.000000000000000000e+00 8.231097157964310185e+00
1.481310145406477261e+02 0.000000000000000000e+00 8.223859881031064134e+00
1.484988764044943821e+02 0.000000000000000000e+00 8.350413086582948452e+00
1.480656807666887005e+02 0.000000000000000000e+00 8.101900198281560606e+00
1.484599966953073249e+02 0.000000000000000000e+00 8.280535360211500162e+00
1.474699107732980963e+02 0.000000000000000000e+00 7.921497025776602641e+00
1.480046100462656966e+02 0.000000000000000000e+00 8.057815598149371539e+00
1.474595505617977551e+02 0.000000000000000000e+00 7.999686054196959439e+00
1.474398545935227958e+02 0.000000000000000000e+00 7.959104428288169331e+00
1.468885492399206782e+02 0.000000000000000000e+00 7.939871116986120470e+00
1.469879709187045478e+02 0.000000000000000000e+00 7.871166556510244661e+00
1.470544943820224830e+02 0.000000000000000000e+00 7.992349636483806918e+00
1.467547918043621848e+02 0.000000000000000000e+00 7.779973562458691205e+00
1.475008426966292063e+02 0.000000000000000000e+00 8.134930601454064103e+00
1.469989259748843438e+02 0.000000000000000000e+00 7.804626569729014918e+00
1.476610707204229982e+02 0.000000000000000000e+00 8.106130204890945379e+00
1.469756774619960424e+02 0.000000000000000000e+00 7.912491738268340846e+00
1.476044282881692027e+02 0.000000000000000000e+00 8.102346331791142831e+00
1.471872769332452151e+02 0.000000000000000000e+00 7.987276933245207822e+00
1.477554031725049697e+02 0.000000000000000000e+00 8.013334434897554814e+00
1.474354923992068791e+02 0.000000000000000000e+00 8.039243225380038993e+00
1.475893423661599400e+02 0.000000000000000000e+00 7.990317250495704293e+00
1.476811797752808957e+02 0.000000000000000000e+00 8.037921348314606362e+00
1.472881526768010474e+02 0.000000000000000000e+00 7.994266358228684588e+00
1.477718770654329035e+02 0.000000000000000000e+00 8.195456047587574844e+00
1.471543456708526207e+02 0.000000000000000000e+00 7.944927296761401081e+00
1.480425809649702558e+02 0.000000000000000000e+00 8.244695968274950104e+00
1.473682253800396609e+02 0.000000000000000000e+00 8.022091870456048213e+00
1.482174487772637121e+02 0.000000000000000000e+00 8.278552544613351216e+00
1.477256113681427507e+02 0.000000000000000000e+00 8.234021810971579924e+00
1.482269662921348186e+02 0.000000000000000000e+00 8.312822207534699359e+00
1.481563119629874450e+02 0.000000000000000000e+00 8.414606741573033233e+00
1.483393093192333083e+02 0.000000000000000000e+00 8.337805684071382117e+00
1.485104593522802361e+02 1.652346331791143549e-05 8.498744216787839534e+00
1.480616159947124970e+02 0.000000000000000000e+00 8.263962326503635936e+00
1.481215796430931846e+02 0.000000000000000000e+00 8.413317911434235796e+00
1.471916556510244618e+02 0.000000000000000000e+00 7.983575677461995923e+00
1.477077329808327875e+02 0.000000000000000000e+00 8.207947785855916223e+00
1.468898545935228128e+02 0.000000000000000000e+00 7.995736946463979145e+00
1.473568737607402568e+02 0.000000000000000000e+00 8.078536021150032553e+00
1.467517680105750060e+02 0.000000000000000000e+00 8.004213483146067176e+00
1.472168869795109174e+02 0.000000000000000000e+00 8.094398545935227673e+00
1.468523793787177851e+02 0.000000000000000000e+00 8.099157303370786209e+00
1.467551387970918597e+02 0.000000000000000000e+00 7.891292134831460636e+00
1.469314111037673456e+02 0.000000000000000000e+00 8.112838730998017667e+00
1.467111368142762728e+02 0.000000000000000000e+00 7.908955717118307582e+00
1.474862359550561735e+02 0.000000000000000000e+00 8.041457369464639626e+00
1.464353602115003241e+02 0.000000000000000000e+00 7.808113020489094502e+00
1.470149206873760761e+02 0.000000000000000000e+00 8.051784534038334940e+00
1.460412260409781879e+02 0.000000000000000000e+00 7.768208856576338306e+00
1.465779081295439426e+02 0.000000000000000000e+00 7.858889623265036484e+00
1.459807997356246005e+02 0.000000000000000000e+00 7.750479180436219195e+00
1.463108393919365540e+02 0.000000000000000000e+00 7.760707204230006262e+00
1.462261566424322439e+02 0.000000000000000000e+00 7.835922009253139642e+00
1.463120125578321336e+02 0.000000000000000000e+00 7.729576999339061061e+00
1.465538664904163966e+02 0.000000000000000000e+00 7.929576999339061238e+00
1.460918539325842573e+02 0.000000000000000000e+00 7.694927296761401081e+00
1.466662921348314512e+02 0.000000000000000000e+00 7.945009914077990842e+00
1.462448612029081403e+02 0.000000000000000000e+00 7.797455386649041920e+00
1.469961335095836148e+02 0.000000000000000000e+00 8.016391275611368883e+00
1.464128387309980042e+02 0.000000000000000000e+00 7.885079312623926029e+00
1.470843688037012669e+02 1.652346331791143549e-05 8.033592200925314231e+00
1.468003965631196195e+02 0.000000000000000000e+00 8.018225380039655903e+00
1.472527594183740973e+02 0.000000000000000000e+00 7.954543952412425512e+00
1.472334600132187745e+02 0.000000000000000000e+00 8.044596827495043456e+00
1.472949603436880466e+02 0.000000000000000000e+00 7.927412425644415173e+00
1.476942663582286741e+02 0.000000000000000000e+00 8.084170522141441495e+00
1.470274785194976914e+02 0.000000000000000000e+00 7.758840052875082272e+00
1.472531064111037722e+02 0.000000000000000000e+00 7.965333773959021535e+00
1.462379378717779161e+02 0.000000000000000000e+00 7.703965631196298958e+00
1.466207038995373466e+02 0.000000000000000000e+00 7.884567085261070751e+00
1.458618638466622599e+02 0.000000000000000000e+00 7.697521480502313551e+00
1.462054362194315900e+02 0.000000000000000000e+00 7.749983476536682403e+00
1.457905485789821682e+02 0.000000000000000000e+00 7.831295439524124546e+00
1.460118307997356339e+02 4.957038995373430309e-05 7.725115664243225488e+00
1.459716787838731022e+02 0.000000000000000000e+00 7.729395241242564829e+00
1.456108559153998669e+02 0.000000000000000000e+00 7.587557832121612833e+00
1.460330799735624510e+02 0.000000000000000000e+00 7.797257105089226314e+00
1.455611533377395972e+02 0.000000000000000000e+00 7.536582947785856135e+00
1.462672504957039052e+02 0.000000000000000000e+00 7.811302048909451123e+00
1.455141275611368030e+02 0.000000000000000000e+00 7.601966292134831882e+00
1.463302379378717717e+02 0.000000000000000000e+00 7.793043621943159138e+00
1.458338400528750753e+02 0.000000000000000000e+00 7.590829477858559216e+00
1.461178783873099860e+02 0.000000000000000000e+00 7.646926635822868690e+00
1.457788169200264292e+02 3.304692663582287098e-05 7.691870456047587901e+00
1.457728684732319948e+02 0.000000000000000000e+00 7.584666226040978287e+00
1.459223397224058090e+02 0.000000000000000000e+00 7.819249834765367169e+00
1.456638301387970955e+02 3.304692663582287098e-05 7.704230006609384951e+00
1.464924818241903495e+02 0.000000000000000000e+00 7.970588235294117752e+00
1.459323694646397769e+02 0.000000000000000000e+00 7.755964970257766211e+00
1.468820224719101191e+02 0.000000000000000000e+00 8.002379378717778380e+00
1.462548909451421082e+02 0.000000000000000000e+00 7.847934567085260937e+00
1.468769497686715226e+02 0.000000000000000000e+00 7.877362855254461671e+00
1.463286351619299523e+02 0.000000000000000000e+00 7.882138136153337804e+00
1.468567085261070702e+02 0.000000000000000000e+00 7.887392597488433132e+00
1.468186549900859177e+02 0.000000000000000000e+00 7.985624586913417033e+00
1.467868803701255729e+02 0.000000000000000000e+00 7.879725710508922454e+00
1.471110541969596852e+02 0.000000000000000000e+00 8.051173165895571415e+00
1.466688532716457303e+02 0.000000000000000000e+00 7.771645736946464211e+00
1.471728354263053404e+02 0.000000000000000000e+00 8.120076007931261941e+00
1.463451586252478478e+02 0.000000000000000000e+00 7.838284864507600425e+00
1.466415895571711872e+02 0.000000000000000000e+00 7.905535360211500162e+00
1.456524785194976914e+02 0.000000000000000000e+00 7.648083278255122686e+00
1.464403833443489873e+02 0.000000000000000000e+00 7.746563119629874095e+00
1.458517845340383303e+02 0.000000000000000000e+00 7.710773298083278604e+00
1.461744216787838866e+02 0.000000000000000000e+00 7.679163912756113319e+00
1.459847984137475123e+02 0.000000000000000000e+00 7.749966953073363918e+00
1.458431923331130236e+02 0.000000000000000000e+00 7.613565763384005258e+00
1.458873099801718354e+02 0.000000000000000000e+00 7.754890945142101977e+00
1.451782055518836785e+02 0.000000000000000000e+00 7.507369464639788603e+00
1.456144415069398406e+02 0.000000000000000000e+00 7.745307336417712740e+00
1.448233972240581693e+02 0.000000000000000000e+00 7.473595505617977253e+00
1.455073033707865306e+02 0.000000000000000000e+00 7.706328486450759740e+00
1.451891771315267761e+02 0.000000000000000000e+00 7.680304031725049718e+00
1.460051883674818214e+02 0.000000000000000000e+00 7.769134170522141503e+00
1.457059319233311214e+02 0.000000000000000000e+00 7.813631857237276712e+00
1.457362194315928718e+02 0.000000000000000000e+00 7.748380700594844406e+00
1.454922009253139379e+02 0.000000000000000000e+00 7.767663582286846946e+00
1.454258922670191794e+02 0.000000000000000000e+00 7.599239920687375971e+00
1.457152181097158063e+02 0.000000000000000000e+00 7.813003965631196479e+00
1.452322868473231949e+02 0.000000000000000000e+00 7.621100462656972496e+00
1.459477032385988196e+02 0.000000000000000000e+00 7.814160608063450475e+00
1.453110211500330422e+02 0.000000000000000000e+00 7.542911434236615698e+00
1.459347984137475294e+02 0.000000000000000000e+00 7.722901520158624855e+00
1.453221910112359581e+02 0.000000000000000000e+00 7.605221414408459779e+00
1.457521976206212742e+02 1.652346331791143549e-05 7.611120290812954714e+00
1.454493721083939306e+02 0.000000000000000000e+00 7.663235294117646923e+00
1.454864838070059534e+02 0.000000000000000000e+00 7.619976867151354583e+00
1.454575016523463376e+02 0.000000000000000000e+00 7.715532055518837140e+00
1.451672009253139493e+02 0.000000000000000000e+00 7.601074025115663879e+00
1.456067580964970318e+02 0.000000000000000000e+00 7.820604758757435881e+00
1.451150693985459270e+02 0.000000000000000000e+00 7.604064771976205783e+00
1.459247191011235998e+02 0.000000000000000000e+00 7.808360872438862899e+00
1.454760905485789806e+02 0.000000000000000000e+00 7.669448116325181530e+00
1.462876239259748843e+02 1.652346331791143549e-05 7.834914077990746684e+00
1.457216787838731022e+02 0.000000000000000000e+00 7.726734963648381083e+00
1.457391936549900890e+02 0.000000000000000000e+00 7.555023132848645240e+00
1.451429775280898866e+02 0.000000000000000000e+00 7.468572372769332723e+00
1.449068241903503065e+02 0.000000000000000000e+00 7.363565763384005258e+00
1.448600793126239239e+02 0.000000000000000000e+00 7.553271645736946205e+00
1.443255452742894818e+02 0.000000000000000000e+00 7.393952412425644383e+00
1.446488929279576894e+02 0.000000000000000000e+00 7.609467944481163038e+00
1.439095009914078105e+02 0.000000000000000000e+00 7.267448777263714632e+00
1.445216126900198219e+02 0.000000000000000000e+00 7.490961665565102123e+00
1.439426305353602231e+02 0.000000000000000000e+00 7.273628552544613157e+00
1.444511566424322666e+02 0.000000000000000000e+00 7.383162590879048359e+00
1.440768671513549180e+02 0.000000000000000000e+00 7.396463978849967091e+00
1.443421017845340373e+02 0.000000000000000000e+00 7.322124917382683229e+00
1.442740085922009143e+02 0.000000000000000000e+00 7.418820224719101297e+00
1.441042465300727144e+02 3.304692663582287098e-05 7.308129543952412099e+00
1.443802379378717831e+02 0.000000000000000000e+00 7.475049570389953324e+00
1.438523959021810867e+02 0.000000000000000000e+00 7.214986781229345780e+00
1.444795935228023893e+02 0.000000000000000000e+00 7.407055518836748398e+00
1.436708856576338462e+02 0.000000000000000000e+00 7.248859881031064489e+00
1.443026437541308553e+02 0.000000000000000000e+00 7.443192333113020531e+00
1.437524950429610158e+02 0.000000000000000000e+00 7.358146067415730407e+00
1.443742068737607269e+02 0.000000000000000000e+00 7.474272967614012053e+00
1.440401520158625317e+02 0.000000000000000000e+00 7.506196298744217010e+00
1.446762557832121558e+02 0.000000000000000000e+00 7.519266358228684943e+00
1.447784699272967543e+02 0.000000000000000000e+00 7.618291473892927712e+00
1.446485955056179762e+02 0.000000000000000000e+00 7.542531394580303861e+00
1.449791969596827528e+02 0.000000000000000000e+00 7.739705882352940769e+00
1.446539325842696542e+02 0.000000000000000000e+00 7.541292134831460992e+00
1.456879709187045648e+02 0.000000000000000000e+00 7.717580964970257362e+00
1.442225545274289402e+02 0.000000000000000000e+00 7.315730337078651502e+00
1.452607072042300160e+02 0.000000000000000000e+00 7.486483807005948066e+00
1.444616820885657660e+02 0.000000000000000000e+00 7.329923992068737348e+00
1.455134831460674150e+02 0.000000000000000000e+00 7.370522141440845942e+00
1.451060806345009837e+02 0.000000000000000000e+00 7.436962987442167439e+00
1.451718440185062775e+02 0.000000000000000000e+00 7.328750826173165756e+00
1.451583443489755325e+02 0.000000000000000000e+00 7.501338400528751116e+00
1.443806345009914196e+02 0.000000000000000000e+00 7.161269001982815574e+00
1.447204725710508910e+02 0.000000000000000000e+00 7.411054196959682372e+00
1.436553040317250520e+02 0.000000000000000000e+00 7.072868473231989306e+00
1.443329808327825390e+02 0.000000000000000000e+00 7.353222075346992348e+00
1.433366325181758043e+02 0.000000000000000000e+00 6.995637805684071786e+00
1.440220257766027885e+02 0.000000000000000000e+00 7.101321877065433164e+00
1.432891606080634403e+02 0.000000000000000000e+00 7.133360872438863076e+00
1.436446298744216676e+02 0.000000000000000000e+00 7.048198942498347996e+00
1.434289325842696599e+02 0.000000000000000000e+00 7.216754791804362412e+00
1.433578651685393197e+02 0.000000000000000000e+00 7.064094514210178311e+00
1.437057832121612648e+02 0.000000000000000000e+00 7.323463317911434345e+00
1.431381031064111085e+02 0.000000000000000000e+00 7.066374752148050220e+00
1.437189028420357033e+02 0.000000000000000000e+00 7.342927957699934005e+00
1.427457865168539399e+02 0.000000000000000000e+00 7.052528089887640128e+00
1.437731493721084064e+02 0.000000000000000000e+00 7.322653668208856992e+00
1.429025776602775863e+02 0.000000000000000000e+00 7.026189689358889545e+00
1.436502643754130872e+02 0.000000000000000000e+00 7.109302709847984403e+00
1.430588730998017297e+02 0.000000000000000000e+00 7.124223397224057841e+00
1.434504130865829552e+02 0.000000000000000000e+00 7.055485789821546838e+00
1.432954230006609464e+02 0.000000000000000000e+00 7.262640449438202417e+00
1.431728023793787088e+02 0.000000000000000000e+00 7.040085922009253316e+00
1.435998843357567694e+02 3.304692663582287098e-05 7.386070720423000502e+00
1.431560475875743634e+02 0.000000000000000000e+00 7.069249834765367169e+00
1.440989259748843381e+02 0.000000000000000000e+00 7.456840713813615018e+00
1.432964474553866410e+02 0.000000000000000000e+00 7.023975545274289800e+00
1.442312128222075387e+02 0.000000000000000000e+00 7.292498347653667778e+00
1.434286186384666166e+02 0.000000000000000000e+00 7.151966292134831704e+00
1.444710839391936474e+02 0.000000000000000000e+00 7.379808327825512215e+00
1.442295439524124276e+02 0.000000000000000000e+00 7.480386649041639302e+00
1.446041308658294895e+02 0.000000000000000000e+00 7.392663582286846946e+00
1.445829808327825390e+02 0.000000000000000000e+00 7.593836748182418717e+00
1.445249669530733740e+02 0.000000000000000000e+00 7.452445472571050722e+00
1.449266688697951224e+02 0.000000000000000000e+00 7.735905485789821512e+00
1.441710013218770712e+02 0.000000000000000000e+00 7.290499008592201236e+00
1.448055849306014409e+02 0.000000000000000000e+00 7.598645076007930932e+00
1.435448777263714533e+02 0.000000000000000000e+00 7.147918043621943163e+00
1.442382848645075910e+02 0.000000000000000000e+00 7.381939854593523087e+00
1.432824520819563645e+02 0.000000000000000000e+00 7.190234633179114709e+00
1.437296430931923226e+02 0.000000000000000000e+00 7.197504957038995066e+00
1.433116159947124970e+02 0.000000000000000000e+00 7.257121612690020207e+00
1.434766192994051437e+02 0.000000000000000000e+00 7.101354923992068358e+00
1.436809980171844074e+02 0.000000000000000000e+00 7.381873760740250923e+00
1.433080634500991266e+02 0.000000000000000000e+00 7.183228684732319458e+00
1.438660773298083200e+02 0.000000000000000000e+00 7.457617316589557177e+00
1.429616325181758043e+02 0.000000000000000000e+00 7.071497025776602996e+00
1.437385161929940409e+02 0.000000000000000000e+00 7.399487772637145078e+00
1.428288003965631106e+02 0.000000000000000000e+00 7.170687376074025288e+00
1.437402346331791136e+02 0.000000000000000000e+00 7.323909451421017458e+00
1.429783377395902164e+02 0.000000000000000000e+00 7.298909451421017991e+00
1.436171348314606746e+02 0.000000000000000000e+00 7.251949768671513752e+00
1.433427627230667554e+02 0.000000000000000000e+00 7.407055518836748398e+00
1.433167713152676868e+02 0.000000000000000000e+00 7.251288830138797437e+00
1.436845505617977494e+02 0.000000000000000000e+00 7.477908129543952676e+00
1.431923331130204815e+02 0.000000000000000000e+00 7.240499008592200525e+00
1.439789160608063412e+02 0.000000000000000000e+00 7.545769993390615049e+00
1.432056179775280782e+02 0.000000000000000000e+00 7.159120951751487105e+00
1.442428618638466560e+02 0.000000000000000000e+00 7.482766027759418570e+00
1.433067911434236521e+02 0.000000000000000000e+00 7.329048248512888719e+00
1.441707204230006596e+02 0.000000000000000000e+00 7.471910112359550382e+00
1.436684897554527538e+02 0.000000000000000000e+00 7.451189689358889368e+00
1.441534699272967543e+02 0.000000000000000000e+00 7.444415069398545803e+00
1.439497521480502371e+02 0.000000000000000000e+00 7.572240581625909073e+00
1.439983476536682190e+02 0.000000000000000000e+00 7.346513549239920948e+00
1.443973892927957650e+02 0.000000000000000000e+00 7.602693324520819473e+00
1.439704725710508910e+02 0.000000000000000000e+00 7.211649041639127233e+00
1.448824520819563872e+02 0.000000000000000000e+00 7.629676140118968775e+00
1.439286021150033150e+02 0.000000000000000000e+00 7.364540647719762134e+00
1.449731658955717251e+02 0.000000000000000000e+00 7.619035029742233789e+00
1.439660773298083143e+02 0.000000000000000000e+00 7.302346331791143008e+00
1.444557501652346332e+02 0.000000000000000000e+00 7.277544613350958258e+00
1.439051222736285638e+02 0.000000000000000000e+00 7.305931923331129951e+00
1.440131857237277018e+02 0.000000000000000000e+00 7.094745538664904316e+00
1.437214144084600207e+02 0.000000000000000000e+00 7.237458691341704942e+00
1.433380204890945038e+02 0.000000000000000000e+00 7.006576338400528847e+00
1.437185062789160668e+02 0.000000000000000000e+00 7.206725049570390063e+00
1.430016523463317810e+02 0.000000000000000000e+00 6.973760740251156776e+00
1.440465135492399327e+02 0.000000000000000000e+00 7.355915399867812177e+00
1.428257766027759317e+02 0.000000000000000000e+00 6.980964970257765856e+00
1.436687045604758737e+02 0.000000000000000000e+00 7.305898876404494757e+00
1.427371282220753415e+02 0.000000000000000000e+00 7.181460674157303714e+00
1.433356576338400430e+02 0.000000000000000000e+00 7.266953073364176952e+00
1.428806675479180512e+02 0.000000000000000000e+00 7.282815598149372072e+00
1.434673826834104489e+02 0.000000000000000000e+00 7.226421017845340522e+00
1.438237442167878442e+02 0.000000000000000000e+00 7.431345009914077870e+00
1.437124091209517474e+02 3.304692663582287098e-05 7.147538003965631326e+00
1.443715796430931846e+02 0.000000000000000000e+00 7.509385327164573631e+00
1.437690680766688729e+02 0.000000000000000000e+00 7.236814276272307112e+00
1.445950760079312545e+02 0.000000000000000000e+00 7.537161269001982689e+00
1.437168043621943241e+02 0.000000000000000000e+00 7.266771315267679832e+00
1.447812623925974833e+02 0.000000000000000000e+00 7.541655651024454343e+00
1.441335426305353735e+02 0.000000000000000000e+00 7.539606741573034121e+00
1.448638962326503759e+02 0.000000000000000000e+00 7.508096497025776195e+00
1.447343853271645742e+02 0.000000000000000000e+00 7.632352941176471006e+00
1.450858393919365597e+02 0.000000000000000000e+00 7.551470588235294379e+00
1.451289160608063469e+02 0.000000000000000000e+00 7.770852610707204455e+00
1.449531890284203541e+02 0.000000000000000000e+00 7.513747521480502733e+00
1.455592696629213378e+02 0.000000000000000000e+00 7.881576338400528847e+00
1.445569398545935087e+02 0.000000000000000000e+00 7.522174487772637086e+00
1.455813119629874564e+02 0.000000000000000000e+00 7.909236615994712061e+00
1.446283707865168537e+02 0.000000000000000000e+00 7.597984137475214617e+00
1.452276768010574983e+02 0.000000000000000000e+00 7.757336417713152521e+00
1.440529246530072669e+02 0.000000000000000000e+00 7.587078651685393638e+00
1.444159120951751447e+02 0.000000000000000000e+00 7.409319233311301822e+00
1.437552875082617447e+02 0.000000000000000000e+00 7.438615333773959115e+00
1.437457038995373466e+02 0.000000000000000000e+00 7.237937871777925025e+00
1.439715631196298773e+02 0.000000000000000000e+00 7.376470588235294557e+00
1.434607237276933347e+02 0.000000000000000000e+00 7.226255783212160999e+00
1.444161599471249247e+02 0.000000000000000000e+00 7.609500991407799120e+00
1.437363185723727668e+02 0.000000000000000000e+00 7.228205551883674751e+00
1.447767349636483800e+02 0.000000000000000000e+00 7.502742894910773508e+00
1.440298413747521522e+02 0.000000000000000000e+00 7.348083278255121975e+00
1.449376239259748900e+02 0.000000000000000000e+00 7.504163912756113497e+00
1.444208691341705162e+02 0.000000000000000000e+00 7.466986120290813211e+00
1.449059319233311385e+02 0.000000000000000000e+00 7.474272967614012053e+00
1.445639292795769961e+02 0.000000000000000000e+00 7.589871116986119937e+00
1.446219927296761512e+02 0.000000000000000000e+00 7.401867151354924346e+00
1.450264375413086668e+02 0.000000000000000000e+00 7.764011896893588727e+00
1.441921844018506249e+02 0.000000000000000000e+00 7.324553866490416176e+00
1.448508757435558607e+02 3.304692663582287098e-05 7.604411764705882426e+00
1.438836582947785985e+02 0.000000000000000000e+00 7.254147389292795900e+00
1.448988433575677561e+02 0.000000000000000000e+00 7.551371447455387020e+00
1.441595175148711121e+02 0.000000000000000000e+00 7.345571711830800155e+00
1.451776437541308553e+02 0.000000000000000000e+00 7.591969596827494726e+00
1.447195142101784597e+02 0.000000000000000000e+00 7.565465961665565509e+00
1.452734798413747512e+02 0.000000000000000000e+00 7.578519497686714956e+00
1.452661599471249190e+02 0.000000000000000000e+00 7.724900859220092286e+00
1.451215631196298830e+02 0.000000000000000000e+00 7.512392597488433132e+00
1.456081460674157313e+02 0.000000000000000000e+00 7.758840052875082272e+00
1.447709847984137355e+02 0.000000000000000000e+00 7.494778585591539866e+00
1.457870951751487212e+02 0.000000000000000000e+00 7.913384005287507961e+00
1.450983476536682133e+02 0.000000000000000000e+00 7.659567085261071107e+00
1.461222405816259027e+02 0.000000000000000000e+00 7.871017845340383623e+00
1.449244712491738198e+02 0.000000000000000000e+00 7.625099140779907358e+00
1.453658955717118317e+02 0.000000000000000000e+00 7.644993390614672535e+00
1.444003800396563122e+02 0.000000000000000000e+00 7.528750826173165933e+00
1.445181592861863749e+02 0.000000000000000000e+00 7.377941176470588225e+00
1.445558162590878908e+02 0.000000000000000000e+00 7.481460674157303536e+00
1.442682088565763365e+02 0.000000000000000000e+00 7.252709847984137426e+00
1.447368803701255899e+02 1.652346331791143549e-05 7.582171183079973176e+00
1.439699272967613979e+02 0.000000000000000000e+00 7.323760740251156420e+00
1.450104263053536044e+02 0.000000000000000000e+00 7.661483807005948776e+00
1.439208856576338462e+02 0.000000000000000000e+00 7.324223397224058019e+00
1.450018506278915993e+02 0.000000000000000000e+00 7.472736285525446220e+00
1.443381857237276904e+02 0.000000000000000000e+00 7.393539325842696464e+00
1.450689193654989992e+02 0.000000000000000000e+00 7.359864507600793360e+00
1.445631857237276847e+02 0.000000000000000000e+00 7.363813615333773654e+00
1.446197951090548486e+02 3.304692663582287098e-05 7.254874421678783492e+00
1.447660112359550624e+02 1.652346331791143549e-05 7.511467283542630824e+00
1.442331460674157313e+02 0.000000000000000000e+00 7.291275611368142506e+00
1.450532385988103101e+02 0.000000000000000000e+00 7.672604097818902957e+00
1.443264044943820181e+02 0.000000000000000000e+00 7.405535360211500162e+00
1.453524950429610101e+02 0.000000000000000000e+00 7.724719101123595166e+00
1.444134500991407890e+02 0.000000000000000000e+00 7.449884335756774334e+00
1.453445307336417613e+02 0.000000000000000000e+00 7.640499008592200880e+00
1.444422835426305483e+02 0.000000000000000000e+00 7.524983476536681870e+00
1.449150033046926751e+02 0.000000000000000000e+00 7.462508261731659154e+00
1.445017019167217427e+02 0.000000000000000000e+00 7.416886979510905142e+00
1.442959187045604779e+02 0.000000000000000000e+00 7.275776602775941626e+00
1.442369464639788532e+02 0.000000000000000000e+00 7.435822868473231928e+00
1.437191341705221532e+02 0.000000000000000000e+00 7.094415069398546159e+00
1.447259087904824923e+02 1.652346331791143549e-05 7.583575677461996456e+00
1.438492564441506829e+02 0.000000000000000000e+00 7.337739590218109953e+00
1.445005948446794548e+02 0.000000000000000000e+00 7.490994712491738206e+00
1.431997686715135387e+02 0.000000000000000000e+00 7.153073364177131133e+00
1.437792300066093958e+02 4.957038995373430309e-05 7.299140779907468790e+00
1.428607732980832736e+02 0.000000000000000000e+00 7.207352941176470296e+00
1.430709187045604835e+02 0.000000000000000000e+00 7.102528089887640839e+00
1.429816754791804385e+02 0.000000000000000000e+00 7.150165234633178990e+00
1.429012888301388102e+02 0.000000000000000000e+00 6.953238598810310478e+00
1.433986946463978711e+02 0.000000000000000000e+00 7.176784534038334051e+00
1.429190185062789169e+02 0.000000000000000000e+00 6.901354923992069068e+00
1.436377561136814336e+02 0.000000000000000000e+00 7.247224058162591298e+00
1.427747191011235941e+02 0.000000000000000000e+00 6.920637805684071608e+00
1.436210178453403898e+02 0.000000000000000000e+00 7.253205551883675106e+00
1.427081295439524240e+02 0.000000000000000000e+00 7.005518836748182210e+00
1.436346827495042930e+02 0.000000000000000000e+00 7.060277594183740568e+00
1.427458030403172415e+02 0.000000000000000000e+00 7.083873099801718531e+00
1.429600297422339850e+02 1.652346331791143549e-05 6.944051553205551564e+00
1.427840218109715806e+02 0.000000000000000000e+00 7.097951090548579423e+00
1.425009418374091297e+02 0.000000000000000000e+00 6.883790482485128592e+00
1.429234137475214936e+02 0.000000000000000000e+00 7.205931923331130307e+00
1.422350462656972923e+02 0.000000000000000000e+00 6.851768010575016277e+00
1.432186219431592917e+02 0.000000000000000000e+00 7.156295439524123836e+00
1.424666226040978074e+02 0.000000000000000000e+00 6.919844679444811852e+00
1.434823859881031183e+02 0.000000000000000000e+00 7.223760740251156776e+00
1.427704890945142040e+02 0.000000000000000000e+00 7.108559153998678326e+00
1.436260079312623930e+02 0.000000000000000000e+00 7.252709847984137426e+00
1.428725214805023143e+02 0.000000000000000000e+00 7.229494382022472188e+00
1.432660938532716557e+02 0.000000000000000000e+00 7.083426966292134530e+00
1.433498347653668077e+02 0.000000000000000000e+00 7.293555849306014416e+00
1.431164243225379948e+02 0.000000000000000000e+00 7.071150033046926353e+00
1.435368638466622713e+02 0.000000000000000000e+00 7.226949768671513397e+00
1.423166226040978302e+02 0.000000000000000000e+00 6.818919365499009011e+00
1.428446959682749480e+02 0.000000000000000000e+00 7.178122934567085167e+00
1.414854097818902972e+02 0.000000000000000000e+00 6.793688037012557857e+00
1.423345670852610567e+02 0.000000000000000000e+00 7.032270323859880712e+00
1.414937541308658240e+02 0.000000000000000000e+00 6.876222736285525272e+00
1.422092200925313819e+02 0.000000000000000000e+00 6.887673496364838499e+00
1.418404659616655579e+02 0.000000000000000000e+00 6.955535360211499984e+00
1.420013549239920678e+02 0.000000000000000000e+00 6.838631857237277067e+00
1.421905320555188439e+02 0.000000000000000000e+00 7.049124256444150305e+00
1.419660773298083143e+02 1.652346331791143549e-05 6.882848645076007799e+00
1.421710178453403728e+02 0.000000000000000000e+00 7.108840052875082804e+00
1.413659286186384634e+02 0.000000000000000000e+00 6.754874421678783492e+00
1.422666391275611488e+02 0.000000000000000000e+00 6.962227362855254675e+00
1.412909286186384747e+02 0.000000000000000000e+00 6.736946463978849664e+00
1.420837574355584820e+02 0.000000000000000000e+00 6.929180436219431805e+00
1.411519332452081983e+02 0.000000000000000000e+00 6.819811632518176125e+00
1.415808823529411882e+02 0.000000000000000000e+00 6.797273628552544800e+00
1.413209187045604835e+02 0.000000000000000000e+00 6.875793126239259756e+00
1.414660277594183810e+02 0.000000000000000000e+00 6.713912756113681546e+00
1.415842035690680802e+02 0.000000000000000000e+00 6.789226701916721396e+00
1.413185062789160611e+02 0.000000000000000000e+00 6.593555849306014238e+00
1.420978189028420218e+02 0.000000000000000000e+00 6.903866490416390889e+00
1.412079477858559073e+02 0.000000000000000000e+00 6.574272967614011698e+00
1.420745869134170505e+02 0.000000000000000000e+00 6.910376734963648460e+00
1.412903668208856516e+02 0.000000000000000000e+00 6.616159947124917728e+00
1.422893423661599570e+02 0.000000000000000000e+00 6.972587574355585183e+00
1.415404824851288765e+02 0.000000000000000000e+00 6.966754791804362412e+00
1.421913747521480502e+02 1.652346331791143549e-05 6.933311302048909219e+00
1.418033707865168651e+02 0.000000000000000000e+00 7.027329808327825944e+00
1.413988268341044261e+02 1.652346331791143549e-05 6.728932584269663231e+00
1.411133840052875144e+02 0.000000000000000000e+00 6.830502313284864790e+00
1.402569729015201574e+02 0.000000000000000000e+00 6.406031064111037843e+00
1.409965300727032513e+02 0.000000000000000000e+00 6.749801718440185283e+00
1.400049239920687398e+02 0.000000000000000000e+00 6.427709847984137248e+00
1.409668539325842573e+02 0.000000000000000000e+00 6.707551222736285901e+00
1.397906807666886948e+02 0.000000000000000000e+00 6.449867812293456737e+00
1.405119134170522273e+02 0.000000000000000000e+00 6.525809649702577708e+00
1.397799570389953772e+02 0.000000000000000000e+00 6.478387309980171871e+00
1.400332286847323076e+02 0.000000000000000000e+00 6.348231989424983901e+00
1.398010244547257059e+02 0.000000000000000000e+00 6.520423000660938939e+00
1.395089061467283500e+02 0.000000000000000000e+00 6.283030403172505274e+00
1.399498347653668304e+02 0.000000000000000000e+00 6.496711830799736020e+00
1.392855089226702034e+02 0.000000000000000000e+00 6.248017184401851054e+00
1.402076503635161941e+02 0.000000000000000000e+00 6.496563119629874095e+00
1.390290647719762092e+02 0.000000000000000000e+00 6.246364838070059378e+00
1.402035194976867274e+02 0.000000000000000000e+00 6.638648380700594487e+00
1.394262392597488542e+02 0.000000000000000000e+00 6.451949768671513930e+00
1.403883840052875200e+02 0.000000000000000000e+00 6.462475214805023072e+00
1.398745703899537318e+02 0.000000000000000000e+00 6.551520158625248058e+00
1.402752478519497572e+02 0.000000000000000000e+00 6.455601454064772149e+00
1.402820885657633880e+02 0.000000000000000000e+00 6.533245208195637588e+00
1.399623430270984841e+02 0.000000000000000000e+00 6.369282881692003073e+00
1.403645902181097256e+02 0.000000000000000000e+00 6.462128222075347317e+00
1.396595175148711121e+02 0.000000000000000000e+00 6.199223397224058019e+00
1.406186880370125607e+02 0.000000000000000000e+00 6.482138136153337449e+00
1.394826834104428315e+02 0.000000000000000000e+00 6.243324520819563794e+00
1.401324355584930572e+02 0.000000000000000000e+00 6.418489755452743140e+00
1.389622438863185607e+02 0.000000000000000000e+00 6.258559153998677793e+00
1.394139127561136888e+02 0.000000000000000000e+00 6.250710508922669995e+00
1.387430931923331059e+02 0.000000000000000000e+00 6.252214144084599745e+00
1.388182749504296112e+02 0.000000000000000000e+00 6.071546596166556675e+00
1.387692333113020595e+02 0.000000000000000000e+00 6.279560475875743286e+00
1.383577495042960948e+02 0.000000000000000000e+00 6.075743555849306254e+00
1.387561962987442143e+02 0.000000000000000000e+00 6.291837409120951463e+00
1.378522637144745602e+02 0.000000000000000000e+00 5.970637805684071431e+00
1.388018671513549123e+02 0.000000000000000000e+00 6.254031725049570056e+00
1.377882187706543391e+02 0.000000000000000000e+00 6.030584930601453841e+00
1.386022637144745602e+02 0.000000000000000000e+00 6.192019167217448938e+00
1.377396067415730272e+02 0.000000000000000000e+00 6.060541969596827450e+00
1.382293621943159394e+02 0.000000000000000000e+00 5.958509583608724292e+00
1.375953899537342977e+02 0.000000000000000000e+00 5.954477858559154235e+00
1.374999339061467367e+02 0.000000000000000000e+00 5.791705221414408022e+00
1.374945472571050971e+02 0.000000000000000000e+00 6.025148711169861393e+00
1.370832121612689889e+02 0.000000000000000000e+00 5.761731658955716817e+00
1.377654494382022392e+02 0.000000000000000000e+00 5.960789821546596201e+00
1.369842861863846792e+02 0.000000000000000000e+00 5.671331791143424006e+00
1.379850297422339622e+02 0.000000000000000000e+00 6.083013879709186611e+00
1.370744382022471939e+02 0.000000000000000000e+00 5.920538664904164250e+00
1.378981328486450764e+02 0.000000000000000000e+00 6.085409781890284364e+00
1.372650528750826311e+02 0.000000000000000000e+00 5.998826834104428407e+00
1.379469596827495081e+02 0.000000000000000000e+00 5.927230667547918053e+00
1.378499504296100326e+02 0.000000000000000000e+00 6.004709187045604857e+00
1.379488598810310691e+02 0.000000000000000000e+00 5.857666886979511212e+00
1.382160277594183810e+02 0.000000000000000000e+00 6.062838730998016956e+00
1.374322868473232120e+02 0.000000000000000000e+00 5.696546596166556675e+00
1.378405155320555195e+02 0.000000000000000000e+00 5.975842696629213080e+00
1.367370290812954465e+02 0.000000000000000000e+00 5.658955717118307582e+00
1.374749339061467310e+02 0.000000000000000000e+00 5.908377395902181028e+00
1.365298744216787838e+02 0.000000000000000000e+00 5.674884335756774867e+00
1.371879874421678664e+02 0.000000000000000000e+00 5.765647719762061918e+00
1.361157303370786451e+02 0.000000000000000000e+00 5.694514210178453162e+00
1.361697290152015967e+02 0.000000000000000000e+00 5.556477197620621311e+00
1.358032881692002718e+02 0.000000000000000000e+00 5.658740912095175268e+00
1.356270489094514176e+02 0.000000000000000000e+00 5.443060145406477091e+00
1.357763384005287435e+02 0.000000000000000000e+00 5.591672174487772651e+00
1.355229841374752198e+02 0.000000000000000000e+00 5.459418374091209891e+00
1.365732980832782459e+02 0.000000000000000000e+00 5.846662260409781986e+00
1.354315598149372022e+02 0.000000000000000000e+00 5.470191672174487429e+00
1.364191672174487735e+02 0.000000000000000000e+00 5.584054857898215651e+00
1.357183410442828801e+02 0.000000000000000000e+00 5.550033046926635905e+00
1.364023628552544665e+02 0.000000000000000000e+00 5.654643093192333048e+00
1.357891606080634403e+02 0.000000000000000000e+00 5.635128883013879708e+00
1.361427131526768051e+02 0.000000000000000000e+00 5.579048248512888719e+00
1.361402015862524877e+02 0.000000000000000000e+00 5.683261731658955540e+00
1.360780072703238659e+02 0.000000000000000000e+00 5.585310641110377006e+00
1.362118142762722925e+02 0.000000000000000000e+00 5.666292134831460992e+00
1.355886318572372886e+02 0.000000000000000000e+00 5.416192994051553633e+00
1.362739424983476511e+02 0.000000000000000000e+00 5.635393258426966590e+00
1.352679775280898866e+02 0.000000000000000000e+00 5.367977528089888040e+00
1.362144249834765333e+02 0.000000000000000000e+00 5.615680766688697645e+00
1.356228849966953192e+02 0.000000000000000000e+00 5.530171844018505922e+00
1.361687871777924670e+02 0.000000000000000000e+00 5.478932584269663231e+00
1.354988103106411188e+02 0.000000000000000000e+00 5.578949107732980472e+00
1.353883179114342283e+02 0.000000000000000000e+00 5.465614672835426013e+00
1.350665895571711701e+02 0.000000000000000000e+00 5.516325181758096718e+00
1.344958360872438732e+02 0.000000000000000000e+00 5.264920687376074326e+00
1.347644910773298079e+02 0.000000000000000000e+00 5.446017845340382912e+00
1.339032055518836728e+02 0.000000000000000000e+00 5.172025776602775515e+00
1.346923992068737732e+02 0.000000000000000000e+00 5.462805684071381229e+00
1.337038334434897422e+02 0.000000000000000000e+00 5.254444811632517975e+00
1.346328321216126938e+02 0.000000000000000000e+00 5.333873099801718531e+00
1.337648380700594828e+02 0.000000000000000000e+00 5.245125578321216508e+00
1.344814771976206202e+02 0.000000000000000000e+00 5.328635161929940800e+00
1.341317746199603391e+02 0.000000000000000000e+00 5.400809649702577708e+00
1.341832947785856049e+02 0.000000000000000000e+00 5.201140118968935688e+00
1.342620786516853855e+02 0.000000000000000000e+00 5.342961004626570087e+00
1.336402346331791193e+02 0.000000000000000000e+00 5.144844679444811497e+00
1.341091209517514926e+02 0.000000000000000000e+00 5.344332452081956397e+00
1.332047752808988719e+02 0.000000000000000000e+00 5.064771976206213111e+00
1.340999669530733627e+02 0.000000000000000000e+00 5.372389292795769933e+00
1.332014210178453482e+02 0.000000000000000000e+00 5.188780568407137750e+00
1.339750165234633243e+02 0.000000000000000000e+00 5.234699272967613837e+00
1.332540152015862418e+02 0.000000000000000000e+00 5.201850627891605683e+00
1.337882518175809707e+02 0.000000000000000000e+00 5.092746199603436885e+00
1.336708856576338462e+02 0.000000000000000000e+00 5.273744216787839001e+00
1.340626734963648516e+02 0.000000000000000000e+00 5.133377395902180673e+00
1.346000165234633243e+02 0.000000000000000000e+00 5.316886979510905498e+00
1.340949933906146612e+02 0.000000000000000000e+00 5.178255122273628608e+00
1.349051387970918654e+02 0.000000000000000000e+00 5.484054857898215118e+00
1.341751487111698680e+02 0.000000000000000000e+00 5.238978849966953177e+00
1.346935393258426927e+02 0.000000000000000000e+00 5.387673496364838499e+00
1.335017019167217427e+02 0.000000000000000000e+00 5.148099801718440283e+00
1.337630700594844768e+02 0.000000000000000000e+00 5.088912756113681546e+00
1.328809319233311328e+02 0.000000000000000000e+00 5.041374752148049865e+00
1.331239755452742770e+02 0.000000000000000000e+00 4.915779907468605714e+00
1.326117647058823650e+02 0.000000000000000000e+00 4.979758757435558181e+00
1.323140284203569195e+02 0.000000000000000000e+00 4.811153337739590086e+00
1.324319729015201688e+02 0.000000000000000000e+00 4.966259087904824732e+00
1.318446959682749480e+02 0.000000000000000000e+00 4.805568407138135711e+00
1.326920852610707300e+02 0.000000000000000000e+00 5.004758757435558536e+00
1.316830138797091934e+02 0.000000000000000000e+00 4.786682088565763493e+00
1.324460508922670101e+02 0.000000000000000000e+00 4.851933245208195800e+00
1.313782551222736288e+02 0.000000000000000000e+00 4.735360211500330152e+00
1.322286186384666280e+02 0.000000000000000000e+00 4.827181097157964729e+00
1.315872604097818908e+02 0.000000000000000000e+00 4.805237937871777554e+00
1.319663417052214243e+02 0.000000000000000000e+00 4.773033707865168118e+00
1.320178949107732933e+02 0.000000000000000000e+00 4.820158625247851880e+00
1.317952247191011281e+02 0.000000000000000000e+00 4.735806345009914153e+00
1.321999173826834237e+02 0.000000000000000000e+00 4.900743555849306432e+00
1.313941011235955045e+02 0.000000000000000000e+00 4.684699272967614014e+00
1.321943159286186358e+02 0.000000000000000000e+00 4.987260409781890225e+00
1.314278916060806353e+02 0.000000000000000000e+00 4.766886979510905675e+00
1.323346331791143484e+02 0.000000000000000000e+00 4.862805684071381584e+00
1.313082947785856049e+02 0.000000000000000000e+00 4.778668208856576172e+00
1.322091374752148170e+02 0.000000000000000000e+00 4.887062128222074975e+00
1.318567250495704002e+02 0.000000000000000000e+00 4.915251156642431951e+00
1.323417217448777308e+02 0.000000000000000000e+00 4.798942498347654073e+00
1.323956543291473906e+02 0.000000000000000000e+00 4.993390614672835071e+00
1.322841539986781356e+02 0.000000000000000000e+00 4.808641771315267377e+00
1.329038499669530609e+02 0.000000000000000000e+00 4.998463317911434167e+00
1.320735955056179876e+02 0.000000000000000000e+00 4.738896232650363416e+00
1.328560475875743521e+02 0.000000000000000000e+00 5.042911434236615698e+00
1.314378717779246415e+02 0.000000000000000000e+00 4.685690680766688487e+00
1.319955717118307916e+02 0.000000000000000000e+00 4.794233311302049216e+00
1.308182419035029795e+02 0.000000000000000000e+00 4.671546596166556320e+00
1.313442167878387181e+02 0.000000000000000000e+00 4.649917382683410594e+00
1.309344514210178545e+02 0.000000000000000000e+00 4.644514210178453339e+00
1.308500165234633243e+02 0.000000000000000000e+00 4.593869795109054799e+00
1.308150528750826140e+02 0.000000000000000000e+00 4.686417713152676967e+00
1.302608724388631742e+02 0.000000000000000000e+00 4.530138797091870728e+00
1.307985294117647186e+02 0.000000000000000000e+00 4.729725710508922987e+00
1.299846827495042874e+02 0.000000000000000000e+00 4.403469927296761455e+00
1.306990581625908874e+02 0.000000000000000000e+00 4.654857898215466250e+00
1.296076503635161998e+02 0.000000000000000000e+00 4.466804362194316091e+00
1.304414573694646435e+02 0.000000000000000000e+00 4.557468605419695784e+00
1.295625247851949666e+02 0.000000000000000000e+00 4.456345009914078226e+00
1.301726040978188905e+02 0.000000000000000000e+00 4.495951751487111459e+00
1.298427296761401237e+02 0.000000000000000000e+00 4.463879709187045464e+00
1.298550396563119591e+02 0.000000000000000000e+00 4.375660938532716315e+00
1.299617647058823593e+02 0.000000000000000000e+00 4.505171844018506455e+00
1.296604593522802418e+02 0.000000000000000000e+00 4.405617977528089924e+00
1.303666886979510764e+02 0.000000000000000000e+00 4.641539986781229032e+00
1.295157799074686125e+02 0.000000000000000000e+00 4.408294778585591267e+00
1.304618473231989526e+02 0.000000000000000000e+00 4.652957699933906177e+00
1.297752643754130872e+02 0.000000000000000000e+00 4.512293456708525774e+00
1.304653172504957013e+02 0.000000000000000000e+00 4.581311962987442143e+00
1.298010905485789692e+02 0.000000000000000000e+00 4.523562458691341881e+00
1.302112194315928662e+02 0.000000000000000000e+00 4.505204890945142537e+00
1.300305849306014636e+02 0.000000000000000000e+00 4.559319233311302177e+00
1.300181592861863749e+02 0.000000000000000000e+00 4.447207534699272991e+00
1.304495208195637872e+02 0.000000000000000000e+00 4.557435558493059702e+00
1.300219101123595635e+02 0.000000000000000000e+00 4.399355584930601637e+00
1.308549405155320642e+02 0.000000000000000000e+00 4.587095175148711235e+00
1.299504130865829552e+02 0.000000000000000000e+00 4.406064111037673925e+00
1.310092861863846565e+02 0.000000000000000000e+00 4.613813615333773654e+00
1.302329477858559130e+02 0.000000000000000000e+00 4.594464639788499838e+00
1.307760409781890303e+02 0.000000000000000000e+00 4.620571711830799622e+00
1.298976040978189133e+02 0.000000000000000000e+00 4.526569729015201382e+00
1.297411929940515449e+02 0.000000000000000000e+00 4.444530733641771647e+00
1.292996695307336381e+02 0.000000000000000000e+00 4.481262392597488819e+00
1.290931262392597603e+02 0.000000000000000000e+00 4.288185723727693244e+00
1.295126404494382086e+02 0.000000000000000000e+00 4.387871777924653216e+00
1.288413417052214243e+02 0.000000000000000000e+00 4.207947785855915335e+00
1.293529742233972115e+02 0.000000000000000000e+00 4.386731658955716817e+00
1.282963978849967077e+02 0.000000000000000000e+00 4.144729015201586542e+00
1.291638631857237272e+02 0.000000000000000000e+00 4.382352941176471006e+00
1.283217614011896899e+02 0.000000000000000000e+00 4.264044943820224809e+00
1.288873265036351654e+02 0.000000000000000000e+00 4.339094514210178666e+00
1.283025611368142904e+02 0.000000000000000000e+00 4.288697951090548521e+00
1.285856080634501097e+02 0.000000000000000000e+00 4.220786516853932469e+00
1.287096827495043101e+02 0.000000000000000000e+00 4.361120290812954714e+00
1.282940515532055485e+02 0.000000000000000000e+00 4.220489094514210393e+00
1.287595340383344364e+02 0.000000000000000000e+00 4.352495042961004756e+00
1.279366325181758128e+02 0.000000000000000000e+00 4.110591539986780951e+00
1.289652346331791080e+02 0.000000000000000000e+00 4.350165234633179168e+00
1.280035525446133420e+02 0.000000000000000000e+00 4.221810971579643024e+00
1.288402511566424380e+02 0.000000000000000000e+00 4.399041639127561076e+00
1.280887970918704468e+02 0.000000000000000000e+00 4.316837409120951818e+00
1.288946298744216676e+02 0.000000000000000000e+00 4.426916721744877492e+00
1.285034534038334471e+02 0.000000000000000000e+00 4.463020489094514431e+00
1.286381196298744101e+02 0.000000000000000000e+00 4.411979510905485569e+00
1.287915895571711928e+02 0.000000000000000000e+00 4.507534699272967238e+00
1.284523628552544494e+02 0.000000000000000000e+00 4.321910112359550915e+00
1.290889458030403034e+02 0.000000000000000000e+00 4.501321877065432631e+00
1.283981493721084064e+02 0.000000000000000000e+00 4.273314606741572597e+00
1.294768836748182537e+02 0.000000000000000000e+00 4.562078651685393282e+00
1.286510575016523603e+02 0.000000000000000000e+00 4.424074686054196626e+00
1.295021480502313409e+02 0.000000000000000000e+00 4.524074686054197159e+00
1.287868473231989412e+02 0.000000000000000000e+00 4.487293456708526307e+00
1.294599966953073249e+02 0.000000000000000000e+00 4.525264375413086348e+00
1.294209517514871095e+02 0.000000000000000000e+00 4.511929940515532422e+00
1.294854758757435604e+02 0.000000000000000000e+00 4.389639788499669848e+00
1.293194646397884924e+02 0.000000000000000000e+00 4.485128883013879353e+00
1.283441506939854548e+02 0.000000000000000000e+00 4.211615994712492039e+00
1.288119795109054735e+02 0.000000000000000000e+00 4.390499008592200880e+00
1.275311962987442200e+02 0.000000000000000000e+00 4.130617977528089568e+00
1.280698612029081289e+02 0.000000000000000000e+00 4.257716457369464358e+00
1.272526437541308724e+02 0.000000000000000000e+00 4.129064771976206139e+00
1.277444481163251879e+02 0.000000000000000000e+00 4.186235955056179847e+00
1.270993060145406446e+02 0.000000000000000000e+00 4.182105089226701544e+00
1.277446463978849920e+02 0.000000000000000000e+00 4.172422339722405837e+00
1.277203899537342977e+02 0.000000000000000000e+00 4.222356245869134383e+00
1.275948942498347662e+02 0.000000000000000000e+00 4.109633179114342560e+00
1.279456708526107036e+02 0.000000000000000000e+00 4.246100462656972496e+00
1.274423496364838115e+02 0.000000000000000000e+00 4.060525446133509853e+00
1.280598314606741610e+02 0.000000000000000000e+00 4.219315928618638800e+00
1.271896067415730300e+02 0.000000000000000000e+00 4.023099801718440283e+00
1.279622438863185749e+02 0.000000000000000000e+00 4.223347653668208856e+00
1.272090383344348936e+02 0.000000000000000000e+00 4.125578321216126554e+00
1.281422009253139436e+02 0.000000000000000000e+00 4.220191672174487429e+00
1.277002974223397160e+02 0.000000000000000000e+00 4.181378056840713953e+00
1.279772967614011918e+02 0.000000000000000000e+00 4.123645076007931287e+00
1.278639127561136775e+02 0.000000000000000000e+00 4.161054196959682372e+00
1.277520323859881017e+02 0.000000000000000000e+00 4.077181097157964729e+00
1.282864838070059363e+02 0.000000000000000000e+00 4.257600793126239402e+00
1.278633179114342369e+02 0.000000000000000000e+00 4.112227362855254142e+00
1.289894745538665006e+02 0.000000000000000000e+00 4.402825512227362736e+00
1.281155816259087885e+02 0.000000000000000000e+00 4.172141440846001359e+00
1.290227693324520715e+02 0.000000000000000000e+00 4.324735624586913296e+00
1.282433245208195558e+02 0.000000000000000000e+00 4.259963648380700185e+00
1.290474553866490339e+02 0.000000000000000000e+00 4.322356245869134028e+00
1.288016358228684624e+02 0.000000000000000000e+00 4.337376074025115713e+00
1.290058493060145395e+02 0.000000000000000000e+00 4.296546596166556320e+00
1.292795604758757406e+02 0.000000000000000000e+00 4.440631196298744143e+00
1.290179775280898866e+02 0.000000000000000000e+00 4.348066754791804378e+00
1.294027594183741030e+02 0.000000000000000000e+00 4.513863185723727689e+00
1.285910773298083143e+02 0.000000000000000000e+00 4.310161929940515613e+00
1.290611698612028988e+02 0.000000000000000000e+00 4.484699272967613837e+00
1.275807171183080015e+02 0.000000000000000000e+00 4.237656972901520547e+00
1.280126404494382086e+02 0.000000000000000000e+00 4.319877726371447402e+00
1.269495538664904188e+02 0.000000000000000000e+00 4.196877065432914833e+00
