2.098225938181481354e+02 0.000000000000000000e+00 3.964144080426380867e+01
2.098101829632810507e+02 1.683969452794126457e-05 3.960604376636607782e+01
2.098690376956562034e+02 1.683969452794126457e-05 3.961554977392709986e+01
2.100273224043715743e+02 6.735877811176505827e-05 3.968577971995588172e+01
2.101839820825650236e+02 9.261831990367695342e-05 3.973969200198708052e+01
2.101251273501898709e+02 2.862748069750014604e-04 3.942970690511673837e+01
2.097937558412690464e+02 4.378320577264728313e-04 3.898753862604932152e+01
2.096032483770744363e+02 5.220305303661791846e-04 3.879015214664006095e+01
2.095455892630107826e+02 1.683969452794126253e-04 3.876383170409288681e+01
2.095749408505729718e+02 1.094580144316182078e-04 3.886863354298753137e+01
2.096751791322505483e+02 6.062290030058854837e-04 3.916981147961976006e+01
2.097289230173364558e+02 1.364015256763242284e-03 3.919262926570512207e+01
2.099046536495827979e+02 1.094580144316182078e-04 3.917370986890297502e+01
2.099817794505207758e+02 8.419847263970632283e-06 3.913472597607079706e+01
2.100166123586518268e+02 8.419847263970632283e-06 3.906624735827291772e+01
2.101039261747791898e+02 5.893893084779442429e-05 3.900518662591460384e+01
2.100851583352277885e+02 9.261831990367695342e-05 3.897235764143238157e+01
2.100238450074515697e+02 8.419847263970631267e-05 3.900045467175225156e+01
2.099413052447228552e+02 3.283740432948546099e-04 3.901555987774381862e+01
2.100160398090378635e+02 6.735877811176505827e-05 3.906266050333847062e+01
2.099650744735490377e+02 1.347175562235301165e-04 3.901784165635235269e+01
2.099516027179267041e+02 2.525954179191189516e-04 3.903033670969208657e+01
2.099142101762274137e+02 1.431374034875007302e-04 3.903427719821162611e+01
2.098423551996766889e+02 3.283740432948546099e-04 3.893471250431517205e+01
2.097505788644994027e+02 9.261831990367695342e-05 3.880305135264845973e+01
2.097765204139196840e+02 1.262977089595594758e-04 3.878742411612653029e+01
2.098226527570789983e+02 4.883511413102966216e-04 3.889956806183536031e+01
2.098202699403032909e+02 5.725496139500029207e-04 3.903976693862773573e+01
2.098366718027735089e+02 5.893893084779442022e-04 3.917056926587351739e+01
2.097593691850429707e+02 5.641297666860322800e-04 3.919794218932868546e+01
2.096215531250263098e+02 1.010381671676475806e-04 3.917185750250490628e+01
2.093910598061751216e+02 6.735877811176505827e-05 3.900882399993264471e+01
2.092403277004555093e+02 7.577862537573568547e-05 3.883370801653658333e+01
2.091428342889859948e+02 0.000000000000000000e+00 3.867457290324753671e+01
2.091424722355536403e+02 2.525954179191189516e-04 3.869553832293482287e+01
2.091923935099817413e+02 3.788931268786784002e-04 3.879433681073025042e+01
2.092204568609125488e+02 2.441755706551483108e-04 3.882984330664241668e+01
2.092097973342763453e+02 9.261831990367695342e-05 3.886861670329300011e+01
2.092510630057170715e+02 3.367938905588252913e-05 3.872505830744230337e+01
2.092530248301295899e+02 3.957328214066196817e-04 3.878914176496838451e+01
2.093554185927067408e+02 0.000000000000000000e+00 3.883624239056303651e+01
2.094592437293187572e+02 1.178778616955888486e-04 3.892563590896460823e+01
2.095033553091346903e+02 9.261831990367695342e-05 3.881530223041754368e+01
2.094887721336735069e+02 1.094580144316182078e-04 3.875062938358298226e+01
2.094364006836916019e+02 4.209923631985315633e-05 3.850684112590197827e+01
2.094040347908089075e+02 1.683969452794126457e-05 3.845623784384551413e+01
2.093687051116892803e+02 0.000000000000000000e+00 3.836347638653834480e+01
2.093885338519959305e+02 9.261831990367695342e-05 3.849208955349549655e+01
2.094359881111756749e+02 3.367938905588252913e-05 3.853609167529700841e+01
2.095095691564154947e+02 1.515572507514713709e-04 3.857611962918992532e+01
2.095283538356614201e+02 3.788931268786784002e-04 3.857597649178644161e+01
2.095498412858790687e+02 2.357557233911776972e-04 3.862684078910808694e+01
2.095601303392356556e+02 1.094580144316182078e-04 3.877974521542179076e+01
2.095517694309025103e+02 6.735877811176505827e-05 3.884428334470013056e+01
2.094675456987210111e+02 0.000000000000000000e+00 3.878070507800988764e+01
2.093571446613958358e+02 0.000000000000000000e+00 3.870803337627455676e+01
2.092718684483063498e+02 0.000000000000000000e+00 3.873816800963230378e+01
2.092004007847297657e+02 3.536335850867665322e-04 3.856481177431441409e+01
2.091272996707839695e+02 2.778549597110308196e-04 3.851953825557604461e+01
2.091176926250557813e+02 1.683969452794126457e-05 3.859820488856332332e+01
2.089887342443608134e+02 1.178778616955888486e-04 3.859226889624222423e+01
2.090100448777859299e+02 1.683969452794126253e-04 3.858307442302996293e+01
2.091427332508188215e+02 2.525954179191189516e-05 3.862023962885313466e+01
2.092803135551121159e+02 3.367938905588252913e-05 3.865743009421809262e+01
2.093957328214066251e+02 0.000000000000000000e+00 3.868147717800398766e+01
2.094759739658322530e+02 0.000000000000000000e+00 3.867978478870393388e+01
2.095004673015231447e+02 0.000000000000000000e+00 3.864735153704312154e+01
2.094513543324324019e+02 0.000000000000000000e+00 3.855119688128857547e+01
2.094114274167066583e+02 0.000000000000000000e+00 3.845590946980221503e+01
2.094271893707848164e+02 2.273358761272070564e-04 3.849194641609201284e+01
2.094745594314919117e+02 3.367938905588252913e-05 3.854264231646838113e+01
2.095492939958069201e+02 9.261831990367695342e-05 3.858277130852846426e+01
2.095164565914774357e+02 4.209923631985315633e-05 3.847832310321890503e+01
2.095402342401508804e+02 8.419847263970631267e-05 3.851767746933070669e+01
2.094844190726380191e+02 0.000000000000000000e+00 3.843292328677157599e+01
2.094537455690553713e+02 1.431374034875007302e-04 3.841903053878602492e+01
2.094506723248040316e+02 1.683969452794126457e-05 3.836532875293642064e+01
2.093440265393585662e+02 4.209923631985315633e-05 3.831602212735860746e+01
2.092053684946154988e+02 1.178778616955888486e-04 3.826764168497983576e+01
2.090878442665050159e+02 1.683969452794126457e-05 3.824638999048557508e+01
2.089082994434481009e+02 1.683969452794126457e-05 3.813358929669016106e+01
2.088472050317007245e+02 0.000000000000000000e+00 3.804166140426212905e+01
2.087901774061818401e+02 0.000000000000000000e+00 3.805474584691033613e+01
2.087484570629888765e+02 2.525954179191189516e-05 3.808685914437511855e+01
2.088190069632136954e+02 0.000000000000000000e+00 3.821087507472614675e+01
2.089603509392339618e+02 1.683969452794126457e-05 3.835743093620281741e+01
2.090509653354888258e+02 0.000000000000000000e+00 3.852838751505047554e+01
2.088787962986351374e+02 1.347175562235301165e-04 3.842717253109028519e+01
2.088339185127181850e+02 6.735877811176505827e-05 3.830201150151136602e+01
2.087569526888782150e+02 2.525954179191189516e-05 3.827752658566773647e+01
2.087537026278343433e+02 3.367938905588252913e-05 3.827244099792029886e+01
2.087024257579967639e+02 6.735877811176505827e-05 3.821042040297388809e+01
2.087945220473700658e+02 0.000000000000000000e+00 3.821326631134910912e+01
2.088818948024282918e+02 3.367938905588252913e-05 3.833974083710121761e+01
2.089493630385544805e+02 0.000000000000000000e+00 3.838555322606448073e+01
2.090183047479518734e+02 2.189160288632364156e-04 3.848137950777572769e+01
2.091329662279926254e+02 1.178778616955888486e-04 3.851014170602945086e+01
2.090823629459361541e+02 1.936564870713245205e-04 3.851573248461272669e+01
2.090322648547155495e+02 3.115343487669133826e-04 3.849300731684726884e+01
2.089611424048767674e+02 1.515572507514713709e-04 3.842751774482810845e+01
2.088861636649911304e+02 0.000000000000000000e+00 3.839265957715527122e+01
2.088264585280423091e+02 1.683969452794126253e-04 3.834219101265502871e+01
2.087223302769287727e+02 4.209923631985315633e-05 3.825702425757997105e+01
2.086010423770912894e+02 3.367938905588252913e-05 3.819513838018978191e+01
2.084338915692069349e+02 8.419847263970632283e-06 3.807417885439558347e+01
2.084018708900620425e+02 0.000000000000000000e+00 3.811887982352000392e+01
2.083259743868246119e+02 1.852366398073539068e-04 3.815202876219825612e+01
2.084168666380391812e+02 2.525954179191189516e-05 3.804976129733006474e+01
2.085364284691875696e+02 1.683969452794126457e-05 3.812701339597699501e+01
2.086926166359342290e+02 0.000000000000000000e+00 3.804989601488629347e+01
2.087703149864861416e+02 3.367938905588252913e-05 3.807320215211296244e+01
2.086757937811008219e+02 0.000000000000000000e+00 3.805879579344430397e+01
2.086546936438573141e+02 8.419847263970632283e-06 3.805793696902338041e+01
2.085728695681460465e+02 0.000000000000000000e+00 3.796691842009985862e+01
2.083726540200560748e+02 0.000000000000000000e+00 3.787340759638620113e+01
2.083371727836857019e+02 0.000000000000000000e+00 3.788134751235612896e+01
2.083161821044566295e+02 0.000000000000000000e+00 3.787659029865198335e+01
2.081990283496257348e+02 1.683969452794126457e-05 3.783359855852214793e+01
2.081844367543172893e+02 5.893893084779442429e-05 3.785459765759848949e+01
2.082620593262438149e+02 2.525954179191189516e-05 3.793944445847752434e+01
2.082114981434236824e+02 0.000000000000000000e+00 3.795314354997600503e+01
2.082494042958060732e+02 5.893893084779442429e-05 3.798622512987614641e+01
2.083328702417338150e+02 2.104961815992658020e-04 3.803409196157181782e+01
2.084094066533633054e+02 0.000000000000000000e+00 3.815314018203709878e+01
2.083668274857494112e+02 0.000000000000000000e+00 3.810907912130473818e+01
2.082654272651494125e+02 0.000000000000000000e+00 3.799145385502706773e+01
2.081213720983101325e+02 0.000000000000000000e+00 3.787827426810477505e+01
2.080286611600865569e+02 0.000000000000000000e+00 3.775396364309951736e+01
2.078836966497427738e+02 0.000000000000000000e+00 3.758903567489285535e+01
2.077889649481758454e+02 0.000000000000000000e+00 3.744839896604275253e+01
2.077981762610826308e+02 8.419847263970632283e-06 3.750658853048405916e+01
2.077373933836840081e+02 0.000000000000000000e+00 3.748726498101324722e+01
2.076052354610287409e+02 0.000000000000000000e+00 3.731656941743077027e+01
2.074438775080620019e+02 0.000000000000000000e+00 3.723757441040019245e+01
2.074124209586838106e+02 0.000000000000000000e+00 3.721247484570629638e+01
2.074204366532790971e+02 0.000000000000000000e+00 3.721378834187947859e+01
2.074591847903878943e+02 8.419847263970632283e-06 3.719295763974841407e+01
2.076115756060185049e+02 0.000000000000000000e+00 3.734778179123830455e+01
2.076438488805813165e+02 7.577862537573568547e-05 3.753930805695184603e+01
2.077100204602288613e+02 5.051908358382379031e-05 3.755667820185741590e+01
2.078184091540579459e+02 0.000000000000000000e+00 3.764798302558791931e+01
2.078851448634721635e+02 6.735877811176505827e-05 3.771231065868465038e+01
2.079192536647385339e+02 0.000000000000000000e+00 3.794657606911010816e+01
2.080198455800011743e+02 0.000000000000000000e+00 3.802542793873718807e+01
2.080924330832638702e+02 4.209923631985315633e-05 3.812753542650736449e+01
2.080269014120083853e+02 2.525954179191189516e-05 3.816447329645440334e+01
2.079812153207540746e+02 1.683969452794126457e-05 3.807536605285979903e+01
2.079175191762021484e+02 0.000000000000000000e+00 3.792594744331337608e+01
2.078828378253218432e+02 1.094580144316182078e-04 3.768705111689273934e+01
2.077748785437032097e+02 1.515572507514713709e-04 3.755949043084358152e+01
2.077733040322648606e+02 1.683969452794126457e-05 3.749221585120445610e+01
2.076938459336347762e+02 8.419847263970632283e-06 3.742478129446731572e+01
2.076153140182037191e+02 0.000000000000000000e+00 3.732643747842413973e+01
2.075717918276962450e+02 3.367938905588252913e-05 3.733232295166165926e+01
2.076093190869517571e+02 0.000000000000000000e+00 3.730020123434960766e+01
2.075380703394040438e+02 1.683969452794126457e-05 3.727188528800087397e+01
2.074073690503254284e+02 0.000000000000000000e+00 3.713567741881162476e+01
2.073737065009640617e+02 0.000000000000000000e+00 3.723975515084156029e+01
2.074180622563506802e+02 0.000000000000000000e+00 3.731977737923833871e+01
2.074791987673343669e+02 8.419847263970632283e-06 3.739209544738858426e+01
2.074756540116362373e+02 1.683969452794126457e-05 3.738752347032424694e+01
2.074610118972441910e+02 4.209923631985315633e-05 3.746298214150395012e+01
2.074064681266681873e+02 1.683969452794126457e-05 3.735849183695808051e+01
2.072916298298348750e+02 0.000000000000000000e+00 3.718159084594205410e+01
2.073188427761920423e+02 0.000000000000000000e+00 3.708767586955972462e+01
2.073624828445612138e+02 8.419847263970632283e-06 3.714507396835821140e+01
2.073635100659274144e+02 0.000000000000000000e+00 3.704034790808894684e+01
2.073315735852551711e+02 1.683969452794126457e-05 3.698865846573543337e+01
2.073403975851878158e+02 0.000000000000000000e+00 3.706189429723745121e+01
2.073255702341559470e+02 8.419847263970632283e-06 3.700128823663138888e+01
2.073347310279791600e+02 1.683969452794126457e-05 3.706571690789529328e+01
2.073250482036255846e+02 1.683969452794126457e-05 3.704942450343951066e+01
2.073309420967103733e+02 0.000000000000000000e+00 3.698241935891282850e+01
2.072807092879335187e+02 2.525954179191189516e-05 3.693192553487079977e+01
2.071573837850581299e+02 0.000000000000000000e+00 3.696457770256047581e+01
2.070996152129800407e+02 8.419847263970632283e-06 3.685308208509097483e+01
2.070079062365808795e+02 0.000000000000000000e+00 3.681936059679877360e+01
2.069251391379760321e+02 0.000000000000000000e+00 3.667775560551331893e+01
2.069240361379844444e+02 0.000000000000000000e+00 3.664970909427702850e+01
2.068601210774036474e+02 8.419847263970632283e-06 3.660446925492771442e+01
2.067844266505005635e+02 0.000000000000000000e+00 3.644964510343782393e+01
2.068225432990645629e+02 0.000000000000000000e+00 3.651981611053575705e+01
2.069280776646711502e+02 0.000000000000000000e+00 3.669370279623127828e+01
2.070170838700985882e+02 0.000000000000000000e+00 3.682837825321848868e+01
2.070148610304209171e+02 0.000000000000000000e+00 3.689732838246314373e+01
2.070168396945279312e+02 0.000000000000000000e+00 3.699572271758990638e+01
2.071035641213468352e+02 0.000000000000000000e+00 3.707175393838355859e+01
2.070768311062837199e+02 1.683969452794126457e-05 3.701528202278410618e+01
2.070441115798159331e+02 2.525954179191189516e-05 3.703492552645094804e+01
2.070538112438640326e+02 0.000000000000000000e+00 3.714173970884168341e+01
2.070496013202320569e+02 0.000000000000000000e+00 3.706535485446293876e+01
2.070688659307720059e+02 0.000000000000000000e+00 3.704629232025730801e+01
2.070331405188309759e+02 1.683969452794126457e-05 3.704531561797468697e+01
2.070053129236235634e+02 0.000000000000000000e+00 3.709221416723500653e+01
2.069444626874468440e+02 1.262977089595594758e-04 3.702099909907634157e+01
2.069354618707216673e+02 1.347175562235301165e-04 3.704566083171251023e+01
2.069410273897631498e+02 1.683969452794126457e-05 3.707188865593978022e+01
2.068914176496838309e+02 8.419847263970632283e-06 3.699049399243897795e+01
2.068140139937861477e+02 2.441755706551483108e-04 3.693556290888883353e+01
2.067556055133159987e+02 0.000000000000000000e+00 3.693227916845588510e+01
2.066724342620424864e+02 0.000000000000000000e+00 3.686886929871091922e+01
2.066115840258657670e+02 0.000000000000000000e+00 3.691623935941802159e+01
2.066635513231790071e+02 8.419847263970632283e-06 3.669390487256561073e+01
2.067128411090622819e+02 8.419847263970632283e-06 3.651782060673419039e+01
2.066939469718019211e+02 0.000000000000000000e+00 3.641679927926107752e+01
2.066425438042553822e+02 8.419847263970632283e-06 3.627887376122997409e+01
2.066792795978680886e+02 0.000000000000000000e+00 3.632147818838566167e+01
2.064629737216566809e+02 0.000000000000000000e+00 3.643437150050097983e+01
2.062998139213754598e+02 0.000000000000000000e+00 3.651775324795607958e+01
2.062440576927934615e+02 0.000000000000000000e+00 3.669515100996068213e+01
2.062725841353237968e+02 1.683969452794126457e-05 3.679558294812532182e+01
2.062348632195812002e+02 0.000000000000000000e+00 3.681183325334478695e+01
2.061359552737713443e+02 8.419847263970632283e-06 3.674688255155051309e+01
2.060644623506529456e+02 0.000000000000000000e+00 3.675194287975616447e+01
2.060533481522645047e+02 0.000000000000000000e+00 3.664565072789579858e+01
2.060826829001321983e+02 4.209923631985315633e-05 3.668922343748684511e+01
2.061488965790160535e+02 6.735877811176505827e-05 3.674024771190650540e+01
2.062717168910556040e+02 5.893893084779442429e-05 3.675273434539897721e+01
2.063234821120344975e+02 8.419847263970632283e-06 3.660473869004016478e+01
2.064101981190061110e+02 1.683969452794126457e-05 3.647901353069455155e+01
2.063893337374859982e+02 0.000000000000000000e+00 3.641212626402957397e+01
2.062180235250532689e+02 8.419847263970632283e-06 3.626418112775434111e+01
2.060974934114695145e+02 8.419847263970631267e-05 3.616644354071416956e+01
2.059730396490607802e+02 0.000000000000000000e+00 3.606628945750924231e+01
2.059761718322429545e+02 0.000000000000000000e+00 3.610872548771965285e+01
2.059889194810006074e+02 8.419847263970632283e-06 3.625480983774954069e+01
2.060292084501587055e+02 0.000000000000000000e+00 3.626014802091489742e+01
2.059662532521660125e+02 8.419847263970632283e-06 3.631008613503750837e+01
2.058816169474685864e+02 0.000000000000000000e+00 3.606756927429336201e+01
2.057281652310826985e+02 0.000000000000000000e+00 3.601515572507514662e+01
2.057083449106233104e+02 5.051908358382379031e-05 3.594105264930494315e+01
2.057557486507194824e+02 0.000000000000000000e+00 3.595151851945405497e+01
2.057315163302937719e+02 0.000000000000000000e+00 3.612412538836545650e+01
2.058277636043682151e+02 0.000000000000000000e+00 3.628609799018245496e+01
2.058759167108708539e+02 0.000000000000000000e+00 3.632182340212348493e+01
2.057865737115528759e+02 0.000000000000000000e+00 3.636600234071753590e+01
2.057933432687530910e+02 8.419847263970632283e-06 3.633235663105071467e+01
2.058994333442791458e+02 0.000000000000000000e+00 3.637160995899534299e+01
2.059967162595670516e+02 0.000000000000000000e+00 3.638844965352328842e+01
2.060220179005952730e+02 8.419847263970632283e-06 3.635122550876926795e+01
2.061775324795608242e+02 0.000000000000000000e+00 3.651904990443473054e+01
2.061959045862907942e+02 0.000000000000000000e+00 3.650614227857906968e+01
2.060539207018784680e+02 0.000000000000000000e+00 3.639370363821600307e+01
2.058961327641516448e+02 0.000000000000000000e+00 3.622937347916509054e+01
2.057278621165812069e+02 0.000000000000000000e+00 3.616358079264442438e+01
2.056887182466510069e+02 0.000000000000000000e+00 3.616923051015854895e+01
2.055999393770997017e+02 0.000000000000000000e+00 3.609815857940336770e+01
2.054899172329014050e+02 0.000000000000000000e+00 3.589001995503801368e+01
2.054564146606380461e+02 0.000000000000000000e+00 3.583620871117398110e+01
2.054388676989399301e+02 0.000000000000000000e+00 3.576256872700329126e+01
2.054311214394570868e+02 0.000000000000000000e+00 3.569303762829742510e+01
2.054782220650517388e+02 0.000000000000000000e+00 3.567453080401121213e+01
2.054230552257781994e+02 0.000000000000000000e+00 3.569014120083861741e+01
2.053902683405323160e+02 0.000000000000000000e+00 3.567314152921265702e+01
2.054031759663879768e+02 0.000000000000000000e+00 3.576963297885776427e+01
2.053924238214318905e+02 0.000000000000000000e+00 3.576831106283731998e+01
2.054172034319297495e+02 0.000000000000000000e+00 3.572616972728114604e+01
2.054263473860584099e+02 0.000000000000000000e+00 3.567086817045138503e+01
2.054202598364865651e+02 1.683969452794126457e-05 3.564383204088677815e+01
2.055519462476950707e+02 0.000000000000000000e+00 3.566872952924634177e+01
2.056689231857334050e+02 0.000000000000000000e+00 3.566512583461736341e+01
2.055711940185404956e+02 0.000000000000000000e+00 3.559168792678100601e+01
2.056290046898549235e+02 0.000000000000000000e+00 3.569430060538702065e+01
2.057062146892655505e+02 0.000000000000000000e+00 3.590956242053768932e+01
2.057412833531199681e+02 0.000000000000000000e+00 3.601692389300058039e+01
2.057513534904476842e+02 0.000000000000000000e+00 3.604676383170409082e+01
2.058142244899677564e+02 0.000000000000000000e+00 3.616343765524093357e+01
2.057363409027760213e+02 8.419847263970632283e-06 3.616978622007796673e+01
2.055687185834449053e+02 0.000000000000000000e+00 3.616382496821507431e+01
2.055103522022110383e+02 0.000000000000000000e+00 3.605893893084779478e+01
2.053168472723904756e+02 0.000000000000000000e+00 3.592857443565974052e+01
2.051001204038158789e+02 0.000000000000000000e+00 3.581802184108380516e+01
2.050519336179241634e+02 0.000000000000000000e+00 3.587117633686124663e+01
2.051117145334983718e+02 8.419847263970632283e-06 3.600092618319903437e+01
2.050929803733360188e+02 0.000000000000000000e+00 3.605961251862891004e+01
2.050957589229331290e+02 0.000000000000000000e+00 3.609262673975094060e+01
2.051695420445073239e+02 0.000000000000000000e+00 3.603658423636195351e+01
2.049969014962068456e+02 0.000000000000000000e+00 3.593676694704758035e+01
2.048776091001709290e+02 0.000000000000000000e+00 3.572867884176581299e+01
2.047311121776251071e+02 1.683969452794126457e-05 3.563169062113212959e+01
2.046720553689156077e+02 3.367938905588252913e-05 3.562439061355426873e+01
2.046050502243889184e+02 8.419847263970631267e-05 3.555709077437334997e+01
2.047554539560652245e+02 2.525954179191189516e-05 3.570727559002079943e+01
2.048857342527806509e+02 0.000000000000000000e+00 3.574699200956494849e+01
2.049733090841732235e+02 0.000000000000000000e+00 3.571805299451867910e+01
2.049557873820168936e+02 0.000000000000000000e+00 3.573964990275076303e+01
2.049305615196140309e+02 0.000000000000000000e+00 3.568207498715973003e+01
2.049443448095851465e+02 0.000000000000000000e+00 3.556631050712739750e+01
2.049382488401660396e+02 0.000000000000000000e+00 3.555209780494581651e+01
2.048691555735179008e+02 0.000000000000000000e+00 3.543282224860440976e+01
2.048813222528143285e+02 0.000000000000000000e+00 3.543181186693273332e+01
2.048280667188697066e+02 0.000000000000000000e+00 3.535188225685585905e+01
2.048059309404127362e+02 0.000000000000000000e+00 3.535836553924912096e+01
2.047040423686714234e+02 0.000000000000000000e+00 3.536632229491357293e+01
2.046395547584766916e+02 0.000000000000000000e+00 3.539342578325629063e+01
2.044713598895316125e+02 0.000000000000000000e+00 3.533521095927319777e+01
2.042794884100802335e+02 0.000000000000000000e+00 3.517834920474542315e+01
2.043179839517711116e+02 0.000000000000000000e+00 3.521386412050485148e+01
2.043996143709953230e+02 8.419847263970632283e-06 3.520467806713985937e+01
2.044281576532201825e+02 0.000000000000000000e+00 3.517663997575083812e+01
2.045411183241135973e+02 0.000000000000000000e+00 3.519130734968467777e+01
2.045631278048616082e+02 0.000000000000000000e+00 3.526922461626546124e+01
2.044488031187114245e+02 0.000000000000000000e+00 3.528594643293170918e+01
2.043441444172202637e+02 0.000000000000000000e+00 3.517933432687531337e+01
2.043568162873525580e+02 0.000000000000000000e+00 3.518634805964619972e+01
2.043676357910867409e+02 2.778549597110308196e-04 3.513740348750073395e+01
2.043806612948040993e+02 0.000000000000000000e+00 3.519742857864558516e+01
2.043491289668005493e+02 0.000000000000000000e+00 3.520801232665639446e+01
2.043371643638384398e+02 0.000000000000000000e+00 3.527625518873087884e+01
2.042601901201512078e+02 0.000000000000000000e+00 3.518444517416453721e+01
2.041405188309884124e+02 1.683969452794126457e-05 3.516786649490178007e+01
2.040945296252326102e+02 0.000000000000000000e+00 3.514420672409002577e+01
2.042457585019407702e+02 8.419847263970632283e-06 3.516130743388315238e+01
2.042973974252107041e+02 0.000000000000000000e+00 3.511288489226805609e+01
2.043715426002172251e+02 0.000000000000000000e+00 3.514701895307619139e+01
2.043867572642232346e+02 0.000000000000000000e+00 3.515135517441713375e+01
2.043662801956772626e+02 0.000000000000000000e+00 3.511552030446167549e+01
2.040211843357161570e+02 0.000000000000000000e+00 3.501545883957665239e+01
2.037017437503683652e+02 0.000000000000000000e+00 3.480382597859674831e+01
2.035478626217720546e+02 0.000000000000000000e+00 3.475222915456313899e+01
2.034153763250734528e+02 1.683969452794126457e-05 3.470991942206168090e+01
2.033546860659947697e+02 0.000000000000000000e+00 3.474332095615785221e+01
2.032651325704951830e+02 2.525954179191189516e-05 3.479996968854985084e+01
2.032354441890423971e+02 0.000000000000000000e+00 3.482034571892865671e+01
2.031776840368115700e+02 8.419847263970632283e-06 3.482114560441873863e+01
2.031709397391531411e+02 8.419847263970632283e-06 3.484291932944336168e+01
2.032036171663845892e+02 0.000000000000000000e+00 3.487659029865198335e+01
2.031222056631892769e+02 0.000000000000000000e+00 3.473598726919093593e+01
2.031170948159000318e+02 0.000000000000000000e+00 3.462320341509005317e+01
2.031649616475957032e+02 0.000000000000000000e+00 3.467161753685788028e+01
2.031799910749618903e+02 0.000000000000000000e+00 3.466071383465104105e+01
2.031606759453383404e+02 0.000000000000000000e+00 3.465727853696733973e+01
2.032364293111722873e+02 0.000000000000000000e+00 3.470282149081815959e+01
2.033742285314944525e+02 0.000000000000000000e+00 3.476893413153485568e+01
2.034227942105130182e+02 0.000000000000000000e+00 3.479601236033578004e+01
2.034830045382976778e+02 0.000000000000000000e+00 3.487888891695504867e+01
2.035942223008074734e+02 0.000000000000000000e+00 3.494972509198682786e+01
2.034476327599417402e+02 0.000000000000000000e+00 3.501881835863497372e+01
2.032799936009160717e+02 0.000000000000000000e+00 3.505391228203120590e+01
2.031014170602945228e+02 0.000000000000000000e+00 3.500370473279614458e+01
2.030038226106578350e+02 0.000000000000000000e+00 3.490449367248478296e+01
2.029124251686074274e+02 0.000000000000000000e+00 3.495884378657370917e+01
2.029449594584354202e+02 0.000000000000000000e+00 3.476077529953606415e+01
2.028988018557343480e+02 0.000000000000000000e+00 3.455302398814485798e+01
2.028141066121060589e+02 0.000000000000000000e+00 3.436537085217273813e+01
2.028924701305918177e+02 0.000000000000000000e+00 3.435360832554497534e+01
2.029688634048178244e+02 0.000000000000000000e+00 3.439066407335371167e+01
2.029478137866579175e+02 0.000000000000000000e+00 3.417450975439305694e+01
2.028624533750957823e+02 0.000000000000000000e+00 3.408670758712437276e+01
2.028193353372569732e+02 0.000000000000000000e+00 3.401523150370051951e+01
2.027134810174543418e+02 0.000000000000000000e+00 3.392040718381368691e+01
2.026460043614808910e+02 0.000000000000000000e+00 3.389302584051124967e+01
2.026408598348025976e+02 0.000000000000000000e+00 3.383077790968872023e+01
2.025708572246499557e+02 0.000000000000000000e+00 3.395012082480823778e+01
2.025691900948916668e+02 0.000000000000000000e+00 3.396195913006138056e+01
2.025276549883384973e+02 0.000000000000000000e+00 3.398884370237524166e+01
2.025170712403277093e+02 8.419847263970632283e-06 3.396414829035001048e+01
2.026427122012006805e+02 0.000000000000000000e+00 3.403118711426574805e+01
2.027298997196190840e+02 0.000000000000000000e+00 3.409087541152003809e+01
2.027936632229491352e+02 0.000000000000000000e+00 3.413407764783146803e+01
2.029485547332171507e+02 0.000000000000000000e+00 3.414642114392044903e+01
2.029303257638906359e+02 0.000000000000000000e+00 3.417712832689215219e+01
2.029093182449670394e+02 0.000000000000000000e+00 3.432822248604410476e+01
2.028787878787878753e+02 0.000000000000000000e+00 3.451116892739565856e+01
2.027344548569888900e+02 0.000000000000000000e+00 3.449040558404270485e+01
2.025105879579344332e+02 0.000000000000000000e+00 3.447626024063923467e+01
2.023355645928582760e+02 0.000000000000000000e+00 3.445747556139331635e+01
2.023667938063603629e+02 0.000000000000000000e+00 3.424895804390108367e+01
2.024035464396675934e+02 0.000000000000000000e+00 3.406805762543467608e+01
2.023800298062593015e+02 0.000000000000000000e+00 3.401055848846901597e+01
2.024475401416218290e+02 0.000000000000000000e+00 3.387848476428637667e+01
2.025124992632633507e+02 0.000000000000000000e+00 3.393637121422617042e+01
2.023694292185539894e+02 0.000000000000000000e+00 3.407777412917729976e+01
2.023300159135113176e+02 0.000000000000000000e+00 3.410174543433782191e+01
2.022349726775956356e+02 0.000000000000000000e+00 3.416620778499078170e+01
2.021790480520683388e+02 0.000000000000000000e+00 3.413566057911709350e+01
2.021214983960190921e+02 0.000000000000000000e+00 3.415144779273703790e+01
2.022023036702114211e+02 0.000000000000000000e+00 3.406220583158621196e+01
2.022280431432973842e+02 0.000000000000000000e+00 3.392453290897303475e+01
2.022667828605589193e+02 0.000000000000000000e+00 3.375606018506824313e+01
2.023049163488174429e+02 0.000000000000000000e+00 3.379183611609285265e+01
2.023462156996472174e+02 2.610152651830895923e-04 3.376059006289625586e+01
2.023815116993777679e+02 0.000000000000000000e+00 3.385827713085284785e+01
2.024323423173103720e+02 0.000000000000000000e+00 3.389929020687564787e+01
2.024715367063241445e+02 0.000000000000000000e+00 3.398423804592184894e+01
2.025108658128941670e+02 0.000000000000000000e+00 3.404362322867463320e+01
2.024779947291756059e+02 0.000000000000000000e+00 3.405765069421640590e+01
2.022918403260164837e+02 9.261831990367695342e-05 3.387434219943250469e+01
2.020580885262741333e+02 2.525954179191189516e-05 3.369627926949404895e+01
2.018152685510284812e+02 0.000000000000000000e+00 3.345445283622554911e+01
2.015514494767064946e+02 0.000000000000000000e+00 3.325395101332861714e+01
2.014339252485959832e+02 0.000000000000000000e+00 3.318964021992641023e+01
2.013637626613453335e+02 0.000000000000000000e+00 3.328747042528648592e+01
2.014165130044540888e+02 0.000000000000000000e+00 3.343583655392491494e+01
2.014157636380475935e+02 0.000000000000000000e+00 3.343446411882088398e+01
2.014233078211961185e+02 8.419847263970632283e-06 3.345611996598381666e+01
2.014409726607559321e+02 0.000000000000000000e+00 3.349347040844678958e+01
2.014529962026488761e+02 0.000000000000000000e+00 3.341920735557857114e+01
2.013720141116640150e+02 0.000000000000000000e+00 3.336490776057322449e+01
2.013298643562605719e+02 0.000000000000000000e+00 3.327095910480183960e+01
2.012897943031313446e+02 0.000000000000000000e+00 3.322292387616088405e+01
2.012810124024350102e+02 0.000000000000000000e+00 3.321483240294021044e+01
2.012723652192949260e+02 0.000000000000000000e+00 3.323087221197807395e+01
2.012233280288295703e+02 2.525954179191189516e-04 3.340226662288345949e+01
2.011671676475788786e+02 0.000000000000000000e+00 3.348574098865846338e+01
2.011640523040912001e+02 0.000000000000000000e+00 3.345441073698923162e+01
2.011556156171326961e+02 0.000000000000000000e+00 3.345235629425682333e+01
2.011377992203221368e+02 0.000000000000000000e+00 3.329389476874889198e+01
2.011878215329173827e+02 0.000000000000000000e+00 3.315844468581340010e+01
2.011441983042427637e+02 0.000000000000000000e+00 3.303959854168245158e+01
2.011569543728476788e+02 0.000000000000000000e+00 3.305685922857359316e+01
2.010776562513156023e+02 0.000000000000000000e+00 3.296342418348530856e+01
2.008689450773362921e+02 0.000000000000000000e+00 3.291731709986780885e+01
2.007358778111764934e+02 0.000000000000000000e+00 3.279749425345423930e+01
2.006228666211994778e+02 3.367938905588252913e-05 3.279874039084931070e+01
2.005546321789722697e+02 0.000000000000000000e+00 3.277191475746629834e+01
2.005111268281593482e+02 0.000000000000000000e+00 3.275229651334124981e+01
2.004587806377192294e+02 0.000000000000000000e+00 3.277478592538331270e+01
2.005014271641112487e+02 0.000000000000000000e+00 3.295829649650155346e+01
2.004387666607727851e+02 0.000000000000000000e+00 3.292867547382690674e+01
2.003348825852299058e+02 8.419847263970632283e-06 3.281139542128705955e+01
2.003688061498564537e+02 0.000000000000000000e+00 3.284760918436939647e+01
2.003668022262076249e+02 0.000000000000000000e+00 3.291473220675776901e+01
2.003558059056808816e+02 0.000000000000000000e+00 3.295804390108363435e+01
2.003183544250507282e+02 0.000000000000000000e+00 3.290494834423703452e+01
2.003310852341138570e+02 0.000000000000000000e+00 3.296983168725319047e+01
2.003324239898288113e+02 0.000000000000000000e+00 3.304305909890794624e+01
2.003068108144518362e+02 0.000000000000000000e+00 3.287156364983539447e+01
2.003286013791709763e+02 0.000000000000000000e+00 3.269270925425412599e+01
2.003911608443422949e+02 0.000000000000000000e+00 3.275703688735086416e+01
2.003706248368654599e+02 0.000000000000000000e+00 3.275025049045610359e+01
2.004214386151035114e+02 0.000000000000000000e+00 3.270615575033468758e+01
2.004076300655906095e+02 0.000000000000000000e+00 3.269153889548443459e+01
2.004546801721016891e+02 0.000000000000000000e+00 3.267754510933171730e+01
2.004918285382303225e+02 0.000000000000000000e+00 3.264021150656326853e+01
2.004162183097998593e+02 0.000000000000000000e+00 3.262335497234079895e+01
2.002843635016460837e+02 0.000000000000000000e+00 3.253826399589111418e+01
2.001096264113768939e+02 0.000000000000000000e+00 3.241273249303257842e+01
1.998874434817752501e+02 0.000000000000000000e+00 3.241988936320694847e+01
1.997155270403394809e+02 0.000000000000000000e+00 3.243071728678841481e+01
1.996091843693955354e+02 0.000000000000000000e+00 3.240473363813180185e+01
1.995857519344599211e+02 0.000000000000000000e+00 3.236946289794303055e+01
1.996592908804634305e+02 0.000000000000000000e+00 3.232626908147886269e+01
1.997522459942576631e+02 0.000000000000000000e+00 3.240469153889548437e+01
1.998477102225365627e+02 0.000000000000000000e+00 3.245633888201268036e+01
1.997933095893640427e+02 0.000000000000000000e+00 3.239013362297608012e+01
1.997561107041518369e+02 0.000000000000000000e+00 3.233870519588774783e+01
1.996926924145595876e+02 0.000000000000000000e+00 3.225147557823301270e+01
1.996307054990022607e+02 0.000000000000000000e+00 3.223652192949219852e+01
1.996346123081327164e+02 0.000000000000000000e+00 3.220823124268525817e+01
1.994811605917468569e+02 0.000000000000000000e+00 3.218323271615852832e+01
1.994934619885995346e+02 1.683969452794126457e-05 3.219896941069489316e+01
1.995553815453787649e+02 0.000000000000000000e+00 3.220442547172194026e+01
1.996170148273510279e+02 0.000000000000000000e+00 3.217369302920845087e+01
1.997727735818872361e+02 0.000000000000000000e+00 3.231766399757508168e+01
1.998109744289238563e+02 0.000000000000000000e+00 3.233617924170855673e+01
1.998315693753315259e+02 0.000000000000000000e+00 3.239057145503380752e+01
1.998759588101071927e+02 0.000000000000000000e+00 3.232169710441452537e+01
1.997518334217417362e+02 0.000000000000000000e+00 3.220253942593481611e+01
1.996380728653582253e+02 0.000000000000000000e+00 3.212585987690183487e+01
1.994317697676964087e+02 0.000000000000000000e+00 3.192806082497663667e+01
1.993558395850699299e+02 0.000000000000000000e+00 3.194402485538912373e+01
1.994588816758864027e+02 0.000000000000000000e+00 3.201601454949607017e+01
1.994921400725790761e+02 0.000000000000000000e+00 3.211568870140695964e+01
1.994696759200787994e+02 0.000000000000000000e+00 3.211701903727466600e+01
1.995109415915195257e+02 0.000000000000000000e+00 3.210621637323499300e+01
1.995754376215615480e+02 0.000000000000000000e+00 3.216246095295831253e+01
1.994270799127703810e+02 0.000000000000000000e+00 3.186343849722566191e+01
1.993268079517037563e+02 0.000000000000000000e+00 3.164727575841774154e+01
1.992822501199828196e+02 0.000000000000000000e+00 3.163387136157350099e+01
1.992360756775871948e+02 0.000000000000000000e+00 3.156287520944369973e+01
1.991631429605866970e+02 0.000000000000000000e+00 3.155373125531502865e+01
1.990676282132242250e+02 0.000000000000000000e+00 3.165731221635639514e+01
1.989371626798689761e+02 0.000000000000000000e+00 3.164787356757348391e+01
1.989034159320349886e+02 0.000000000000000000e+00 3.174163698670506051e+01
1.989412126264029439e+02 0.000000000000000000e+00 3.179701432216019441e+01
1.988926216878425919e+02 1.683969452794126457e-05 3.182265275707898766e+01
1.989712883208298706e+02 0.000000000000000000e+00 3.183503835240428614e+01
1.990436737477582199e+02 0.000000000000000000e+00 3.174808658970926345e+01
1.991786775787887223e+02 0.000000000000000000e+00 3.176371382623119288e+01
1.993160726464421941e+02 0.000000000000000000e+00 3.173501898675558053e+01
1.993189269746646914e+02 0.000000000000000000e+00 3.173962464320897325e+01
1.991897665176353769e+02 0.000000000000000000e+00 3.173543997911878023e+01
1.990748019230931050e+02 0.000000000000000000e+00 3.171169600983438031e+01
1.988395682302323166e+02 0.000000000000000000e+00 3.173926258977662229e+01
1.986422743691429389e+02 0.000000000000000000e+00 3.160432611752422716e+01
1.985854319802638770e+02 0.000000000000000000e+00 3.162721126238769997e+01
1.983576666919261982e+02 0.000000000000000000e+00 3.152139904182138253e+01
1.980296547020637092e+02 1.683969452794126457e-05 3.139947123359182157e+01
1.978424814973856485e+02 0.000000000000000000e+00 3.139139660006567567e+01
1.978580245354349358e+02 1.683969452794126457e-05 3.142290366852745365e+01
1.978647098941625302e+02 8.419847263970632283e-06 3.148650719475948634e+01
1.979475864507817846e+02 0.000000000000000000e+00 3.150163766029284318e+01
1.981175242281105113e+02 0.000000000000000000e+00 3.154319802638780246e+01
1.981212037013648626e+02 8.419847263970632283e-06 3.151727331666203469e+01
1.981227697929559497e+02 0.000000000000000000e+00 3.146552493537767248e+01
1.981591772125253783e+02 0.000000000000000000e+00 3.141372603500972360e+01
1.982490675019155049e+02 0.000000000000000000e+00 3.143194658448895851e+01
1.982186718532925909e+02 0.000000000000000000e+00 3.149453972904931476e+01
1.981917872809787298e+02 0.000000000000000000e+00 3.143296538600789702e+01
1.982080796854345124e+02 0.000000000000000000e+00 3.134754603551491670e+01
1.982269569830003206e+02 0.000000000000000000e+00 3.138233684440964311e+01
1.981186693273384094e+02 0.000000000000000000e+00 3.127159059334663738e+01
1.982297439524446929e+02 0.000000000000000000e+00 3.133455421118661022e+01
1.982003755251879795e+02 1.683969452794126253e-04 3.128021251694494254e+01
1.981693652277147635e+02 0.000000000000000000e+00 3.119083583823789496e+01
1.981305160524388214e+02 0.000000000000000000e+00 3.123561258598769186e+01
1.981287057852770488e+02 0.000000000000000000e+00 3.114440038057709614e+01
1.980344540150041723e+02 0.000000000000000000e+00 3.106964897656756364e+01
1.978515665125834744e+02 0.000000000000000000e+00 3.090297809997726475e+01
1.977853612535468528e+02 0.000000000000000000e+00 3.080346392516439735e+01
1.977086143457357821e+02 0.000000000000000000e+00 3.070462333813264522e+01
1.976860407352210700e+02 0.000000000000000000e+00 3.070320038394503470e+01
1.977405592462552590e+02 0.000000000000000000e+00 3.070322564348682803e+01
1.978289592226797140e+02 3.199541960308840234e-04 3.073108691808330661e+01
1.978539577492064154e+02 6.735877811176505827e-05 3.078038512381385416e+01
1.978326555356285894e+02 0.000000000000000000e+00 3.075126929197504211e+01
1.978600452987782887e+02 0.000000000000000000e+00 3.093956233633921826e+01
1.979747909772916614e+02 0.000000000000000000e+00 3.097327540478415742e+01
1.980846952436282891e+02 0.000000000000000000e+00 3.111574764033780482e+01
1.980833396482187823e+02 0.000000000000000000e+00 3.116967676206353488e+01
1.980207549235056774e+02 0.000000000000000000e+00 3.116215783845681031e+01
1.979794724123704270e+02 0.000000000000000000e+00 3.101867522123148646e+01
1.979371458401744519e+02 0.000000000000000000e+00 3.093531031347091442e+01
1.978396440088576753e+02 0.000000000000000000e+00 3.093012368755630703e+01
1.978139971540916235e+02 0.000000000000000000e+00 3.081325620753239392e+01
1.978474660469659057e+02 0.000000000000000000e+00 3.075543711637070743e+01
1.978661581078919198e+02 0.000000000000000000e+00 3.080294189463403143e+01
1.979440837943199654e+02 0.000000000000000000e+00 3.078931016191366155e+01
1.980557225491929501e+02 0.000000000000000000e+00 3.085762038276625674e+01
1.980140443052362969e+02 0.000000000000000000e+00 3.075941128427930238e+01
1.979873702291040445e+02 0.000000000000000000e+00 3.071699209376341955e+01
1.979380467638316929e+02 0.000000000000000000e+00 3.059254675120193312e+01
1.978211456044187457e+02 0.000000000000000000e+00 3.052013606473178697e+01
1.975881094916938139e+02 0.000000000000000000e+00 3.034976045534533995e+01
1.974557326530096759e+02 0.000000000000000000e+00 3.027606995209107055e+01
1.974476411797890023e+02 0.000000000000000000e+00 3.025794202093173979e+01
1.974358702333139775e+02 0.000000000000000000e+00 3.030511000530450261e+01
1.973159800281222829e+02 0.000000000000000000e+00 3.033677705086429555e+01
1.972816438909798080e+02 8.419847263970632283e-06 3.029008057793831554e+01
1.973737738597421867e+02 0.000000000000000000e+00 3.036936185977586433e+01
1.974403748516001826e+02 0.000000000000000000e+00 3.046962540099522698e+01
1.974387498210782326e+02 0.000000000000000000e+00 3.044132629434102100e+01
1.974502850118298909e+02 0.000000000000000000e+00 3.040109626411376809e+01
1.974006500122087857e+02 0.000000000000000000e+00 3.037052379869829011e+01
1.973638889590542931e+02 0.000000000000000000e+00 3.037606405819798283e+01
1.973732770887536105e+02 0.000000000000000000e+00 3.039718945498328750e+01
1.973688482490927640e+02 0.000000000000000000e+00 3.037523049331885261e+01
1.974547643705743099e+02 0.000000000000000000e+00 3.045023449274630067e+01
1.975229903929542843e+02 0.000000000000000000e+00 3.053873550733789699e+01
1.976327262623456136e+02 0.000000000000000000e+00 3.053246272112624027e+01
1.976789512238248108e+02 0.000000000000000000e+00 3.051979927084122579e+01
1.976562428957538771e+02 0.000000000000000000e+00 3.053194911044313642e+01
1.976152887586619045e+02 0.000000000000000000e+00 3.057448617882071673e+01
1.975509021866343460e+02 0.000000000000000000e+00 3.056336356058501025e+01
1.975409162477792790e+02 0.000000000000000000e+00 3.054829203398250215e+01
1.974484158057372838e+02 0.000000000000000000e+00 3.044457635538491402e+01
1.973919354702905764e+02 0.000000000000000000e+00 3.038333038638679184e+01
1.973049921274428016e+02 0.000000000000000000e+00 3.037758805055276312e+01
1.971976138152853935e+02 0.000000000000000000e+00 3.033522779896772548e+01
1.971415292126600889e+02 0.000000000000000000e+00 3.030123687556307743e+01
1.971680433116943334e+02 0.000000000000000000e+00 3.038522485202118517e+01
1.970753492131652820e+02 0.000000000000000000e+00 3.014061986915557512e+01
1.970374346409356008e+02 0.000000000000000000e+00 3.002807177077807665e+01
1.970107100457197760e+02 0.000000000000000000e+00 2.997551508415637400e+01
1.970431180378387808e+02 0.000000000000000000e+00 3.000696321368730324e+01
1.970436905874527440e+02 0.000000000000000000e+00 2.999697727483223630e+01
1.970710214116715804e+02 0.000000000000000000e+00 3.004704168666380326e+01
1.971561629072048731e+02 0.000000000000000000e+00 3.012159101433899977e+01
1.972008891358710798e+02 0.000000000000000000e+00 3.012221408303653547e+01
1.971207742891543830e+02 0.000000000000000000e+00 3.004945818282856251e+01
1.970424865492939830e+02 0.000000000000000000e+00 2.999112548098377573e+01
1.970603282056463570e+02 0.000000000000000000e+00 3.003202067914488183e+01
1.970141453434034702e+02 0.000000000000000000e+00 3.003792299207692196e+01
1.969130819166940398e+02 0.000000000000000000e+00 3.006300571707629388e+01
1.968531578637163477e+02 0.000000000000000000e+00 3.010844763275994040e+01
1.968198405280928114e+02 0.000000000000000000e+00 3.012041223572204274e+01
1.967054653228590553e+02 0.000000000000000000e+00 3.004050788518696180e+01
1.966404051630503318e+02 0.000000000000000000e+00 3.006420975523504069e+01
1.965940118046258647e+02 0.000000000000000000e+00 3.000525398469271821e+01
1.966005708656444995e+02 0.000000000000000000e+00 3.002247257234753874e+01
1.964761676223193376e+02 0.000000000000000000e+00 2.991117061136510813e+01
1.964302036761053216e+02 0.000000000000000000e+00 2.993793730581727175e+01
1.963745737452322544e+02 0.000000000000000000e+00 2.996061195449914649e+01
1.962634317613478458e+02 0.000000000000000000e+00 2.986962708496468011e+01
1.961726573879949740e+02 0.000000000000000000e+00 2.984154689433933783e+01
1.961635723727971481e+02 0.000000000000000000e+00 2.984305404699958686e+01
1.961412850370894319e+02 0.000000000000000000e+00 2.961245968998122535e+01
1.961587983193984996e+02 0.000000000000000000e+00 2.947405424065607349e+01
1.962179982655114543e+02 0.000000000000000000e+00 2.931493596706155813e+01
1.960906143962548640e+02 0.000000000000000000e+00 2.919301657867926281e+01
1.959968004580397007e+02 0.000000000000000000e+00 2.902482170973418718e+01
1.958014515816683172e+02 0.000000000000000000e+00 2.903287950356580538e+01
1.955111099884647956e+02 0.000000000000000000e+00 2.896712891628146025e+01
1.953384357607752975e+02 0.000000000000000000e+00 2.890737326024905940e+01
1.952221408303653334e+02 0.000000000000000000e+00 2.893150454250760006e+01
1.952100162503052161e+02 0.000000000000000000e+00 2.899128545808179069e+01
1.951574679835307791e+02 0.000000000000000000e+00 2.901166990830786219e+01
1.951587225407731125e+02 0.000000000000000000e+00 2.896762568727003284e+01
1.951924019298290034e+02 0.000000000000000000e+00 2.896311264913654426e+01
1.952897437840477437e+02 0.000000000000000000e+00 2.900300588547323599e+01
1.952418685325048102e+02 0.000000000000000000e+00 2.898003654213712466e+01
1.951919051588404272e+02 0.000000000000000000e+00 2.897892512229828199e+01
1.951689947544351469e+02 0.000000000000000000e+00 2.897027793915818350e+01
1.952409928683893554e+02 0.000000000000000000e+00 2.898237725967651102e+01
1.951780208307021383e+02 0.000000000000000000e+00 2.895343824463024163e+01
1.951095758922933214e+02 0.000000000000000000e+00 2.886870932161290426e+01
1.948984650618437797e+02 0.000000000000000000e+00 2.879986023053541899e+01
1.945897429420630260e+02 0.000000000000000000e+00 2.862503052194633213e+01
1.943840544932514831e+02 0.000000000000000000e+00 2.849286417944378513e+01
1.942632633644025759e+02 0.000000000000000000e+00 2.837022068419678789e+01
1.942679447994813415e+02 0.000000000000000000e+00 2.836412471477767383e+01
1.941525086934923081e+02 0.000000000000000000e+00 2.837417801241085513e+01
1.940081083129151978e+02 0.000000000000000000e+00 2.836532033308915857e+01
1.939814763360192558e+02 0.000000000000000000e+00 2.838176429479569407e+01
1.939136292067661884e+02 0.000000000000000000e+00 2.827979994442900846e+01
1.937866747497200492e+02 0.000000000000000000e+00 2.826865206665151220e+01
1.936754654070575157e+02 0.000000000000000000e+00 2.814085562487896297e+01
1.935757828352993783e+02 0.000000000000000000e+00 2.800340161829464236e+01
1.934624769506681048e+02 0.000000000000000000e+00 2.794117052716663707e+01
1.933815790581558929e+02 0.000000000000000000e+00 2.790336541295140904e+01
1.933027692877651305e+02 0.000000000000000000e+00 2.786655384071332975e+01
1.932872851886466776e+02 0.000000000000000000e+00 2.784278461188714004e+01
1.932756910589641848e+02 0.000000000000000000e+00 2.787638822231764735e+01
1.933853258901883407e+02 0.000000000000000000e+00 2.796881288573425195e+01
1.935112699655628319e+02 0.000000000000000000e+00 2.799449341988936268e+01
1.935611659804491183e+02 0.000000000000000000e+00 2.800809989306793923e+01
1.935421876447161367e+02 0.000000000000000000e+00 2.793752473330133768e+01
1.935189909655038889e+02 0.000000000000000000e+00 2.795034816068436356e+01
1.934913907061725808e+02 0.000000000000000000e+00 2.791382286325326234e+01
1.934925694847895556e+02 0.000000000000000000e+00 2.793685956536748449e+01
1.934721597750216802e+02 0.000000000000000000e+00 2.791887477161164455e+01
1.934106275312165906e+02 0.000000000000000000e+00 2.797682016048229059e+01
1.932467773034597087e+02 0.000000000000000000e+00 2.793763419131576953e+01
1.931463032660587658e+02 0.000000000000000000e+00 2.791506058080106456e+01
1.930661126407167103e+02 0.000000000000000000e+00 2.786459201630082561e+01
1.930429243813517246e+02 0.000000000000000000e+00 2.785745198582097615e+01
1.930327111066205248e+02 0.000000000000000000e+00 2.784981518435255410e+01
1.930860255794959812e+02 0.000000000000000000e+00 2.774621738361665990e+01
1.931904653649582713e+02 0.000000000000000000e+00 2.781962161206395834e+01
1.932462384332348222e+02 0.000000000000000000e+00 2.788408396271691458e+01
1.933248713868330526e+02 0.000000000000000000e+00 2.790266656562850045e+01
1.932896595855751229e+02 0.000000000000000000e+00 2.784389603172598626e+01
1.931851187619456596e+02 0.000000000000000000e+00 2.779339378783668835e+01
1.930921131290678261e+02 0.000000000000000000e+00 2.769867050611701842e+01
1.930319785799085537e+02 0.000000000000000000e+00 2.763437655240933921e+01
1.929847348169104180e+02 0.000000000000000000e+00 2.760454503355309086e+01
1.929838170535586528e+02 0.000000000000000000e+00 2.745617890491466540e+01
1.929787314658112223e+02 0.000000000000000000e+00 2.749275472142935328e+01
1.930021639007468366e+02 0.000000000000000000e+00 2.748047016427122102e+01
1.930459892057558022e+02 0.000000000000000000e+00 2.750791044650449990e+01
1.931034209839433515e+02 0.000000000000000000e+00 2.754060471343049699e+01
1.930312207936547964e+02 0.000000000000000000e+00 2.748263406501806116e+01
1.929756413818653300e+02 0.000000000000000000e+00 2.753476133942930204e+01
1.929251222982815079e+02 0.000000000000000000e+00 2.754397265233608749e+01
1.928847575504980227e+02 0.000000000000000000e+00 2.748486532454301212e+01
1.927897564138186510e+02 0.000000000000000000e+00 2.744700127139693535e+01
1.927084291090959596e+02 0.000000000000000000e+00 2.753423930889893612e+01
1.926662288346089440e+02 0.000000000000000000e+00 2.760110973586939309e+01
1.926120892167016052e+02 0.000000000000000000e+00 2.763457020889640958e+01
1.925337425379103706e+02 0.000000000000000000e+00 2.760595114804617367e+01
1.924568945919320981e+02 0.000000000000000000e+00 2.760169912517786983e+01
1.924668721109399030e+02 0.000000000000000000e+00 2.752414391202943733e+01
1.925194877364924650e+02 0.000000000000000000e+00 2.737518839408253157e+01
1.925354265073631552e+02 0.000000000000000000e+00 2.726942669259979724e+01
1.925418676905200925e+02 0.000000000000000000e+00 2.723046805930940550e+01
1.925207422937347985e+02 0.000000000000000000e+00 2.719061692220903126e+01
1.925241102326403677e+02 0.000000000000000000e+00 2.722363956317832390e+01
1.924891173474113089e+02 0.000000000000000000e+00 2.727884008184091513e+01
1.924146606380560343e+02 0.000000000000000000e+00 2.725173659349819388e+01
1.924252864853031610e+02 0.000000000000000000e+00 2.726227824227268570e+01
1.924005405541943503e+02 0.000000000000000000e+00 2.724231478440981036e+01
1.925684154689433853e+02 0.000000000000000000e+00 2.729569661606338471e+01
1.927007165290021646e+02 0.000000000000000000e+00 2.737825321848661630e+01
1.927458469103370362e+02 0.000000000000000000e+00 2.743417784401390946e+01
1.927698434750393517e+02 0.000000000000000000e+00 2.739792198169525150e+01
1.927608847575504853e+02 0.000000000000000000e+00 2.735654685224010052e+01
1.928044574671415319e+02 0.000000000000000000e+00 2.728448137950777408e+01
1.927352126432426473e+02 0.000000000000000000e+00 2.699035927488275277e+01
1.926767115444525871e+02 0.000000000000000000e+00 2.686970286359005300e+01
1.926198270563371864e+02 0.000000000000000000e+00 2.674220953631900954e+01
1.924822635917384446e+02 0.000000000000000000e+00 2.663389662111529432e+01
1.922635748987513296e+02 0.000000000000000000e+00 2.681611053575488057e+01
1.921049449762981283e+02 0.000000000000000000e+00 2.688237473372232955e+01
1.921106957319794333e+02 0.000000000000000000e+00 2.699771822139146238e+01
1.920316502058652759e+02 0.000000000000000000e+00 2.705162208357540266e+01
1.920333004959290122e+02 0.000000000000000000e+00 2.707465878568962836e+01
1.921366036020106662e+02 2.862748069750014604e-04 2.713763082337686328e+01
1.922934232573021234e+02 0.000000000000000000e+00 2.716106325831249535e+01
1.923145402342401553e+02 0.000000000000000000e+00 2.712031961740213859e+01
1.923338890432527535e+02 0.000000000000000000e+00 2.709359502218629601e+01
1.922675153872708620e+02 0.000000000000000000e+00 2.705980617511598396e+01
1.921320568844881223e+02 0.000000000000000000e+00 2.693613545850278257e+01
1.919445974050030657e+02 0.000000000000000000e+00 2.674943376527149752e+01
1.918502193370212296e+02 0.000000000000000000e+00 2.672333223875319064e+01
1.918288581845125407e+02 0.000000000000000000e+00 2.665066053701785975e+01
1.918377832226123303e+02 0.000000000000000000e+00 2.663201899517542870e+01
1.918591948942046201e+02 0.000000000000000000e+00 2.676234981097442756e+01
1.918939772832520703e+02 0.000000000000000000e+00 2.679448836798100331e+01
1.919022624129598285e+02 0.000000000000000000e+00 2.683231032189076259e+01
1.918870140695647706e+02 0.000000000000000000e+00 2.680215884883848076e+01
1.919562673133109456e+02 0.000000000000000000e+00 2.686305960409878324e+01
1.920079062365808795e+02 0.000000000000000000e+00 2.699899803817558919e+01
1.919911591603728311e+02 0.000000000000000000e+00 2.702756657994223843e+01
1.919495145958052262e+02 0.000000000000000000e+00 2.702180740441368556e+01
1.919189589700842760e+02 0.000000000000000000e+00 2.700841142741670708e+01
1.918139129556189744e+02 0.000000000000000000e+00 2.687975616122323430e+01
1.913830946306634075e+02 0.000000000000000000e+00 2.661718322429631201e+01
1.910692111445098362e+02 0.000000000000000000e+00 2.638657202758341924e+01
1.909929104886037408e+02 0.000000000000000000e+00 2.627409970783130078e+01
1.909462813744558787e+02 0.000000000000000000e+00 2.628779037948251585e+01
1.909341652142430235e+02 0.000000000000000000e+00 2.627287882997802271e+01
1.910405920836595897e+02 0.000000000000000000e+00 2.626481261629913888e+01
1.912003081664098545e+02 0.000000000000000000e+00 2.632556181430868847e+01
1.913016662877735428e+02 0.000000000000000000e+00 2.633686124933693762e+01
1.913070381503279407e+02 0.000000000000000000e+00 2.639586753896284321e+01
1.913436560660789496e+02 0.000000000000000000e+00 2.634907844771695906e+01
1.912163816548367947e+02 0.000000000000000000e+00 2.642969006542221422e+01
1.910633930300504346e+02 0.000000000000000000e+00 2.640441368393577193e+01
1.909505165576296406e+02 0.000000000000000000e+00 2.636793890558825382e+01
1.907604469254927722e+02 0.000000000000000000e+00 2.630574991369656601e+01
1.907391447119149177e+02 0.000000000000000000e+00 2.637290661547399395e+01
1.907548645667567655e+02 0.000000000000000000e+00 2.628462451691126489e+01
1.907078060403984239e+02 0.000000000000000000e+00 2.621809930367863117e+01
1.907482297271127436e+02 0.000000000000000000e+00 2.620451809004184796e+01
1.908349541539316476e+02 0.000000000000000000e+00 2.626493891400809844e+01
1.908384315508516806e+02 0.000000000000000000e+00 2.622885986848198669e+01
1.908750242070608749e+02 0.000000000000000000e+00 2.613295780814535973e+01
1.908659307720157869e+02 0.000000000000000000e+00 2.598982040465785914e+01
1.907774886963550500e+02 0.000000000000000000e+00 2.587443481775240528e+01
1.906813761398368285e+02 0.000000000000000000e+00 2.575877137588724253e+01
1.905688785605429132e+02 0.000000000000000000e+00 2.561739372047791008e+01
1.903331144173044720e+02 0.000000000000000000e+00 2.571904653649582784e+01
1.900443641752338522e+02 0.000000000000000000e+00 2.573975936076519488e+01
1.898588917797031286e+02 0.000000000000000000e+00 2.572054526930881480e+01
1.898347857569863777e+02 0.000000000000000000e+00 2.575987437587882312e+01
1.898223075433411680e+02 0.000000000000000000e+00 2.578786194818426125e+01
1.897998265511463671e+02 0.000000000000000000e+00 2.565683228506235025e+01
1.898807749627421799e+02 0.000000000000000000e+00 2.559735448398966184e+01
1.900232471982958202e+02 0.000000000000000000e+00 2.562652925475931909e+01
1.901328820295199762e+02 0.000000000000000000e+00 2.562707654483147834e+01
1.901689105559625261e+02 0.000000000000000000e+00 2.556701777429757527e+01
1.900497528774828027e+02 0.000000000000000000e+00 2.553529178980693359e+01
1.899469718019315110e+02 0.000000000000000000e+00 2.555048961411840125e+01
1.898976988557427603e+02 0.000000000000000000e+00 2.549171908021588351e+01
1.898225938181481354e+02 0.000000000000000000e+00 2.544158730960620218e+01
1.897916592993003064e+02 0.000000000000000000e+00 2.542072292808608580e+01
1.897386395210790795e+02 0.000000000000000000e+00 2.557675111773472310e+01
1.896532201705861098e+02 0.000000000000000000e+00 2.555895998046595352e+01
1.895954010794244198e+02 0.000000000000000000e+00 2.559855852214840866e+01
1.895632035834869953e+02 0.000000000000000000e+00 2.554106780503001772e+01
1.894615086682327671e+02 0.000000000000000000e+00 2.556669782010154179e+01
1.893841050123350840e+02 0.000000000000000000e+00 2.551925198076907009e+01
1.893891906000825145e+02 0.000000000000000000e+00 2.552642569063797140e+01
1.893818316535738120e+02 0.000000000000000000e+00 2.549134860693627047e+01
1.893862689130819206e+02 0.000000000000000000e+00 2.551346754569872033e+01
1.892148660823292801e+02 0.000000000000000000e+00 2.545359401180462555e+01
1.890609681140384168e+02 0.000000000000000000e+00 2.514724628895231717e+01
1.888675389628432129e+02 0.000000000000000000e+00 2.491005077167900339e+01
1.886281542852812549e+02 0.000000000000000000e+00 2.469277661303224036e+01
1.885702257361051579e+02 0.000000000000000000e+00 2.463909166687716379e+01
1.885896166443540665e+02 0.000000000000000000e+00 2.456801973612198609e+01
1.887112160785403319e+02 0.000000000000000000e+00 2.488453021462190762e+01
1.887914151237296494e+02 0.000000000000000000e+00 2.511469515942980735e+01
1.888435676576826836e+02 0.000000000000000000e+00 2.528526442530332474e+01
1.888666043597969235e+02 0.000000000000000000e+00 2.535461028736938616e+01
1.888528547492148562e+02 0.000000000000000000e+00 2.534092803556543316e+01
1.886671550178079713e+02 0.000000000000000000e+00 2.517120917426557725e+01
1.886013791709818292e+02 0.000000000000000000e+00 2.514259011341534134e+01
1.885405794538887108e+02 0.000000000000000000e+00 2.512255929677435518e+01
1.885065464312477275e+02 0.000000000000000000e+00 2.510088660991689480e+01
1.884557663323987242e+02 0.000000000000000000e+00 2.500625594651712902e+01
1.885812978352572600e+02 0.000000000000000000e+00 2.493179081731457458e+01
1.887158890937718354e+02 0.000000000000000000e+00 2.483628448979935399e+01
1.887447018111091381e+02 0.000000000000000000e+00 2.479300647486254761e+01
1.887530374599004688e+02 0.000000000000000000e+00 2.477951787954566498e+01
1.887628129025739554e+02 0.000000000000000000e+00 2.475057886449939915e+01
1.886787996665740366e+02 0.000000000000000000e+00 2.471824665100574947e+01
1.885365463470492671e+02 0.000000000000000000e+00 2.463654887300344498e+01
1.884815479047209976e+02 0.000000000000000000e+00 2.464277955997878067e+01
1.883700775467933113e+02 0.000000000000000000e+00 2.460670051445266893e+01
1.883443717530963966e+02 0.000000000000000000e+00 2.456616736972391379e+01
1.881709902582367135e+02 0.000000000000000000e+00 2.461597918613756519e+01
1.879695201529044368e+02 0.000000000000000000e+00 2.456295098806907617e+01
1.877256813761398462e+02 0.000000000000000000e+00 2.447819680550994903e+01
1.874883427214630274e+02 0.000000000000000000e+00 2.436525297431104775e+01
1.874066449434607193e+02 0.000000000000000000e+00 2.436834305825692226e+01
1.874499903171756330e+02 0.000000000000000000e+00 2.441815487467057366e+01
1.874862293397997632e+02 0.000000000000000000e+00 2.441556998156053382e+01
1.875424402401340558e+02 0.000000000000000000e+00 2.446344523310347085e+01
1.875762543467461398e+02 0.000000000000000000e+00 2.445292042402350674e+01
1.876634671247063579e+02 0.000000000000000000e+00 2.455550784308772805e+01
1.876433857889817887e+02 0.000000000000000000e+00 2.448859531688095004e+01
1.876268323692608249e+02 0.000000000000000000e+00 2.444768327902531979e+01
1.875932287588303211e+02 0.000000000000000000e+00 2.447887881313832992e+01
1.875739725681376058e+02 0.000000000000000000e+00 2.443294854631336932e+01
1.875779972551297874e+02 0.000000000000000000e+00 2.441001288236631339e+01
1.877481792080291711e+02 0.000000000000000000e+00 2.432770887536100091e+01
1.878771291688768770e+02 0.000000000000000000e+00 2.421275270066600882e+01
1.880242744196620208e+02 0.000000000000000000e+00 2.414941860954642294e+01
1.881818771207490215e+02 0.000000000000000000e+00 2.410105500686217539e+01
1.882855254405685059e+02 0.000000000000000000e+00 2.423494741805383512e+01
1.881805131054922526e+02 0.000000000000000000e+00 2.440081840915405920e+01
1.880997920297725727e+02 0.000000000000000000e+00 2.449854757634696512e+01
1.879812658398376755e+02 0.000000000000000000e+00 2.457120243838776830e+01
1.879554337484318012e+02 0.000000000000000000e+00 2.460139601067636761e+01
1.878577298407806779e+02 0.000000000000000000e+00 2.458269552990308782e+01
1.877114602541109889e+02 0.000000000000000000e+00 2.437529785209696342e+01
1.875915111099884598e+02 0.000000000000000000e+00 2.430697921139710616e+01
1.874735658895147594e+02 0.000000000000000000e+00 2.422404371584699589e+01
1.873606136384686067e+02 0.000000000000000000e+00 2.416132427357767654e+01
1.873591149056556162e+02 0.000000000000000000e+00 2.409101854892352179e+01
1.873504256232791931e+02 0.000000000000000000e+00 2.421996008992396909e+01
1.873566057911709493e+02 0.000000000000000000e+00 2.413200636540453203e+01
1.873607567758720904e+02 0.000000000000000000e+00 2.419496156339723925e+01
1.873195668830567513e+02 0.000000000000000000e+00 2.411825675482246822e+01
1.873083432266538750e+02 0.000000000000000000e+00 2.416728552544056896e+01
1.873548713026345638e+02 0.000000000000000000e+00 2.432242121127922729e+01
1.874196620273308156e+02 0.000000000000000000e+00 2.440390849309993371e+01
1.874383372485623056e+02 0.000000000000000000e+00 2.442292050822198135e+01
1.874739195230998519e+02 0.000000000000000000e+00 2.439038621839399923e+01
1.873879360428401810e+02 0.000000000000000000e+00 2.437656082918655898e+01
1.874722944925779018e+02 0.000000000000000000e+00 2.436191029494725058e+01
1.876019180412067442e+02 0.000000000000000000e+00 2.441316190524304020e+01
1.876592740407689064e+02 0.000000000000000000e+00 2.439760202749922158e+01
1.876925324374615798e+02 0.000000000000000000e+00 2.445160692785032808e+01
1.877287630402384480e+02 0.000000000000000000e+00 2.445255837059115578e+01
1.877832983909671896e+02 0.000000000000000000e+00 2.447908930931992799e+01
1.878724308941035872e+02 0.000000000000000000e+00 2.456053449190431692e+01
1.879648808170619816e+02 0.000000000000000000e+00 2.454468833935352379e+01
1.879814089772411592e+02 0.000000000000000000e+00 2.455007704160246362e+01
1.880214874502176485e+02 0.000000000000000000e+00 2.456845756817971349e+01
1.879090067106182573e+02 0.000000000000000000e+00 2.457478087347495688e+01
1.877180866739077487e+02 0.000000000000000000e+00 2.443820253100608753e+01
1.874586627598575319e+02 0.000000000000000000e+00 2.429561241759074619e+01
1.872624213796761694e+02 0.000000000000000000e+00 2.422858201352227425e+01
1.872418601126575481e+02 0.000000000000000000e+00 2.419539097560770102e+01
1.872954945397290487e+02 0.000000000000000000e+00 2.418729108253976179e+01
1.873192469288607072e+02 0.000000000000000000e+00 2.413098756388558996e+01
1.873674000353633460e+02 0.000000000000000000e+00 2.418789731154276978e+01
1.875459681561376613e+02 0.000000000000000000e+00 2.400291326715333540e+01
1.876030715602819043e+02 0.000000000000000000e+00 2.414000522030530504e+01
1.876143036365320427e+02 0.000000000000000000e+00 2.439937019542465535e+01
1.876636355216516279e+02 0.000000000000000000e+00 2.448950466038546026e+01
1.876806520329721195e+02 0.000000000000000000e+00 2.455367231638417991e+01
1.876807025520556920e+02 0.000000000000000000e+00 2.456061869037695544e+01
1.876710955063275037e+02 0.000000000000000000e+00 2.456359089646113958e+01
1.877595207422937449e+02 0.000000000000000000e+00 2.454688591948941934e+01
1.877258497730851161e+02 0.000000000000000000e+00 2.452624887384542873e+01
1.877684710399353492e+02 0.000000000000000000e+00 2.446952436282805721e+01
1.878618134667037225e+02 0.000000000000000000e+00 2.448355182836983346e+01
1.879404295806074003e+02 0.000000000000000000e+00 2.456590635445872906e+01
1.879681645574949300e+02 0.000000000000000000e+00 2.451886466779492579e+01
1.880457871294214840e+02 0.000000000000000000e+00 2.448276036272702072e+01
1.881140889304267887e+02 0.000000000000000000e+00 2.440525566866217133e+01
1.881397105256510542e+02 0.000000000000000000e+00 2.435103185228220113e+01
1.881285205486372547e+02 0.000000000000000000e+00 2.438136014212702207e+01
1.879536319011173191e+02 0.000000000000000000e+00 2.436359426440004228e+01
1.876794985138969594e+02 0.000000000000000000e+00 2.436854513459125826e+01
1.874386824623001360e+02 0.000000000000000000e+00 2.429237077639411524e+01
1.873546187072166447e+02 0.000000000000000000e+00 2.424338410501233554e+01
1.872881861123039187e+02 0.000000000000000000e+00 2.423088905167260165e+01
1.874636978285213900e+02 0.000000000000000000e+00 2.436460464607171872e+01
1.876279437890996746e+02 0.000000000000000000e+00 2.447868515665125955e+01
1.877918445359401289e+02 0.000000000000000000e+00 2.447279126356647794e+01
1.878832588176850606e+02 0.000000000000000000e+00 2.458404270546532189e+01
1.879860988321671869e+02 0.000000000000000000e+00 2.458527200316586203e+01
1.880278612745964892e+02 0.000000000000000000e+00 2.454330748440223431e+01
1.880981249000143123e+02 0.000000000000000000e+00 2.455207254540402673e+01
1.881145688617208407e+02 0.000000000000000000e+00 2.456875226283395364e+01
1.881466653194910919e+02 0.000000000000000000e+00 2.455290611028316050e+01
1.881502942736618706e+02 0.000000000000000000e+00 2.454291175158082794e+01
1.880787676711544520e+02 0.000000000000000000e+00 2.447665597346064104e+01
1.879949817710306661e+02 0.000000000000000000e+00 2.445713034765549310e+01
1.880125034731869960e+02 0.000000000000000000e+00 2.445981627893269916e+01
1.881119334495272142e+02 0.000000000000000000e+00 2.452780654558926443e+01
1.881214057776991808e+02 0.000000000000000000e+00 2.456268997280389499e+01
1.881032189076090049e+02 0.000000000000000000e+00 2.461566765178879734e+01
1.881686916399336553e+02 0.000000000000000000e+00 2.467811765894566634e+01
1.882781833337543276e+02 0.000000000000000000e+00 2.469808111680854168e+01
1.883163168220128512e+02 0.000000000000000000e+00 2.471097190296967838e+01
1.882127021815824151e+02 0.000000000000000000e+00 2.462409591890003213e+01
1.880940833733276065e+02 0.000000000000000000e+00 2.459737132368418955e+01
1.880253858395008706e+02 0.000000000000000000e+00 2.450728737780696775e+01
1.879457761836200405e+02 0.000000000000000000e+00 2.441203364570966627e+01
1.879150100617174814e+02 0.000000000000000000e+00 2.435762459268988778e+01
1.879481590003957194e+02 0.000000000000000000e+00 2.438406291309875584e+01
1.879649313361455540e+02 0.000000000000000000e+00 2.442518544713598772e+01
1.880953547702644642e+02 0.000000000000000000e+00 2.456425606439499276e+01
1.882271927387237156e+02 0.000000000000000000e+00 2.465844047588976906e+01
1.882860474710988683e+02 0.000000000000000000e+00 2.470968366633829305e+01
1.882697298071012995e+02 0.000000000000000000e+00 2.466979043000160132e+01
1.881511530980828013e+02 0.000000000000000000e+00 2.463175797991024396e+01
1.880257478929332251e+02 0.000000000000000000e+00 2.455180311029157991e+01
1.880071400304798601e+02 0.000000000000000000e+00 2.456653784300352683e+01
1.879344346493554667e+02 0.000000000000000000e+00 2.455966724763612774e+01
1.879432502294408494e+02 0.000000000000000000e+00 2.455419434691454583e+01
1.880551920988153256e+02 0.000000000000000000e+00 2.458249345356875182e+01
1.880843079306541483e+02 0.000000000000000000e+00 2.448662507262118382e+01
1.882186213342089900e+02 0.000000000000000000e+00 2.450817988161694672e+01
1.886488081706197875e+02 0.000000000000000000e+00 2.456087970564214018e+01
1.886484292774929088e+02 0.000000000000000000e+00 2.461525507927286327e+01
1.885460439347630199e+02 0.000000000000000000e+00 2.451249084341609930e+01
1.883997911877878551e+02 0.000000000000000000e+00 2.442633054636388934e+01
1.882394520363400545e+02 0.000000000000000000e+00 2.433494152416075096e+01
1.881203532967911940e+02 0.000000000000000000e+00 2.424672678437613271e+01
1.879406484966362711e+02 0.000000000000000000e+00 2.413539114400464669e+01
1.877656924903382389e+02 0.000000000000000000e+00 2.410269687707864961e+01
1.875834869955459112e+02 0.000000000000000000e+00 2.402442597691277726e+01
1.876371466821591980e+02 0.000000000000000000e+00 2.401224245792181478e+01
1.876825296589119887e+02 0.000000000000000000e+00 2.407044044221037993e+01
1.877225155135685952e+02 0.000000000000000000e+00 2.408164725891872493e+01
1.877566411545294613e+02 0.000000000000000000e+00 2.401079424419241093e+01
1.878477523217728731e+02 0.000000000000000000e+00 2.399869492367408341e+01
1.878962422221660802e+02 0.000000000000000000e+00 2.401308444264821063e+01
1.878362676501048156e+02 0.000000000000000000e+00 2.397599501545041889e+01
1.877523891316611468e+02 0.000000000000000000e+00 2.390786161139036992e+01
1.876836410787508385e+02 0.000000000000000000e+00 2.392196485555751906e+01
1.875665378430035162e+02 0.000000000000000000e+00 2.384561368056783337e+01
1.874852526375171635e+02 0.000000000000000000e+00 2.376340229188242503e+01
1.875114467823553639e+02 0.000000000000000000e+00 2.380670556636102475e+01
1.875361506142278643e+02 0.000000000000000000e+00 2.380252932211809735e+01
1.875373378126920727e+02 0.000000000000000000e+00 2.378320577264728541e+01
1.876024821709734169e+02 0.000000000000000000e+00 2.386273123005548769e+01
1.876830937886786614e+02 0.000000000000000000e+00 2.397655072536984022e+01
1.878170872380375158e+02 0.000000000000000000e+00 2.402604258758746170e+01
1.878303232379364545e+02 0.000000000000000000e+00 2.400245017555381466e+01
1.878601547567927241e+02 0.000000000000000000e+00 2.409726607559338873e+01
1.878753189017151328e+02 0.000000000000000000e+00 2.412133841892108066e+01
1.877587882155817738e+02 0.000000000000000000e+00 2.410576170148273434e+01
1.875177027288725071e+02 0.000000000000000000e+00 2.395103016831274800e+01
1.873373327607837098e+02 0.000000000000000000e+00 2.388618050468564391e+01
1.873046890129413100e+02 0.000000000000000000e+00 2.384407284851852893e+01
1.873740601345491541e+02 0.000000000000000000e+00 2.383598137529785177e+01
1.874590500728316727e+02 0.000000000000000000e+00 2.387429168034891802e+01
1.875041804541665726e+02 0.000000000000000000e+00 2.395018818358634860e+01
1.874987664923758359e+02 0.000000000000000000e+00 2.392603164178601816e+01
1.875791928734412863e+02 0.000000000000000000e+00 2.386362373386546665e+01
1.876536495827965609e+02 0.000000000000000000e+00 2.386514772622024694e+01
1.877308848417489742e+02 0.000000000000000000e+00 2.379128040617343132e+01
1.877053474449973578e+02 0.000000000000000000e+00 2.375638013926427305e+01
1.877045896587436005e+02 0.000000000000000000e+00 2.372438471966118456e+01
1.876887350863455310e+02 0.000000000000000000e+00 2.374414610118972391e+01
1.877134725976070797e+02 0.000000000000000000e+00 2.374547643705743027e+01
1.877759983833893216e+02 0.000000000000000000e+00 2.369605193361792317e+01
1.878254902456069431e+02 0.000000000000000000e+00 2.375798833009169186e+01
1.877636548873003335e+02 0.000000000000000000e+00 2.374350619279766406e+01
1.878116143373159161e+02 0.000000000000000000e+00 2.376152466594255941e+01
1.877633517727988419e+02 0.000000000000000000e+00 2.375066306297203766e+01
1.877769835055192118e+02 0.000000000000000000e+00 2.374479442942904939e+01
1.877929896351680270e+02 0.000000000000000000e+00 2.378083979556610927e+01
1.878055015282022850e+02 0.000000000000000000e+00 2.376337703234063170e+01
1.876626083002854273e+02 0.000000000000000000e+00 2.372945346771409447e+01
1.874432207599754179e+02 0.000000000000000000e+00 2.364176917830710423e+01
1.872830079062365769e+02 0.000000000000000000e+00 2.359347293440097104e+01
1.872606700514452598e+02 0.000000000000000000e+00 2.366121060563961365e+01
1.872841614253117370e+02 0.000000000000000000e+00 2.369549622369850184e+01
1.872679447994813415e+02 0.000000000000000000e+00 2.370662726178147039e+01
1.871894802428283811e+02 0.000000000000000000e+00 2.369158099472075563e+01
1.872353431508752521e+02 0.000000000000000000e+00 2.371863396397989376e+01
1.872678690208559544e+02 0.000000000000000000e+00 2.374290838364192169e+01
1.872364040516305010e+02 0.000000000000000000e+00 2.372018321587646383e+01
1.872396456928271391e+02 0.000000000000000000e+00 2.366339134608098149e+01
1.872768866772756837e+02 0.000000000000000000e+00 2.363502488064866469e+01
1.871886045787129547e+02 0.000000000000000000e+00 2.353128394250928324e+01
1.871831064184495688e+02 0.000000000000000000e+00 2.348276036272702072e+01
1.871954920137748672e+02 0.000000000000000000e+00 2.345764395833859695e+01
1.871489555179469164e+02 0.000000000000000000e+00 2.356269839265115706e+01
1.871411924187695206e+02 0.000000000000000000e+00 2.358221559860904293e+01
1.871676391590256685e+02 0.000000000000000000e+00 2.362479476622294072e+01
1.871580321132974518e+02 0.000000000000000000e+00 2.362989719366490604e+01
1.871796290215295357e+02 0.000000000000000000e+00 2.363640573559995772e+01
1.871948521053828074e+02 0.000000000000000000e+00 2.373353709363712127e+01
1.871810098764808288e+02 0.000000000000000000e+00 2.373501056690831490e+01
1.870953295107226779e+02 0.000000000000000000e+00 2.377481960477236811e+01
1.870247206715670245e+02 0.000000000000000000e+00 2.373394966615305535e+01
1.867373260249059115e+02 0.000000000000000000e+00 2.363066339976592900e+01
1.864663164010204923e+02 0.000000000000000000e+00 2.339210386723584989e+01
1.863431256157013252e+02 0.000000000000000000e+00 2.322398477691614715e+01
1.862954103412563995e+02 0.000000000000000000e+00 2.320472858622344603e+01
1.862464994485000034e+02 0.000000000000000000e+00 2.311875352581104082e+01
1.862424158225769872e+02 0.000000000000000000e+00 2.310688996101610826e+01
1.862456995630099357e+02 0.000000000000000000e+00 2.312768698375811383e+01
1.862043244335547740e+02 0.000000000000000000e+00 2.317036718953918140e+01
1.861453097240816135e+02 0.000000000000000000e+00 2.323738075391312563e+01
1.861442067240900258e+02 0.000000000000000000e+00 2.328629164666952889e+01
1.860908922512145693e+02 0.000000000000000000e+00 2.332645431811867098e+01
1.859326833211245571e+02 0.000000000000000000e+00 2.319379120462754784e+01
1.858314599173170905e+02 0.000000000000000000e+00 2.308909882374733868e+01
1.856659930788855490e+02 0.000000000000000000e+00 2.300703899231267968e+01
1.856300487509156483e+02 0.000000000000000000e+00 2.298325292379196227e+01
1.856388053920701964e+02 0.000000000000000000e+00 2.293839197756952686e+01
1.856469052851381321e+02 0.000000000000000000e+00 2.293839197756952686e+01
1.856724847811260588e+02 0.000000000000000000e+00 2.294753593169819794e+01
1.856983505519209814e+02 0.000000000000000000e+00 2.296599223690082425e+01
1.857602111697693772e+02 0.000000000000000000e+00 2.301571143499456795e+01
1.857253530020965400e+02 0.000000000000000000e+00 2.299962952672038696e+01
1.857199642998475895e+02 0.000000000000000000e+00 2.298455800011787886e+01
1.857275842616215016e+02 0.000000000000000000e+00 2.303833556459285958e+01
1.857345137959197530e+02 0.000000000000000000e+00 2.306798184680929964e+01
1.856757095826281727e+02 0.000000000000000000e+00 2.297529616812751030e+01
1.854536192713464118e+02 0.000000000000000000e+00 2.285213906219741276e+01
1.853078801350543472e+02 0.000000000000000000e+00 2.285607113086968667e+01
1.852155312502631261e+02 0.000000000000000000e+00 2.286465937507893642e+01
1.850975776099421637e+02 0.000000000000000000e+00 2.293081411503195355e+01
1.850773615566613728e+02 0.000000000000000000e+00 2.298513054973182790e+01
1.850316165264761992e+02 0.000000000000000000e+00 2.296572280178837389e+01
1.849553916491954908e+02 0.000000000000000000e+00 2.293459462645347458e+01
1.849163572372797262e+02 0.000000000000000000e+00 2.287228775670009284e+01
1.848537472530248351e+02 0.000000000000000000e+00 2.274757297902615960e+01
1.848143844670657643e+02 0.000000000000000000e+00 2.274869281871226789e+01
1.847609100170923000e+02 0.000000000000000000e+00 2.273809223100693089e+01
1.848027313984524369e+02 0.000000000000000000e+00 2.273057330740020276e+01
1.847462342233111769e+02 0.000000000000000000e+00 2.266205259036600950e+01
1.847057936969023331e+02 0.000000000000000000e+00 2.268375053676526321e+01
1.847301691547315272e+02 0.000000000000000000e+00 2.268106460548805714e+01
1.846774693307063444e+02 0.000000000000000000e+00 2.273322555928835342e+01
1.846826896360099965e+02 0.000000000000000000e+00 2.267384879638283479e+01
1.847240984448542065e+02 0.000000000000000000e+00 2.262587250667272798e+01
1.846656394453004566e+02 0.000000000000000000e+00 2.259370027027709682e+01
1.847724115284548816e+02 0.000000000000000000e+00 2.246266218730792374e+01
1.846993946129817346e+02 0.000000000000000000e+00 2.244491314927547165e+01
1.846670960788771367e+02 0.000000000000000000e+00 2.240267919539939712e+01
1.846539611171453430e+02 0.000000000000000000e+00 2.246512078270900048e+01
1.846459791019391048e+02 0.000000000000000000e+00 2.245895745451177561e+01
1.846843399260737328e+02 0.000000000000000000e+00 2.248500846194649938e+01
1.846348985829397122e+02 0.000000000000000000e+00 2.243068360739936296e+01
1.845578064613907827e+02 0.000000000000000000e+00 2.240402637096163119e+01
1.844252443860668507e+02 0.000000000000000000e+00 2.231166064647587177e+01
1.843970210580380069e+02 0.000000000000000000e+00 2.217714516658667989e+01
1.843718372948714830e+02 0.000000000000000000e+00 2.219673815116993865e+01
1.842489412042065453e+02 0.000000000000000000e+00 2.216713396818981607e+01
1.841280742967322510e+02 0.000000000000000000e+00 2.217034192999739162e+01
1.840317680837269734e+02 0.000000000000000000e+00 2.214782725841353184e+01
1.839351755959146999e+02 0.000000000000000000e+00 2.207925602229575546e+01
1.838799666574048217e+02 0.000000000000000000e+00 2.205253984692717850e+01
1.838255828639268543e+02 0.000000000000000000e+00 2.204906245000715614e+01
1.838114964594542187e+02 0.000000000000000000e+00 2.212905941886214123e+01
1.838030597724957147e+02 0.000000000000000000e+00 2.220613470071652884e+01
1.837400540554194208e+02 0.000000000000000000e+00 2.224332516608148680e+01
1.836636355216516279e+02 0.000000000000000000e+00 2.220543585339362025e+01
1.835366389653691783e+02 0.000000000000000000e+00 2.215135517441713731e+01
1.834491904316855653e+02 0.000000000000000000e+00 2.207465036584236273e+01
1.834274588058972597e+02 0.000000000000000000e+00 2.201425480141790203e+01
1.834668215918563305e+02 0.000000000000000000e+00 2.193909082489243545e+01
1.834872397214714397e+02 0.000000000000000000e+00 2.195782498505477065e+01
1.834012141419754585e+02 0.000000000000000000e+00 2.189023887106687738e+01
1.833446075088197915e+02 0.000000000000000000e+00 2.181076393274226177e+01
1.834033696228750330e+02 0.000000000000000000e+00 2.186770735978849345e+01
1.833193142876388322e+02 0.000000000000000000e+00 2.185803295528219081e+01
1.833773017757457922e+02 0.000000000000000000e+00 2.183534146690579192e+01
1.834062997297228890e+02 0.000000000000000000e+00 2.185280423013126594e+01
1.833950171343891782e+02 0.000000000000000000e+00 2.183554354324012436e+01
1.833712226460212094e+02 0.000000000000000000e+00 2.170079230762754108e+01
1.834152921266008320e+02 0.000000000000000000e+00 2.170613049079289780e+01
1.834302962944252329e+02 0.000000000000000000e+00 2.174125809357818184e+01
1.834829119199777665e+02 0.000000000000000000e+00 2.167254372005691820e+01
1.835949716672139687e+02 0.000000000000000000e+00 2.165591452171057441e+01
1.837117465289179563e+02 0.000000000000000000e+00 2.169891468168767545e+01
1.837235090555457191e+02 0.000000000000000000e+00 2.167654314750730293e+01
1.837279968341374286e+02 0.000000000000000000e+00 2.158120521693736649e+01
1.837874998947519032e+02 0.000000000000000000e+00 2.166702872009901881e+01
1.837641769178307243e+02 0.000000000000000000e+00 2.175993331480966830e+01
1.835857350947653686e+02 0.000000000000000000e+00 2.172063788762871894e+01
1.831940438000454776e+02 0.000000000000000000e+00 2.149712462215935460e+01
1.830169828319314149e+02 0.000000000000000000e+00 2.143752052337770664e+01
1.829648218781311186e+02 0.000000000000000000e+00 2.147954398107218310e+01
1.830171091296403745e+02 0.000000000000000000e+00 2.156284994990190995e+01
1.831057869610245348e+02 0.000000000000000000e+00 2.160963062130052847e+01
1.831634629147827127e+02 0.000000000000000000e+00 2.164856399504913043e+01
1.831814056093022600e+02 0.000000000000000000e+00 2.162268980440694932e+01
1.832144703495078488e+02 0.000000000000000000e+00 2.166675086513930637e+01
1.832505409751867091e+02 0.000000000000000000e+00 2.161641701819528905e+01
1.832489243645120212e+02 0.000000000000000000e+00 2.163142118601968633e+01
1.831526434110485297e+02 0.000000000000000000e+00 2.158080106426869449e+01
1.831109988464809248e+02 0.000000000000000000e+00 2.154366111798731964e+01
1.830721833505940310e+02 0.000000000000000000e+00 2.156580531629156283e+01
1.831040524724881493e+02 0.000000000000000000e+00 2.146674581323094699e+01
1.831260703730834223e+02 0.000000000000000000e+00 2.132541867690520121e+01
1.831101989609908571e+02 0.000000000000000000e+00 2.124779610497865434e+01
1.832674564483400275e+02 0.000000000000000000e+00 2.117305312081638746e+01
1.832660755933887344e+02 0.000000000000000000e+00 2.123825641802857689e+01
1.831274175486456670e+02 0.000000000000000000e+00 2.136137142472235695e+01
1.831731373192890260e+02 0.000000000000000000e+00 2.163073075854403982e+01
1.831929744794429382e+02 0.000000000000000000e+00 2.173438749821078275e+01
1.831753264795776488e+02 0.000000000000000000e+00 2.182109508533515196e+01
1.830660200223967990e+02 0.000000000000000000e+00 2.186913873382336959e+01
1.831115461365530734e+02 0.000000000000000000e+00 2.167990266656562781e+01
1.831990283496257348e+02 0.000000000000000000e+00 2.161404262126685083e+01
1.831763116017075390e+02 0.000000000000000000e+00 2.147545193530189422e+01
1.831943384946997071e+02 0.000000000000000000e+00 2.141805383650340744e+01
1.832619582880766416e+02 0.000000000000000000e+00 2.143170240891830147e+01
1.833470576843735955e+02 0.000000000000000000e+00 2.154121094243350498e+01
1.832460616164422902e+02 0.000000000000000000e+00 2.155926309496745574e+01
1.830197950609176019e+02 0.000000000000000000e+00 2.139410779088467507e+01
1.829190936876404976e+02 0.000000000000000000e+00 2.141541000446251886e+01
1.829479906034504495e+02 0.000000000000000000e+00 2.143322640127308176e+01
1.829199019929778558e+02 0.000000000000000000e+00 2.144626032483770572e+01
1.828834356344775927e+02 0.000000000000000000e+00 2.124919379962447508e+01
1.827911372687699441e+02 0.000000000000000000e+00 2.119143364739363733e+01
1.827362988035397109e+02 0.000000000000000000e+00 2.114159657143819260e+01
1.828213476807530640e+02 0.000000000000000000e+00 2.121852871588909295e+01
1.827936884824909214e+02 0.000000000000000000e+00 2.123965411267439762e+01
1.827546456507278947e+02 0.000000000000000000e+00 2.133974083710121405e+01
1.827019879259390223e+02 0.000000000000000000e+00 2.138773396650584857e+01
1.826920861855566045e+02 0.000000000000000000e+00 2.141594045484015041e+01
1.827083196510815242e+02 0.000000000000000000e+00 2.144192410349676337e+01
1.826901496206858724e+02 0.000000000000000000e+00 2.137869105054434371e+01
1.828097703907651237e+02 0.000000000000000000e+00 2.138423972989129851e+01
1.828936320695142683e+02 0.000000000000000000e+00 2.140474205797906748e+01
1.829994190305387747e+02 0.000000000000000000e+00 2.135656369193462822e+01
1.830992615793949483e+02 0.000000000000000000e+00 2.139563178323945181e+01
1.831325536554766984e+02 0.000000000000000000e+00 2.144598246987799683e+01
1.831522729377689132e+02 0.000000000000000000e+00 2.147466046965908149e+01
1.831617284262463556e+02 0.000000000000000000e+00 2.151126154571555915e+01
1.832185371357363692e+02 0.000000000000000000e+00 2.154597657598491267e+01
1.832327329982234119e+02 0.000000000000000000e+00 2.154251601875941802e+01
1.832622361430363753e+02 0.000000000000000000e+00 2.149691412597775653e+01
1.834798049963373785e+02 0.000000000000000000e+00 2.154673436223867000e+01
1.835706635681628711e+02 0.000000000000000000e+00 2.160032669007384243e+01
1.835577222629181620e+02 0.000000000000000000e+00 2.150756523276667664e+01
1.834859514848400579e+02 0.000000000000000000e+00 2.145601892781665043e+01
1.830980743809307398e+02 0.000000000000000000e+00 2.134429597447102367e+01
1.828834440543248547e+02 0.000000000000000000e+00 2.124294627295460813e+01
1.827109719029696748e+02 0.000000000000000000e+00 2.121873921207069458e+01
1.826933407427989380e+02 0.000000000000000000e+00 2.121095927319878527e+01
1.827268938341458409e+02 0.000000000000000000e+00 2.130292926486313476e+01
1.826176294762013015e+02 0.000000000000000000e+00 2.119602246415249880e+01
1.826637281399715391e+02 0.000000000000000000e+00 2.107633433529515798e+01
1.826914378573172542e+02 0.000000000000000000e+00 2.109819225879242666e+01
1.827267422768950951e+02 0.000000000000000000e+00 2.107903710626689175e+01
1.826777219261242635e+02 0.000000000000000000e+00 2.100914395412867108e+01
1.827326614295216700e+02 0.000000000000000000e+00 2.114050199129387764e+01
1.827833489100507620e+02 0.000000000000000000e+00 2.133154832571337067e+01
1.827986393526821303e+02 0.000000000000000000e+00 2.131130701289078644e+01
1.828084232152028790e+02 0.000000000000000000e+00 2.135753197436998363e+01
1.828286308486364078e+02 3.031145015029427419e-04 2.139494977561107092e+01
1.828691639933651629e+02 0.000000000000000000e+00 2.137208147044212581e+01
1.829545159850800360e+02 0.000000000000000000e+00 2.132763309673562446e+01
1.830174038242946324e+02 0.000000000000000000e+00 2.133649919590458666e+01
1.832126432426515805e+02 0.000000000000000000e+00 2.128439718103513556e+01
1.831917030825060806e+02 0.000000000000000000e+00 2.126702703612956569e+01
1.832487307080249650e+02 0.000000000000000000e+00 2.134086067678732235e+01
1.833045121961487496e+02 0.000000000000000000e+00 2.148530315660073953e+01
1.833015399900645832e+02 0.000000000000000000e+00 2.151629661437941365e+01
1.832985172648968160e+02 0.000000000000000000e+00 2.153935857603542914e+01
1.833421320737241729e+02 0.000000000000000000e+00 2.165431475073042122e+01
1.832903163336617069e+02 0.000000000000000000e+00 2.158877465962767417e+01
1.832018237389173692e+02 0.000000000000000000e+00 2.150786834726817887e+01
1.831176505258194709e+02 0.000000000000000000e+00 2.137789116505426534e+01
1.829453636111040851e+02 0.000000000000000000e+00 2.124492493706163998e+01
1.828565173827746833e+02 0.000000000000000000e+00 2.122393425783256404e+01
1.827021394831897680e+02 0.000000000000000000e+00 2.111867774718566437e+01
1.826219741173894988e+02 0.000000000000000000e+00 2.099178222907036329e+01
1.826163159800281335e+02 0.000000000000000000e+00 2.085650896292741407e+01
1.826355469111790342e+02 0.000000000000000000e+00 2.088228211540242540e+01
1.825965798580413662e+02 0.000000000000000000e+00 2.092593060361885193e+01
1.826000909343504475e+02 0.000000000000000000e+00 2.105205149578586798e+01
1.825728611482987560e+02 0.000000000000000000e+00 2.110689838086337033e+01
1.825897261023685019e+02 0.000000000000000000e+00 2.111396263271784335e+01
1.825666725605597378e+02 0.000000000000000000e+00 2.107585440400111310e+01
1.825384744920727087e+02 0.000000000000000000e+00 2.110854867092711018e+01
1.824713262101425357e+02 0.000000000000000000e+00 2.108238820547795100e+01
1.824550759049230919e+02 0.000000000000000000e+00 2.109157425884294312e+01
1.824859346451455338e+02 0.000000000000000000e+00 2.113596369361859928e+01
1.826211994914412173e+02 2.357557233911776972e-04 2.117300260173280435e+01
1.826600739262589741e+02 0.000000000000000000e+00 2.123381915852046475e+01
1.826628693155506085e+02 0.000000000000000000e+00 2.130264299005616024e+01
1.827525322690646306e+02 0.000000000000000000e+00 2.142105130212937780e+01
1.827560265056791877e+02 0.000000000000000000e+00 2.144901361489302616e+01
1.828031523908156259e+02 0.000000000000000000e+00 2.145579159194052110e+01
1.828104102991571835e+02 0.000000000000000000e+00 2.141295140906143857e+01
1.828582350316165162e+02 0.000000000000000000e+00 2.138002980625931571e+01
1.829181927639832566e+02 0.000000000000000000e+00 2.130237355494371343e+01
1.829398149317571267e+02 0.000000000000000000e+00 2.130892419611508259e+01
1.829619001911305247e+02 0.000000000000000000e+00 2.131827864642535530e+01
1.829843390840890152e+02 0.000000000000000000e+00 2.127090016587099086e+01
1.830393038470282079e+02 0.000000000000000000e+00 2.127448702080544152e+01
1.830498286561081898e+02 0.000000000000000000e+00 2.124835181489807923e+01
1.828827536268492224e+02 0.000000000000000000e+00 2.115230661715796501e+01
1.828291865585558185e+02 0.000000000000000000e+00 2.113176218983387500e+01
1.827862958565931706e+02 0.000000000000000000e+00 2.106937112160785475e+01
1.826662540941507302e+02 0.000000000000000000e+00 2.115485783087894944e+01
1.825772815681123404e+02 0.000000000000000000e+00 2.128126499785294001e+01
1.824904308435845053e+02 0.000000000000000000e+00 2.130169996716259462e+01
1.824738100650854165e+02 0.000000000000000000e+00 2.139184285197066515e+01
1.824942534542423402e+02 0.000000000000000000e+00 2.138024030244091378e+01
1.824084131113861531e+02 0.000000000000000000e+00 2.132289272272601011e+01
1.823845512642400593e+02 0.000000000000000000e+00 2.131506226477051769e+01
1.822335834027970805e+02 0.000000000000000000e+00 2.123303611272491409e+01
1.822006197007586366e+02 0.000000000000000000e+00 2.120152062441587404e+01
1.822067156701777435e+02 0.000000000000000000e+00 2.124055503633164221e+01
1.823288455547416334e+02 0.000000000000000000e+00 2.123475376156676475e+01
1.824486347217661546e+02 0.000000000000000000e+00 2.121783828841344643e+01
1.825845310566066360e+02 0.000000000000000000e+00 2.127602785285474951e+01
1.827616678033460573e+02 0.000000000000000000e+00 2.130539628011147713e+01
1.828700817567169281e+02 0.000000000000000000e+00 2.136760211169769264e+01
1.827837278031776407e+02 0.000000000000000000e+00 2.129936766947047744e+01
