2.228720834363921313e+02 2.525915849066974417e+00 5.176947811031412527e+01
2.230092752906257658e+02 2.562907082199686659e+00 5.184575535218622377e+01
2.230530821447220262e+02 2.602124385082584368e+00 5.192248605271113604e+01
2.230689531975705506e+02 2.546362711957567360e+00 5.183981916618572683e+01
2.230376508093550001e+02 2.515609970593893241e+00 5.172767746722730919e+01
2.229231456289334119e+02 2.502652046060406033e+00 5.137775854013796106e+01
2.228323439689999077e+02 2.514964135542913759e+00 5.097416659796081007e+01
2.227625250776376049e+02 2.492662214527166409e+00 5.087311402423942752e+01
2.225190727457608375e+02 2.522494297413911735e+00 5.083481737983345994e+01
2.223261741830873746e+02 2.570698326325335792e+00 5.080840684859977330e+01
2.222159425069392853e+02 2.560900871190260109e+00 5.082192816115645684e+01
2.221142028746530457e+02 2.521807238849039567e+00 5.084267732981559362e+01
2.219822326655124130e+02 2.546348970786269650e+00 5.074596696622420211e+01
2.218967488388710194e+02 2.581196581196581352e+00 5.068611042405254352e+01
2.218216808200731123e+02 2.670555418143842452e+00 5.070077225382691921e+01
2.216490230027207531e+02 2.724118503861268970e+00 5.074195454420534901e+01
2.214046500123670569e+02 2.761137219336576187e+00 5.072628960892626537e+01
2.214921675323604688e+02 2.676491604144337177e+00 5.083882980185231304e+01
2.215796575700112783e+02 2.648019897216038476e+00 5.084549426993157084e+01
2.215239508615714499e+02 2.586033473493280610e+00 5.078275208178745004e+01
2.215775689119740548e+02 2.572443455080111185e+00 5.075572319784538422e+01
2.216851760244043135e+02 2.528279330530134317e+00 5.066670789018056098e+01
2.217105284854480942e+02 2.495644048698711259e+00 5.066294280924505955e+01
2.217606287959985707e+02 2.580427075603924258e+00 5.067349602880149462e+01
2.217310303130238935e+02 2.672121911671750727e+00 5.076337703025805581e+01
2.216632863385274845e+02 2.680215461565943702e+00 5.089423420452359181e+01
2.215608184241624770e+02 2.731978453843405763e+00 5.099201637947618337e+01
2.216218567070657173e+02 2.823439689999175606e+00 5.105298595652293159e+01
2.217309203836535119e+02 2.798046005441503947e+00 5.117312501717646711e+01
2.218058647319097361e+02 2.759735619864237322e+00 5.127770907192129357e+01
2.220012641877593751e+02 2.855470360293511423e+00 5.131551103416055071e+01
2.220699150795613832e+02 2.862011157831093389e+00 5.146479511913595672e+01
2.220232638030065573e+02 2.909322010608184073e+00 5.170721686316541366e+01
2.219827548300217188e+02 2.861750075576442232e+00 5.175865006733173601e+01
2.219399648226014676e+02 2.866133509220325948e+00 5.180574106136807444e+01
2.219353203067029483e+02 2.896666391843240707e+00 5.185475581938604250e+01
2.219758979855442931e+02 2.889713359166735440e+00 5.179848572292301867e+01
2.220650094814081967e+02 2.949583642509687742e+00 5.173131887762112768e+01
2.223038447797290189e+02 3.021395003710116267e+00 5.164209745238684235e+01
2.224104762689971722e+02 3.076868112237887143e+00 5.167254788798197040e+01
2.223638387336136475e+02 3.172589111495863978e+00 5.168990298733064037e+01
2.222940885481078510e+02 3.139651523895897078e+00 5.166567730233325051e+01
2.220540028031989550e+02 3.049440734328193958e+00 5.134732184571412716e+01
2.219734245747107479e+02 2.982328853711490257e+00 5.118466760106631597e+01
2.219435787506527049e+02 3.011583807403742874e+00 5.116523758485173090e+01
2.218719872481930224e+02 2.966155495094402017e+00 5.103984939676257682e+01
2.218098359304147209e+02 2.952318135597878257e+00 5.108696787314150356e+01
2.217719102976337808e+02 2.968615164756643665e+00 5.121128424986945760e+01
2.218165691043504637e+02 3.085085332673757286e+00 5.153763706818369172e+01
2.218958694039079944e+02 3.196938467034930120e+00 5.170059361860005254e+01
2.219010635666584221e+02 3.202970841234507038e+00 5.176014785500316151e+01
2.219909445681149975e+02 3.285445351361750088e+00 5.182541841866600407e+01
2.219154230906642624e+02 3.304875367576332046e+00 5.176978041608266778e+01
2.219216753236045747e+02 3.413073350372385573e+00 5.187363618874872628e+01
2.219218127353175589e+02 3.497499106823865667e+00 5.180374859152993849e+01
2.218102069420397413e+02 3.518234534311704742e+00 5.191303212685849644e+01
2.218222991727814986e+02 3.609297276499848994e+00 5.200480940995410606e+01
2.218862231016571798e+02 3.476035397257262183e+00 5.197713469096105854e+01
2.220678676450380635e+02 3.449679830708769490e+00 5.208503036798856556e+01
2.221941215269189627e+02 3.404292741913320874e+00 5.217603814549152474e+01
2.222370214637095671e+02 3.412880973974221632e+00 5.219765300794239948e+01
2.222399208508533377e+02 3.459862038640173498e+00 5.227426003792563591e+01
2.222782449776019007e+02 3.444073432819413583e+00 5.216578723170363219e+01
2.223884903949212628e+02 3.468821282326105315e+00 5.211241652238436473e+01
2.224517959710885862e+02 3.459655921070711848e+00 5.205830378981504225e+01
2.224755269739192443e+02 3.568678374144611976e+00 5.204919339324484184e+01
2.225226454502981710e+02 3.546733723582597975e+00 5.214322422843323324e+01
2.225157611234781712e+02 3.530766482534971384e+00 5.225128479951631277e+01
2.224395251051199693e+02 3.569420397394674094e+00 5.216247560942094452e+01
2.223828977382032122e+02 3.593151400225355285e+00 5.210206942039739175e+01
2.221968560200071465e+02 3.556544919888971368e+00 5.205727320196773888e+01
2.221149998625882915e+02 3.520969027399895701e+00 5.206786764503806353e+01
2.221490367438920543e+02 3.480212713331684249e+00 5.191347184434000894e+01
2.221983125841646824e+02 3.475046032923846617e+00 5.178143292934289832e+01
2.221887487289416470e+02 3.419504218539588525e+00 5.180050567510374293e+01
2.221230659301398873e+02 3.417429301673674757e+00 5.183395168604171488e+01
2.220684859977464498e+02 3.404979800478192598e+00 5.184318575315359823e+01
2.220347514222112295e+02 3.381042680078049756e+00 5.178573391595899977e+01
2.219477423255558222e+02 3.353065655316459281e+00 5.183227526314342981e+01
2.218995657789870108e+02 3.401242201885288807e+00 5.183649380273174501e+01
2.219280787094292009e+02 3.389823288537114898e+00 5.181904251518399462e+01
2.219874268282628407e+02 3.469219776293731350e+00 5.180745870778024909e+01
2.220367164097067700e+02 3.533583422650946826e+00 5.172990353697748844e+01
2.220235523676038270e+02 3.515582488251298710e+00 5.179450078324676099e+01
2.220667958336768493e+02 3.493239343721658674e+00 5.182247780800835812e+01
2.221034710198697439e+02 3.562907082199686659e+00 5.189497622777365393e+01
2.220425014428229815e+02 3.526960178085579933e+00 5.183694726138455877e+01
2.221041305960920056e+02 3.537018715475307218e+00 5.197170692829856620e+01
2.220774040179184965e+02 3.516365735015252625e+00 5.204595047681864628e+01
2.220520103333608120e+02 3.535204880864045052e+00 5.196971445846043736e+01
2.218993184379036450e+02 3.417374336988484806e+00 5.180046445158985335e+01
2.218156072223596311e+02 3.379847198175172540e+00 5.160626047764311153e+01
2.217216588341990189e+02 3.295448924066287422e+00 5.142113941792398180e+01
2.217735317558468751e+02 3.238862780663423813e+00 5.149064226234644082e+01
2.217824360348476205e+02 3.202957100063209328e+00 5.143779371753648633e+01
2.217880149503943699e+02 3.109365982356336211e+00 5.143555390661499871e+01
2.218133261879242468e+02 3.019402533871987426e+00 5.142166158243328766e+01
2.218215983730453047e+02 3.100145656415752793e+00 5.134116580097287397e+01
2.217141836370132069e+02 3.009701266935993491e+00 5.090934949295078127e+01
2.214939264022865189e+02 2.921359276664742932e+00 5.071498062494847403e+01
2.212655069118091546e+02 2.754431527743424812e+00 5.047071756396515241e+01
2.211245087531261220e+02 2.785747657130293931e+00 5.023619699343171874e+01
2.212309890895099898e+02 2.674595322505290529e+00 5.030818698985901705e+01
2.212346717234177049e+02 2.619245884519196377e+00 5.036095308764119238e+01
2.212024349355538959e+02 2.570547173441064093e+00 5.021921290570808338e+01
2.212008409596834042e+02 2.497045648171050125e+00 5.014980624948470478e+01
2.212215763871712397e+02 2.477519443757385975e+00 5.016845301893533104e+01
2.214130596092010990e+02 2.523978343914035083e+00 5.023372358259818071e+01
2.214518234534311603e+02 2.508821831972957384e+00 5.012211778932036310e+01
2.214501058070189856e+02 2.520488086404485184e+00 5.008314782752081840e+01
2.214072470937422565e+02 2.468862505839998001e+00 4.985641850111303341e+01
2.213816060681012345e+02 2.343666694149009189e+00 4.967544727512573388e+01
2.211687690658751819e+02 2.380300656827988082e+00 4.956294830571357579e+01
2.210966004342210169e+02 2.406560035177398582e+00 4.974679143650205049e+01
2.209947233902217931e+02 2.363467721988622205e+00 4.973946739220050972e+01
2.209051584357050615e+02 2.339901613213510423e+00 4.971891059993954087e+01
2.208470470222881659e+02 2.289636408607469864e+00 4.967339984060241420e+01
2.208483936570753201e+02 2.365776238766592598e+00 4.959774095143870198e+01
2.208053975320856352e+02 2.291395278533542079e+00 4.956018633028279652e+01
2.206519223898645237e+02 2.211407920411135652e+00 4.938761095995822359e+01
2.208251985599252407e+02 2.212685849341797795e+00 4.942990628521175012e+01
2.208486959628438626e+02 2.207422980734877971e+00 4.941773160744222082e+01
2.209015582488251255e+02 2.282463517190205238e+00 4.941799268969686665e+01
2.209422595982081532e+02 2.416412454997664216e+00 4.952028196883502176e+01
2.209247396048039036e+02 2.425151839942836673e+00 4.948440377057740136e+01
2.208838458790227151e+02 2.472256575150465707e+00 4.950208865803720926e+01
2.208901118531343570e+02 2.499821364773133325e+00 4.948030890153076911e+01
2.209287657679940651e+02 2.474482644900651174e+00 4.959643554016544442e+01
2.210205293099183734e+02 2.429823838183966966e+00 4.984337812955176616e+01
2.209825899359661321e+02 2.462005661362574482e+00 4.992596256904938912e+01
2.209051309533624590e+02 2.419834006650726899e+00 4.990804408167752371e+01
2.208253359716382249e+02 2.419737818451644706e+00 4.994451315030093497e+01
2.209197378184516367e+02 2.470800010992936890e+00 4.975730343254458887e+01
2.209921263088465651e+02 2.482054030285541391e+00 4.966445433808777921e+01
2.210814714046225333e+02 2.509027949542419034e+00 4.973288537114903818e+01
2.211492016379476127e+02 2.507612608898782458e+00 4.974686014235853548e+01
2.211416989584192265e+02 2.536166762854865642e+00 4.987205595404952163e+01
2.210353285514057120e+02 2.637507901173496094e+00 4.991260615054827099e+01
2.210038063044493981e+02 2.669744689037293561e+00 5.012116964850083889e+01
2.209974991068238523e+02 2.761728089702366162e+00 5.022215351636573644e+01
2.210213400390249205e+02 2.815937010470772606e+00 5.026928573391595734e+01
2.210239783439140240e+02 2.767114628850963154e+00 5.026513590018413424e+01
2.209628576139830045e+02 2.543092313188776377e+00 5.011460136862066150e+01
2.210730618077884913e+02 2.440569434138565974e+00 5.018029790859372952e+01
2.211266798581911246e+02 2.385206254981174556e+00 5.019057630472421749e+01
2.212588699260724923e+02 2.401503284139939964e+00 5.030767856652101244e+01
2.213572017478769851e+02 2.385755901833072290e+00 5.052855415395608674e+01
2.212172066946986604e+02 2.599376150823096143e+00 5.043114299062852268e+01
2.211056558661060194e+02 2.732541841866600763e+00 5.050880809080165790e+01
2.210918734712946900e+02 2.795284030010718013e+00 5.039291505207904009e+01
2.211227636243713448e+02 2.785225492620991172e+00 5.036275318108115329e+01
2.211770000274823360e+02 2.759515761123477962e+00 5.028309561106988923e+01
2.212700277571660195e+02 2.611633275620413919e+00 5.043618600049467915e+01
2.214176354192431404e+02 2.596751587105284642e+00 5.049093082694368917e+01
2.214354164949020287e+02 2.555019649874955334e+00 5.057466952483029843e+01
2.214669250006870698e+02 2.503421551653063126e+00 5.049729298925440446e+01
2.214781927611509502e+02 2.583779921400500168e+00 5.040481490642262230e+01
2.214165773490532274e+02 2.738313133811526079e+00 5.041840492483579084e+01
2.212382993926402150e+02 2.901132272514909349e+00 5.012001539011185258e+01
2.210221919916453714e+02 2.871506307197625674e+00 4.993226976667491357e+01
2.209501195481902869e+02 2.868180943743644740e+00 4.992232115865556352e+01
2.209146398439002894e+02 2.911122104048148973e+00 4.995104020666721567e+01
2.208597438645670081e+02 2.869239013933547522e+00 5.014990243768378519e+01
2.208831450792865496e+02 2.838280155000412197e+00 5.038974084150932953e+01
2.208865391485970235e+02 2.895745733366312358e+00 5.056914557396872567e+01
2.208042570148679431e+02 2.968711352955725857e+00 5.061207299310193264e+01
2.207802786709539191e+02 2.993788990573556408e+00 5.058072938137247121e+01
2.210113364663203868e+02 2.983386923901393484e+00 5.057593371258965931e+01
2.212401407095940726e+02 2.919078242229367515e+00 5.059738368098496863e+01
2.214240662874103407e+02 2.869555060873388630e+00 5.053980817324868724e+01
2.215428587132767291e+02 2.823604584054745015e+00 5.050118174073158173e+01
2.215521477450737962e+02 2.760615054827273429e+00 5.054820402891142095e+01
2.215450435595130045e+02 2.714774507379008828e+00 5.062038640173688719e+01
2.214325858136147644e+02 2.745238684145436370e+00 5.077806634237502692e+01
2.213947701102042060e+02 2.819715832577569081e+00 5.087253689504493082e+01
2.213913210762085271e+02 2.943551268310110824e+00 5.104287245444801613e+01
2.212787396597686040e+02 3.020501827575782450e+00 5.105212026273119363e+01
2.213793387748371799e+02 3.062893341028389393e+00 5.104288619561931739e+01
2.214595734740429407e+02 3.111179816967598377e+00 5.104163574903125067e+01
2.215177535933162858e+02 3.149531426058757244e+00 5.109716382224420528e+01
2.216099156292082455e+02 3.193626844752246896e+00 5.116529254953692174e+01
2.216254019292604482e+02 3.166171984499958736e+00 5.105769917827795723e+01
2.215809080165993237e+02 3.091282600928903168e+00 5.114376013411383326e+01
2.215456619122213908e+02 3.092409376975293167e+00 5.114668700360018505e+01
2.214942561903976639e+02 3.113845604199302119e+00 5.120687333388298157e+01
2.213579712534696569e+02 3.102783961304861560e+00 5.112401407095941153e+01
2.212954626652375794e+02 3.103828290323467076e+00 5.118351334267732966e+01
2.212743150026108196e+02 3.152101025091378794e+00 5.123992085085332349e+01
2.213044768736087065e+02 3.272556132684750096e+00 5.139711985049605403e+01
2.212861186687553356e+02 3.260257784373540080e+00 5.131570341055871864e+01
2.213166652925495441e+02 3.196897243521037879e+00 5.108618462637755187e+01
2.211722455822134350e+02 3.077266606205513177e+00 5.083309973342127819e+01
2.211009563855222950e+02 3.015637452936488216e+00 5.062898837496908300e+01
2.208951686041718290e+02 3.037156127188281651e+00 5.062802649297826463e+01
2.207755654491988935e+02 2.984128947151455158e+00 5.070554044026712859e+01
2.207234177041250973e+02 3.014826723829939326e+00 5.058547008547008517e+01
2.206202077665100205e+02 2.910888504136092347e+00 5.055093852199961191e+01
2.205557067084398284e+02 2.927061862753181032e+00 5.034337812955176616e+01
2.205779811471129790e+02 2.920548547558194041e+00 5.034656608129277089e+01
2.205426388545359657e+02 2.990669744689037124e+00 5.031336741143815061e+01
2.205117761838019135e+02 3.018193310797812501e+00 5.025271388133124617e+01
2.206010937972352792e+02 2.966650177261109800e+00 5.036121416989584532e+01
2.206440074751971849e+02 3.072649572649572836e+00 5.040263006018633263e+01
2.205434770659851154e+02 3.105229889795806386e+00 5.035077087970978482e+01
2.204643416604831430e+02 3.081828675076263568e+00 5.025766070299832222e+01
2.204215928765767956e+02 3.134594772858438461e+00 5.025770192651221890e+01
2.203954434275977690e+02 3.212603402314013312e+00 5.031092148294720801e+01
2.205322505290350819e+02 3.159796081017946179e+00 5.051008601973232004e+01
2.208125566823316035e+02 3.187841811636023870e+00 5.070030505400280418e+01
2.209827823123642929e+02 3.175254898727567721e+00 5.091400775002060897e+01
2.211207161898480251e+02 3.133825267265781811e+00 5.108869926072498657e+01
2.211481573089290009e+02 3.194258938631929112e+00 5.119834006650727076e+01
2.211115920521065163e+02 3.318932585813614722e+00 5.101573364113556863e+01
2.209870970401516956e+02 3.496867012944183450e+00 5.096203314370517035e+01
2.209594223211586552e+02 3.565888916371231510e+00 5.085276334954791366e+01
2.208665869678731326e+02 3.674347981421936193e+00 5.079224723115398632e+01
2.207826146700744800e+02 3.660991562920823394e+00 5.083800533157446466e+01
2.209235441229010348e+02 3.755544562618517546e+00 5.102378596751587025e+01
2.210264380135762678e+02 3.802580591969659363e+00 5.131927611509605214e+01
2.210664935279083068e+02 3.780388600324291470e+00 5.141509330255311028e+01
2.210401242201885168e+02 3.762373924753346088e+00 5.158607469700717019e+01
2.209790584549427024e+02 3.780951988347486914e+00 5.151222964245472014e+01
2.210237172616593853e+02 3.798279605353560129e+00 5.148621760518866353e+01
2.211217192953527331e+02 3.781254294116030312e+00 5.154761315854563719e+01
2.211030587847308198e+02 3.674815181246049445e+00 5.150676065627833822e+01
2.211177343556764754e+02 3.448099596009563950e+00 5.130928628356281251e+01
2.210740649132931992e+02 3.307623601835820271e+00 5.105008656937917522e+01
2.210349575397806916e+02 3.150644460933849977e+00 5.072154890482864431e+01
2.209476873608706455e+02 3.079533899469590885e+00 5.028747904471376984e+01
2.208241542309066290e+02 3.011556325061148343e+00 5.002352488526121732e+01
2.208044219089235298e+02 3.025957072580866658e+00 4.998040508972984952e+01
2.206816582845521850e+02 3.006856844477423074e+00 4.981654162200786118e+01
2.205964492813367315e+02 2.962294225959820615e+00 4.992577019265122118e+01
2.205955011405172286e+02 2.954200676065627640e+00 5.010634292467089779e+01
2.204725313985764217e+02 2.921441723692527415e+00 5.017509000467200053e+01
2.203990161321351025e+02 2.920095088905378500e+00 5.018182317860774333e+01
2.203867315249951844e+02 2.850688432682001672e+00 5.007403743095061088e+01
2.204117541979278201e+02 2.846840904718718424e+00 4.994043202242558976e+01
2.202691208398603919e+02 2.740745321131173196e+00 4.978423612828757427e+01
2.202133866490779610e+02 2.654698106466595320e+00 4.964002253552092725e+01
2.201159342622365216e+02 2.509508890537829551e+00 4.950169016406958633e+01
2.200016901640695721e+02 2.423846428669580000e+00 4.925782559705389474e+01
2.199031934482095210e+02 2.348476104103113915e+00 4.906336054085249998e+01
2.196319839503119340e+02 2.329898040508973089e+00 4.887279797729958375e+01
2.193679198614889856e+02 2.249347294363371663e+00 4.854439772446202994e+01
2.191815758375243774e+02 2.243136284936928071e+00 4.841906450105806670e+01
2.190612856239865778e+02 2.174347981421936193e+00 4.827505702586088177e+01
2.190631269409404354e+02 2.110176711462885102e+00 4.820438618187814228e+01
2.190061697859125616e+02 2.088836672437958786e+00 4.805699837854178469e+01
2.190620826119218520e+02 2.009467667023937310e+00 4.802576469618270494e+01
2.191130348750927510e+02 1.976997279248083217e+00 4.794401846813422452e+01
2.190516805452496669e+02 1.993074449666089487e+00 4.782168082007310517e+01
2.189709099403633275e+02 1.986437463929425329e+00 4.800603237419957736e+01
2.188792151042954970e+02 2.008643196746090709e+00 4.795492895814439294e+01
2.188627394399098591e+02 1.986272569873856142e+00 4.801930634567290213e+01
2.188328798746805148e+02 1.993541649490202516e+00 4.806458350509797128e+01
2.188728666831560759e+02 2.009453925852639600e+00 4.811897106109324795e+01
2.189299200263830585e+02 2.017753593316294225e+00 4.827823123643059233e+01
2.190016901640695721e+02 2.052862285981257084e+00 4.827251490917085874e+01
2.190930552120262860e+02 2.045112265369500193e+00 4.813071976255255890e+01
2.190643361640146338e+02 2.051268310110753834e+00 4.818509357737653431e+01
2.190761123478165189e+02 2.057355648995520259e+00 4.822415972737515943e+01
2.190485338170225589e+02 2.035410998433506258e+00 4.815284304834143825e+01
2.188686618847390548e+02 2.071302937862423477e+00 4.800989364333415921e+01
2.188050952263170927e+02 2.019855992524802968e+00 4.799829609475911951e+01
2.186685354659631173e+02 2.008409596834034083e+00 4.782235413746667518e+01
2.184732871629977637e+02 1.971706928298568196e+00 4.766358864429604125e+01
2.184999450353148234e+02 1.930497155577541424e+00 4.773857421606617635e+01
2.184357462830131738e+02 1.945268914722291020e+00 4.776110973699397988e+01
2.184279138153736142e+02 1.952592959023827124e+00 4.775634155055377050e+01
2.184466567730233351e+02 1.968876247011295266e+00 4.782826284112457671e+01
2.185224393327287089e+02 1.936089812295600066e+00 4.794103663396268189e+01
2.184802814191881737e+02 2.039959326132959383e+00 4.781375216423447938e+01
2.184754994915766702e+02 2.043669442383268642e+00 4.777803886003243150e+01
2.184627339434413500e+02 2.075315359881276134e+00 4.771777008272184872e+01
2.185176436639459041e+02 2.101203726605656019e+00 4.777471349657844968e+01
2.185729931019320134e+02 2.165251326023030387e+00 4.786486932146095796e+01
2.185070767032181891e+02 2.155220270975898078e+00 4.795061423035699733e+01
2.185289114244098130e+02 2.192981009701266970e+00 4.811523346250034194e+01
2.185121746777695364e+02 2.247876989034545137e+00 4.826377552422568584e+01
2.185265479429466495e+02 2.235908428834473938e+00 4.829542144172368978e+01
2.185190864869321388e+02 2.255654491988897004e+00 4.827659603704619684e+01
2.185879297551323361e+02 2.234740429274191253e+00 4.827402643801357840e+01
2.186632451150136092e+02 2.277571660208316029e+00 4.831452166982713692e+01
2.187363756286585783e+02 2.294706900816225748e+00 4.829829334652485784e+01
2.187584851732761706e+02 2.312171929535273396e+00 4.832903234671723425e+01
2.188122956000769364e+02 2.274301261439525046e+00 4.838505510209689930e+01
2.188731277654107146e+02 2.359400335284579597e+00 4.844447192678703829e+01
2.189437024211943879e+02 2.375985929040591582e+00 4.853314370516942944e+01
2.189374364470827459e+02 2.372207106933795107e+00 4.847753318492868146e+01
2.190075576442135912e+02 2.379311292494572072e+00 4.850702173853299115e+01
2.189817379833457096e+02 2.427419133206914381e+00 4.839901613213510245e+01
2.189625827905570645e+02 2.465385989501744923e+00 4.848744056943414193e+01
2.189532525352460937e+02 2.483070876961552376e+00 4.857744524143237896e+01
2.190223431445296285e+02 2.501951246324236600e+00 4.854133344326270105e+01
2.191260889878253124e+02 2.555170802759227033e+00 4.867063786517162782e+01
2.192436859317888320e+02 2.593453705993899128e+00 4.878147415285678790e+01
2.192180723884903841e+02 2.530491659109022518e+00 4.881189710610932764e+01
2.191163190150328433e+02 2.460837661802292242e+00 4.875109242311814484e+01
2.190464176766427613e+02 2.465262318960068200e+00 4.863412757303432699e+01
2.190035177398521569e+02 2.479772995850166417e+00 4.850783246763953827e+01
2.189579932393437218e+02 2.504410915986478692e+00 4.856230247066260119e+01
2.189359798829252099e+02 2.635515431335366809e+00 4.868742957649710235e+01
2.189884161925962474e+02 2.707862698216395803e+00 4.883997031906999808e+01
2.189985296946711628e+02 2.780003847527963146e+00 4.899986258828702290e+01
2.190611482122736220e+02 2.843419353065655297e+00 4.894825074889383387e+01
2.190592244482919853e+02 2.874158353258031706e+00 4.906650726907961513e+01
2.192500755764421285e+02 2.841935306565531505e+00 4.901320526561683977e+01
2.194571412867232709e+02 2.804875367576332046e+00 4.902261796795558979e+01
2.195060461153708786e+02 2.808764119053507979e+00 4.886937642564652151e+01
2.196041718196059094e+02 2.760628795998571139e+00 4.874728611866875383e+01
2.196634512325830713e+02 2.802278286201115964e+00 4.874548602522879293e+01
2.195615741885838474e+02 2.790405914200126514e+00 4.870610382829032403e+01
2.194225272762250256e+02 2.888985077087971032e+00 4.874637920136312630e+01
2.192626075246654125e+02 2.943867315249951933e+00 4.876023030203094777e+01
2.192639404182812655e+02 2.960315497292989040e+00 4.887202847170692621e+01
2.192075329101052432e+02 2.984307582378321833e+00 4.881601945749855531e+01
2.191634924560969466e+02 2.948017148981779023e+00 4.889306620496331135e+01
2.192181410943468904e+02 2.999560282518481724e+00 4.887513397642015178e+01
2.191889823288537116e+02 3.019828510182207992e+00 4.894770110204193969e+01
2.190402753730728023e+02 2.918143842581141456e+00 4.884019017781075434e+01
2.189980899771896645e+02 2.854838266413829206e+00 4.878919669112595159e+01
2.190014428229862347e+02 2.883612279110671306e+00 4.884086349520433146e+01
2.189331766839805482e+02 2.881812185670706405e+00 4.882305493720284773e+01
2.190167642289828791e+02 2.900032978811113882e+00 4.892501442822986490e+01
2.190110204193805430e+02 2.942822986231346416e+00 4.901073185478330174e+01
2.190876686728776690e+02 2.960741473603210050e+00 4.914462582790557121e+01
2.192531123752988833e+02 2.961936955506087266e+00 4.908269436886800463e+01
2.193428697062137473e+02 2.942768021546156465e+00 4.908071564020116995e+01
2.192123698024019518e+02 2.886896419050759999e+00 4.895661912221397927e+01
2.192427377909693007e+02 2.831354604666501906e+00 4.887788221067963690e+01
2.192182098002033683e+02 2.811265012229642313e+00 4.878598125704235144e+01
2.191514414488690932e+02 2.756547668123230821e+00 4.868420040124220094e+01
2.190490559815318647e+02 2.769285733915959113e+00 4.868201555500591127e+01
2.189040316596586706e+02 2.733407535658339604e+00 4.876165938384588117e+01
2.188454530464176742e+02 2.734479347019540096e+00 4.879503668892736101e+01
2.188609256052986041e+02 2.738876521834721078e+00 4.879195866655673797e+01
2.189454612911204663e+02 2.806153296506994188e+00 4.901135020749168802e+01
2.189965647071756507e+02 2.717563965152389738e+00 4.903873636188748719e+01
2.188963915684173003e+02 2.672437958611591835e+00 4.890928078709428917e+01
2.188364938027317521e+02 2.621636848324951252e+00 4.880148129826586256e+01
2.187725423915134400e+02 2.557108307912166367e+00 4.868877621128424948e+01
2.186498199906559989e+02 2.631956467969329694e+00 4.838634677219886271e+01
2.185692280209965190e+02 2.741707203121994230e+00 4.825367576332206454e+01
2.184379723527633530e+02 2.746722730645560162e+00 4.816545744359249426e+01
2.182154890482864857e+02 2.788276032649022795e+00 4.797577431500261014e+01
2.178458652815565983e+02 2.688501387858301062e+00 4.771517300134663486e+01
2.177653969824387730e+02 2.587064061340588861e+00 4.753394069310468240e+01
2.177345617940473232e+02 2.474661280127517848e+00 4.757469700717289385e+01
2.176948910325116060e+02 2.410022810344353950e+00 4.753535603374831453e+01
2.177412125209552869e+02 2.404306483084618140e+00 4.750894550251463500e+01
2.177441119080990575e+02 2.371588754225410156e+00 4.750574380960232901e+01
2.176230934124824898e+02 2.444375738587957425e+00 4.737872042212877943e+01
2.174988045180971312e+02 2.439387693406986024e+00 4.730367988567345350e+01
2.174456399263473259e+02 2.430950614230356965e+00 4.726292357160524205e+01
2.173754500233600027e+02 2.430057438096023148e+00 4.717407315799598422e+01
2.174043477065985144e+02 2.411135845219446683e+00 4.714516173358617124e+01
2.173717948717948616e+02 2.330818698985901438e+00 4.713047242146920723e+01
2.173963228625607940e+02 2.275606672712782164e+00 4.709558358754500063e+01
2.173335119685602024e+02 2.216492153791189246e+00 4.708905653117871992e+01
2.172482205183169697e+02 2.220298458240580253e+00 4.690999532800175587e+01
2.170948827878088423e+02 2.132519855992524693e+00 4.685141671476076652e+01
2.169265809217577612e+02 2.108472806222002394e+00 4.665901283425399271e+01
2.167798114711297899e+02 2.159919751559622902e+00 4.648323577101712090e+01
2.166717646412180045e+02 2.158312034517822386e+00 4.633309973342127819e+01
2.165832027922060092e+02 2.173619699343172229e+00 4.627311952070794376e+01
2.165650232225794980e+02 2.187209717756341654e+00 4.618079259076043996e+01
2.166113859345370543e+02 2.165223843680435412e+00 4.611403798059746606e+01
2.166641245499766342e+02 2.126102728996619451e+00 4.619476736196993727e+01
2.167863385274960706e+02 2.117720614505180343e+00 4.619516585593756020e+01
2.167962321708302511e+02 2.092615494544754817e+00 4.618855635254349323e+01
2.168236320663973515e+02 2.114587627449363794e+00 4.623109901888037143e+01
2.167481105889465880e+02 2.129318163080220927e+00 4.623457553521862451e+01
2.167083298980405175e+02 2.156773023332508643e+00 4.630480666171984439e+01
2.166368895484651205e+02 2.164523043944265979e+00 4.637264682441531249e+01
2.165188666281913754e+02 2.235317558468683963e+00 4.638214197378184167e+01
2.164535685821859374e+02 2.249196141479099520e+00 4.640602412949679945e+01
2.164971555775414345e+02 2.204839640530958711e+00 4.655343941517575246e+01
2.164407480693654406e+02 2.244469178552779720e+00 4.660392447852255060e+01
2.164444307032731558e+02 2.200579877428752162e+00 4.665582488251298798e+01
2.165098111963063729e+02 2.242655343941517554e+00 4.667361969934317045e+01
2.165622337648061091e+02 2.225396432791931112e+00 4.680777475472009286e+01
2.166394041828125410e+02 2.164495561601671003e+00 4.665017726110973939e+01
2.168377442493198259e+02 2.176642757028609321e+00 4.645742985132052638e+01
2.168517190205293161e+02 2.187869293978618845e+00 4.651228460713991097e+01
2.168793525160084528e+02 2.151633825267265987e+00 4.640166817819550715e+01
2.169109297276499717e+02 2.165526149448978810e+00 4.643985489323110016e+01
2.168035562151317777e+02 2.204070134938302061e+00 4.649906560035177705e+01
2.166456151922389779e+02 2.206543545771841419e+00 4.640272624838541304e+01
2.165350125044658682e+02 2.153667518619287069e+00 4.641977904196554050e+01
2.165585099073845186e+02 2.155838623684283029e+00 4.635419243136284706e+01
2.165605161183939344e+02 2.162296974194080512e+00 4.635688570093714844e+01
2.165216148624508889e+02 2.230027207519168719e+00 4.630203094511776385e+01
2.165189628163904558e+02 2.243630967103635854e+00 4.628003132987056034e+01
2.164020254486492547e+02 2.231442548162805295e+00 4.612739439909857708e+01
2.163038310385577176e+02 2.213208013851100553e+00 4.594309780965729573e+01
2.161570615879297463e+02 2.143155522576744243e+00 4.576605655866106304e+01
2.158657350152527101e+02 2.188130376233270002e+00 4.527996262401406824e+01
2.157477120949789651e+02 2.208659686151647428e+00 4.523115398356556227e+01
2.156825789430291138e+02 2.261604419160689439e+00 4.519735070217384987e+01
2.155690631269409323e+02 2.209415450573006812e+00 4.499723802456921362e+01
2.155299694945997260e+02 2.199370654354577237e+00 4.481401324648913231e+01
2.153798746805177586e+02 2.135845219446505627e+00 4.498579162887844518e+01
2.154247533459752049e+02 2.160277022013356252e+00 4.506270096463022412e+01
2.154634897078626921e+02 2.174320499079341662e+00 4.521405996647154524e+01
2.155794102289279124e+02 2.152362107346030395e+00 4.548836122791106362e+01
2.156815208728392008e+02 2.265713029378624288e+00 4.569311842141424052e+01
2.158265726770549975e+02 2.292274713496578631e+00 4.586790612031769854e+01
2.160098799021628508e+02 2.276994531013823764e+00 4.598948800395745451e+01
2.161470305328826100e+02 2.277750295435182704e+00 4.608031714623354702e+01
2.161987660428174820e+02 2.265534394151757613e+00 4.596491878967763256e+01
2.162263583147827433e+02 2.241130073927501520e+00 4.592096078269711512e+01
2.161345810316871336e+02 2.186976117844285028e+00 4.576876356940665858e+01
2.161154395800698182e+02 2.158037211091873520e+00 4.570327314700305266e+01
2.160778162530574207e+02 2.211366696897243411e+00 4.570489460521614689e+01
2.160830791216643263e+02 2.269189545716876921e+00 4.578463462225520431e+01
2.162320196773573002e+02 2.392626487481793074e+00 4.607038227938549824e+01
2.163318355456619031e+02 2.459298650616978499e+00 4.618903729353890242e+01
2.165279632835902817e+02 2.590719212905708169e+00 4.636458075686371672e+01
2.167144722016104765e+02 2.729766125264517562e+00 4.660330612581416432e+01
2.168979718031164907e+02 2.852241185038612681e+00 4.678393382251903176e+01
2.170027482342594851e+02 2.889356088713002091e+00 4.686313793387748206e+01
2.170448649242861450e+02 2.868606920053865306e+00 4.692572896913733160e+01
2.170235248852612244e+02 2.875807293813724463e+00 4.706983263253359695e+01
2.170757688185341010e+02 2.916412454997664216e+00 4.714239975815538486e+01
2.170253524610437807e+02 2.885096325610795098e+00 4.718935334047873909e+01
2.170786819468491444e+02 2.845054552450050789e+00 4.721285074339736809e+01
2.170247753318492983e+02 2.879242586638084855e+00 4.711108362876851885e+01
2.169455025146343417e+02 2.939538846291257723e+00 4.697196801055321913e+01
2.168769203286888114e+02 2.930826943688680242e+00 4.678350784620881342e+01
2.169035782010058426e+02 2.935732541841866716e+00 4.664259213455355280e+01
2.167914914667326229e+02 2.970731305136449674e+00 4.659271168274383967e+01
2.168759996702118826e+02 2.830131640421029271e+00 4.678051227086596953e+01
2.167683788166103227e+02 2.769849121939154113e+00 4.676156319564679364e+01
2.166129524280649719e+02 2.666652925495369253e+00 4.670346552340121349e+01
2.165717014318300357e+02 2.733091488718498496e+00 4.671116057932778176e+01
2.165715227966031762e+02 2.729944760491384237e+00 4.668513480089043099e+01
2.165376508093550001e+02 2.798499464094319489e+00 4.666574600818973551e+01
2.165195399455849667e+02 2.821048726193420730e+00 4.669875230164619495e+01
2.165500041223513961e+02 2.817297386429219230e+00 4.674999312941434937e+01
2.165496743342402510e+02 2.813010140984417706e+00 4.663561161953445122e+01
2.165515706158792852e+02 2.823192348915821714e+00 4.651566493527908364e+01
2.165575342842223847e+02 2.874227059114518923e+00 4.662749058729766460e+01
2.166074284772033991e+02 2.881468656388270322e+00 4.667557094566740972e+01
2.165118036661445160e+02 2.806098331821804681e+00 4.665168878995245905e+01
2.164445681149861116e+02 2.781185588259543096e+00 4.668929837579355535e+01
2.163184516448181967e+02 2.760257784373540080e+00 4.661800917910242958e+01
2.162690383928326128e+02 2.685904306483084536e+00 4.653745843295682505e+01
2.162020776651001768e+02 2.697419408030340637e+00 4.639815043834336450e+01
2.161524033308599257e+02 2.748728941654986713e+00 4.636327534559045915e+01
2.161161953444911603e+02 2.752947481243301020e+00 4.631879517410064295e+01
2.161178580262181583e+02 2.716203589193943113e+00 4.636117294638194863e+01
2.160992387391101204e+02 2.742655343941517554e+00 4.633059884024514474e+01
2.160563113199769134e+02 2.735509934866847903e+00 4.634866848050128141e+01
2.160206117569461526e+02 2.780402341495589180e+00 4.641389782065023439e+01
2.160064995740236782e+02 2.864127298210899397e+00 4.649648226014785735e+01
2.160683485860334656e+02 2.919669112595157490e+00 4.660147855003160799e+01
2.160754252892516547e+02 2.949240113227251658e+00 4.664902300272075308e+01
2.160134388655289115e+02 2.980666171984499790e+00 4.667772830956110397e+01
2.159476598785280430e+02 3.041498337318273126e+00 4.668197433149201458e+01
2.159431390331711782e+02 3.073748866353367859e+00 4.668729216478412525e+01
2.160372248330447746e+02 3.142399758155385303e+00 4.671129799104075886e+01
2.160991425509110400e+02 3.145999945035314660e+00 4.665082309616071399e+01
2.160864044851183223e+02 3.050210239920851052e+00 4.664341660483139407e+01
2.160994448566795825e+02 3.096229422595981884e+00 4.655988402451424690e+01
2.160654629400610247e+02 3.087393849451727235e+00 4.657465578365899717e+01
2.160619864237227716e+02 3.032113117322120743e+00 4.649329430840684552e+01
2.159245060048918674e+02 3.063470470222881659e+00 4.647200923406710871e+01
2.158182455272487346e+02 3.159370104707725169e+00 4.639044164124550207e+01
2.156004617033555917e+02 3.097205045758100628e+00 4.622675680875038040e+01
2.154373952235688705e+02 3.008272185121059650e+00 4.595157611234781569e+01
2.152640228653090446e+02 2.874185835600626682e+00 4.569421771511803598e+01
2.151508780608459119e+02 2.778533542199137063e+00 4.554852007585126472e+01
2.150904993541649617e+02 2.676752686398988779e+00 4.536581746228048218e+01
2.149227196526231864e+02 2.594690411410668585e+00 4.522920273724132301e+01
2.148447385055102075e+02 2.529186247835765400e+00 4.515019100228103355e+01
2.147492373649929789e+02 2.530615329650699241e+00 4.508086679308544120e+01
2.147120674966334093e+02 2.465166130760986007e+00 4.497161074009948578e+01
2.147644900651331454e+02 2.517423805205155851e+00 4.495977959161238857e+01
2.146651001731387680e+02 2.539052408827328300e+00 4.494514524418061541e+01
2.145432984307582274e+02 2.547090994036331768e+00 4.490612031769587986e+01
2.144994640943193929e+02 2.516448182043037551e+00 4.481301014098441726e+01
2.143014125924093776e+02 2.541017396322862609e+00 4.477779151894907272e+01
2.142092230741748438e+02 2.480927254239151392e+00 4.471946024679143505e+01
2.140602825184818698e+02 2.453376205787781483e+00 4.456595762222772095e+01
2.140067606562783453e+02 2.497389177453486209e+00 4.460836287685162205e+01
2.139563030752741497e+02 2.474963585896061691e+00 4.451192733668617763e+01
2.139967021188886065e+02 2.390359194217714922e+00 4.437656305823508518e+01
2.140429274191332070e+02 2.403303377579904865e+00 4.434934179789485142e+01
2.140622200236348078e+02 2.416412454997664216e+00 4.429238464286695631e+01
2.141164839090884016e+02 2.399029873306400606e+00 4.430776101354879160e+01
2.140084095968340421e+02 2.353271772885920932e+00 4.416199466842553534e+01
2.139421359276664703e+02 2.413636738395581016e+00 4.431361475252150228e+01
2.138511831148487090e+02 2.483593041470855134e+00 4.435831478275208184e+01
2.137720477093467366e+02 2.515926017533734793e+00 4.442038365350262552e+01
2.136171022617967878e+02 2.505551433204166401e+00 4.432203809052683852e+01
2.137173990710968212e+02 2.501044329018605517e+00 4.431709126885975536e+01
2.138473218457141343e+02 2.439566328633852699e+00 4.429643828839970610e+01
2.139135955148816777e+02 2.437642564652211075e+00 4.428183142331052125e+01
2.139885810866518341e+02 2.468216670789018075e+00 4.444055569296726560e+01
2.139491714073707556e+02 2.514730535630857133e+00 4.444239700992112319e+01
2.139143512793030482e+02 2.487152004836892250e+00 4.439367081650039637e+01
2.137837139637782684e+02 2.592024624178964842e+00 4.440110479017231171e+01
2.136363673839558146e+02 2.591914694808585384e+00 4.428196883502349834e+01
2.133536153021683504e+02 2.565875175199934244e+00 4.411373567482892355e+01
2.130659988457416034e+02 2.441462610272899791e+00 4.370161046527606175e+01
2.129524143237969724e+02 2.376398164179514882e+00 4.363743919531700755e+01
2.129432214801989858e+02 2.309918377442493398e+00 4.352245307390001727e+01
2.130560364965509734e+02 2.297262758677549588e+00 4.354759941737433593e+01
2.130757550773627997e+02 2.280264929782614747e+00 4.356375903482013001e+01
2.130814576634512321e+02 2.195014703053288052e+00 4.348669854618407982e+01
2.129647538956220671e+02 2.109750735152664536e+00 4.328214747025036502e+01
2.128320141808887911e+02 2.145573968725094094e+00 4.327439744963860591e+01
2.126602083161568828e+02 2.249539670761535604e+00 4.325525599802126919e+01
2.124782065023222515e+02 2.194135268090251945e+00 4.317397696979690380e+01
2.125131640421029431e+02 2.176862615769368237e+00 4.306672712782037848e+01
2.124433726330832428e+02 2.135171902052931170e+00 4.304856129936516140e+01
2.124833319592162013e+02 2.097150081072910677e+00 4.298010278396130701e+01
2.124950531783329097e+02 2.118435155412647486e+00 4.296123615576991739e+01
2.125705196910984682e+02 2.164564267458158220e+00 4.304953692252727393e+01
2.125930414708549847e+02 2.179363508945502570e+00 4.303682633907714461e+01
2.126438013576277228e+02 2.228062220023634854e+00 4.315467062412400168e+01
2.126214444719267931e+02 2.253813175035039862e+00 4.314304559320636656e+01
2.125771429356638293e+02 2.342718553329485864e+00 4.313489707862698452e+01
2.125650919284359759e+02 2.394715145519004107e+00 4.332853766455052380e+01
2.126323687031082557e+02 2.471473328386511792e+00 4.341205650369637681e+01
2.126917305631131967e+02 2.600186879929645034e+00 4.355029268694863731e+01
2.129429741391156199e+02 2.672437958611591835e+00 4.351947123972847464e+01
2.130429686426471108e+02 2.621169648500838001e+00 4.368521724791821015e+01
2.131689477011020415e+02 2.645436557012119660e+00 4.377291340313848167e+01
2.132827795641300384e+02 2.671833347074504594e+00 4.386379751009975791e+01
2.133469233517465113e+02 2.719790034902575204e+00 4.389589688625058272e+01
2.133873223953609681e+02 2.707945145244180729e+00 4.409276664742902341e+01
2.135068431033061245e+02 2.683856871959765744e+00 4.414851457938274848e+01
2.135375683623271925e+02 2.628795998570918169e+00 4.417155852364855662e+01
2.134679418473630790e+02 2.524335614367768876e+00 4.410338857284195058e+01
2.132914227608761450e+02 2.425866380850303816e+00 4.386958254321598361e+01
2.132268117734355712e+02 2.396391568417291840e+00 4.373043944265809557e+01
2.131010388325500742e+02 2.360692005386539005e+00 4.362431637672795404e+01
2.131156594388105532e+02 2.358259818066891889e+00 4.364253716986836196e+01
2.131403248412894698e+02 2.384189408305164015e+00 4.369086486932145874e+01
2.131714623354494620e+02 2.417319372303295300e+00 4.377283095611069541e+01
2.132207106933795160e+02 2.450311924588451706e+00 4.387208343639211705e+01
2.131285761398301588e+02 2.454489240662874217e+00 4.378874323247313782e+01
2.130898810014565754e+02 2.482205183169813534e+00 4.371179267320746220e+01
2.130172176876357071e+02 2.502597081375216526e+00 4.376383048891087668e+01
2.129831258416467392e+02 2.456316816445433648e+00 4.371855332948580752e+01
2.126315579740017085e+02 2.342210129991480372e+00 4.337370489460521839e+01
2.124251243576002537e+02 2.250927529062577204e+00 4.311330969851870520e+01
2.122890455382416803e+02 2.127559293154148268e+00 4.281184214142413680e+01
2.120252013081594953e+02 2.045194712397284675e+00 4.257890180558990778e+01
2.118855497842636169e+02 1.991878967763212049e+00 4.237459807073955176e+01
2.117022425591557351e+02 1.935237859675158711e+00 4.207921785252975155e+01
2.116170198147690087e+02 1.914900926154945449e+00 4.179914529914530164e+01
2.115322642702063831e+02 1.859290405914200139e+00 4.160667271278203572e+01
2.114465193613103509e+02 1.832701239453651043e+00 4.153967076153571014e+01
2.113145354109984453e+02 1.834391403523236264e+00 4.143974496386071849e+01
2.113102619067249179e+02 1.773531755846868396e+00 4.140124220188528881e+01
2.112903234671723283e+02 1.765493170637865150e+00 4.132849644103663422e+01
2.111996042542666316e+02 1.725575068018798008e+00 4.121603869513837282e+01
2.112476021656085834e+02 1.698024019567427878e+00 4.119520707945144977e+01
2.111540247890730200e+02 1.617349602880149506e+00 4.103443537527138574e+01
2.111231346359963652e+02 1.489336851073185475e+00 4.085509934866848170e+01
2.111555912826009376e+02 1.447879737268804812e+00 4.075316733998405994e+01
2.111861104240525435e+02 1.412262621265836682e+00 4.066235193887926869e+01
2.110452496770824666e+02 1.353532855140572089e+00 4.049226372055954215e+01
2.107860087393849540e+02 1.331038557726660576e+00 4.030608459065050653e+01
2.106871547530711553e+02 1.292975513232748064e+00 4.027974276527331199e+01
2.105598290598290703e+02 1.243232473136010041e+00 4.027300959133756209e+01
2.103579162887844518e+02 1.165003984939676274e+00 4.010268777310577804e+01
2.102418446148349744e+02 1.121293319042515169e+00 4.005857861324098934e+01
2.102206007640091343e+02 1.142083711215543973e+00 4.000784620881083953e+01
2.101244537884409169e+02 1.133893973122269028e+00 3.998937807458707994e+01
2.098258443949762295e+02 1.125676752686398885e+00 3.981919366806826588e+01
2.097204770934674514e+02 1.126473740621650510e+00 3.978287575232912587e+01
2.096991095720999283e+02 1.147731332618792344e+00 3.984460109379723747e+01
2.096834996015060426e+02 1.138744606590265773e+00 3.993857696430043802e+01
2.094843075823783352e+02 1.218498364800615574e+00 3.978555528073213310e+01
2.094306208261192239e+02 1.289224173468546564e+00 3.982172204358699474e+01
2.094204523593591034e+02 1.316019457498557088e+00 3.984072608349135436e+01
2.094503531481023515e+02 1.353972572622090365e+00 3.979286558386236550e+01
2.095427213015637449e+02 1.376879105174925177e+00 3.979744139390441404e+01
2.097343831588204637e+02 1.369184049248358015e+00 3.998800395745733027e+01
2.100205842746035785e+02 1.425660263280842166e+00 4.018700360018687689e+01
2.100773765355758940e+02 1.390386676560309898e+00 4.029837579355264410e+01
2.101381674773957684e+02 1.379173880781597861e+00 4.032993926402286178e+01
2.101693187127270619e+02 1.371204001429081831e+00 4.024964960013191728e+01
2.100303267650534451e+02 1.430881908373869749e+00 4.022657817352351373e+01
2.099055431885013832e+02 1.456509192843598033e+00 4.030646934344683530e+01
2.098407123423200460e+02 1.480638689641905037e+00 4.043232473136010441e+01
2.098743369884848846e+02 1.430813202517382532e+00 4.049109572099925458e+01
2.098085580014840446e+02 1.461098744056943399e+00 4.036268447522466829e+01
2.097884409267045953e+02 1.464424107510924333e+00 4.021482947206419567e+01
2.097920960782697080e+02 1.448841619259625624e+00 3.998367548849864050e+01
2.097238986451204994e+02 1.395457168769065781e+00 3.994352378596751407e+01
2.096256767526863882e+02 1.405735564899551981e+00 3.985103196196443776e+01
2.095857861324099360e+02 1.403825542089207623e+00 3.981703630417456452e+01
2.095651743754637550e+02 1.388339242036991328e+00 3.980574106136807444e+01
2.095288014950394313e+02 1.392777640366064773e+00 3.981404072883172773e+01
2.095373622447577304e+02 1.401558248825129915e+00 3.981927611509605214e+01
2.095598015774864677e+02 1.411396927474097840e+00 3.996541347184434301e+01
2.094923461675873284e+02 1.368071014373265282e+00 3.987267430675790791e+01
2.094674059416824718e+02 1.396281639046912382e+00 3.990559815318658110e+01
2.094760216560859760e+02 1.420699700442465740e+00 3.986999477835490779e+01
2.094419572924396107e+02 1.412331327122323898e+00 3.983900843707917971e+01
2.094165636078819261e+02 1.482768571193008533e+00 3.977148432132354827e+01
2.093524885261219595e+02 1.475884244372990262e+00 3.976616648803143761e+01
2.094098579162887859e+02 1.486052711133097004e+00 3.993161019045263771e+01
2.094826861241652125e+02 1.470236622969741891e+00 4.008166378102069416e+01
2.095644323522137142e+02 1.514895429686426542e+00 4.028107565888916497e+01
2.096926512215901255e+02 1.564789622667436264e+00 4.038420314947646261e+01
2.098003270398768905e+02 1.559430565861434026e+00 4.048878720422128907e+01
2.099203973946739268e+02 1.569530326765053552e+00 4.045987577981146899e+01
2.099836067826421413e+02 1.607662077115453281e+00 4.042200511171571975e+01
2.100968752576469569e+02 1.637370489460521661e+00 4.041279852694643893e+01
2.101768900981119543e+02 1.683279742765273257e+00 4.046599060103883261e+01
2.102374886635336679e+02 1.752947481243301242e+00 4.049574023689779523e+01
2.100810179459697054e+02 1.689504493363014337e+00 4.041141066864539511e+01
2.100974386456701666e+02 1.702984582405804304e+00 4.048840245142496030e+01
2.099664440596916393e+02 1.695413197020914087e+00 4.042762525077637292e+01
2.099580756863715010e+02 1.706845851540385262e+00 4.038491769038392931e+01
2.100227004149833760e+02 1.660263280842058986e+00 4.035163657350152278e+01
2.100753978069090522e+02 1.663368785555280782e+00 4.045444801714898375e+01
2.100579327781900076e+02 1.698243878308187016e+00 4.049759529502294697e+01
2.100178772638579687e+02 1.679528403001071757e+00 4.061089125237035091e+01
2.099720916810948950e+02 1.707986368758072970e+00 4.058432956825240012e+01
2.099322835078462219e+02 1.668494242449226395e+00 4.054596421798994044e+01
2.098840107730783018e+02 1.689600681562096307e+00 4.047581553851649971e+01
2.097763349547915368e+02 1.792453348723445083e+00 4.043907164646714136e+01
2.095589084013521415e+02 1.923324264160277020e+00 4.051815208728392292e+01
2.095888641547805662e+02 2.027963283590293209e+00 4.082517107758265240e+01
2.096474015445076589e+02 2.114560145106768818e+00 4.099212630884656505e+01
2.096221315304916573e+02 2.151908648693214410e+00 4.114803363838733929e+01
2.097045098524198181e+02 2.152980460054414902e+00 4.120213262978536051e+01
2.097315799598757735e+02 2.098716574600818952e+00 4.123316019457498527e+01
2.098144392227993649e+02 2.063621623107153802e+00 4.106608129276939678e+01
2.097597493610355457e+02 2.046967323494654600e+00 4.091679720779399076e+01
2.099962761425783810e+02 1.907384505455244961e+00 4.090675241157556030e+01
2.101421936405859299e+02 1.870063484211394123e+00 4.083367686261576779e+01
2.102405941682469006e+02 1.808667930854426009e+00 4.090708219968669823e+01
2.102353038172973925e+02 1.823288537114903685e+00 4.092893066204963048e+01
2.103197433149201743e+02 1.854206172534146768e+00 4.105589908483798922e+01
2.103607194877291420e+02 1.930400967378459232e+00 4.109339874130871095e+01
2.103549756781268059e+02 1.970648858108665191e+00 4.100313298705581389e+01
2.104201912771044647e+02 2.007200373759859158e+00 4.103751339764201589e+01
2.103817434798142187e+02 2.038846291257866650e+00 4.100573006843103485e+01
2.104070959408579995e+02 2.045716876906587434e+00 4.113082969192294058e+01
2.103456454228158350e+02 2.134498584659356268e+00 4.124668150713166881e+01
2.103803831038557632e+02 2.162434385907054502e+00 4.139136229972243086e+01
2.103018660510622055e+02 2.254239151345260872e+00 4.146307747272377497e+01
2.102434248495341649e+02 2.328757523291285381e+00 4.165489048286475793e+01
2.103198395031192547e+02 2.346923351746502906e+00 4.167220435869953832e+01
2.104538296644406046e+02 2.337400720037376090e+00 4.162782037540880253e+01
2.105619726825514704e+02 2.284964410366339571e+00 4.157814604116855151e+01
2.105642124934729509e+02 2.221356528430483479e+00 4.159409954104487639e+01
2.105943193997856326e+02 2.173427322945007845e+00 4.166020831615686859e+01
2.105138098771539319e+02 2.144790721961140179e+00 4.146401187237199792e+01
2.104280649682578996e+02 2.088149613873086619e+00 4.122628960892626537e+01
2.103040234149558785e+02 2.096820292961771859e+00 4.116861791299090356e+01
2.101903152224695646e+02 2.063044493912661093e+00 4.105827630747244683e+01
2.102550361392805200e+02 2.153653777447989803e+00 4.102243933272872312e+01
2.102922197488113909e+02 2.227924808310660421e+00 4.112433011789924819e+01
2.103035699563030789e+02 2.345521752274164040e+00 4.136502047434523632e+01
2.102496083766180277e+02 2.415065820210514858e+00 4.157317173715887293e+01
2.102218786929397822e+02 2.417923983840382540e+00 4.166724379586116100e+01
2.102381070162420542e+02 2.439744963860719373e+00 4.184660730480666047e+01
2.102107483441888576e+02 2.480679913155797500e+00 4.187774479896666691e+01
2.102640640888229200e+02 2.414571138043807075e+00 4.176733448759172518e+01
2.102825322230467009e+02 2.335092203259405697e+00 4.161941077857476756e+01
2.103464561519223821e+02 2.291725066644680897e+00 4.158601973232198645e+01
2.103273009591337654e+02 2.281872646824415263e+00 4.155251875669882367e+01
2.101651688789952459e+02 2.184502707010745670e+00 4.135773765355759224e+01
2.101171297441393904e+02 2.088726743067578884e+00 4.140073377854728420e+01
2.101963750790117444e+02 2.096847775304366834e+00 4.152592959023827035e+01
2.101112072993101947e+02 2.068582185945529783e+00 4.155036139280512231e+01
2.100580289663890881e+02 2.056283837634319767e+00 4.154758567620304177e+01
2.100251600846456199e+02 2.061216918130101217e+00 4.155330200346277536e+01
2.100002335999120646e+02 2.052985956522933808e+00 4.141840492483579084e+01
2.100396570203644160e+02 2.079410228927913717e+00 4.120573281666528942e+01
2.100738862780663396e+02 2.117377085222744260e+00 4.128728666831560901e+01
2.100907879187622029e+02 2.127078352158738195e+00 4.124725863632615841e+01
2.100319619644378406e+02 2.125992799626239993e+00 4.130284167422431096e+01
2.100201445571220518e+02 2.176285486574875527e+00 4.129109297276500001e+01
2.099331904251518495e+02 2.128589881001456519e+00 4.130829691922939162e+01
2.099030010718113601e+02 2.151496413554291554e+00 4.131879517410064295e+01
2.100333360815675974e+02 2.105971913045868060e+00 4.131535988127627945e+01
2.099843075823783352e+02 2.074559595459917194e+00 4.131191084728062179e+01
2.097390963805754893e+02 2.142564652210954268e+00 4.116041443372633069e+01
2.095657102811443622e+02 2.163822244208096102e+00 4.096943963503449027e+01
2.094365020474345158e+02 2.225341468106741605e+00 4.095186467694506405e+01
2.092599142550911040e+02 2.243246214307307529e+00 4.078756149174155610e+01
2.091472503916233734e+02 2.232995300519416304e+00 4.075122983483112193e+01
2.090195399455849667e+02 2.174361722593233903e+00 4.062997773930249679e+01
2.089922637205595493e+02 2.164619232143347727e+00 4.069060378706681291e+01
2.090037925632780968e+02 2.199095830928628370e+00 4.077170418006431163e+01
2.089804188309011579e+02 2.224544480171489980e+00 4.079783988787204407e+01
2.089660043422101410e+02 2.238670404265259428e+00 4.079922774617308079e+01
2.089775469260999898e+02 2.215626459999450404e+00 4.074758842443729634e+01
2.089144886910160324e+02 2.143966251683293578e+00 4.061620908566246158e+01
2.087079314040728946e+02 1.994324896254156654e+00 4.021425234286970607e+01
2.085219309093907043e+02 1.776953307499931300e+00 3.974089647401544312e+01
2.081745128754775180e+02 1.689820540302855445e+00 3.942375024047049692e+01
2.081003380328139087e+02 1.581443922279935244e+00 3.918498364800615263e+01
2.080066095033940599e+02 1.561780306153296438e+00 3.898324951218842216e+01
2.077593371258966215e+02 1.474688762470113046e+00 3.855988402451424690e+01
2.075229614972380148e+02 1.414914667326242936e+00 3.824369967296012618e+01
2.073952510511996081e+02 1.346923351746502906e+00 3.809812570423503075e+01
2.073090114601368725e+02 1.278670953912111496e+00 3.828367274026437883e+01
2.072865721274081352e+02 1.277832742462967630e+00 3.833538076785665538e+01
2.072267980322642700e+02 1.200648583285239157e+00 3.841925687745623463e+01
2.072011432654519467e+02 1.195646796932970490e+00 3.833807403743094966e+01
2.071132547338335144e+02 1.191194657432599557e+00 3.832567950092065701e+01
2.071785252974963498e+02 1.184104213043119858e+00 3.823696649902437628e+01
2.072348640998158658e+02 1.207560392447852182e+00 3.821968010553219841e+01
2.071597685986753561e+02 1.251861928710803262e+00 3.822453073900019405e+01
2.071689339599307402e+02 1.282820787643938809e+00 3.824312254376562947e+01
2.071320801385110144e+02 1.289086761755572130e+00 3.816953857146783236e+01
2.070357545277159375e+02 1.296960452909005967e+00 3.804244647813779778e+01
2.070609695770467340e+02 1.251037458432956884e+00 3.793258581361475024e+01
2.070848654739330073e+02 1.236334405144694504e+00 3.786107675818286822e+01
2.072105422266193955e+02 1.219886223101657174e+00 3.786993981366971695e+01
2.071420150053590703e+02 1.207491686591364966e+00 3.782736966499024334e+01
2.069275840272624976e+02 1.276321213620249084e+00 3.786328908676175331e+01
2.066852722126033939e+02 1.220600764009124095e+00 3.781153983565559429e+01
2.064469315964492750e+02 1.211545332124110308e+00 3.773365487674169572e+01
2.062552697391925562e+02 1.251669552312639100e+00 3.776943688680022859e+01
2.061950284442245902e+02 1.250089317613433337e+00 3.777170418006431163e+01
2.063031439799928535e+02 1.197790419655371474e+00 3.761420287465303858e+01
2.065380493033226230e+02 1.171915794102289299e+00 3.765229340148954407e+01
2.067504740704097514e+02 1.125800423228076053e+00 3.779305796026053343e+01
2.068442987880286807e+02 1.109297276499848772e+00 3.775722098551680261e+01
2.068790914337538140e+02 1.106535301069063060e+00 3.773752988704757172e+01
2.068397642015005431e+02 1.174196828537664494e+00 3.791582158463187113e+01
2.067374749223623951e+02 1.195248302965344678e+00 3.792193640585923475e+01
2.066426058757248541e+02 1.193393244840190270e+00 3.785593756011762423e+01
2.065271800368263371e+02 1.216670789018055920e+00 3.780624948470607904e+01
2.064956165663561194e+02 1.233325088630554900e+00 3.786841454365570314e+01
2.066693874185835682e+02 1.187044823700772245e+00 3.785123807953389985e+01
2.068869788660785503e+02 1.141355429136779565e+00 3.793978618737461517e+01
2.069542831230934041e+02 1.172108170500453461e+00 3.801982851018220799e+01
2.070226317091268982e+02 1.156594388105642190e+00 3.803366586967872820e+01
2.072121087201473131e+02 1.167573583972297824e+00 3.823648555802896709e+01
2.073544809959601025e+02 1.258279055706708505e+00 3.823346250034352778e+01
2.073759309643554047e+02 1.270769780416082684e+00 3.822208481050924433e+01
2.073018797922334784e+02 1.287245444801714989e+00 3.824412564927034452e+01
2.073797372688048029e+02 1.323893148651991147e+00 3.833469370929177700e+01
2.073085442603127433e+02 1.367961085002885602e+00 3.837804710473520942e+01
2.072068183691977765e+02 1.356954406793634993e+00 3.833403413306950114e+01
2.072149668837771799e+02 1.340629895292274609e+00 3.832486877181410989e+01
2.070362629510539421e+02 1.290117349602880159e+00 3.822226344573611101e+01
2.070029543518289472e+02 1.270220133564184950e+00 3.825683623272047384e+01
2.071049275840272514e+02 1.230219583917333104e+00 3.835973012339572108e+01
2.069698656113447157e+02 1.267087146508368400e+00 3.830825569571550204e+01
2.069629538021820849e+02 1.300285816362986679e+00 3.829213730178360464e+01
2.069167422431088141e+02 1.328853711490367351e+00 3.832794679418473294e+01
2.069814219364058658e+02 1.356816995080660782e+00 3.839746337977849322e+01
2.070338032813916982e+02 1.378102069420397369e+00 3.845168604171819737e+01
2.071780718388435503e+02 1.370310825294748014e+00 3.848473355868853929e+01
2.072281721493940267e+02 1.354013796135982606e+00 3.855016901640696148e+01
2.070764146535850614e+02 1.276348695962843838e+00 3.832187319647126600e+01
2.071621320801385195e+02 1.256946162090856633e+00 3.833309973342127819e+01
2.071599334927309144e+02 1.248880094539258634e+00 3.834644241075109505e+01
2.070011817407315675e+02 1.270206392392887462e+00 3.815060323741995774e+01
2.068760271525544852e+02 1.266152746860142342e+00 3.819061752823810707e+01
2.068821969384670467e+02 1.279948882842773417e+00 3.815249951905900616e+01
2.068311897106109427e+02 1.218786929397861929e+00 3.808772363756286694e+01
2.067792480831066086e+02 1.274040179184873667e+00 3.810568334844862193e+01
2.067269904086624308e+02 1.266042817489762884e+00 3.790680737626075114e+01
2.066546981064665829e+02 1.306167037678291676e+00 3.790205293099183592e+01
2.066542171654711808e+02 1.292659466292906734e+00 3.784062989529227394e+01
2.066110836287685117e+02 1.314837716766977138e+00 3.779281061917718176e+01
2.065061148212273565e+02 1.288963091213894963e+00 3.772573996207436409e+01
2.065097837139637704e+02 1.266949734795393967e+00 3.782835902932365713e+01
2.065699288207326845e+02 1.279577871217742580e+00 3.783546321488443454e+01
2.065811416165113883e+02 1.272679803226427042e+00 3.783222029845823897e+01
2.065312062000164985e+02 1.291202902135377917e+00 3.782170830241570059e+01
2.065266716134883325e+02 1.271827850605985688e+00 3.779723527633495195e+01
2.066033061258141572e+02 1.240278121307060166e+00 3.798278231236430713e+01
2.067321570890702844e+02 1.210061285623986516e+00 3.810944842938412336e+01
2.067138401077307890e+02 1.174581581333992819e+00 3.820383653502624810e+01
2.068919531700882146e+02 1.222290928078709538e+00 3.838480776101354763e+01
2.068576826888723872e+02 1.221384010773078233e+00 3.832824909995328255e+01
2.068395580839310810e+02 1.257880561739082692e+00 3.826960178085580111e+01
2.067265644323522054e+02 1.265575617665649855e+00 3.826574051172121926e+01
2.066205375546211656e+02 1.253703245664660404e+00 3.813662846621046043e+01
2.064243548520075819e+02 1.255668233160194491e+00 3.798474729985984055e+01
2.063265451947123950e+02 1.269684227883584704e+00 3.788204578558276125e+01
2.064323384725313986e+02 1.264545029818341826e+00 3.790337208343639475e+01
2.065140159947233940e+02 1.253813175035040084e+00 3.794583230274548669e+01
2.065020062110094159e+02 1.266564981999065642e+00 3.792656718058647414e+01
2.066231071536537911e+02 1.275936460823920537e+00 3.804228158408222527e+01
2.066151510154725486e+02 1.245884519196416296e+00 3.810353972572622183e+01
2.066294967983070876e+02 1.220903069777667938e+00 3.809258801220215673e+01
2.066088987825322363e+02 1.182798801769862962e+00 3.800633467996811987e+01
2.065898260367713704e+02 1.174375463764531391e+00 3.794591474977327294e+01
2.064333690603787090e+02 1.157638717124247707e+00 3.779682304119603486e+01
2.063395580839310810e+02 1.167601066314892577e+00 3.774839915354385056e+01
2.062640228653090446e+02 1.170747794542006837e+00 3.766437189105999295e+01
2.060576442135927664e+02 1.180696402561354219e+00 3.752090032154340804e+01
2.059722565751504533e+02 1.200126418775936399e+00 3.742398384038255443e+01
2.059115893038722618e+02 1.185602000714540916e+00 3.736396240415533043e+01
2.058928188638799668e+02 1.185574518371945940e+00 3.731313381152609310e+01
2.058290186055459401e+02 1.166062055129579278e+00 3.737889905735564611e+01
2.058487234451864651e+02 1.167065160634292553e+00 3.751387858301041689e+01
2.058266139005688729e+02 1.156140929452826649e+00 3.761538461538461320e+01
2.058438315882045799e+02 1.157666199466842460e+00 3.766431692637480211e+01
2.058874185835600485e+02 1.171957017616181540e+00 3.773464424107510951e+01
2.060532195564349820e+02 1.204344958364250928e+00 3.774628301316403878e+01
2.062092917800313217e+02 1.150809354989419386e+00 3.783944815456069222e+01
2.062566575974936143e+02 1.187305905955423624e+00 3.780297908593728806e+01
2.063581224063539139e+02 1.196718608294170982e+00 3.783848627256987385e+01
2.062971116057932761e+02 1.175433533954434173e+00 3.779672685299694734e+01
2.061503833786792086e+02 1.229848572292302267e+00 3.768164454338087666e+01
2.059997251765740600e+02 1.255091103965702004e+00 3.757192129057080621e+01
2.058165416220078612e+02 1.260010443290185966e+00 3.745321131173221119e+01
2.057649710061285759e+02 1.298650616978591188e+00 3.745738862780663680e+01
2.056684530189353382e+02 1.297331464534036805e+00 3.741730563113199537e+01
2.056259515761123566e+02 1.314741528567895168e+00 3.730707395498392032e+01
2.056276967048671338e+02 1.244469178552779942e+00 3.727688460164344519e+01
2.055600214362272311e+02 1.265864182262895987e+00 3.725980432572072232e+01
2.056528567895127253e+02 1.283287987468051838e+00 3.727860224805562694e+01
2.057390001923764089e+02 1.254761315854563408e+00 3.728923791463984116e+01
2.057390414158902843e+02 1.137988842168906389e+00 3.731926237392475088e+01
2.057398933685107352e+02 1.080495781460411697e+00 3.731456289334102649e+01
2.056743204990793288e+02 1.008780608459065142e+00 3.740899222249704792e+01
2.056232583065380481e+02 9.968944952867782039e-01 3.741223513892324348e+01
2.054780965729518698e+02 9.707725286503421369e-01 3.732864759392090548e+01
2.053784730810454278e+02 9.608239206309945324e-01 3.691791024266908749e+01
2.051292494572237217e+02 9.808585483826641749e-01 3.653258031714623399e+01
2.049503256657597490e+02 9.662929068073762284e-01 3.629264572512160925e+01
2.048374831670651588e+02 9.858878170775277061e-01 3.605379668562948581e+01
2.047700689806799232e+02 1.008739384945172679e+00 3.601892159287657336e+01
2.047830956110698821e+02 9.136229972242834174e-01 3.620298458240580430e+01
2.047763349547915368e+02 9.121939154093494651e-01 3.628251848187539252e+01
2.048463599637233017e+02 8.983428147415285503e-01 3.635813614752521516e+01
2.047978398878720441e+02 8.542473960480391204e-01 3.633704344958363919e+01
2.047611784428504791e+02 8.483249512188418828e-01 3.633540825019924370e+01
2.047160249539670644e+02 8.806854096243164065e-01 3.642024624178964842e+01
2.046929397861873667e+02 8.813449858465935982e-01 3.647413911561821465e+01
2.046355703960205688e+02 9.276115096050787656e-01 3.652625937834940828e+01
2.045987990216285937e+02 8.957457333663121357e-01 3.641485970264105276e+01
2.046604419160689190e+02 9.256602632808420550e-01 3.653760958584109630e+01
2.047366367109132455e+02 9.468903729353890242e-01 3.650748893835710618e+01
2.048877483716711936e+02 9.630912138950724621e-01 3.658241954544205043e+01
2.049152856789512782e+02 9.466979965372248618e-01 3.660246791436502178e+01
2.049632973314645312e+02 9.850770879709785932e-01 3.669174430428449796e+01
2.051075658889163833e+02 9.827823123643059100e-01 3.673592217000577165e+01
2.052386291807513601e+02 1.000824470277846379e+00 3.667462280484788550e+01
2.052243246214307248e+02 9.880451809712259559e-01 3.664505180421578956e+01
2.053723170363041675e+02 9.973891774534860977e-01 3.659835930414708827e+01
2.054483606782642084e+02 1.036221727540055593e+00 3.676535575892489049e+01
2.055219583917333068e+02 1.051872921647841297e+00 3.671422486052711065e+01
2.054621842965894416e+02 1.062096353093137768e+00 3.688289773820320505e+01
2.053612004287245441e+02 1.094360623299529989e+00 3.692429988732239821e+01
2.052791106713936244e+02 1.110479017231428722e+00 3.694210844532388194e+01
2.052695468161706174e+02 1.133921455464863781e+00 3.694462307967130954e+01
2.051858768241404789e+02 1.118792425866380835e+00 3.693140407288317562e+01
2.051219116717508939e+02 1.147264132794679314e+00 3.704563442987880251e+01
2.050135900184131685e+02 1.128974633797784843e+00 3.716255805644873078e+01
2.048602797702476153e+02 1.096820292961772081e+00 3.722208481050924433e+01
2.047674031934482173e+02 1.054799791134196196e+00 3.721825102371726501e+01
2.046501360375958427e+02 1.047008547008547064e+00 3.726014785500316151e+01
2.047713056860966958e+02 1.015761123478165384e+00 3.725772940885481432e+01
2.048124192706186193e+02 9.806799131557973892e-01 3.729616346497375190e+01
2.048650891802017213e+02 9.617170967653282387e-01 3.726918954571687692e+01
2.048747767059664113e+02 1.002487152004836846e+00 3.728026492978261786e+01
2.048350372385742162e+02 9.726413279467941431e-01 3.718404924835792968e+01
2.046650726907961655e+02 1.035163657350152588e+00 3.708824580207216570e+01
2.045153214059966444e+02 1.042446478137796451e+00 3.698517327617005890e+01
2.044373952235688705e+02 1.039533349822738817e+00 3.700343529282436350e+01
2.043189051034710246e+02 1.058331272157638780e+00 3.694892406628741099e+01
2.041787176738945107e+02 1.066630939621293406e+00 3.684086349520433146e+01
2.042170967653282787e+02 1.044260312749058839e+00 3.688906752411575241e+01
2.042264957264957275e+02 1.002033693352021304e+00 3.684328194135267864e+01
2.042399620743672131e+02 1.011844889658394475e+00 3.690882732844147540e+01
2.043234259488278894e+02 1.024294390853876413e+00 3.686313793387748206e+01
2.043984252617693187e+02 1.056929672685299693e+00 3.694352378596751407e+01
2.044779179377250102e+02 1.050059087036578909e+00 3.696787314150657977e+01
2.045457306180778971e+02 1.046239041415890192e+00 3.698470607634595098e+01
2.045199246983812884e+02 1.026671613488333801e+00 3.692343419353065315e+01
2.044992579767499308e+02 1.020817874515623780e+00 3.686624343859070763e+01
2.044127847857751306e+02 1.019031522246956367e+00 3.679731772336273821e+01
2.041954544205348157e+02 1.032841399400884930e+00 3.675065270563662523e+01
2.040997334212768237e+02 1.024459284909445600e+00 3.656921427982521067e+01
2.039176491604144417e+02 9.956715310413060127e-01 3.648491219391540596e+01
2.038852199961524718e+02 1.004026163190150367e+00 3.648832000439717405e+01
2.037864347156951794e+02 1.055445626185176122e+00 3.642302195839173606e+01
2.037736966499024334e+02 1.087435072965619698e+00 3.635523676038145169e+01
2.038071151784978099e+02 1.052601203726605705e+00 3.634686838706131340e+01
2.038475417044548976e+02 1.022824085525050108e+00 3.631692637480418995e+01
2.038785005633880303e+02 1.017162722950504250e+00 3.637833566933245066e+01
2.038633715337895467e+02 1.030175612169181409e+00 3.632860637040701590e+01
2.038695413197020798e+02 1.043092313188776155e+00 3.655490972050457543e+01
2.037992414873443749e+02 1.048327699453101447e+00 3.652531123752988407e+01
2.037744386731525026e+02 1.023579849946409492e+00 3.661708852062550079e+01
2.037701514277077024e+02 1.081663781020694159e+00 3.663826366559485592e+01
2.038523236320664012e+02 1.069159315140022493e+00 3.670933300354522544e+01
2.038405474482644877e+02 1.022191991645367892e+00 3.654636271195757047e+01
2.039304009673784606e+02 1.030697776678484168e+00 3.650923406711188335e+01
2.040597328716299899e+02 1.046774947096490438e+00 3.658570368538214268e+01
2.042778052601203740e+02 1.045414571138043813e+00 3.648904828647594201e+01
2.042670459229944697e+02 1.019553686756259125e+00 3.657226481985324540e+01
2.043256795009206712e+02 1.001855058125154629e+00 3.676726578173523308e+01
2.043594278176271644e+02 1.019017781075658879e+00 3.679992854590925333e+01
2.042640915711655225e+02 1.003270398768790983e+00 3.678688817434797897e+01
2.042307005249127485e+02 9.922499793882431085e-01 3.683768928463462089e+01
2.042473960480391213e+02 9.929232967818176769e-01 3.687047571935031698e+01
2.043281941352680917e+02 1.020020886580372155e+00 3.684499958776486039e+01
2.042918212548437680e+02 9.995190590045895940e-01 3.678378266963476051e+01
2.043200868442025921e+02 9.989144474675021312e-01 3.681687141011899911e+01
2.042393986863440318e+02 9.885261219666364729e-01 3.663941792398384223e+01
2.041122516283288064e+02 9.628988374969081887e-01 3.655765795476406055e+01
2.037679665814713985e+02 9.852282408552505144e-01 3.637204221287822747e+01
2.035892351664055866e+02 1.006925550333910513e+00 3.621575013054112446e+01
2.034551625580564576e+02 1.015706158792975433e+00 3.615516530629070502e+01
2.033139307994613603e+02 1.023002720751916783e+00 3.600321543408360014e+01
2.031267485640476025e+02 1.079259076043642018e+00 3.597100612856240076e+01
2.031765877923434118e+02 1.040879984609888176e+00 3.603238794074806606e+01
2.032325418418666061e+02 9.558358754500233534e-01 3.613431994943248782e+01
2.033385000137411680e+02 9.708824580207217059e-01 3.621542034242998653e+01
2.033807815978233862e+02 9.827960535356033978e-01 3.625227416384972656e+01
2.033899607002501000e+02 9.700030230576854873e-01 3.621202627311951971e+01
2.033553466897518263e+02 9.212493472943633632e-01 3.607159150245966828e+01
2.033992085085332633e+02 8.719048011652513752e-01 3.605405776788413164e+01
2.033719597658504483e+02 8.521037733256382474e-01 3.603737598592903879e+01
2.032404567565339164e+02 8.468134223761233370e-01 3.595755352186220222e+01
2.031254294116030508e+02 8.350372385742160786e-01 3.588101519773545789e+01
2.029725176574051204e+02 8.568582185945530227e-01 3.595688020446863220e+01
2.028114299062852126e+02 8.655563800258333496e-01 3.587980597466128074e+01
2.027665100173138626e+02 8.597163822244208164e-01 3.589127985269464460e+01
2.026884876466870082e+02 8.537664550526287144e-01 3.597258636326160541e+01
2.026888036936268520e+02 8.532855140572181973e-01 3.589639156841729317e+01
2.026804765438205891e+02 8.556077720064858561e-01 3.579998351059444417e+01
2.027895814439222875e+02 8.434468354082501618e-01 3.584027262483854059e+01
2.029128397504603356e+02 8.335944155879847495e-01 3.584552175227416626e+01
2.029720641987522924e+02 8.727704949569901061e-01 3.590139335476956006e+01
2.030375408799846184e+02 8.327287217962459076e-01 3.587711270508697936e+01
2.030450023359991292e+02 8.396680133014537972e-01 3.586247835765520620e+01
2.030101272432462167e+02 8.482150218484623139e-01 3.587731882265644145e+01
2.030548135323055021e+02 8.435979882925220830e-01 3.595649545167230343e+01
2.029045400829966752e+02 8.339654272130155865e-01 3.589266771099568842e+01
2.029111221040481610e+02 8.539450902794953890e-01 3.594158628081457607e+01
2.030270975897985579e+02 8.753400939896116562e-01 3.602081787451562178e+01
2.032099238739110092e+02 9.062027647236650107e-01 3.615287053068403367e+01
2.033777173166240573e+02 9.181850660950339194e-01 3.624518371946024331e+01
2.033925165581114243e+02 9.401709401709401615e-01 3.626306098331821914e+01
2.033551543133536654e+02 9.387968230411960491e-01 3.626196168961442368e+01
2.032117102261796902e+02 9.930469673234946226e-01 3.621133921455464844e+01
2.030100997609036142e+02 1.020199521807238829e+00 3.602412949679830945e+01
2.028039959326133044e+02 9.891719570176161769e-01 3.590621650589496028e+01
2.026869486355016932e+02 1.008354632148844354e+00 3.579347019539945762e+01
2.025821447220160962e+02 1.002226069750185466e+00 3.589026300601863539e+01
2.025727595020199487e+02 9.863412757303432477e-01 3.605003160469398438e+01
2.025580427075603893e+02 9.826036771374392353e-01 3.610957209992579919e+01
2.026550416357490292e+02 9.522082062274987990e-01 3.615520652980460170e+01
2.027541841866600691e+02 9.641767664275703309e-01 3.617631296891747184e+01
2.027687635694066444e+02 9.258938631928985696e-01 3.626203039547090867e+01
2.029657707422980764e+02 9.467392200511171030e-01 3.623447934701953699e+01
2.031991233132712296e+02 9.910957209992580230e-01 3.636256080468299245e+01
2.033620111578310912e+02 9.891856981889136646e-01 3.627834116580097401e+01
2.035105257372138396e+02 9.212218649517684987e-01 3.635089455025146066e+01
2.033277819001291675e+02 9.863275345590457599e-01 3.628692939786187566e+01
2.032154753071151845e+02 9.480583724956714864e-01 3.614887184983648183e+01
2.030348201280677074e+02 9.124687388352983319e-01 3.607053343226976949e+01
2.029408167752219185e+02 9.459284909445681011e-01 3.601313655976035477e+01
2.029254816280539728e+02 9.297001676422897987e-01 3.602289279138153688e+01
2.028963640860746978e+02 9.379448704207546950e-01 3.583630142633358417e+01
2.028430620826119082e+02 9.248357930029955654e-01 3.594400472696292326e+01
2.029078791876219441e+02 9.136092560529859297e-01 3.607861324099265943e+01
2.029038392832605098e+02 9.048698711078132506e-01 3.608908401352131534e+01
2.028024431802566880e+02 9.088685519553686420e-01 3.606917305631132109e+01
2.028174897628273925e+02 8.933135460466650191e-01 3.605473108527770876e+01
2.027853491631626639e+02 9.198202654794295219e-01 3.606268722345892996e+01
2.028181355978783529e+02 9.580207216863165787e-01 3.617730233325088562e+01
2.027496083766180277e+02 9.613048616264050494e-01 3.613025256272844388e+01
2.027158463187402049e+02 9.312529199989006967e-01 3.612237887157501603e+01
2.026525407425729099e+02 9.169758430208591049e-01 3.614332041663231365e+01
2.025919834006650717e+02 9.268282628411246282e-01 3.592203259405831517e+01
2.024716244812707941e+02 9.146535850715915572e-01 3.572615219721328828e+01
2.024497760189078406e+02 8.787616456426745604e-01 3.565205980157748655e+01
2.023759996702118826e+02 8.723032951328770768e-01 3.566942864209745068e+01
2.023765767994063935e+02 9.036469068623409484e-01 3.560403440789293228e+01
2.023842168906477639e+02 8.830488910874763064e-01 3.566303899744413997e+01
2.023790639514112115e+02 8.874460659026575104e-01 3.564907796740594392e+01
2.022388215571495209e+02 8.727842361282875938e-01 3.556326435265341956e+01
2.021340451260065549e+02 8.486272569873856142e-01 3.549505317833292395e+01
2.019769010910490010e+02 8.115260944842938029e-01 3.526888723994833441e+01
2.018582873004095006e+02 7.776953307499930856e-01 3.508265314535410795e+01
2.017086184626377587e+02 7.520680462802649124e-01 3.492163410009069224e+01
2.017451012724324642e+02 7.574271030862670395e-01 3.477329815593481044e+01
2.015588671778382377e+02 7.386016984087723225e-01 3.469634759666914192e+01
2.014715008107291112e+02 7.177288592079589247e-01 3.471164152032319095e+01
2.012607662077115549e+02 7.446340726083491290e-01 3.464371891059993658e+01
2.012665924643416702e+02 7.273751614587627978e-01 3.464560145106769085e+01
2.012615769368181020e+02 7.577568911974056354e-01 3.464018742957649977e+01
2.013037485915299385e+02 7.516283287987468587e-01 3.465699288207326845e+01
2.013011515101547388e+02 7.434660730480666668e-01 3.471618984802264407e+01
2.013574765713029251e+02 7.473960480391348415e-01 3.492730920383653626e+01
2.013877346304998923e+02 7.389314865199109184e-01 3.501460686508917775e+01
2.013967625800423207e+02 7.365267815428586662e-01 3.510539478385137357e+01
2.012977436996729637e+02 7.414736032099376040e-01 3.514138291147937565e+01
2.013313546046665010e+02 7.388352983208288371e-01 3.513676587792343753e+01
2.014201225712479868e+02 7.398109214829472480e-01 3.513091213895072684e+01
2.014223348998268648e+02 7.359221700057713145e-01 3.503427048121582033e+01
2.014448566795833813e+02 7.068183691977903971e-01 3.505868854261137102e+01
2.014866023579849923e+02 6.929260450160771301e-01 3.505290350949515243e+01
2.015037101162503177e+02 6.970071728914172260e-01 3.497870118448896903e+01
2.014272817214939266e+02 7.048671228735536864e-01 3.477320196773573002e+01
2.013120345178222976e+02 6.354742078214746792e-01 3.465052079039217148e+01
2.008399703190700052e+02 5.808393107428476698e-01 3.418758072938137360e+01
2.006388545359606326e+02 5.193750515293923398e-01 3.400471322175502564e+01
2.004629812845246875e+02 4.940912963421001947e-01 3.383832137851430133e+01
2.003427048121581890e+02 5.118723720009893396e-01 3.395880396845026894e+01
2.001882952702888474e+02 5.348613515816088571e-01 3.399376150823096054e+01
1.999168109489652920e+02 5.431610190452633713e-01 3.395678401626954468e+01
1.999384670349300563e+02 5.252013081595074961e-01 3.392931541484595925e+01
1.999134306208261194e+02 5.252700140159947129e-01 3.390592794129771903e+01
1.998389122488800922e+02 5.259708137521642568e-01 3.382130980844807056e+01
1.997275537966856405e+02 5.133151949872206687e-01 3.361157831093522219e+01
1.995659713633990293e+02 4.943936021106439260e-01 3.345329375875999744e+01
1.992199824113007480e+02 4.591062742188143919e-01 3.320952537994338627e+01
1.990100860197323129e+02 4.486904663753538136e-01 3.303068403550718557e+01
1.987992552285156762e+02 4.582268392557781733e-01 3.296513864841838881e+01
1.986421249347294236e+02 4.715008107291065453e-01 3.291325198559925269e+01
1.985152252177975640e+02 4.730810454283123079e-01 3.287370489460521839e+01
1.984112869981037193e+02 4.812707835215873642e-01 3.282415423090664319e+01
1.983544535136175000e+02 4.670761535713304213e-01 3.280116525132602590e+01
1.982564927034380275e+02 4.591612389040041764e-01 3.276171434853107201e+01
1.981818918844642212e+02 4.623904141589029182e-01 3.271025366202215423e+01
1.981974606315442315e+02 4.770247615906779703e-01 3.277017891005029071e+01
1.981761480748619135e+02 4.516173358617088796e-01 3.282901860554594009e+01
1.981492428614615164e+02 4.538159232692994816e-01 3.285368400802484246e+01
1.982623876659246491e+02 4.388655288976832658e-01 3.285445351361749999e+01
1.983585896061780431e+02 4.091845988952098057e-01 3.288254046774947170e+01
1.982798664358149949e+02 4.094319399785637525e-01 3.283844504905598427e+01
1.982381894632698618e+02 4.102151867425179455e-01 3.273890400417731428e+01
1.982790969302223232e+02 4.114656333305851121e-01 3.281011075384066089e+01
1.983066342375024078e+02 4.060241294967982806e-01 3.284464231731112704e+01
1.983774837167120211e+02 4.110808805342567318e-01 3.291260615054827099e+01
1.984456124440047233e+02 4.027949542418995943e-01 3.292715805095226500e+01
1.985473795586335655e+02 4.164261961689614266e-01 3.300262456371780928e+01
1.985219171682194315e+02 4.055981531865776035e-01 3.301198230137136846e+01
1.984471514551900384e+02 4.156704317476021537e-01 3.302811443647456713e+01
1.984141863852474899e+02 4.327369664990243781e-01 3.296342100200621417e+01
1.983748041883090139e+02 4.455437381482397763e-01 3.303181081155357646e+01
1.984525654766812295e+02 4.527990765932888295e-01 3.305609146123615716e+01
1.983645944980350180e+02 4.624591200153901349e-01 3.291000906917305713e+01
1.983502074916866036e+02 4.556022755379668387e-01 3.295483276994531252e+01
1.983333058509907403e+02 4.518371946024679064e-01 3.292783136834583502e+01
1.983027454860252305e+02 4.589413801632450940e-01 3.301213345425563972e+01
1.982361420287465421e+02 4.460109379723527501e-01 3.298029516035946784e+01
1.981168411795421491e+02 4.524967708247450981e-01 3.290319344820952807e+01
1.978552779838953484e+02 4.602605326077994774e-01 3.277137439195316659e+01
1.977136752136752023e+02 4.684090471871822370e-01 3.263268475004809233e+01
1.975165718525847183e+02 4.734657982246406882e-01 3.243984115205979890e+01
1.974757468326600076e+02 4.791409019704839789e-01 3.245617940473245966e+01
1.974634347431775154e+02 4.947371313930799541e-01 3.244793470195399721e+01
1.976122241459862039e+02 4.959738368098496886e-01 3.247290241020144208e+01
1.975862395910627356e+02 4.965509660043422313e-01 3.246750212988155226e+01
1.976189160964080713e+02 4.931706378651716238e-01 3.248081732486877371e+01
1.976716547118476512e+02 5.181108637700277963e-01 3.247640640888229058e+01
1.976174045675653304e+02 4.966059306895319603e-01 3.241160304504356304e+01
1.976297303982191522e+02 5.334047874240800402e-01 3.241064116305273757e+01
1.976574188583834939e+02 5.337895402204083650e-01 3.243703795311512295e+01
1.976113172286805764e+02 5.454557946519361655e-01 3.255941682469013898e+01
1.975236897793167827e+02 5.483689229669936882e-01 3.249793882430538616e+01
1.974389342347541572e+02 5.370049743040096191e-01 3.249343172011982261e+01
1.973727017891004891e+02 5.297908593728529736e-01 3.257624975952950308e+01
1.973568307362519647e+02 5.015115288427185458e-01 3.265565998845741547e+01
1.973384587902272926e+02 4.710610932475884360e-01 3.261456014510677193e+01
1.974191194657432504e+02 4.580207216863165232e-01 3.280733503723857325e+01
1.974432627037128611e+02 4.610300382004561826e-01 3.290706845851540407e+01
1.975057987742875127e+02 4.709649050485063548e-01 3.279221974881139090e+01
1.975902520130815958e+02 4.761178442850468318e-01 3.268355456619121924e+01
1.975085470085469979e+02 5.123807953389947212e-01 3.245606947536207798e+01
1.975680462802649231e+02 5.139885123807953482e-01 3.248133948937807247e+01
1.975445076538324258e+02 4.984197653007942375e-01 3.245106768900981109e+01
1.975810729106549104e+02 5.100310550471321980e-01 3.243839832907357135e+01
1.976174320499079329e+02 5.079836205238134061e-01 3.240216286036221760e+01
1.976191634374914088e+02 5.071591502459669165e-01 3.235523676038145169e+01
1.976726715585236605e+02 5.153763706818369483e-01 3.223043944265809557e+01
1.975796850523538524e+02 5.301069063126940817e-01 3.220496331107263899e+01
1.974756643856322285e+02 5.121884189408305588e-01 3.229165636078819546e+01
1.973830763734300717e+02 5.148816885151290546e-01 3.236642207381757430e+01
1.972776403660648157e+02 4.784401022343144350e-01 3.243166515513782144e+01
1.971238216945612578e+02 4.713221755022398152e-01 3.243713414131420336e+01
1.970602000714540907e+02 4.504218539588314418e-01 3.240988539863138129e+01
1.969551213345425538e+02 4.587077802511886349e-01 3.231520872839200820e+01
1.968951686041718290e+02 4.671036359139252858e-01 3.221054222661939548e+01
1.968623134635996337e+02 4.829746887624701279e-01 3.207890180558990778e+01
1.967594882787808785e+02 4.798966663918432518e-01 3.201772611097369747e+01
1.967405392035617240e+02 4.548602522879049981e-01 3.200816225575068330e+01
1.970911451892159221e+02 4.694671173770852413e-01 3.211304861626405227e+01
1.972170280594718008e+02 4.708137521642344892e-01 3.228187264682441793e+01
1.973199631736609092e+02 4.534174293016736690e-01 3.223645807568637167e+01
1.973628356281089395e+02 4.455299969769422885e-01 3.242519306345673158e+01
1.973723032951328662e+02 4.463407260834913459e-01 3.239287382856514341e+01
1.973006293456454330e+02 4.788111138593453830e-01 3.237392475334597464e+01
1.971246049413252024e+02 4.976914832220298290e-01 3.228871575013054240e+01
1.971824964960013062e+02 4.982136477313326428e-01 3.231438425811415982e+01
1.971566081292769468e+02 5.115563250611482315e-01 3.220764283947563911e+01
1.972184296589441317e+02 5.131777832742463463e-01 3.224794569489102969e+01
1.972277873965976767e+02 5.234561794047324357e-01 3.224916865913650810e+01
1.971926099980762501e+02 5.296534476598785401e-01 3.216563607881936093e+01
1.970961057520543136e+02 5.430373485035864256e-01 3.220778025118860910e+01
1.969687663176409274e+02 5.719625140847005573e-01 3.219511089125236936e+01
1.967909693022233171e+02 5.669057630472421616e-01 3.211058894660180840e+01
1.966636023854673283e+02 5.502239810921483176e-01 3.215976859867534898e+01
1.966290845631681634e+02 5.609558358754500595e-01 3.218870750542776449e+01
1.965116387720889293e+02 5.276197543078572361e-01 3.223801082804298090e+01
1.964566053810426922e+02 5.409624316376727693e-01 3.224820677714568262e+01
1.964215653942341930e+02 5.207079451452442109e-01 3.224178965014977649e+01
1.963463462225520004e+02 5.030230576854370916e-01 3.217025311237529905e+01
1.962693269574298540e+02 5.226591914694808105e-01 3.207501305411273052e+01
1.961143265451947002e+02 4.947783549069722508e-01 3.199987632945832416e+01
1.959852694643691393e+02 4.872069695220820895e-01 3.186897793167889503e+01
1.957805397532085578e+02 4.874405694341385487e-01 3.172487426828262969e+01
1.956770137686536373e+02 4.709511638772088671e-01 3.171076208536015528e+01
1.956394866298403201e+02 4.616209085662462130e-01 3.175348338692390016e+01
1.956690713716437244e+02 4.529364883062632074e-01 3.174659906010388255e+01
1.957618105367301382e+02 4.587764861076757961e-01 3.182673757111056290e+01
1.957362656992881966e+02 4.511638772088932825e-01 3.179353890125594262e+01
1.957037678291697489e+02 4.594772858438453400e-01 3.164734657982246446e+01
1.957644076181053663e+02 4.701129524280649452e-01 3.159334377662352011e+01
1.957769395663286218e+02 5.005084233380053815e-01 3.157089070272349929e+01
1.956897655756176562e+02 4.796493253084893049e-01 3.146306373155247726e+01
1.956796932970566445e+02 5.148542061725341901e-01 3.148113337180861393e+01
1.957747272377497438e+02 4.715969989281886265e-01 3.150757138538488888e+01
1.959159315140022670e+02 4.623079671311182692e-01 3.163717811306235816e+01
1.960088905378294442e+02 4.597521092697941514e-01 3.158548382664138288e+01
1.960570121197130788e+02 4.538983702970841305e-01 3.165457443592491771e+01
1.960752603951960964e+02 4.580619452002088754e-01 3.167263033500975666e+01
1.961573913760408914e+02 4.657432599554786057e-01 3.170207766510017322e+01
1.961525544837441828e+02 4.773957732157089184e-01 3.178157034105587186e+01
1.961523483661747207e+02 4.690273998955670764e-01 3.185099073845054463e+01
1.961286860692005405e+02 4.872344518646769540e-01 3.187744249319812084e+01
1.959073020584274616e+02 4.830571357902547769e-01 3.189501745128754706e+01
1.956887075054277716e+02 4.600131915244455305e-01 3.178511556325060994e+01
1.956316679033720902e+02 4.815868304614285278e-01 3.173107153653777601e+01
1.955330887404842315e+02 4.928133674114381635e-01 3.169315964492813364e+01
1.955039437161623539e+02 4.831808063319317226e-01 3.160400692555033331e+01
1.954099128809739625e+02 4.758430208590980204e-01 3.156127188281529072e+01
1.954897078626982250e+02 4.700305054002802962e-01 3.157403743095061444e+01
1.955465825706983196e+02 4.809959600956385528e-01 3.147776678484073898e+01
1.956154258388985170e+02 4.683540825019924525e-01 3.142724049798004771e+01
1.956629015857311629e+02 4.555473108527771098e-01 3.137102536620221471e+01
1.957447027784648412e+02 4.703053288262291631e-01 3.153111001181740747e+01
1.956429081814933966e+02 4.881276279990106604e-01 3.154740704097617154e+01
1.953567208068815830e+02 4.702778464836342431e-01 3.153016187099788326e+01
1.950340506224750641e+02 4.357875065270563897e-01 3.141591777283095510e+01
1.947089345095776025e+02 4.156292082337098570e-01 3.113477340808530514e+01
1.944767774205073181e+02 3.862368428284826960e-01 3.108358754500233445e+01
1.942347404292741828e+02 4.057630472421469014e-01 3.082299997251765689e+01
1.941162365680050641e+02 4.291230384477973114e-01 3.067853903866765464e+01
1.939381784703328151e+02 4.277076978041608468e-01 3.051150136037595928e+01
1.940416082666886552e+02 4.639843900294061130e-01 3.051408470057987898e+01
1.940299007887432197e+02 4.584741803391321202e-01 3.052345617940473232e+01
1.939234754170445569e+02 4.353203067029433604e-01 3.055620139060653528e+01
1.938454118229037704e+02 4.408442575645147854e-01 3.056687828070464619e+01
1.939363921180641341e+02 4.597521092697941514e-01 3.066995080660675654e+01
1.938904966059306787e+02 4.452002088658037482e-01 3.064613735674829087e+01
1.938629043339654174e+02 4.627889081265287308e-01 3.059594085799873753e+01
1.938639898864979330e+02 4.674883887102536661e-01 3.047367191579410317e+01
1.938151125401929278e+02 4.366394591474977438e-01 3.027600516668040953e+01
1.937020639239288755e+02 4.244922637205595373e-01 3.026038145491521547e+01
1.936909747986918546e+02 4.175667133866490799e-01 3.023031577211641618e+01
1.936210872014730455e+02 4.130183856871959547e-01 3.008699535548410253e+01
1.936169785912551049e+02 3.936295929865061827e-01 3.009433314095693390e+01
1.934582543215983605e+02 3.900294061065765483e-01 3.003914859702641138e+01
1.934384670349300563e+02 3.655563800258334051e-01 2.999925797674993788e+01
1.933948388160606839e+02 3.535191139692747675e-01 2.990132464891307507e+01
1.933851925138098693e+02 3.526534201775359256e-01 2.995802072168631724e+01
1.934395113639486681e+02 3.775249402259048814e-01 3.000820347926457288e+01
1.932297523840932172e+02 3.512380795338994610e-01 2.996774947096490394e+01
1.928733338829801767e+02 3.565833951686041559e-01 2.985353285514057120e+01
1.926888036936268520e+02 3.581498886965124862e-01 2.982341220765658107e+01
1.926392942534421593e+02 3.706543545771841530e-01 2.979801852309890720e+01
1.925829691922939446e+02 3.837771731662407149e-01 2.979779866435815094e+01
1.925650507049221005e+02 3.781020694203973687e-01 2.965697914090197074e+01
1.925461703355593954e+02 3.930662049633110722e-01 2.967977574408442720e+01
1.925872976612526486e+02 3.868689367081650232e-01 2.975448649242861521e+01
1.925780910764833607e+02 3.794624453788441043e-01 2.967573583972297868e+01
1.925834226509467726e+02 3.710803308874048301e-01 2.972116415203231909e+01
1.924816830186605046e+02 3.614889933217907414e-01 2.964314178140544698e+01
1.924601918267512985e+02 3.713551543133536970e-01 2.958786104927584049e+01
1.924018330722510655e+02 3.638112512710583446e-01 2.949359661417539158e+01
1.923013301453815984e+02 3.529007612608898725e-01 2.946905488223816150e+01
1.924269794157253841e+02 3.445598702833429505e-01 2.945964217989941503e+01
1.925496193695550744e+02 3.132987055816637834e-01 2.954869871107813140e+01
1.926630115151015445e+02 2.989254404045401103e-01 2.958684420259983128e+01
1.926841042130431276e+02 3.017698628631104718e-01 2.951080056063979029e+01
1.925891939428916828e+02 3.095748481600571478e-01 2.947521092697941469e+01
1.924505043009866085e+02 3.311622282683375773e-01 2.950009618819908042e+01
1.922703575452771645e+02 3.613653227801137957e-01 2.950107181136120005e+01
1.921815895786956787e+02 3.525434908071564122e-01 2.951997966306647925e+01
1.921035259845549206e+02 3.822931266661170335e-01 2.949663341303212860e+01
1.919915766619946567e+02 3.850551020969027460e-01 2.954236403111001152e+01
1.919944210844532506e+02 3.820595267540605189e-01 2.950622475059774175e+01
