2.177783882783882916e+02 4.199037396711815529e-01 4.667380100519635278e+01
2.183214285714285836e+02 4.535948547576454382e-01 4.719145583099071217e+01
2.183359102138171863e+02 4.522957662492546049e-01 4.721192179913110465e+01
2.184386233921117650e+02 4.678635318170201729e-01 4.730522190987307596e+01
2.183260286225402638e+02 4.331075900843342485e-01 4.754729959962518393e+01
2.182211431978873861e+02 4.248019422438026882e-01 4.762358378056052288e+01
2.180732174801942165e+02 4.026109549365363138e-01 4.770174205639322196e+01
2.179134508901950653e+02 3.803134849646477300e-01 4.769322344322344520e+01
2.177527259562143342e+02 3.839551920947270047e-01 4.778484112786438232e+01
2.176893474742311980e+02 3.913024959536587355e-01 4.785086037993014685e+01
2.177774086378737479e+02 3.978405315614618187e-01 4.789690348411278364e+01
2.178431510350114877e+02 4.071684129823664455e-01 4.791387682085356658e+01
2.180055796916261954e+02 4.071045233835931532e-01 4.810186131697759748e+01
2.180837805605247581e+02 4.021424312121986699e-01 4.816249254621347831e+01
2.181069298918136212e+02 4.107249339807479416e-01 4.812982366470738782e+01
2.179763395519209439e+02 3.915154612829031544e-01 4.796515887213561768e+01
2.177962773660448192e+02 3.792912513842746636e-01 4.786668370389300975e+01
2.177447610529005999e+02 3.591447312377544776e-01 4.770619303177442561e+01
2.178218332055541282e+02 3.792699548513501773e-01 4.775609080841638843e+01
2.179752534287418086e+02 3.742013800153334846e-01 4.786140216372774603e+01
2.180984964647755362e+02 3.897691455830990526e-01 4.787358378056052288e+01
2.181926910299003453e+02 4.065295169946332998e-01 4.799667774086378813e+01
2.183135914473123762e+02 3.868089275066019517e-01 4.807091745463838350e+01
2.180234474827498161e+02 3.927293636595962090e-01 4.786855779879035566e+01
2.177602223358037179e+02 4.008433427038078367e-01 4.775085186131697412e+01
2.176449654996166601e+02 3.944330862935513937e-01 4.763127182894624667e+01
2.177066615554987550e+02 4.179657551750575184e-01 4.773468779282733010e+01
2.178117599454808726e+02 4.054008007496379684e-01 4.788363574410085732e+01
2.179957619899480505e+02 4.056350626118068181e-01 4.806912854587272932e+01
2.180998594428826891e+02 3.885126501405571364e-01 4.803105034500383397e+01
2.180137575602691982e+02 3.976914558309906922e-01 4.796092086208365401e+01
2.179324686940965989e+02 3.855950251299088416e-01 4.791108697504046177e+01
2.179224806201550280e+02 3.788653207257858258e-01 4.774284436493739037e+01
2.178757986199846641e+02 3.801857057671010898e-01 4.763614873498594449e+01
2.178789079137916360e+02 3.836996336996337242e-01 4.757896754408382378e+01
2.179325964732941543e+02 3.846579776812334983e-01 4.747712752363915456e+01
2.180660618451315997e+02 3.786097623306925453e-01 4.767663344407530701e+01
2.180765610358633637e+02 3.668753726893261846e-01 4.782634807053411663e+01
2.180921075048981947e+02 3.698781838316722026e-01 4.789283584632421764e+01
2.180543700485561089e+02 3.937941903058181925e-01 4.788167646307181258e+01
2.180450634636681286e+02 3.914515716841298065e-01 4.787379674588976997e+01
2.180775406763778790e+02 4.035905954510605742e-01 4.799137490416560325e+01
2.182009540846750042e+02 3.792486583184257465e-01 4.793472612658658960e+01
2.182223358037311414e+02 3.752875031944799544e-01 4.783395093278814159e+01
2.180584163898117254e+02 3.714115342022318855e-01 4.764826646221995077e+01
2.180232132208876408e+02 3.753726893261776776e-01 4.755639321918391715e+01
2.180751980577562108e+02 3.632762586250958270e-01 4.765840361189198404e+01
2.180575645284947655e+02 3.671735241502683267e-01 4.777231876650481013e+01
2.181175781582758191e+02 3.773106738223017120e-01 4.800756026918817554e+01
2.182302368174461265e+02 3.916432404804497946e-01 4.806282477212710091e+01
2.183241758241758248e+02 3.992248062015503751e-01 4.811894113638299331e+01
2.183074793423630524e+02 3.974784905017463288e-01 4.824806201550387641e+01
2.182811781242013751e+02 3.669179657551750462e-01 4.827955958769912570e+01
2.183106951188346443e+02 3.619984666496294246e-01 4.829979129397734283e+01
2.183522233580373211e+02 3.710494931425163956e-01 4.821901354459493660e+01
2.184462049578328617e+02 3.848922395434023480e-01 4.822297469971888262e+01
2.184492077689752136e+02 3.756708407871198752e-01 4.825423801005196367e+01
2.182926143623818120e+02 3.498807394156231432e-01 4.814258028792912825e+01
2.182640983047959651e+02 4.054008007496379684e-01 4.799035267058523146e+01
2.180899778516057665e+02 3.980322003577817513e-01 4.795201891132123961e+01
2.178450038333759267e+02 4.210537524491012595e-01 4.756917113893857874e+01
2.177085782434619716e+02 4.003535224465457065e-01 4.750871028196609558e+01
2.175141621943947428e+02 3.992461027344748059e-01 4.739809608995655310e+01
2.173880015333503763e+02 3.723698781838316596e-01 4.735458727319192462e+01
2.173245378652355271e+02 3.934108527131782718e-01 4.732534713348666600e+01
2.174131314422012053e+02 4.089360252150949782e-01 4.743660022148394262e+01
2.175247891643240621e+02 4.067637788568020940e-01 4.747110060482153671e+01
2.175222122838401901e+02 4.036331885169094358e-01 4.764875628247721551e+01
2.175570321151716371e+02 4.097027004003748196e-01 4.773875543061589610e+01
2.176821918391685813e+02 3.960303262628844245e-01 4.790535820768378983e+01
2.178167859272510327e+02 3.848496464775534309e-01 4.812484027600307002e+01
2.179731876650481297e+02 3.739671181531646904e-01 4.825545191242865428e+01
2.180365235539654236e+02 4.199676292699548452e-01 4.833744356418775112e+01
2.181557202487435063e+02 4.304668200017037205e-01 4.833382315359059334e+01
2.180376096771445589e+02 4.241843427889939733e-01 4.824559161768463866e+01
2.178858079904591420e+02 4.163898117386489739e-01 4.812528750319447823e+01
2.177672501916688077e+02 3.993312888661725846e-01 4.791189624329159358e+01
2.176511840872306038e+02 3.815060908084164093e-01 4.776569554476531465e+01
2.176839168583354649e+02 3.778643836783371901e-01 4.771158105460430932e+01
2.178655975807138532e+02 3.902163727745123212e-01 4.778068830394411748e+01
2.180777323451742120e+02 4.107249339807479416e-01 4.788265610358633495e+01
2.182993866598517627e+02 4.118323536928187867e-01 4.805990714711644785e+01
2.183941775278984494e+02 4.022276173438963931e-01 4.812967458897691131e+01
2.183626160661044366e+02 3.893645114575347010e-01 4.812895050685748544e+01
2.183214498679614906e+02 4.015887213561631919e-01 4.800734730385892846e+01
2.182443138257091846e+02 3.758625095834398078e-01 4.790393133997785213e+01
2.181476701592980589e+02 3.740736008177868444e-01 4.784108527131783006e+01
2.180854629866257710e+02 3.868515205724508133e-01 4.780858676207513724e+01
2.180543487520231736e+02 4.123221739500809169e-01 4.784131953317999830e+01
2.179518698355907702e+02 3.931552943180849913e-01 4.767825198057756353e+01
2.175911491609166148e+02 3.504131527387341349e-01 4.734423715819064427e+01
2.172012948292017995e+02 3.419584291677315036e-01 4.699263139960814328e+01
2.170114149416475016e+02 3.009413067552602628e-01 4.679353011329755674e+01
2.168684513161257428e+02 3.157636936706704200e-01 4.675751767612232612e+01
2.168052645029389112e+02 3.126969929295510542e-01 4.663753300962603277e+01
2.166989948036459737e+02 3.014098304795979066e-01 4.647819235028537577e+01
2.167426526961410786e+02 2.989607291932873112e-01 4.656418775023426093e+01
2.165860592895476486e+02 3.011116790186557646e-01 4.645395689581736320e+01
2.165105843768634486e+02 3.220887639492290844e-01 4.619748274980833003e+01
2.164682255728767473e+02 3.246017548343129722e-01 4.614028026237328817e+01
2.164548939432660291e+02 3.318851690944714106e-01 4.623262202913365826e+01
2.164746997188857733e+02 3.275193798449612670e-01 4.616589999148138901e+01
2.165313059033989305e+02 3.200230002555584097e-01 4.627924013970525863e+01
2.164827072152653500e+02 3.124201380015333429e-01 4.629802368174460980e+01
2.164012905698952238e+02 3.254536161512905923e-01 4.641762501064826552e+01
2.162897819235028578e+02 3.030922565806286606e-01 4.635043444927165979e+01
2.162977894198824345e+02 3.042848624243972844e-01 4.627391600647414549e+01
2.161720120964307057e+02 3.166794445864213325e-01 4.631723315444245515e+01
2.160560737711900572e+02 3.236434108527131981e-01 4.619829201805946184e+01
2.161251384274640088e+02 3.143155294318085158e-01 4.621121901354459283e+01
2.161896456256921510e+02 3.289249510179742542e-01 4.630571173013033359e+01
2.161925845472356968e+02 3.282008688985433298e-01 4.627579010137149851e+01
2.161983133145923830e+02 3.361870687452082618e-01 4.630464690348411239e+01
2.162245293466223757e+02 3.477510861231791206e-01 4.616651759093619489e+01
2.161680296447738385e+02 3.586336144475679166e-01 4.605515802027429828e+01
2.161993142516398336e+02 3.423417667603714243e-01 4.601203254110230745e+01
2.162351137234858243e+02 3.555456171735241755e-01 4.615906380441263934e+01
2.162505111167901930e+02 3.400417412045318999e-01 4.609419456512479485e+01
2.161942669733367381e+02 3.380398671096345731e-01 4.595097538120793956e+01
2.161426441775278988e+02 3.190859528068830664e-01 4.600159723996933536e+01
2.161263523298406994e+02 3.300962603288184471e-01 4.589226083993526117e+01
2.162795595876991115e+02 3.296490331374052341e-01 4.604525513246443325e+01
2.164320427634381190e+02 3.330351818723911728e-01 4.630652099838146540e+01
2.164485049833887160e+02 3.383593151035011459e-01 4.643317147968311076e+01
2.164259306584887952e+02 3.248786097623306834e-01 4.645921713944969866e+01
2.164085952806883029e+02 3.162109208620836331e-01 4.645074111934577132e+01
2.163298194054007979e+02 3.355907658233239776e-01 4.638044126416219370e+01
2.162941264162194273e+02 3.064571087826901685e-01 4.637173098219609813e+01
2.163201933725189576e+02 3.059885850583525246e-01 4.638139960814379492e+01
2.163015589062100617e+02 3.317573898969247703e-01 4.628686429849220474e+01
2.163232600732600872e+02 3.254536161512905923e-01 4.649318510946417859e+01
2.164598134423715692e+02 3.440667859272510398e-01 4.662997274043785723e+01
2.166485220206150473e+02 3.492844364937388035e-01 4.683516483516483220e+01
2.169119601328903570e+02 3.476871965244058282e-01 4.697783030922565928e+01
2.169367918902802614e+02 3.399139620069852596e-01 4.689664792571769425e+01
2.168126118067978609e+02 3.116321662833290707e-01 4.679037822642473543e+01
2.165823962858846699e+02 2.960005111167902103e-01 4.653486242439731058e+01
2.162908041570832154e+02 3.053070960047704063e-01 4.623879802368174552e+01
2.160657849902035821e+02 3.242610103075219130e-01 4.607181190902121415e+01
2.161096558480279270e+02 3.451742056393219404e-01 4.620549024618792089e+01
2.161168327796234792e+02 3.462177357526194932e-01 4.620406337848198319e+01
2.161193031774427027e+02 3.424269528920691474e-01 4.613482834994462678e+01
2.159518059459919925e+02 3.324388789505068331e-01 4.602317062782179136e+01
2.160027685492801766e+02 3.217906124882868868e-01 4.605618025385467007e+01
2.159597708493057269e+02 3.151886872817105112e-01 4.583925376948632646e+01
2.161127651418348989e+02 3.354416900928529066e-01 4.591023511372348764e+01
2.162515972399693283e+02 3.254536161512905923e-01 4.607911661981429319e+01
2.163063506261180748e+02 3.541400460005111328e-01 4.624708237498935404e+01
2.163389130249595382e+02 3.516057585825027587e-01 4.650008518613169883e+01
2.164296362552176447e+02 3.740097112190135520e-01 4.671379589402845056e+01
2.163260499190731707e+02 3.708791208791208938e-01 4.665416560184002037e+01
2.162261904761904816e+02 3.822940625266206816e-01 4.657351563165516950e+01
2.160537098560354252e+02 3.674503790782860380e-01 4.654659681403867211e+01
2.161111040122667930e+02 3.330777749382400343e-01 4.661402163727745318e+01
2.163626799557032143e+02 3.569724848794616490e-01 4.676929465882954418e+01
2.165490246187920604e+02 3.605077093449186587e-01 4.697216543146775791e+01
2.166331885169094562e+02 3.440880824601754706e-01 4.694309566402589695e+01
2.164930786267995586e+02 3.471547832012948365e-01 4.674693329925887753e+01
2.164232259988073963e+02 3.357398415537950487e-01 4.642152227617344096e+01
2.162182042763438119e+02 3.441306755260243877e-01 4.615968140386745233e+01
2.160869963369963500e+02 3.514566828520316877e-01 4.599993611040122943e+01
2.161019677996422104e+02 3.268591873243035795e-01 4.604830053667262746e+01
2.162391174716755984e+02 3.330990714711645206e-01 4.626407700826305813e+01
2.163581650907232188e+02 3.815699804071897017e-01 4.647208024533605908e+01
2.163506900076667421e+02 3.841894539568957989e-01 4.668451316125734962e+01
2.162482536843002094e+02 3.758838061163642386e-01 4.657515546469034717e+01
2.161247124968055289e+02 3.649160916602777194e-01 4.645414856461368203e+01
2.159247593491779469e+02 3.553326518442797566e-01 4.626111679018655565e+01
2.157049365363318714e+02 3.478575687878013301e-01 4.628590595451060352e+01
2.155337975977510894e+02 3.318638725615469798e-01 4.624548513502001867e+01
2.153746486072067512e+02 3.337805605247465834e-01 4.608650651673907817e+01
2.154030155890621074e+02 3.380398671096345731e-01 4.607223783967970121e+01
2.156407487860976175e+02 3.374648607206746642e-01 4.605641451571683831e+01
2.158051367237413842e+02 3.553539483772041874e-01 4.611589573217479909e+01
2.159239287843938939e+02 3.705383763523298346e-01 4.610499190731749053e+01
2.158420223187665101e+02 3.479214583865746779e-01 4.593815486838742856e+01
2.157732132208876408e+02 3.526279921628758807e-01 4.589249510179742941e+01
2.157600945566061910e+02 3.675568617429082474e-01 4.589971462645880962e+01
2.157786438367833739e+02 3.395945140131186868e-01 4.586444756793594024e+01
2.157245080500894403e+02 3.514992759178805493e-01 4.584204361529943128e+01
2.156763139960814328e+02 3.303305221909872968e-01 4.575849731663684850e+01
2.155744526791038425e+02 3.151247976829372188e-01 4.564123860635488228e+01
2.152987477638640428e+02 3.520316892409915410e-01 4.542041485646137033e+01
2.150175696396626677e+02 3.523298407019337386e-01 4.515744526791038282e+01
2.148500724082119291e+02 3.608271573387852316e-01 4.489988499872220729e+01
2.147202487435045555e+02 3.419371326348070728e-01 4.488165516653888432e+01
2.148111423460260596e+02 3.610401226680296505e-01 4.496752278729022834e+01
2.147600732600732556e+02 3.514992759178805493e-01 4.506942669733367524e+01
2.148336740778601381e+02 3.416389811738648752e-01 4.525562228469205195e+01
2.149472271914132477e+02 3.600391856205809593e-01 4.539801090382485427e+01
2.151303134849646597e+02 3.806968225572876507e-01 4.575523894709941430e+01
2.151423886191328165e+02 3.548215350540931956e-01 4.579278473464520260e+01
2.151188346537183804e+02 3.614660533265184328e-01 4.573387852457619829e+01
2.150795638470057156e+02 3.507326007326007078e-01 4.565429338103756862e+01
2.151385339466734763e+02 3.086293551409830527e-01 4.578686429849220474e+01
2.152116023511372305e+02 3.257943606780815959e-01 4.573240906380441118e+01
2.153494761052900515e+02 3.365704063378481825e-01 4.584858165090723503e+01
2.153644688644688756e+02 3.359953999488883292e-01 4.596130419967629166e+01
2.153292443990118272e+02 3.243036033733708301e-01 4.580309225658062644e+01
2.152609464179231509e+02 3.014098304795979066e-01 4.575340744526791070e+01
2.153014098304795993e+02 3.218757986199846655e-01 4.588463668114830796e+01
2.153055839509327996e+02 2.943180850157594564e-01 4.590114149416474731e+01
2.152535139279325449e+02 3.328435130760712402e-01 4.570101797427378898e+01
2.152729150694266878e+02 3.299897776641962932e-01 4.566809353437260199e+01
2.154680339040804142e+02 3.533094812164579435e-01 4.576552517250191698e+01
2.155963455149501726e+02 3.525002129653292404e-01 4.582707215265354961e+01
2.156157253599114085e+02 3.741800834824090538e-01 4.582289803220035651e+01
2.156667092597325279e+02 3.641068234091490163e-01 4.605826731408127017e+01
2.157826688815060834e+02 3.380611636425590039e-01 4.619848368685578066e+01
2.158285203168924227e+02 3.480918306499701798e-01 4.627972995996251626e+01
2.156694565124797691e+02 3.235582247210154194e-01 4.611621518016866617e+01
2.155306244143453398e+02 3.298194054008007359e-01 4.595135871880057721e+01
2.152399267399267444e+02 3.069469290399522987e-01 4.567346026066956455e+01
2.149529559587699055e+02 3.376139364511457353e-01 4.522972570065593345e+01
2.148447269784479090e+02 3.453658744356418731e-01 4.511257347303858722e+01
2.148756921373200441e+02 3.271147457193968600e-01 4.509106397478490180e+01
2.150502598177016864e+02 3.463881080160149950e-01 4.527664196268847263e+01
2.152395859953999491e+02 3.450890195076241618e-01 4.547088763949228962e+01
2.151520998381463414e+02 3.487307266377033810e-01 4.543361870687451898e+01
2.151214967203339370e+02 3.687707641196013020e-01 4.546268847431637994e+01
2.149580458301388433e+02 3.702402248913876925e-01 4.548717948717948900e+01
2.149146647925717559e+02 3.573132294062526526e-01 4.540729619217991342e+01
2.149546383848709468e+02 3.345472357100264249e-01 4.543078626799557185e+01
2.151035224465456963e+02 3.345046426441775078e-01 4.558461112530879689e+01
2.152553454297640485e+02 3.292018059459919654e-01 4.576524831757389933e+01
2.154836016696481806e+02 3.313740523042848496e-01 4.585135020018741159e+01
2.155743674929721578e+02 3.392537694863276276e-01 4.601822983218332297e+01
2.153647457193968933e+02 3.124627310673822045e-01 4.567676122327284816e+01
2.150433384445012450e+02 3.123775449356844813e-01 4.519290399522957813e+01
2.147734261862168808e+02 3.013885339466734758e-01 4.483011755686174382e+01
2.148117599454808726e+02 3.140173779708663182e-01 4.478173183405741753e+01
2.149627949569810141e+02 3.262628844024192953e-01 4.476639833035181937e+01
2.152099625181020599e+02 3.428741800834824160e-01 4.517816679444586470e+01
2.155463199591106616e+02 3.376778260499190831e-01 4.551556776556776640e+01
2.158539270806712693e+02 3.628929210324559063e-01 4.584234176676037009e+01
2.159556819149842397e+02 3.530326262884402322e-01 4.608333333333333570e+01
2.158114617940199196e+02 3.778217906124882730e-01 4.594179657551750751e+01
2.157198441093789825e+02 3.582076837890791343e-01 4.578017718715393158e+01
2.156041187494675739e+02 3.390621006900076395e-01 4.566340829712923011e+01
2.154669903739671213e+02 3.362722548769060404e-01 4.554844961240310397e+01
2.153543956043955916e+02 3.314592384359826283e-01 4.548958599539994907e+01
2.153063932191839172e+02 3.167433341851946249e-01 4.533043700485561089e+01
2.152382230172927962e+02 3.161044381974614792e-01 4.527566232217395026e+01
2.151177059374733744e+02 3.245591617684641106e-01 4.530422097282562532e+01
2.148500298151460868e+02 3.083312036800409106e-01 4.510682340914898703e+01
2.146418562058096882e+02 2.830735156316551704e-01 4.479182639066360139e+01
2.145867620751341747e+02 3.082886106141919935e-01 4.467433341851946693e+01
2.147330692563250807e+02 3.099284436493738859e-01 4.506544424567680096e+01
2.148774810460857054e+02 3.267101115938325084e-01 4.534572791549535964e+01
2.148767995570321148e+02 3.245804583013885414e-01 4.544688644688644530e+01
2.147726382144986701e+02 3.343981599795553539e-01 4.536451145753471081e+01
2.146867705937473261e+02 3.282221654314677606e-01 4.522397563676633325e+01
2.143857866939262351e+02 3.018783542039356060e-01 4.494401141494164875e+01
2.143114617940199196e+02 3.000681489053582118e-01 4.469944203083738188e+01
2.142739373030070738e+02 2.813059033989266378e-01 4.452498083312036670e+01
2.145020870602265859e+02 2.772808586762074978e-01 4.450000000000000000e+01
2.146549961666240733e+02 2.686131697759604475e-01 4.438772467842235159e+01
2.145887000596302983e+02 2.624371752278729097e-01 4.427934662236987862e+01
2.142503620410597023e+02 2.701039270806712689e-01 4.404401993355481437e+01
2.141120197631825590e+02 2.770253002811142173e-01 4.404227361785501671e+01
2.138833801857057608e+02 2.851392793253258451e-01 4.393172331544424480e+01
2.138950719822812800e+02 2.921884317233154338e-01 4.379804497827753806e+01
2.139134508901950653e+02 2.872050430189965198e-01 4.389279325325836822e+01
2.140603330777749420e+02 3.136553369111508838e-01 4.410073260073259860e+01
2.144610273447482882e+02 3.159553624669903527e-01 4.435069000766674918e+01
2.146658361018826042e+02 3.292656955447653133e-01 4.449552772808586809e+01
2.146936493738819252e+02 3.120155038759689914e-01 4.447606269699292625e+01
2.147132634807053364e+02 3.080543487520231438e-01 4.462533009626032765e+01
2.146855140983047932e+02 2.942541954169861085e-01 4.470587358378055853e+01
2.147763864042933903e+02 2.955532839253769417e-01 4.484361955873583838e+01
2.146515461282903061e+02 3.039867109634551423e-01 4.475928528835505915e+01
2.145199761478831135e+02 2.882485731322940725e-01 4.460147797938495273e+01
2.142738521168753607e+02 3.016014992759178948e-01 4.418004088934321771e+01
2.141700528154016467e+02 3.157423971377459893e-01 4.407251469460771887e+01
2.140958769912258219e+02 3.289249510179742542e-01 4.396515887213561768e+01
2.140678081608314187e+02 3.251767612232728255e-01 4.386672629695885206e+01
2.139225871028196480e+02 3.338018570576710142e-01 4.381267569639662440e+01
2.139501448164238866e+02 3.322472101541869005e-01 4.386864298492205450e+01
2.138705383763523287e+02 3.102691881761649451e-01 4.369364937388193226e+01
2.138152525768804821e+02 3.096302921884317438e-01 4.359917795382911976e+01
2.136761649203509705e+02 3.060950677229746786e-01 4.352551324644348085e+01
2.133985433171479542e+02 2.866087400971121801e-01 4.339407104523383651e+01
2.131612147542380171e+02 2.849902035948547740e-01 4.312130505153761106e+01
2.129567680381633750e+02 2.920819490586932243e-01 4.302970866342959511e+01
2.128857228043274574e+02 2.943606780816083179e-01 4.302555583950933027e+01
2.128691966947780827e+02 3.108654910980492292e-01 4.289990629525513555e+01
2.125053667262969554e+02 3.117599454808757109e-01 4.274797682937217758e+01
2.125279623477297832e+02 2.686344663088849338e-01 4.265248317573898618e+01
2.125651886872817045e+02 2.536630036630036500e-01 4.252202061504387132e+01
2.123700485560950710e+02 2.431425163983303439e-01 4.234293806968225482e+01
2.124032072578584120e+02 2.189709515290910735e-01 4.228377630121816111e+01
2.124220546894965480e+02 2.299812590510264820e-01 4.223539057841383482e+01
2.123486668370389339e+02 2.349220546894965622e-01 4.223409148990544537e+01
2.124153036885595043e+02 2.538333759263992073e-01 4.238167646307181258e+01
2.125367365192946636e+02 2.466990373967118122e-01 4.240833972229321347e+01
2.125914260158446325e+02 2.549407956384700524e-01 4.250085186131697412e+01
2.125559672885254372e+02 2.552389470994121945e-01 4.244441604906721466e+01
2.124639662662918340e+02 2.561759945480875933e-01 4.246528665133316593e+01
2.123844876054178314e+02 2.530667007411193659e-01 4.263599965925547508e+01
2.124116406848964971e+02 2.450166112956810582e-01 4.274467586676888686e+01
2.125061121049493238e+02 2.765141834909276564e-01 4.286282903143368372e+01
2.127152014652014600e+02 2.720419115767953033e-01 4.302359655848027842e+01
2.127384785756878784e+02 2.598815912769401049e-01 4.292441860465116577e+01
2.127040207854161338e+02 2.547491268421501198e-01 4.276889002470397827e+01
2.124671181531646766e+02 2.552389470994121945e-01 4.267250191668796333e+01
2.123801857057671043e+02 2.542806031178124204e-01 4.259600477042337729e+01
2.122815401652611058e+02 2.271701167050004244e-01 4.249693329925887753e+01
2.120157594343640994e+02 2.540676377885680015e-01 4.234945480875713741e+01
2.121085484283158564e+02 2.524491012863105954e-01 4.229039952295766369e+01
2.121323792486583102e+02 2.723613595706618762e-01 4.223651929465882660e+01
2.122340276003066606e+02 2.735326688815060692e-01 4.228205128205128460e+01
2.123348879802368288e+02 2.883763523298407128e-01 4.229538291166198150e+01
2.124725913621262521e+02 2.752576880483857402e-01 4.250234261862168950e+01
2.126823409148990436e+02 2.877374563421075115e-01 4.261116790186557779e+01
2.128646605332651802e+02 2.812846068660022070e-01 4.274689070619303521e+01
2.130160788823579594e+02 2.764077008263055024e-01 4.285190391004344690e+01
2.129848794616236489e+02 2.685705767101115859e-01 4.289722293210665072e+01
2.129435215946843982e+02 2.850115001277792048e-01 4.295442541954169968e+01
2.126246060141409089e+02 2.672501916687963219e-01 4.279401993355481437e+01
2.123252406508220531e+02 2.627353266888150518e-01 4.257766845557543434e+01
2.120896158105460358e+02 2.349646477553454238e-01 4.249714626458812461e+01
2.121674972314507102e+02 2.594556606184513226e-01 4.258116108697504387e+01
2.123066487775789994e+02 2.419499105545617201e-01 4.275883806116364383e+01
2.126860465116278931e+02 2.774086378737541381e-01 4.297208024533605908e+01
2.131074197120708789e+02 2.602436323366555948e-01 4.317661214754237875e+01
2.133168285203169035e+02 2.820725785842064792e-01 4.340139705255984381e+01
2.132607760456597532e+02 2.693585484283158582e-01 4.340092852883550734e+01
2.131181105715989474e+02 2.701891132123690475e-01 4.336909021211346982e+01
2.129392409915665780e+02 2.803688559502512945e-01 4.339522105801175655e+01
2.129019081693500368e+02 2.903995229576624704e-01 4.348617855013203837e+01
2.129711006048215438e+02 3.142729363659595987e-01 4.361572535991140853e+01
2.131043743078626846e+02 3.122284692052134103e-01 4.374499531476275394e+01
2.132676335292614453e+02 3.290740267484453807e-01 4.378645966436663883e+01
2.133069469290399525e+02 3.258156572110060267e-01 4.375483431297384840e+01
2.130659127694011374e+02 3.256239884146860941e-01 4.361265865917028606e+01
2.128749467586676758e+02 3.297981088678763051e-01 4.345457449527216909e+01
2.126639620069852583e+02 3.127608825283244021e-01 4.328381889428401053e+01
2.125319660959195858e+02 2.634807053411704625e-01 4.323854246528664902e+01
2.126629397734049007e+02 2.602649288695800256e-01 4.331423034330011035e+01
2.128535011500127894e+02 2.556648777579010323e-01 4.344337251895391461e+01
2.131237754493568559e+02 2.521722463582928841e-01 4.348677485305392310e+01
2.133818042422693679e+02 2.553028366981855424e-01 4.377167987051708309e+01
2.133826561035863278e+02 2.919115767952977225e-01 4.354367918902802614e+01
2.131274384530198347e+02 3.076497146264587923e-01 4.329333844450123792e+01
2.129050813527557580e+02 3.036033733708152216e-01 4.314899054433938375e+01
2.127758965840361327e+02 3.075432319618366384e-01 4.295994122156913164e+01
2.126804029304029200e+02 3.147840531561461597e-01 4.284553624669904082e+01
2.126588934321492559e+02 3.261989948036459475e-01 4.285511968651503878e+01
2.128535437430786317e+02 3.264119601328903664e-01 4.296850242780475071e+01
2.129402845216798710e+02 3.142090467671863063e-01 4.300526024363233546e+01
2.129226296958855187e+02 3.224933980747934359e-01 4.293219183916858128e+01
2.128635105204872673e+02 3.135701507794531051e-01 4.289304881165346472e+01
2.126635999659255560e+02 3.363148479427549020e-01 4.292731493312888347e+01
2.125618238350796503e+02 3.434704830053667002e-01 4.302061504387085478e+01
2.125452338359314979e+02 3.507538972655251941e-01 4.298496464775534776e+01
2.125544552346877936e+02 3.467288525428060542e-01 4.299897776641962821e+01
2.125873370815231169e+02 3.659383252406508413e-01 4.308665559246954757e+01
2.127364979981259125e+02 3.650651673907487904e-01 4.315808416389811697e+01
2.130753045404208308e+02 3.672161172161172438e-01 4.322357100264076735e+01
2.133060098815912795e+02 3.770977084930573486e-01 4.334517420563932433e+01
2.133990118408723049e+02 3.832737030411448864e-01 4.337535139279325591e+01
2.133772680807564655e+02 3.762245506431552977e-01 4.340143964562569323e+01
2.132799429252917491e+02 3.769486327625862776e-01 4.343777153079478381e+01
2.130587784308714561e+02 3.648309055285799407e-01 4.340318596132549800e+01
2.128916219439475128e+02 3.717309821960984584e-01 4.345713007922310567e+01
2.127252321322088733e+02 3.602947440156742398e-01 4.330941732685919021e+01
2.126099752960218154e+02 3.205128205128205399e-01 4.325193798449612359e+01
2.125472995996251768e+02 3.589104693755856279e-01 4.329127268080756608e+01
2.125796277366044933e+02 3.600604821535053901e-01 4.332485731322940836e+01
2.124717607973421991e+02 3.743504557458045556e-01 4.323008774171564994e+01
2.124924184342789033e+02 4.041230087741715660e-01 4.329887554306159103e+01
2.124291677314933224e+02 3.856376181957577032e-01 4.336449016100178966e+01
2.124822599880739347e+02 3.997998125905102840e-01 4.339059971036715524e+01
2.125355865065167507e+02 4.090638044126416184e-01 4.354269954851350377e+01
2.127015716841298172e+02 3.973720078371241193e-01 4.365776471590424990e+01
2.128651290569895309e+02 4.156657296192179940e-01 4.378420223187664817e+01
2.129518059459919925e+02 4.202870772638214736e-01 4.380796916262032425e+01
2.129759562143283063e+02 4.223954340233410099e-01 4.355997103671522552e+01
2.127496379589402977e+02 4.073600817786864337e-01 4.339434790016185417e+01
2.126700741119345821e+02 3.906848964988499651e-01 4.317043615299429149e+01
2.126772723400630412e+02 4.081906465627395675e-01 4.311666240736008149e+01
2.126926910299003453e+02 4.210324559161768287e-01 4.317759178805690112e+01
2.128025172501916700e+02 3.962858846579777050e-01 4.344984666496294068e+01
2.127556222846920662e+02 3.920052815401652846e-01 4.381403867450379153e+01
2.127372646733111878e+02 3.903015589062100443e-01 4.387748104608569832e+01
2.127515972399693283e+02 3.724124712496805767e-01 4.399884998722207996e+01
2.127526833631484919e+02 3.736689666922224928e-01 4.401475849731663459e+01
2.126995059204361667e+02 3.575474912684215023e-01 4.380711730130335013e+01
2.127652696141068134e+02 3.615512394582162115e-01 4.361480960899565673e+01
2.128887682085356516e+02 3.871709685663173861e-01 4.345312633103331024e+01
2.131371922650992303e+02 3.873626373626373742e-01 4.360273447482749987e+01
2.134080202742993322e+02 4.050174631569980477e-01 4.384502512990884782e+01
2.135557756197291042e+02 4.246741630462560479e-01 4.397216543146775791e+01
2.135883806116364383e+02 4.431382570917454800e-01 4.401610017889087345e+01
2.134701209643070001e+02 4.615171650055370778e-01 4.396622369878183889e+01
2.133662577732345085e+02 4.466734815572024897e-01 4.384425845472357253e+01
2.131663898117386395e+02 4.602393730300707309e-01 4.373400630377374654e+01
2.130178039015248430e+02 4.102138171905613806e-01 4.375577136042252135e+01
2.129431595536246675e+02 4.144092341766760224e-01 4.377864383678337390e+01
2.129518698355907702e+02 4.065508135275577306e-01 4.395161427719567371e+01
2.129281454979129364e+02 3.888533946673481401e-01 4.403654485049833767e+01
2.129536161512905608e+02 3.921969503364852172e-01 4.403720504301899297e+01
2.129705894880313508e+02 4.278260499190731925e-01 4.404544680126075207e+01
2.129620069852628035e+02 4.462049578328647903e-01 4.384709089360251966e+01
2.129818127608825193e+02 4.691200272595621446e-01 4.374695459579180579e+01
2.130014268677059306e+02 4.995101797427378698e-01 4.384770849305733265e+01
2.130008731578498953e+02 5.096686259476956860e-01 4.380624414345344775e+01
2.131103586336144531e+02 4.851350200187409256e-01 4.387415878694948645e+01
2.131360635488542528e+02 4.422438027089189982e-01 4.394367067041485342e+01
2.131130845898287873e+02 4.479725700655933229e-01 4.383209813442371683e+01
2.130817999829627638e+02 4.446716074623051629e-01 4.371547832012948476e+01
2.129870091149161055e+02 4.064443308629355212e-01 4.362831161086975129e+01
2.129724209898628544e+02 3.977340488968396093e-01 4.356840446375330345e+01
2.130108612317914663e+02 3.616790186557628517e-01 4.345265780730896665e+01
2.130325411023085564e+02 3.836783371667092379e-01 4.337262543657892166e+01
2.129339168583354649e+02 3.896839594514013294e-01 4.331998040718971055e+01
2.127296405145242488e+02 3.647244228639577313e-01 4.324503790782860335e+01
2.126502044467160886e+02 3.521594684385381813e-01 4.322706363404037688e+01
2.125483857228043405e+02 3.180850157594343752e-01 4.315516653888747101e+01
2.125677229746997057e+02 3.202785586506516902e-01 4.325085186131697412e+01
2.125755388022829777e+02 3.242610103075219130e-01 4.322757475083056278e+01
2.126046937558565446e+02 3.374861572535990950e-01 4.338644688644688330e+01
2.127666538887469017e+02 3.376778260499190831e-01 4.350368430019592836e+01
2.128589104693755871e+02 3.498168498168497953e-01 4.361291421756538256e+01
2.130094343640855357e+02 3.530752193542891493e-01 4.377263821449867720e+01
2.132171607462305190e+02 3.840403782264247279e-01 4.386314847942755080e+01
2.132636723741374851e+02 3.923034330011074267e-01 4.402679103841894204e+01
2.130970057074708279e+02 3.852755771360422687e-01 4.385360763267740225e+01
2.128885765397393186e+02 3.999488883209813550e-01 4.362055967288525693e+01
2.127147329414771377e+02 4.026961410682340925e-01 4.343097793679189067e+01
2.125516227958088393e+02 3.949016100178890931e-01 4.331906465627395875e+01
2.125662109208620905e+02 3.811866428145497809e-01 4.335362892921032341e+01
2.125560311781242149e+02 4.056776556776556797e-01 4.322725530283669571e+01
2.127506601925206553e+02 4.141323792486583111e-01 4.321232643325666345e+01
2.127676974188602230e+02 4.173907487860976095e-01 4.323539057841383482e+01
2.129225019166879633e+02 4.321492461027344745e-01 4.325932788142090146e+01
2.129958045830138929e+02 4.683533520742823031e-01 4.330081352755771462e+01
2.130001916687963330e+02 4.428614021637277687e-01 4.335239373030070453e+01
2.129339381548684003e+02 4.417752789845812988e-01 4.334415197205894543e+01
2.129437345600136382e+02 4.243973081182383367e-01 4.342648436834483050e+01
2.128417880569043348e+02 4.321279495698100437e-01 4.341296106993781478e+01
2.127729150694266878e+02 4.234815572024874242e-01 4.334074452679104184e+01
2.126626416219439477e+02 3.971590425078797004e-01 4.331870261521424226e+01
2.125507496379589440e+02 4.203722633955191967e-01 4.339055711730130582e+01
2.126348496464775621e+02 4.004387085782434852e-01 4.353558650651673645e+01
2.126366598517761304e+02 4.086804668200016977e-01 4.365552857994718750e+01
2.126716500553709750e+02 4.146009029729960105e-01 4.372139875628247552e+01
2.127686557628418029e+02 4.384530198483687080e-01 4.377544935684470317e+01
2.127849689070619377e+02 4.192009540846750038e-01 4.384572791549535964e+01
2.127528963284777319e+02 4.146860891046937336e-01 4.372555158020274035e+01
2.126083354629866164e+02 4.228639577476786537e-01 4.354101712241246958e+01
2.124915452764290080e+02 4.026322514694607446e-01 4.344241417497231339e+01
2.126273319703552147e+02 3.939858591021381806e-01 4.346026066956299161e+01
2.127244228639577557e+02 3.952423545446801523e-01 4.331635999659255276e+01
2.128425547320896101e+02 3.997998125905102840e-01 4.341438793764375248e+01
2.130118408723059815e+02 3.968182979810886968e-01 4.354404123008774263e+01
2.130948121645795936e+02 3.924525087315784977e-01 4.346349774256751175e+01
2.130977297895902609e+02 3.909191583610188148e-01 4.362618195757730888e+01
2.128766291847687171e+02 4.223528409574920928e-01 4.351688815060908411e+01
2.127369878183831702e+02 4.258667688900247272e-01 4.344034841127864155e+01
2.126546341255643711e+02 3.721569128545872962e-01 4.338857653973933282e+01
2.125573302666325901e+02 3.804199676292699395e-01 4.334528068830394432e+01
2.122782604991907363e+02 3.783116108697504032e-01 4.322906550813527815e+01
2.122453999488883198e+02 4.107462305136723724e-01 4.314462475508987183e+01
2.122773873413408410e+02 3.879589402845216584e-01 4.321077178635318461e+01
2.123013246443478863e+02 4.094471420052815391e-01 4.327966607036374569e+01
2.123740736008177805e+02 4.058267314081267507e-01 4.338904506346366929e+01
2.124401354459494087e+02 3.936877076411960386e-01 4.338203850413152907e+01
2.123469418178720503e+02 3.872987477638640263e-01 4.328458556946929292e+01
2.120992418434278761e+02 3.800153335037055879e-01 4.315386745037908156e+01
2.119254195416986022e+02 3.626586591702870566e-01 4.309917795382911976e+01
2.118127608825283232e+02 3.439603032626288304e-01 4.302225487690603956e+01
2.119081693500298229e+02 3.581650907232302727e-01 4.298654059119175486e+01
2.120868259647329523e+02 3.356972484879461871e-01 4.299982962773660233e+01
2.122583482409063720e+02 3.276684555754323380e-01 4.305013203850413106e+01
2.122859272510435176e+02 3.195757730641451411e-01 4.299346196439219625e+01
2.122703381889428442e+02 3.319490586932447584e-01 4.288384870943010441e+01
2.120167603714115216e+02 3.760754749126842267e-01 4.277415026833631373e+01
2.117152440582673023e+02 3.985220206150438815e-01 4.268613169775960614e+01
2.116795936621518024e+02 4.276769741886021214e-01 4.269871794871794890e+01
2.115891046937558428e+02 4.091702870772638279e-01 4.255392282136467941e+01
2.115851435386319110e+02 4.206065252576880464e-01 4.258522872476360988e+01
2.118190433597410447e+02 4.086804668200016977e-01 4.279580884232046856e+01
2.119886063548854338e+02 4.193287332822216440e-01 4.286889854331715100e+01
2.121315273873413503e+02 4.168370389300621870e-01 4.300027685492801766e+01
2.121097197376267047e+02 3.741800834824090538e-01 4.301690944714200526e+01
2.119290399522957671e+02 3.568021126160660916e-01 4.286042252321322366e+01
2.117400971121901421e+02 4.011201976318255480e-01 4.270118834653718665e+01
2.118141238606354761e+02 3.981599795553283916e-01 4.274026748445353263e+01
2.119436493738819252e+02 3.986497998125905218e-01 4.286570406337848027e+01
2.119646690518783601e+02 3.875756026918817376e-01 4.297682937217820864e+01
2.118990970270040179e+02 3.942414174972314611e-01 4.293040293040292710e+01
2.116877076411960275e+02 3.849561291421756404e-01 4.270480875713433733e+01
2.115006175994548130e+02 3.694948462390322819e-01 4.262141153420223105e+01
2.116375543061589610e+02 3.540974529346622157e-01 4.267865661470312943e+01
2.117507240821194330e+02 3.601030752193543072e-01 4.288229406252661846e+01
2.119872433767782525e+02 3.692605843768634322e-01 4.302510861231791495e+01
2.121723528409575010e+02 4.012053837635232711e-01 4.302023170627821713e+01
2.122138597836272140e+02 4.028239202657807327e-01 4.296833205554136015e+01
2.122464008859357705e+02 3.884913536076326501e-01 4.294701422608399355e+01
2.122928273277110520e+02 3.837635232984070166e-01 4.285011500127779271e+01
2.122277877161598099e+02 3.773958599539994907e-01 4.282328136979299416e+01
2.121268208535650501e+02 3.519890961751426794e-01 4.296038844876053986e+01
2.119013757560269084e+02 3.204702274469716228e-01 4.285037055967288211e+01
2.117107291932873352e+02 3.133997785160576033e-01 4.273434704830053477e+01
2.115648905358207799e+02 3.097793679189028149e-01 4.257115171650055174e+01
2.115753897265525154e+02 2.894198824431382655e-01 4.250694266973336966e+01
2.114984879461623564e+02 3.249637958940284621e-01 4.244652440582672881e+01
2.112599667774086356e+02 3.071598943691967176e-01 4.236904761904762040e+01
2.111507581565721239e+02 3.133358889172842554e-01 4.223485816509072066e+01
2.111979512735326807e+02 3.362296618110571789e-01 4.219648181276087939e+01
2.111789334696311471e+02 3.434065934065934078e-01 4.217980662748104947e+01
2.112331118493909230e+02 3.322898032200357621e-01 4.219511883465371938e+01
2.112715946843853771e+02 3.391046937558565566e-01 4.221113382741289399e+01
2.112865874435642013e+02 3.307138597836272176e-01 4.222738308203424396e+01
2.112498509242695377e+02 3.377843087145412926e-01 4.220106056733963840e+01
2.113086293551409938e+02 3.146349774256750886e-01 4.212837550046852186e+01
2.112909106397478354e+02 3.085228724763608432e-01 4.220003833375926661e+01
2.113464094045489503e+02 3.116534628162535014e-01 4.212315784990203582e+01
2.112326007326007300e+02 3.038163387000596405e-01 4.215442116023511687e+01
2.111989096175142606e+02 3.074154527642899981e-01 4.208292869920776980e+01
2.110644859016952068e+02 3.203637447823494133e-01 4.198937303007070199e+01
2.108308203424482485e+02 3.052432064059971140e-01 4.188357185450208675e+01
2.105475977510861298e+02 2.994931425163983030e-01 4.168317147968311076e+01
2.103004088934321487e+02 3.171479683107590319e-01 4.146816168327796248e+01
2.102122838401908211e+02 2.974060822898031975e-01 4.139630718119089892e+01
2.103240693415112048e+02 3.110997529602180789e-01 4.154127268080756608e+01
2.104575560098815856e+02 3.100562228469205261e-01 4.160965584802794126e+01
2.105933214072748854e+02 3.215563506261180926e-01 4.167113893858079621e+01
2.107081949058693340e+02 3.253471334866683828e-01 4.169243547150524165e+01
2.107506814890535907e+02 3.118877246784223511e-01 4.168594002896328732e+01
2.108274341937132590e+02 3.261564017377970859e-01 4.178147627566232103e+01
2.108362935514098240e+02 3.269230769230769273e-01 4.180586080586080300e+01
2.107921032455916190e+02 3.151673907487860804e-01 4.196113382741289399e+01
2.109091276940114028e+02 3.243036033733708301e-01 4.192439730811823750e+01
2.109274001192605965e+02 3.298194054008007359e-01 4.193099923332481183e+01
2.109222889513587234e+02 3.328648096089956709e-01 4.189916091660277431e+01
2.107607760456597532e+02 3.179359400289633042e-01 4.177670585228725031e+01
2.106545489394326580e+02 2.937004855609506859e-01 4.174676292699548696e+01
2.105799471845983533e+02 3.004514864979981326e-01 4.170255132464434666e+01
2.105903824857313111e+02 3.112701252236135807e-01 4.167529176250106815e+01
2.106136382996848226e+02 3.132719993185109630e-01 4.171102734474827400e+01
2.105957918050941373e+02 2.948504983388704481e-01 4.178748189794701773e+01
2.105384828349944542e+02 3.076923076923077094e-01 4.165205724508049911e+01
2.105410171224124838e+02 3.143794190305818081e-01 4.154374307862679672e+01
2.105793934747423179e+02 3.215137575602691755e-01 4.157871198568872728e+01
2.106325709174546432e+02 3.228341426015844395e-01 4.166541017122412427e+01
2.106547832012948334e+02 3.300323707300451548e-01 4.173681744611977251e+01
2.106299727404378643e+02 3.113979044211602210e-01 4.177753641707130328e+01
2.105982409063804539e+02 3.065635914473123780e-01 4.184240565635914777e+01
2.105794360678081603e+02 2.985347985347985289e-01 4.202016781667944656e+01
2.106543998637021957e+02 2.814975721952466259e-01 4.210776045659766709e+01
2.106075900843342765e+02 3.094173268591873249e-01 4.199150268336315150e+01
2.105639108953062362e+02 3.240693415112019804e-01 4.184645199761478551e+01
2.103376778260499123e+02 3.258582502768549438e-01 4.167007411193457500e+01
2.100077732345174297e+02 3.373796745889769411e-01 4.156058863617003141e+01
2.096700102223358044e+02 3.252832438878950350e-01 4.124565550728341634e+01
2.093600817786864354e+02 3.239628588465797709e-01 4.104949314251639692e+01
2.092903995229576708e+02 3.040718970951529210e-01 4.106163216628333146e+01
2.093976914558309943e+02 3.233665559246954868e-01 4.113712837550046686e+01
2.094688218757986249e+02 3.376778260499190831e-01 4.124314251639832918e+01
2.094973166368515081e+02 3.380185705767100868e-01 4.129649033137405212e+01
2.095447866087401110e+02 3.296916262032540956e-01 4.148215350540932178e+01
2.095083908339722427e+02 3.376139364511457353e-01 4.144462901439645464e+01
2.094434790016185275e+02 3.298832949995740838e-01 4.137926995485135251e+01
2.092135829286991964e+02 3.450464264417753002e-01 4.137588380611636296e+01
2.090734943351222341e+02 3.082034244824942704e-01 4.118655762841809320e+01
2.091619814294232924e+02 3.094599199250361865e-01 4.120932362211431865e+01
2.095647840531561599e+02 3.161896243291592024e-01 4.132845642729363789e+01
2.098067126671777771e+02 3.079478660874009899e-01 4.148749893517335607e+01
2.100687665048130270e+02 3.236647073856376289e-01 4.158957321748019353e+01
2.101652823920265689e+02 3.285629099582588197e-01 4.164958684726126847e+01
2.101314634977425726e+02 3.317147968310759087e-01 4.151465201465201460e+01
2.100656146179402128e+02 3.396797001448164099e-01 4.135015759434364213e+01
2.098950719822812800e+02 3.637873754152823880e-01 4.118346963114404957e+01
2.096229448845728029e+02 3.355055796916261990e-01 4.098688133571854308e+01
2.094084887980236829e+02 3.305434875202317158e-01 4.074148138683022324e+01
2.093032413323111030e+02 3.151886872817105112e-01 4.076220291336570511e+01
2.093321194309566522e+02 3.427464008859357758e-01 4.090180168668540972e+01
2.092562611806797861e+02 3.276045659766589901e-01 4.093672800068149087e+01
2.094184768719652538e+02 3.403824857313229590e-01 4.104776812334952041e+01
2.096884743163813027e+02 3.602734474827498090e-01 4.123319703552261473e+01
2.101021807649714503e+02 3.329286992077689633e-01 4.135128631058863391e+01
2.101347218672800068e+02 3.603586336144475877e-01 4.139134508901950937e+01
2.101189411363830004e+02 3.511585313910895456e-01 4.135569469290399525e+01
2.098902802623732953e+02 3.639151546128290282e-01 4.108433427038077923e+01
2.094422225061759946e+02 3.499233324814720048e-01 4.079974870091149342e+01
2.091038205980066493e+02 3.226424738052645069e-01 4.080488116534628062e+01
2.090745591617684624e+02 3.244526791038419011e-01 4.090527302155209100e+01
2.091597452934662158e+02 3.401269273362296786e-01 4.112351989096175231e+01
2.093516057585825081e+02 3.763310333077775072e-01 4.134519550217224548e+01
2.095584163898117254e+02 3.692392878439390014e-01 4.146075048982025635e+01
2.097524703978192235e+02 3.821023937303006934e-01 4.157549620921714251e+01
2.098492844364937469e+02 3.763523298407019380e-01 4.157662492546213429e+01
2.098301601499275932e+02 3.666837038930061965e-01 4.154930147372007809e+01
2.097967671863020769e+02 3.859570661896243315e-01 4.163738393389556336e+01
2.095973677485305302e+02 4.014183490927676901e-01 4.159877331970355385e+01
2.094672885254280743e+02 3.785458727319192529e-01 4.141668796319959256e+01
2.095219567254451078e+02 3.910895306244143721e-01 4.136427719567254258e+01
2.096832779623477165e+02 4.299344066785927287e-01 4.133410000851861099e+01
2.098218332055541282e+02 3.967118153164664873e-01 4.129770423375074273e+01
2.097840318596132647e+02 3.768634466308884989e-01 4.130600988159127951e+01
2.098219822812846189e+02 3.501362978107164237e-01 4.125732600732600730e+01
2.098927293636595834e+02 3.276684555754323380e-01 4.120755600988159273e+01
2.099124712496805500e+02 3.194692903995229316e-01 4.109755941732685613e+01
2.100641664537013469e+02 3.385722804327455648e-01 4.122259136212624497e+01
2.101161938836357308e+02 3.269443734560013581e-01 4.143709004174120736e+01
2.101648990544339313e+02 3.291592128801431039e-01 4.161308458982877312e+01
2.103211517165005660e+02 3.594002896328477581e-01 4.171633018144645888e+01
2.103187878013459340e+02 3.830607377119005230e-01 4.175924269528920973e+01
2.101478618280943920e+02 3.999701848539057858e-01 4.179353011329755674e+01
2.100286438367833739e+02 3.698994803645966334e-01 4.166468608910469129e+01
2.098949442030837247e+02 3.614660533265184328e-01 4.158486668370389339e+01
2.098537354118749363e+02 3.592512139023766871e-01 4.157751937984495783e+01
2.098003663003663064e+02 3.492418434278899420e-01 4.155886361700315490e+01
2.097276173438964122e+02 3.733069256325070029e-01 4.153036885595025041e+01
2.097168200017037236e+02 3.680679785330948084e-01 4.156661555498764926e+01
2.096258838061163772e+02 3.639151546128290282e-01 4.143355481727574841e+01
2.095139279325325958e+02 3.681957577306414486e-01 4.137460601414089467e+01
2.095011074197120706e+02 3.903654485049833922e-01 4.130718119090212070e+01
2.094601967799642352e+02 3.987775790101371620e-01 4.128588465797768237e+01
2.093515418689837304e+02 3.956043956043955867e-01 4.126384274640088279e+01
2.093926228809949635e+02 3.738180424226935639e-01 4.138459408808245854e+01
2.095817573898969215e+02 3.772254876906039889e-01 4.160431041826390697e+01
2.097382017207598608e+02 3.621049493142516340e-01 4.175074537865235413e+01
2.099603884487605399e+02 3.958812505324132980e-01 4.193395945140131431e+01
2.099035480023852074e+02 3.882570917454638559e-01 4.197137745974955436e+01
2.098164877757901081e+02 3.968182979810886968e-01 4.188536076326774094e+01
2.097628844024192745e+02 3.957534713348666577e-01 4.161314847942755080e+01
2.097201422608399355e+02 3.972655251725019099e-01 4.161155123945821543e+01
2.096901354459494087e+02 3.949442030837379547e-01 4.149410086037993040e+01
2.095874222676548300e+02 4.014183490927676901e-01 4.148096089956555232e+01
2.095677229746997057e+02 4.019507624158786818e-01 4.126373626373626280e+01
2.093742865661470205e+02 4.056776556776556797e-01 4.121351903910043291e+01
2.092222080245336144e+02 3.992035096686259443e-01 4.101850668711134063e+01
2.091327412897180409e+02 3.657466564443308532e-01 4.090124797682937441e+01
2.089781071641536698e+02 3.588465797768123355e-01 4.090088593576965792e+01
2.089422438027089299e+02 3.567595195502172301e-01 4.091715648692392904e+01
2.089890961751426914e+02 3.739458216202402041e-01 4.103922821364681539e+01
2.090722378396797012e+02 3.641494164749978779e-01 4.110441690092852696e+01
2.091443904932276894e+02 3.734772978959025602e-01 4.112151801686685104e+01
2.091784862424397318e+02 3.836783371667092379e-01 4.123181276088252645e+01
2.092093662151801823e+02 3.954127268080756541e-01 4.121334866683704234e+01
2.091334440753045385e+02 3.867024448419797422e-01 4.118934747423119802e+01
2.090143112701252335e+02 3.717735752619473755e-01 4.113033478149757372e+01
2.088320129482920322e+02 3.764801090382485782e-01 4.107447397563676361e+01
2.086379802368174410e+02 3.625095834398159855e-01 4.087058096941817809e+01
2.085935769656699961e+02 3.749041656018400337e-01 4.070065593321407249e+01
2.087219098730726614e+02 3.514353863191072569e-01 4.079199676292699195e+01
2.090009583439816083e+02 3.632762586250958270e-01 4.091119345770508886e+01
2.090427847346452097e+02 3.733282221654314892e-01 4.097983218332055344e+01
2.089968694096601212e+02 3.659809183064997029e-01 4.087264673311184993e+01
2.088510520487264728e+02 3.764588125053241474e-01 4.089443308629355300e+01
2.087928699207768943e+02 3.445991992503620316e-01 4.092429082545361751e+01
2.087373072663770301e+02 3.613595706618962233e-01 4.103795042167135421e+01
2.086893474742311980e+02 3.582928699207769130e-01 4.098266462219950768e+01
2.086067169264843812e+02 3.590169520402078374e-01 4.112062356248402750e+01
2.087062143283073397e+02 3.585910213817190551e-01 4.097472101541868739e+01
2.089468225572876747e+02 3.552048726467331163e-01 4.105786267995570427e+01
2.090997103671522268e+02 3.552687622455064087e-01 4.119328733282221577e+01
2.092905698952210685e+02 3.571641536757815816e-01 4.117516398330351990e+01
2.093622753215776413e+02 3.666198142942329041e-01 4.130038759689922756e+01
2.094590467671862939e+02 3.717309821960984584e-01 4.134170287077263595e+01
2.093750958343981665e+02 3.669392622880994770e-01 4.128756708407870946e+01
2.092935514098304850e+02 3.710707896754408264e-01 4.132954255047278025e+01
2.091974188602095523e+02 3.746912002725956148e-01 4.127610954936536558e+01
2.090406124882869108e+02 3.492418434278899420e-01 4.114096175142686462e+01
2.088197887383933846e+02 3.573984155379504313e-01 4.098217480194224294e+01
2.087826049919073057e+02 3.651503535224465691e-01 4.090638044126416162e+01
2.088396158105460358e+02 3.628716244995314755e-01 4.091445182724252305e+01
2.088608271573387754e+02 3.852755771360422687e-01 4.096963114404974959e+01
2.089529346622369985e+02 3.712198654059118974e-01 4.105328392537694526e+01
2.090673396371070680e+02 4.023766930743675196e-01 4.104257176931595552e+01
2.089428826986966499e+02 4.140471931169605324e-01 4.084029729959962651e+01
2.086894539568958180e+02 4.201380015333503470e-01 4.069658829542550649e+01
2.085320299855183634e+02 3.900460005111167638e-01 4.044375585654655225e+01
2.084173481557202479e+02 4.157935088167646343e-01 4.039965073686003905e+01
2.084462475508987040e+02 3.850839083397222806e-01 4.061900502598177098e+01
2.086160235113723616e+02 3.959238435982622151e-01 4.077121134679273950e+01
2.087268506687111369e+02 3.996294403271147266e-01 4.095894028452168101e+01
2.087409915665729727e+02 3.877672714882017257e-01 4.111781242013800153e+01
2.085620793934747326e+02 3.875968992248062239e-01 4.103358463242184229e+01
2.084330437004855696e+02 3.879376437515972276e-01 4.085899565550728596e+01
2.083168498168498104e+02 3.684300195928102983e-01 4.071571258199165300e+01
2.083280092001022297e+02 3.638725615469801666e-01 4.066270551154271828e+01
2.084416900928528946e+02 3.615299429252917807e-01 4.055988585058352669e+01
2.084208194905869220e+02 3.551409830479597685e-01 4.054928017718715694e+01
2.085349050174631600e+02 3.650225743248999288e-01 4.057066189624329411e+01
2.085743674929721578e+02 3.868728171053752440e-01 4.065689155805434751e+01
2.086742482323877539e+02 3.652142431212198614e-01 4.070374393048811612e+01
2.086606184513161395e+02 3.613808671948207096e-01 4.067784734645199762e+01
2.084499105545617113e+02 3.545233835931510535e-01 4.051279921628758984e+01
2.082737669307436761e+02 3.666411108271573349e-01 4.055356078030496292e+01
2.084853905784138419e+02 3.605503024107675203e-01 4.088455149501660912e+01
2.086816807223783883e+02 3.696013289036544913e-01 4.107230172927847178e+01
2.086950336485220134e+02 3.688772467842235114e-01 4.116638981173864664e+01
2.085463199591106616e+02 3.644262714030155892e-01 4.117656955447652933e+01
2.085941732685918737e+02 3.384445012351989246e-01 4.101052048726467092e+01
2.085117556861742969e+02 3.378269017803901542e-01 4.075455745804583074e+01
2.084028452167987098e+02 2.991949910554561609e-01 4.071198568872987522e+01
2.084796831075900911e+02 3.096089956555072575e-01 4.070395689581736320e+01
2.085046639407104578e+02 2.975551580202743240e-01 4.060776045659766709e+01
2.084043359741034180e+02 3.286906891558054600e-01 4.054649033137405212e+01
2.082794531050344915e+02 3.585697248487946243e-01 4.060686600221483644e+01
2.081407700826305529e+02 3.847857568787801386e-01 4.053650225743248825e+01
2.082249339807479203e+02 3.970525598432574910e-01 4.063163387000596316e+01
2.083112062356248373e+02 3.849774256751000712e-01 4.074539994888831984e+01
2.083621475423801144e+02 4.105545617173524398e-01 4.068677059374734029e+01
2.085160575858250240e+02 4.038461538461538547e-01 4.073907487860976318e+01
2.083883848709430140e+02 3.963071811909021358e-01 4.060341596388108343e+01
2.083196822557287646e+02 3.879163472186727968e-01 4.052619473549706441e+01
2.082689326177698206e+02 3.872561546980151648e-01 4.050868898543317442e+01
2.081906252662066663e+02 3.741587869494846230e-01 4.052676974188602088e+01
2.080894028452167959e+02 3.659809183064997029e-01 4.057864809608995671e+01
2.078929636255217588e+02 3.604225232132208800e-01 4.051999744441604889e+01
2.077884828349944542e+02 3.514140897861828261e-01 4.049838146349774348e+01
2.078723272851179900e+02 3.602734474827498090e-01 4.059117045744952890e+01
2.078884700570746986e+02 3.379120879120879328e-01 4.051320385041315575e+01
2.079353863191072378e+02 3.673013033478149669e-01 4.047772382656103929e+01
2.079276769741886142e+02 3.798236647073856553e-01 4.051863446630888177e+01
2.078542252321322223e+02 3.744569384104267651e-01 4.042047874606014091e+01
2.077935727063633919e+02 3.792486583184257465e-01 4.037475508987137118e+01
2.078284777238265519e+02 3.873839338955618050e-01 4.044550217224635702e+01
2.079426697333674099e+02 3.880228298832950062e-01 4.051837890791379237e+01
2.079915665729619150e+02 3.721569128545872962e-01 4.064417752789845650e+01
2.081220291336570369e+02 3.881080160149927849e-01 4.075396115512394601e+01
2.080922139875628147e+02 3.762458471760797285e-01 4.075430189965073424e+01
2.079472271914132477e+02 3.787801345940881026e-01 4.036992077689752279e+01
2.078434491864724407e+02 3.792486583184257465e-01 4.000400374818979543e+01
2.077575815657210967e+02 3.463029218843172163e-01 3.991149160916602767e+01
2.075991353607632561e+02 3.512011244569384072e-01 3.969030581821279213e+01
2.073387000596302983e+02 3.459621773575262127e-01 3.953435130760712468e+01
2.072744697163301737e+02 3.539696737371155755e-01 3.959626032881846669e+01
2.073177655677655764e+02 3.265184427975125758e-01 3.972472101541868739e+01
2.074734219269103050e+02 3.348879802368174285e-01 3.998762671437089722e+01
2.074799599625181088e+02 3.387852457619899282e-01 3.998449612403101128e+01
2.073283073515631543e+02 3.231961836612999295e-01 3.992714456086549291e+01
2.074002896328477732e+02 3.292869920776897441e-01 3.981582758326944571e+01
2.074083610188261275e+02 3.116321662833290707e-01 3.985203168924098804e+01
2.074229065508135363e+02 3.187452082800920072e-01 3.979357270636340616e+01
2.072202913365703978e+02 3.319916517590936200e-01 3.959157509157509480e+01
2.071262458471760795e+02 3.035607803049663600e-01 3.946792742141579424e+01
2.069265908510094505e+02 3.182340914899054463e-01 3.949177953829116916e+01
2.069327455490246166e+02 3.206405997103671246e-01 3.955111167901865343e+01
2.070148010903824911e+02 3.105886361700315179e-01 3.969686515035352414e+01
2.068881293125479033e+02 3.036672629695885695e-01 3.957315359059545301e+01
2.066591915836101805e+02 2.855865065167390582e-01 3.944537439304880877e+01
2.063844663088849245e+02 2.584760201039270622e-01 3.926311866428145692e+01
2.062525555839509366e+02 2.640344151972058850e-01 3.914654144305307426e+01
2.060634849646477562e+02 2.839892665474060829e-01 3.893968821875798625e+01
2.058997998125905156e+02 2.685279836442627244e-01 3.882813697929977081e+01
2.056915197205894970e+02 2.642686770593747347e-01 3.861165772212283542e+01
2.055268549280177126e+02 2.635658914728682412e-01 3.854670329670329920e+01
2.056059289547661706e+02 2.627566232217394826e-01 3.874209898628503623e+01
2.058662364767016015e+02 2.668242610103075396e-01 3.897563676633443919e+01
2.060391217309822025e+02 2.612445693841042860e-01 3.912179487179486870e+01
2.060906806371922642e+02 2.725530283669818643e-01 3.911542720845046262e+01
2.061827029559587743e+02 2.882059800664451554e-01 3.901139364511457330e+01
2.062689113212369136e+02 2.736817446119771957e-01 3.905437004855609473e+01
2.063166581480535058e+02 2.750447227191413213e-01 3.909464179231621017e+01
2.062215691285458661e+02 2.799855183576113737e-01 3.905737285969843953e+01
2.060927251043530077e+02 2.798151460942158719e-01 3.890491098049237451e+01
2.058693883635744157e+02 2.793466223698781725e-01 3.876184087230598863e+01
2.059013544594940015e+02 2.873328222165431600e-01 3.866894539568958322e+01
2.060474912684215099e+02 2.821364681829798271e-01 3.871920521339126253e+01
2.063070534117045725e+02 2.940412300877416896e-01 3.889698867024448248e+01
2.064782136468182898e+02 2.968736689666922057e-01 3.892763438112275054e+01
2.065480449782775452e+02 2.986199846664963076e-01 3.903192350285373635e+01
2.064814720163557240e+02 2.917625010648266515e-01 3.930434875202317357e+01
2.062745761989947937e+02 2.874393048811653695e-01 3.927753641707130328e+01
2.061304838572280573e+02 2.788142090467671808e-01 3.921901354459493660e+01
2.059328094386233943e+02 2.784521679870516908e-01 3.909981684981684680e+01
2.058589317659085225e+02 2.889300621858761353e-01 3.906644518272425159e+01
2.058719439475253523e+02 2.864383678337166783e-01 3.905871454127267839e+01
2.060102649288695886e+02 3.160405485986881313e-01 3.904657551750575095e+01
2.060218289462475525e+02 3.109080841638980908e-01 3.908410000851861099e+01
2.061004344492716598e+02 3.081821279495697841e-01 3.914436919669477533e+01
2.059957619899480505e+02 3.222804327455490170e-01 3.907475083056478127e+01
2.060208706022659442e+02 3.281369792997699819e-01 3.899623051367237281e+01
2.060339679700144870e+02 3.273916006474146267e-01 3.903362722548769170e+01
2.060391643240480448e+02 3.238989692478064786e-01 3.905422097282562532e+01
2.061759093619558598e+02 3.445991992503620316e-01 3.912162449953147814e+01
2.062425249169435233e+02 3.325240650822046118e-01 3.920246613851264783e+01
2.062515759434364213e+02 3.304370048556095063e-01 3.921524405826731652e+01
2.062313442371581971e+02 3.113340148223869286e-01 3.923573132294062304e+01
2.061119558735837813e+02 3.267952977255302871e-01 3.922444416049066973e+01
2.060888704318936959e+02 3.338657466564443066e-01 3.927896328477724097e+01
2.061547406082289911e+02 3.226637703381889377e-01 3.934491864724422783e+01
2.061861955873583838e+02 3.269656699889257889e-01 3.933855098389982174e+01
2.063422565806286855e+02 3.283925376948632624e-01 3.947927847346451813e+01
2.064710154186898308e+02 3.086080586080586219e-01 3.954823664707385689e+01
2.064518059459919925e+02 3.300323707300451548e-01 3.953447908680466583e+01
2.063726467331118499e+02 3.210452338359315316e-01 3.933654910980492048e+01
2.062465712581991681e+02 3.326944373456001136e-01 3.917390748786097276e+01
2.062256154698015109e+02 3.070534117045745082e-01 3.917825198057756353e+01
2.061945864213305981e+02 3.073302666325922194e-01 3.916078882357952295e+01
2.062327924013970630e+02 3.022829883294999576e-01 3.920859953999488567e+01
2.062970866342959368e+02 3.321407274895646911e-01 3.933985007240821119e+01
2.063539483772042047e+02 3.375500468523724429e-01 3.933542039355992870e+01
2.062695502172246336e+02 3.281369792997699819e-01 3.934696311440497141e+01
2.062748317573899044e+02 3.037311525683618618e-01 3.936685407615640031e+01
2.061508646392367439e+02 3.089062100690007640e-01 3.921920521339126253e+01
2.060558821023937242e+02 3.168498168498168344e-01 3.920125223613595722e+01
2.061923715819064569e+02 3.175100093704744664e-01 3.930381633870005942e+01
2.062315997955532794e+02 3.244952721696907627e-01 3.945103927080671014e+01
2.063335888917284251e+02 3.048172757475083317e-01 3.961883465371837332e+01
2.062165218502427706e+02 2.857568787801346155e-01 3.952144560865490774e+01
2.060586506516739007e+02 3.153377630121816377e-01 3.948896839594514319e+01
2.059936962262543716e+02 3.156785075389726414e-01 3.939720163557372956e+01
2.059607717863531775e+02 3.164451827242524828e-01 3.945297725530283373e+01
2.059303177442712354e+02 3.027515120538376570e-01 3.947723400630377455e+01
2.059015035352244638e+02 3.163387000596302734e-01 3.942797512564954587e+01
2.058764801090382548e+02 2.970866342959366246e-01 3.927025300281114539e+01
2.058616151290569860e+02 2.947866087400971002e-01 3.906895817360933876e+01
2.059252917625010753e+02 2.959792145838657240e-01 3.903754578754578830e+01
2.059048896839594534e+02 3.195118834653718487e-01 3.895955788397648689e+01
2.059323622114319789e+02 3.257517676122327344e-01 3.894658829542550649e+01
2.057257006559332240e+02 3.282221654314677606e-01 3.894418178720504642e+01
2.056152781327199932e+02 3.404463753300962514e-01 3.892331118493909514e+01
2.054923758412130610e+02 3.474955277280858401e-01 3.889004600051111993e+01
2.053886617258710316e+02 3.417454638384870846e-01 3.896786353181702367e+01
2.052395221058011714e+02 3.502214839424142023e-01 3.904444586421330854e+01
2.053083737967458831e+02 3.293934747423119536e-01 3.898613595706618895e+01
2.053246230513672401e+02 3.277536417071300612e-01 3.898724337677825957e+01
2.053180850157594364e+02 3.253258369537439521e-01 3.897446545702359799e+01
2.053841042678251938e+02 3.130803305221909749e-01 3.898675355652099483e+01
2.052809438623391998e+02 2.909319362807735176e-01 3.890569895221057806e+01
2.053471547832012902e+02 2.894411789760626963e-01 3.884046767186302418e+01
2.053838487094301115e+02 2.867578158275832512e-01 3.886295681063123197e+01
2.053940710452338294e+02 2.984496124031007502e-01 3.885137149672033274e+01
2.052765141834909173e+02 2.943180850157594564e-01 3.877840957492120566e+01
2.052482749808331164e+02 2.930402930402930539e-01 3.876718630207002292e+01
2.052558139534883708e+02 2.805392282136467963e-01 3.883488798023681454e+01
2.052560269188176107e+02 2.831799982962773798e-01 3.890778601243717816e+01
2.051344024192861468e+02 2.856929891813612676e-01 3.882455916176846245e+01
2.049970610784564258e+02 2.808799727404378554e-01 3.866805094130675258e+01
2.049991907317488824e+02 2.788355055796916115e-01 3.871343385296873407e+01
2.048719652440582593e+02 2.731067382230172869e-01 3.858228980322003565e+01
2.047760456597665950e+02 2.875031944799386618e-01 3.837104949314251456e+01
2.046902206320810933e+02 2.751086123179146692e-01 3.835213817190561514e+01
2.047001022233580443e+02 2.836485220206150237e-01 3.826616406848965113e+01
2.047054050600562221e+02 2.771743760115852884e-01 3.828599114064230235e+01
2.045564571087826948e+02 2.717863531817020228e-01 3.821102734474827400e+01
2.044240565635914493e+02 2.613084589828775783e-01 3.821973762671436958e+01
2.043914941647499859e+02 2.761947354970610835e-01 3.821520146520146710e+01
2.043387639492290759e+02 2.715520913195331731e-01 3.822797938495612868e+01
2.042389683959451361e+02 2.512564954425419717e-01 3.814415623136553535e+01
2.042439730811823893e+02 2.790697674418604612e-01 3.812550046852372532e+01
2.043500298151460868e+02 2.783882783882783984e-01 3.811176420478746252e+01
2.044472058948803124e+02 2.846068660022148533e-01 3.810844194565125065e+01
2.045063463668114707e+02 2.684002044467160841e-01 3.814524235454467771e+01
2.043270934491864637e+02 2.924013970525598527e-01 3.800477042337507783e+01
2.040127566232217475e+02 2.741502683363148396e-01 3.797086634295936847e+01
2.039283797597751118e+02 2.944671607462305274e-01 3.808439815997955691e+01
2.040076667518528097e+02 2.943180850157594564e-01 3.824365363318851507e+01
2.040711517165005660e+02 3.162322173950081194e-01 3.823826561035863136e+01
2.040030667007411296e+02 3.007496379589402746e-01 3.833923247295340531e+01
2.038919413919414012e+02 2.820938751171309100e-01 3.831318681318681030e+01
2.037928060311781167e+02 2.879291251384274442e-01 3.838205980066445022e+01
2.038076923076923208e+02 2.748956469886702503e-01 3.842290655081352924e+01
2.039339168583354649e+02 2.857142857142856984e-01 3.850532413323111314e+01
2.040710665303688529e+02 2.763225146946077238e-01 3.861427719567254258e+01
2.040394624755089978e+02 2.984070193372518887e-01 3.836327625862509905e+01
2.039773404889683945e+02 2.931893687707641249e-01 3.822423119516142975e+01
2.039604736348922529e+02 2.864170713007922475e-01 3.821317829457364468e+01
2.038793125479172090e+02 2.844790868046682131e-01 3.823172757475082761e+01
2.038555456171735329e+02 2.950634636681148115e-01 3.816871113382741498e+01
2.037591575091575180e+02 2.928060311781242042e-01 3.819036970781156981e+01
2.037879930147371965e+02 3.215137575602691755e-01 3.822757475083056278e+01
2.038521594684385434e+02 3.053070960047704063e-01 3.830681914984240422e+01
2.038427038078201008e+02 3.111849390919158576e-01 3.839762756623221662e+01
2.038462816253513950e+02 3.161044381974614792e-01 3.835748360166964943e+01
2.037982153505409428e+02 3.086506516739074835e-01 3.824552772808586809e+01
2.038167859272510327e+02 2.794956981003492436e-01 3.823304795979214532e+01
2.037678677911235923e+02 2.700400374818979210e-01 3.822101541868983787e+01
2.037967884828349838e+02 2.672501916687963219e-01 3.829099582587954842e+01
2.036068660022148435e+02 2.638001533350370353e-01 3.818849561291421679e+01
2.036230087741715522e+02 2.649288695800323667e-01 3.802902717437601154e+01
2.035539654144305359e+02 2.613084589828775783e-01 3.781412386063549036e+01
2.034878822727660008e+02 2.662066615554987692e-01 3.766281199420734538e+01
2.033674503790782921e+02 2.760669562995144433e-01 3.746051622795808811e+01
2.032303433001107464e+02 2.625649544254195500e-01 3.723177016781667703e+01
2.028502853735411975e+02 2.713391259902887542e-01 3.730805434875202309e+01
2.027597538120793956e+02 2.688687281710537280e-01 3.745229576624925727e+01
2.026352968736689775e+02 2.677613084589828829e-01 3.743947525342873917e+01
2.028572067467416389e+02 2.853096515887213469e-01 3.765412300877417096e+01
2.028619345770508460e+02 2.857994718459834771e-01 3.769822812846068416e+01
2.028365491098049347e+02 2.740011926058437686e-01 3.750129908850838945e+01
2.026936067808160828e+02 2.858846579776812558e-01 3.714409234176675767e+01
2.024569384104267726e+02 2.606482664622199463e-01 3.692765567765567880e+01
2.023126756963966386e+02 2.614362381804242186e-01 3.674844535309651405e+01
2.022744910128631091e+02 2.625862509583439808e-01 3.671177272340062814e+01
2.021879206065252674e+02 2.590936195587358326e-01 3.675257688048385774e+01
2.021382357952125517e+02 2.423758412130505024e-01 3.676233069256325336e+01
2.020780517931680720e+02 2.303645966436664028e-01 3.692829457364341295e+01
2.018960942158616660e+02 2.370304114490160985e-01 3.684470568191498074e+01
2.017019550217224548e+02 1.910511968651503467e-01 3.649463327370304455e+01
2.014619856887298681e+02 2.000383337592639976e-01 3.637692733622966301e+01
2.013555456171735329e+02 1.990373967118153065e-01 3.621664962944032595e+01
2.012013161257347349e+02 1.801899650736860092e-01 3.621469034841128121e+01
2.010177400119260653e+02 1.854076156401737729e-01 3.605977936791889960e+01
2.009965712581991681e+02 1.861529942925291836e-01 3.612136894113638164e+01
2.011091021381718917e+02 1.685194650310929410e-01 3.591917965755175146e+01
2.013049876480108935e+02 1.904548939432660348e-01 3.584877331970355385e+01
2.014594726978448023e+02 2.030624414345344464e-01 3.584080841638981241e+01
2.014918221313570257e+02 2.073430445523468668e-01 3.574976573813783176e+01
2.012793040293040292e+02 2.032541102308544068e-01 3.559016952040207826e+01
2.011117855013203837e+02 1.969929295510690903e-01 3.571503109293806943e+01
2.009809608995655594e+02 1.709046767186302163e-01 3.582472953403186011e+01
2.007893133997785071e+02 1.795510690859528080e-01 3.591700741119345963e+01
2.007072578584206610e+02 1.874733793338444476e-01 3.600327966607036245e+01
2.006487136894113519e+02 1.814251639833035223e-01 3.609025470653377710e+01
2.008153803560780375e+02 1.905826731408126751e-01 3.605488116534628062e+01
2.009522531731834079e+02 2.167135190391004385e-01 3.612895050685748544e+01
2.011991225828435006e+02 2.179487179487179516e-01 3.641104438197461235e+01
2.012206746741630354e+02 2.229534031859613241e-01 3.637662918476871710e+01
2.011140003407445249e+02 2.199718885765397369e-01 3.641479257176931839e+01
2.010822898032200499e+02 2.181403867450379119e-01 3.628499020359485172e+01
2.010731109975295965e+02 2.055754323196183619e-01 3.623522020615043715e+01
2.011544850498338803e+02 2.087486157253599095e-01 3.619460771786353348e+01
2.013209387511712976e+02 2.347090893602521433e-01 3.630503024107675003e+01
2.016672203765226925e+02 2.371368941136383079e-01 3.652246784223528664e+01
2.017567084078712014e+02 2.202274469716330174e-01 3.662418008348240761e+01
2.017855013203850376e+02 2.272127097708493138e-01 3.676414089786182871e+01
2.015412939773405014e+02 1.939475253428741830e-01 3.665757304710793107e+01
2.011351265014055798e+02 1.977596047363489318e-01 3.647480620155038622e+01
2.009600690007666799e+02 1.987392452508731644e-01 3.634728256239883848e+01
2.009097452934662158e+02 1.979725700655933229e-01 3.644784479086804652e+01
2.010207002300025465e+02 2.055967288525427927e-01 3.653130590339892336e+01
2.011775917880569011e+02 2.058948803134849626e-01 3.653337166709259520e+01
2.012766632592214080e+02 2.264247380526450415e-01 3.666854076156401732e+01
2.013757986199846641e+02 2.318127608825283348e-01 3.666394071045233716e+01
2.013920691711389281e+02 2.362424397308118262e-01 3.641336570406338069e+01
2.013251980577562108e+02 2.318127608825283348e-01 3.621345514950166233e+01
2.011178976062697075e+02 2.259562143283073421e-01 3.596058011755685868e+01
2.009442669733367381e+02 2.285330948121645778e-01 3.592833716670926236e+01
2.008645327540676249e+02 2.285330948121645778e-01 3.576137234858165215e+01
2.009061035863361440e+02 2.182894624755089830e-01 3.584168157423971479e+01
2.009362168838912908e+02 2.269997444416048948e-01 3.593393815486838605e+01
2.008940071556350517e+02 2.126671777834568400e-01 3.584100008518613123e+01
2.007254663940710486e+02 1.876650481301644080e-01 3.574663514779793871e+01
2.006300579265695490e+02 1.945438282647584949e-01 3.575302410767527306e+01
2.004520615043870748e+02 2.008901950762415900e-01 3.595370133742226670e+01
2.003603586336144531e+02 2.011244569384104397e-01 3.609640940454893610e+01
2.004589402845216739e+02 2.005920436152994202e-01 3.620638470057074443e+01
2.005738137831161225e+02 2.193755856546554250e-01 3.631363404037822562e+01
2.006982707215265407e+02 2.320683192776216153e-01 3.640584802794105457e+01
2.007384785756878784e+02 2.349646477553454238e-01 3.653447908680466583e+01
2.008135914473123762e+02 2.278941988244313765e-01 3.668042422693585536e+01
2.006770380782008658e+02 2.199505920436153061e-01 3.664121730982196112e+01
2.007120495783286458e+02 2.209728256239884281e-01 3.662207172672288635e+01
2.007202274469716201e+02 2.310247891643240348e-01 3.662601158531391121e+01
2.007503620410597023e+02 2.220163557372859808e-01 3.663634040378226331e+01
2.008384445012351875e+02 2.270423375074537842e-01 3.650430189965073424e+01
2.008761180679785241e+02 2.177357526194735604e-01 3.646045233835931754e+01
2.006721824686941034e+02 2.166496294403271183e-01 3.637515972399692998e+01
2.005756452849475977e+02 2.122199505920436269e-01 3.614654144305307426e+01
2.005250021296533021e+02 2.366044807905272884e-01 3.618815486838742856e+01
2.005163983303518194e+02 2.285543913450890086e-01 3.627760030667007385e+01
2.004985731322940694e+02 2.416091660277706887e-01 3.633220461708833682e+01
2.005963881080160149e+02 2.457406934151120104e-01 3.627670585228725031e+01
2.006146392367322733e+02 2.388619132805179235e-01 3.644064656273958747e+01
2.005898926654740535e+02 2.222080245336059412e-01 3.628266888150609049e+01
2.005541783797597759e+02 2.165218502427804781e-01 3.606506090808416332e+01
2.006522276173438968e+02 2.316210920862083744e-01 3.601064826646221917e+01
2.007284692052134005e+02 2.449527216969077381e-01 3.601196865150353688e+01
2.008596984410937978e+02 2.249978703467075680e-01 3.612460601414089467e+01
2.008110145668285327e+02 2.350711304199676333e-01 3.615442116023511687e+01
2.008053283925376888e+02 2.394369196694778046e-01 3.613538205980066209e+01
2.006771019677996435e+02 2.381165346281625406e-01 3.614992759178805670e+01
2.007166496294403260e+02 2.324303603373370775e-01 3.615868046682000170e+01
2.005997742567510045e+02 2.351350200187409534e-01 3.615748786097623224e+01
2.004558096941817951e+02 2.458471760797342198e-01 3.610494931425164111e+01
2.003745847176079735e+02 2.390748786097623424e-01 3.602977255302836568e+01
2.004972527472527588e+02 2.688048385722804356e-01 3.604751256495442391e+01
2.005202530028111312e+02 2.479981259051026454e-01 3.602419286140216315e+01
2.006118067978533190e+02 2.447823494335122363e-01 3.606305903398926915e+01
2.005973038589317525e+02 2.452934662236987695e-01 3.605264502938921822e+01
2.004248871283755022e+02 2.569000766675185177e-01 3.583173609336400034e+01
2.002456129142175598e+02 2.288951358718800677e-01 3.565486838742652509e+01
2.002369665218502348e+02 2.265099241843427924e-01 3.554208194905869078e+01
2.004001405571173109e+02 2.295340318596132412e-01 3.557515546469034717e+01
2.005140983047959651e+02 2.232728511798279247e-01 3.574499531476275394e+01
2.005501107419711957e+02 2.326646221995059272e-01 3.595035778175313368e+01
2.005746017548343048e+02 2.259136212624584805e-01 3.605886361700315490e+01
2.005028537354118612e+02 2.165431467757049089e-01 3.599606014140897514e+01
2.003801644092341689e+02 2.099838146349774226e-01 3.598930914047193141e+01
2.003379120879120876e+02 2.141792316210920921e-01 3.616191753982451473e+01
2.001298023681744667e+02 2.170329670329670391e-01 3.601531220717266990e+01
1.999484197972570030e+02 2.075347133486668272e-01 3.605411449016100534e+01
2.000659127694011374e+02 2.158616577221228461e-01 3.609498253684300551e+01
2.001989735071130383e+02 2.312164579606439951e-01 3.622310247891643087e+01
2.003063719226509818e+02 2.357952125393985854e-01 3.624124712496805500e+01
2.004536161512905608e+02 2.569000766675185177e-01 3.626160661044382039e+01
2.005169520402078547e+02 2.348794616236476729e-01 3.623530539228213598e+01
2.004113212369026371e+02 2.465286651333162826e-01 3.611314847942755080e+01
2.003451742056393243e+02 2.304071897095152921e-01 3.603356333588891403e+01
2.003063293295851395e+02 2.329627736604480692e-01 3.591004344492716882e+01
2.002827327711048611e+02 2.410554561717352384e-01 3.596692648436834361e+01
2.002970866342959368e+02 2.458897691455831092e-01 3.597706363404037688e+01
2.002887596899224718e+02 2.321748019422437970e-01 3.597163301814464376e+01
2.003457918050941373e+02 2.452934662236987695e-01 3.598385722804327713e+01
2.003059672885254372e+02 2.591575091575091805e-01 3.598302666325922416e+01
2.002855652099838153e+02 2.575602691881761497e-01 3.601235198909617452e+01
2.002307692307692264e+02 2.307266377033818927e-01 3.597444416049066973e+01
2.000613127182894573e+02 2.287247636084845381e-01 3.595097538120793956e+01
2.000133955192094675e+02 2.395434023341000140e-01 3.602687622455064087e+01
2.002137533009625940e+02 2.575815657211005805e-01 3.595395689581736320e+01
2.003971590425078659e+02 2.469758923247295235e-01 3.598055626543998642e+01
2.004186898372944938e+02 2.368600391856205689e-01 3.596967373711559901e+01
2.000675313059034011e+02 2.526407700826305280e-01 3.575864639236732501e+01
1.995515802027429970e+02 2.481684981684981750e-01 3.543018996507368712e+01
1.992098347389045045e+02 2.374137490416560192e-01 3.533495186983559222e+01
1.990373541187494766e+02 2.461240310077519311e-01 3.531233495186983617e+01
1.991744824942499292e+02 3.021552091319533173e-01 3.556793594002895986e+01
1.995581821279495784e+02 2.770678933469631344e-01 3.588205980066445022e+01
1.999106823409148888e+02 2.951060567339637286e-01 3.602977255302836568e+01
2.002284266121475298e+02 2.703168924099156878e-01 3.598766930743674664e+01
2.002572834142601721e+02 2.361572535991140753e-01 3.577849476105289739e+01
2.000481514609421652e+02 2.570491523979895887e-01 3.548935173353778083e+01
1.998782051282051384e+02 2.433980747934236244e-01 3.513159127694011374e+01
1.997534713348666742e+02 2.327924013970525674e-01 3.508173609336400034e+01
1.996520146520146568e+02 2.313868302240395247e-01 3.533603799301473458e+01
1.997439304881165469e+02 2.513416815742396948e-01 3.562219950592043460e+01
1.996734602606695717e+02 2.757475083056478149e-01 3.587875883806116661e+01
1.996610656785075264e+02 2.740650822046170609e-01 3.590248317573898618e+01
1.996912428656614793e+02 2.743845301984836893e-01 3.598651929465882660e+01
1.996589360252150982e+02 2.411832353692818787e-01 3.594754663940710770e+01
1.995636553369111539e+02 2.480833120368003963e-01 3.584762330692563381e+01
1.995083482409063720e+02 2.443564187750234262e-01 3.578343555669137288e+01
1.995331374052304341e+02 2.369026322514694582e-01 3.574331288866172684e+01
1.996400460005111199e+02 2.495101797427378698e-01 3.582115171650055174e+01
1.996282690178038877e+02 2.394795127353266939e-01 3.567439730811823750e+01
1.993755643581224888e+02 2.197589232472953458e-01 3.532040633784819761e+01
1.988251341681574331e+02 2.142005281540165229e-01 3.477142431212198659e+01
1.983454723571002773e+02 1.888363574410086010e-01 3.441342959366215126e+01
1.980895945140131289e+02 1.960558821023937193e-01 3.431917113893857874e+01
1.979554263565891574e+02 1.796149586847261281e-01 3.426554646903483814e+01
1.978495399948888291e+02 1.864937388193202150e-01 3.421737371155975893e+01
1.977752363915154490e+02 1.767825198057756120e-01 3.406346366811482795e+01
1.978115256836186973e+02 1.839807479342362995e-01 3.412579861998466413e+01
1.977550259817701601e+02 1.870687452082800961e-01 3.411270125223613547e+01
1.976743973081182446e+02 1.782945736434108641e-01 3.406806371922650811e+01
1.976591702870772735e+02 1.692222506175994623e-01 3.406459238435982684e+01
1.977809225658062928e+02 1.817446119771701230e-01 3.422101541868983787e+01
1.979075304540420746e+02 1.854928017718715516e-01 3.433171479683107918e+01
1.980455958769912286e+02 1.930743674929721321e-01 3.441389811738648774e+01
1.980788397648862826e+02 2.002512990885083888e-01 3.426963540335633240e+01
1.981074623051367212e+02 1.937132634807053333e-01 3.412912087912087600e+01
1.981339764886276384e+02 1.966095919584291696e-01 3.413951358718800577e+01
1.981235624840275875e+02 1.908595280688303863e-01 3.405471079308288296e+01
1.981566359996592439e+02 1.899863702189283632e-01 3.397604140046000509e+01
1.981154698015163262e+02 1.821279495698100437e-01 3.409208620836528070e+01
1.980934278899395053e+02 1.829585143538631775e-01 3.424278047533861269e+01
1.981880483857227944e+02 1.901993355481727543e-01 3.438576539739330684e+01
1.983642984922054779e+02 1.982920180594599235e-01 3.448279240139705593e+01
1.983815699804071926e+02 1.876437515972399772e-01 3.456493312888661507e+01
1.982701252236136042e+02 1.943947525342874239e-01 3.461847261265865683e+01
1.981099752960218154e+02 2.022105801175568540e-01 3.458857228043274290e+01
1.981045659766589893e+02 1.903058182127949638e-01 3.459564272936366081e+01
1.980841213050515250e+02 2.032541102308544068e-01 3.458740097112190170e+01
1.981123392111764190e+02 1.977596047363489318e-01 3.465248317573898618e+01
1.982096430701081999e+02 2.200570747082374878e-01 3.473460260669563127e+01
1.982522787290229189e+02 2.185450208706022635e-01 3.485079649033137628e+01
1.980484070193372474e+02 2.338998211091234403e-01 3.488135701507794550e+01
1.977686131697759606e+02 2.240608228980321970e-01 3.488959877331970461e+01
1.976289718033904137e+02 2.325155464690348284e-01 3.483292869920776980e+01
1.977694863276258559e+02 2.233580373115256756e-01 3.468562058096942025e+01
1.980698952210580046e+02 2.242311951614277266e-01 3.480100519635403344e+01
1.981686046511627808e+02 2.245506431552943272e-01 3.480057926569554638e+01
1.980520913195331900e+02 2.238478575687878058e-01 3.464432660362892591e+01
1.979858165090723219e+02 2.114958684726126470e-01 3.455709600477042187e+01
1.978380398671096430e+02 2.016142771956725421e-01 3.443131868131867890e+01
1.978677059374733744e+02 2.083652781327199888e-01 3.442094726978447738e+01
1.977967458897691415e+02 2.061717352415026738e-01 3.441502683363148662e+01
1.978781625351392677e+02 2.162662918476871976e-01 3.459958258795467856e+01
1.978228980322003565e+02 2.164366641110827272e-01 3.450617599454808726e+01
1.977939347474231226e+02 2.286821705426356488e-01 3.449203509668625856e+01
1.976345301984836738e+02 2.204830053667262979e-01 3.448869154101712553e+01
1.972978533094812121e+02 2.132634807053411796e-01 3.429033563335888601e+01
1.971682639066359854e+02 2.156486923928784272e-01 3.432477212709770953e+01
1.972143496038845001e+02 2.127736604480790494e-01 3.432790271743760258e+01
1.972032541102308585e+02 2.176505664877757817e-01 3.441357866939262067e+01
1.972319405400800747e+02 2.159042507879717077e-01 3.444624755089871115e+01
1.972084930573302586e+02 2.234432234432234543e-01 3.460350115001277516e+01
1.971877502342618698e+02 2.121560609932703068e-01 3.467987051707982005e+01
1.970208280092001019e+02 2.370091149160916677e-01 3.460275577136042102e+01
1.968319064656273838e+02 2.392665474060823028e-01 3.421860891046937780e+01
1.967805392282136552e+02 2.591362126245846942e-01 3.416643240480449606e+01
1.968369963369963500e+02 2.493398074793423680e-01 3.430513672374137712e+01
1.968854885424652821e+02 2.584973166368514930e-01 3.422078115682766963e+01
1.969321279495698036e+02 2.531518868728170890e-01 3.420393559928443494e+01
1.969073174887128346e+02 2.374776386404293393e-01 3.421856631740352839e+01
1.970232984070193254e+02 2.038930062185876080e-01 3.436250958343981665e+01
1.971303560780305020e+02 2.063421075048982034e-01 3.450046852372433648e+01
1.972649075730471111e+02 2.170542635658914699e-01 3.464630718119089892e+01
1.973921543572706412e+02 2.141792316210920921e-01 3.463499872220802445e+01
1.974846026066956313e+02 2.135616321662833217e-01 3.462558565465542415e+01
1.976384487605417917e+02 2.243163812931254775e-01 3.458874265269614057e+01
1.977096217735752646e+02 2.456768038163386902e-01 3.468057330266632476e+01
1.977298747763863958e+02 2.284266121475423683e-01 3.455862935514097956e+01
1.975509200102223417e+02 2.170755600988159006e-01 3.437375415282392055e+01
1.973225359911406542e+02 2.148820172075986135e-01 3.431831927762160461e+01
1.973359102138171863e+02 1.924354715052389586e-01 3.431284606866002207e+01
1.973697929976999603e+02 1.943947525342874239e-01 3.440020444671607436e+01
1.973637447823494426e+02 1.902632251469460745e-01 3.439892665474060607e+01
1.973910682340914775e+02 1.884104267825198187e-01 3.438461538461538680e+01
1.974504855609506819e+02 1.965882954255047388e-01 3.447706363404037688e+01
1.973167646307181258e+02 2.027429934406678458e-01 3.436615129056989559e+01
1.973647670159298002e+02 2.062995144390493141e-01 3.443559928443649198e+01
1.973528622540250410e+02 2.027642899735923043e-01 3.452823920265780799e+01
1.973232600732600872e+02 2.032541102308544068e-01 3.450702785586506849e+01
1.973425334355567031e+02 2.040420819490587068e-01 3.436734389641366505e+01
1.974914813868302303e+02 2.089615810546043007e-01 3.434048896839594534e+01
1.975153760967714334e+02 1.972697844790868016e-01 3.419782349433512536e+01
1.975811184939092016e+02 2.112829031433682558e-01 3.431082289803219965e+01
1.974782562398841605e+02 2.272127097708493138e-01 3.433041570832268263e+01
1.974293594002896270e+02 2.092810290484709013e-01 3.444266973336740989e+01
1.973632762586250919e+02 1.853224295084760220e-01 3.439724422863957898e+01
1.971823835079649143e+02 1.926058437686344604e-01 3.439530624414345539e+01
1.971024576198994680e+02 1.912854587273191964e-01 3.438859783627225397e+01
1.970969205213391149e+02 1.869196694778090251e-01 3.447791549535735811e+01
1.971286310588636184e+02 1.938623392111764321e-01 3.434779367918903148e+01
1.971805520061334107e+02 1.948206831927762062e-01 3.416349348326092183e+01
1.970465542209728369e+02 1.707556009881591175e-01 3.398076923076923350e+01
1.971033094812164563e+02 1.749936110401226763e-01 3.399657125819916814e+01
1.971898585910213910e+02 1.876011585313910879e-01 3.405679785330948306e+01
1.973252619473549601e+02 1.766760371411534303e-01 3.407291932873328477e+01
1.974775747508305699e+02 1.706278217906124772e-01 3.430373115256836059e+01
1.976724806201550280e+02 1.715861657722122791e-01 3.437873754152823835e+01
1.976994420308373890e+02 1.833631484794275568e-01 3.443304370048556251e+01
1.977442073430445646e+02 1.811270125223613525e-01 3.452851605758582565e+01
1.976108484538717107e+02 1.784010563080330458e-01 3.438991822131357168e+01
1.975607803049663573e+02 1.740991566572961946e-01 3.443570576710111908e+01
1.974299982962773754e+02 1.850455745804583108e-01 3.430079223102478636e+01
1.972225700655933167e+02 1.721611721611721602e-01 3.415882954255047110e+01
1.970768378907913814e+02 1.673481557202487480e-01 3.402506601925206553e+01
1.968206831927762153e+02 1.570619303177442638e-01 3.399601754834313283e+01
1.965416134253343614e+02 1.666027770678933373e-01 3.383789079137916644e+01
1.965503663003663064e+02 1.699676292699548452e-01 3.385111593832524335e+01
1.968301388533946579e+02 1.641110827157338803e-01 3.398487946162364892e+01
1.970374606014140966e+02 1.598517761308458907e-01 3.424367492972144333e+01
1.972573898969247921e+02 1.701380015333503748e-01 3.439221824686941176e+01
1.972641834909276781e+02 1.937984496124031120e-01 3.443809097878865089e+01
1.971457960644007130e+02 1.873030070704489181e-01 3.447529602180765096e+01
1.970564358122497595e+02 1.900502598177016833e-01 3.440914899054433818e+01
1.969769145583099146e+02 1.883891302495953601e-01 3.433795468097793702e+01
1.969140897861828137e+02 1.778047533861487339e-01 3.394396882187579934e+01
1.969860081778686549e+02 1.686259476957151504e-01 3.367742141579351056e+01
1.970732174801942165e+02 1.640684896498849910e-01 3.358980747934236177e+01
1.972248487946162356e+02 1.519933554817275712e-01 3.346334866683704234e+01
1.972387554306158961e+02 1.522702104097452824e-01 3.343836783371666854e+01
1.969787886532072605e+02 1.593406593406593297e-01 3.349456938410426687e+01
1.966797214413493577e+02 1.608740097112190126e-01 3.361915410171224039e+01
1.965500042593065757e+02 1.564656273958599519e-01 3.371366811483090231e+01
1.964922267654825703e+02 1.586165772212283775e-01 3.375400374818979543e+01
1.965425291762500990e+02 1.666666666666666574e-01 3.379165601840020372e+01
1.965348837209302246e+02 1.660064741460090254e-01 3.384964647755345624e+01
1.964771701167049969e+02 1.693713263480705333e-01 3.397591362126245684e+01
1.964222676548257880e+02 1.598091830649970291e-01 3.399124712496805500e+01
1.964182639066359854e+02 1.742908254536161550e-01 3.404947184598347576e+01
1.964924184342789033e+02 1.707130079223102559e-01 3.410073260073259860e+01
1.964819405400800747e+02 1.731195161427719620e-01 3.389136638555243053e+01
1.963684726126586497e+02 1.759945480875713397e-01 3.369633273703040999e+01
1.962396711815316337e+02 1.910299003322259159e-01 3.361357441008603786e+01
1.962362850327966726e+02 1.925845472357100296e-01 3.347857568787801341e+01
1.962512990885084037e+02 1.916049067211857970e-01 3.343527983644262491e+01
1.962350072408212043e+02 1.907104523383593153e-01 3.353469205213391291e+01
1.961631527387341407e+02 1.740139705255984437e-01 3.363853394667348340e+01
1.960555200613340219e+02 1.766121475423801102e-01 3.362692733622966301e+01
1.960890833972229359e+02 1.799982962773660489e-01 3.363327370304114794e+01
1.962791762501064738e+02 1.694991055456171736e-01 3.388702189283584687e+01
1.964567680381633750e+02 1.815955362466990242e-01 3.401262884402419218e+01
1.964640088593577048e+02 1.789547661640684961e-01 3.393755856546554384e+01
1.963695161427719427e+02 1.817233154442456644e-01 3.385986881335718834e+01
1.962169264843683436e+02 1.758028792912513794e-01 3.364473123775449181e+01
1.961440497487009225e+02 1.807862679955703211e-01 3.365608228980322281e+01
1.962373711559758078e+02 1.721824686940965909e-01 3.366127864383678059e+01
1.963721782093874992e+02 1.820853565039611544e-01 3.371673481557202479e+01
1.964567041485646257e+02 1.882613510520487199e-01 3.381731834057415398e+01
1.965615469801516326e+02 1.952040207854161269e-01 3.379668200017037094e+01
1.966806158957321884e+02 1.945225317318340641e-01 3.380398671096345709e+01
1.966714583865746704e+02 1.879419030581821193e-01 3.376101030752193566e+01
1.967433128886617340e+02 1.833418519465030982e-01 3.379427549194991087e+01
1.966096132549620847e+02 1.779751256495442635e-01 3.363470057074708564e+01
1.965224252491694301e+02 1.775917880569043428e-01 3.350717693159553789e+01
1.963274341937132590e+02 1.735667433341852028e-01 3.334491864724422783e+01
1.962530241076752588e+02 1.774427123264332440e-01 3.343540761564017316e+01
1.961916474997870239e+02 1.674120453190220681e-01 3.359617514268676786e+01
1.962087273191924339e+02 1.791677314933128873e-01 3.364805349689070368e+01
1.961431127012522495e+02 1.538674503790782855e-01 3.364867109634551667e+01
1.961409191583610152e+02 1.691157679529772528e-01 3.361461794019933791e+01
1.961102095578839624e+02 1.751000937047448580e-01 3.364626458812505660e+01
1.960383337592639919e+02 1.413450890195076248e-01 3.357198228128460471e+01
1.959810673822301794e+02 1.425163983303518178e-01 3.363921543572706696e+01
1.960301345940880822e+02 1.689240991566572925e-01 3.361913280517931923e+01
1.960025129908850943e+02 1.569554476531220821e-01 3.361438367833716967e+01
1.960468310759008546e+02 1.741204531902206254e-01 3.352121134679273950e+01
