1.388808561183987251e+02 0.000000000000000000e+00 6.476376326157206265e+00
1.389292617786368851e+02 0.000000000000000000e+00 6.513899750630800511e+00
1.387941744994171529e+02 0.000000000000000000e+00 6.523697451712384243e+00
1.388662481002198490e+02 0.000000000000000000e+00 6.602536483156512759e+00
1.388127739003408578e+02 0.000000000000000000e+00 6.495263460772306985e+00
1.389183426539375148e+02 0.000000000000000000e+00 6.349168523409717935e+00
1.389043174809284267e+02 0.000000000000000000e+00 5.882043942099127953e+00
1.386825043160053781e+02 0.000000000000000000e+00 5.680645113691697112e+00
1.386152705434477923e+02 0.000000000000000000e+00 5.397264316595594025e+00
1.387282318395774041e+02 0.000000000000000000e+00 5.243880125717489626e+00
1.388089595844830342e+02 0.000000000000000000e+00 5.195835977040326625e+00
1.387020480736598245e+02 0.000000000000000000e+00 5.182541204940165791e+00
1.384055126824157753e+02 0.000000000000000000e+00 5.134681500936978615e+00
1.382357645600625631e+02 0.000000000000000000e+00 5.115698455091410857e+00
1.382043278098301755e+02 0.000000000000000000e+00 5.183109294536010658e+00
1.382274497941597531e+02 0.000000000000000000e+00 5.206474745835238949e+00
1.382748446975845127e+02 0.000000000000000000e+00 5.202291540629472522e+00
1.382389370084549398e+02 0.000000000000000000e+00 5.116664945183043045e+00
1.382893494267459573e+02 0.000000000000000000e+00 5.153664546782547262e+00
1.384337917398297293e+02 0.000000000000000000e+00 5.157264906818550543e+00
1.384966873736553907e+02 0.000000000000000000e+00 5.189181213203287513e+00
1.383606336043440308e+02 0.000000000000000000e+00 5.190310014608018108e+00
1.381892992577946302e+02 0.000000000000000000e+00 5.167829897743872358e+00
1.381583494415015139e+02 0.000000000000000000e+00 5.054809579318587431e+00
1.381533546797302563e+02 0.000000000000000000e+00 5.004994761771259348e+00
1.380952029629192452e+02 0.000000000000000000e+00 4.994260081745879098e+00
1.381398607073822120e+02 0.000000000000000000e+00 5.025718965339156519e+00
1.382241371678151438e+02 0.000000000000000000e+00 5.070516887754349611e+00
1.382179840934913102e+02 0.000000000000000000e+00 5.158408463797199417e+00
1.381510970769208200e+02 0.000000000000000000e+00 5.165240294521255215e+00
1.379943928819111534e+02 0.000000000000000000e+00 5.218080004721783460e+00
1.380300571040710622e+02 0.000000000000000000e+00 5.257167520030691321e+00
1.381628498915465286e+02 0.000000000000000000e+00 5.266116775611987322e+00
1.382276489944076445e+02 0.000000000000000000e+00 5.250682445293709755e+00
1.382060542119785680e+02 0.000000000000000000e+00 5.201273406029127244e+00
1.381882589898334004e+02 0.000000000000000000e+00 5.136334125215800128e+00
1.381659633176432465e+02 0.000000000000000000e+00 5.127783270130291449e+00
1.381707441235926979e+02 0.000000000000000000e+00 5.132733765179796848e+00
1.382035752755603539e+02 0.000000000000000000e+00 5.168169275943987451e+00
1.380759395611692355e+02 0.000000000000000000e+00 5.183035516666421039e+00
1.378769680246713278e+02 0.000000000000000000e+00 5.128786649156719335e+00
1.377665373094686458e+02 0.000000000000000000e+00 5.117601924126838675e+00
1.378123681220581034e+02 0.000000000000000000e+00 5.076684717652093504e+00
1.379308553806200166e+02 0.000000000000000000e+00 5.042252585914329011e+00
1.379722521432471183e+02 0.000000000000000000e+00 5.056624514910507351e+00
1.378547682637116054e+02 0.000000000000000000e+00 5.055134201944784245e+00
1.377682710894040099e+02 0.000000000000000000e+00 4.985237048294993478e+00
1.377487937318321940e+02 0.000000000000000000e+00 5.028035590444289937e+00
1.377454220831919258e+02 0.000000000000000000e+00 5.063323545469301301e+00
1.378043337120597300e+02 0.000000000000000000e+00 5.115004943117262393e+00
1.378409201575895224e+02 0.000000000000000000e+00 5.105288397692228308e+00
1.379118059346918415e+02 0.000000000000000000e+00 5.171806524914786429e+00
1.379644685780053521e+02 0.000000000000000000e+00 5.152786590134422973e+00
1.379230127930825915e+02 0.000000000000000000e+00 5.204313054256245685e+00
1.378721134408522744e+02 0.000000000000000000e+00 5.218493160791489061e+00
1.377695105576131311e+02 0.000000000000000000e+00 5.252608047690014992e+00
1.375928937156010647e+02 0.000000000000000000e+00 5.196544244588393369e+00
1.374639078661964504e+02 0.000000000000000000e+00 5.107914889849640261e+00
1.373671777013767041e+02 0.000000000000000000e+00 4.989892431866137734e+00
1.374425196618022369e+02 0.000000000000000000e+00 5.034387865016009656e+00
1.377695326909740174e+02 0.000000000000000000e+00 4.908235085803662301e+00
1.378196942645084278e+02 0.000000000000000000e+00 4.972303787755825155e+00
1.378268433400717186e+02 0.000000000000000000e+00 5.045830812589455761e+00
1.377176004485694421e+02 0.000000000000000000e+00 5.036084756016585118e+00
1.375010919124699456e+02 0.000000000000000000e+00 4.998790042938719758e+00
1.372299361083649387e+02 0.000000000000000000e+00 4.949019492113145624e+00
1.369232046155435114e+02 0.000000000000000000e+00 4.891878532115506495e+00
1.367894896046981614e+02 0.000000000000000000e+00 4.910263977217393716e+00
1.367398592318248234e+02 0.000000000000000000e+00 4.863628985849404174e+00
1.367558026294432807e+02 0.000000000000000000e+00 4.906943973085833299e+00
1.368591875581000750e+02 0.000000000000000000e+00 4.852599194345663669e+00
1.369754024582786087e+02 0.000000000000000000e+00 4.949277714656711957e+00
1.368480175886440975e+02 0.000000000000000000e+00 4.867959746794351616e+00
1.366204054831712540e+02 0.000000000000000000e+00 4.765947086511929776e+00
1.362974207256791317e+02 0.000000000000000000e+00 4.692375794956545221e+00
1.359410957489191674e+02 0.000000000000000000e+00 4.557332782458574094e+00
1.356849168523409617e+02 0.000000000000000000e+00 4.500804178778533782e+00
1.356480574286936758e+02 0.000000000000000000e+00 4.505976007436808928e+00
1.357932153871124683e+02 0.000000000000000000e+00 4.597549099172212550e+00
1.359629856428265668e+02 0.000000000000000000e+00 4.575732983134378706e+00
1.360600330524855792e+02 0.000000000000000000e+00 4.577636452169807413e+00
1.360914698027179668e+02 0.000000000000000000e+00 4.603377550869841350e+00
1.361576780628882659e+02 0.000000000000000000e+00 4.609678180932847091e+00
1.362211639196706585e+02 0.000000000000000000e+00 4.674344483628690483e+00
1.362498339997934238e+02 0.000000000000000000e+00 4.660887400215431242e+00
1.361296203390830897e+02 0.000000000000000000e+00 4.620685839075711066e+00
1.358365451299228255e+02 0.000000000000000000e+00 4.567005061161854229e+00
1.356827551607619853e+02 0.000000000000000000e+00 4.553916867096545751e+00
1.354717356981599892e+02 0.000000000000000000e+00 4.449063758834899573e+00
1.350800268551445242e+02 0.000000000000000000e+00 4.345302563043189181e+00
1.347379631405763405e+02 0.000000000000000000e+00 4.229139307373360523e+00
1.347050139440173666e+02 0.000000000000000000e+00 4.226881704563899333e+00
1.347656667306074780e+02 0.000000000000000000e+00 4.225221702498118681e+00
1.346757683965117849e+02 0.000000000000000000e+00 4.240892121999085163e+00
1.344867199834737619e+02 0.000000000000000000e+00 4.214745245016304764e+00
1.342665077983208164e+02 0.000000000000000000e+00 4.167800386596036688e+00
1.341107627156158344e+02 0.000000000000000000e+00 4.122758997211196430e+00
1.340939708724970956e+02 0.000000000000000000e+00 4.121600684658630165e+00
1.341156099216479163e+02 0.000000000000000000e+00 4.109065824615248275e+00
1.342334995794661552e+02 0.000000000000000000e+00 4.165483761490903269e+00
1.344302799132372286e+02 0.000000000000000000e+00 4.161226778415546335e+00
1.345928051821575480e+02 0.000000000000000000e+00 4.159795487745495457e+00
1.345008705788611678e+02 0.000000000000000000e+00 4.135109412580602495e+00
1.344228209706216433e+02 0.000000000000000000e+00 4.167630697495979142e+00
1.343541706629679311e+02 0.000000000000000000e+00 4.134106033554175497e+00
1.341159861887828129e+02 0.000000000000000000e+00 4.120353838662555113e+00
1.338499727021882393e+02 0.000000000000000000e+00 4.067359194935886713e+00
1.336730312375499921e+02 0.000000000000000000e+00 4.051555975269658383e+00
1.335831107700934126e+02 0.000000000000000000e+00 4.018215756001829675e+00
1.334780215726490553e+02 0.000000000000000000e+00 3.998576087116908262e+00
1.333706452612474322e+02 0.000000000000000000e+00 3.986115004943117324e+00
1.333929040445028136e+02 0.000000000000000000e+00 4.025084475660681171e+00
1.334067152616900955e+02 0.000000000000000000e+00 4.042658364197075471e+00
1.333724601968393699e+02 0.000000000000000000e+00 3.993832170102256107e+00
1.333673842794115387e+02 0.000000000000000000e+00 3.962166708474125887e+00
1.334371043661743101e+02 0.000000000000000000e+00 3.997159552020775664e+00
1.335427542754275407e+02 0.000000000000000000e+00 4.011472458721281775e+00
1.334148086939841562e+02 0.000000000000000000e+00 3.963996399639964086e+00
1.332210827640141133e+02 0.000000000000000000e+00 3.888233905357748821e+00
1.329144545602101175e+02 0.000000000000000000e+00 3.796682946983223061e+00
1.327722403387879808e+02 0.000000000000000000e+00 3.748941287571379899e+00
1.328907349751368656e+02 0.000000000000000000e+00 3.780887105103952983e+00
1.330506780186215394e+02 0.000000000000000000e+00 3.831218367738413288e+00
1.331204940166147708e+02 0.000000000000000000e+00 3.805440380103584097e+00
1.332363842941671237e+02 0.000000000000000000e+00 3.865134054389045559e+00
1.334308406250461019e+02 0.000000000000000000e+00 3.883674433017072047e+00
1.334079916188340178e+02 0.000000000000000000e+00 3.903719880184739921e+00
1.332840890646441778e+02 0.000000000000000000e+00 3.947366867834324555e+00
1.330617373212731138e+02 0.000000000000000000e+00 3.949609715069867466e+00
1.328058535361732879e+02 0.000000000000000000e+00 3.940512903749391338e+00
1.326175945463398875e+02 0.000000000000000000e+00 3.875979401218810239e+00
1.326211211285063030e+02 0.000000000000000000e+00 3.910728777795812405e+00
1.327699532248306866e+02 0.000000000000000000e+00 3.941272815806170726e+00
1.329168597187587579e+02 0.000000000000000000e+00 3.999505688273745196e+00
1.328629649850230976e+02 0.000000000000000000e+00 4.006507208097858985e+00
1.328317348128255446e+02 0.000000000000000000e+00 3.960005016895132179e+00
1.327842882648920693e+02 0.000000000000000000e+00 3.930493869059036971e+00
1.326897566805861004e+02 0.000000000000000000e+00 3.971809476029570352e+00
1.325508403299346298e+02 0.000000000000000000e+00 3.902908323619247000e+00
1.322239158342063661e+02 0.000000000000000000e+00 3.860353248439598151e+00
1.321578477519882995e+02 0.000000000000000000e+00 3.856561065942659905e+00
1.322937687211343984e+02 0.000000000000000000e+00 3.887215770757403543e+00
1.326734222602588034e+02 0.000000000000000000e+00 3.916328518097711431e+00
1.328058166472384869e+02 0.000000000000000000e+00 3.851750748845376382e+00
1.329199362559206747e+02 0.000000000000000000e+00 3.819539330982278713e+00
1.329909474554012832e+02 0.000000000000000000e+00 3.812205810745008971e+00
1.329632217320092593e+02 0.000000000000000000e+00 3.776216965958890892e+00
1.326916822829823843e+02 0.000000000000000000e+00 3.766382375942512351e+00
1.322862360006492395e+02 0.000000000000000000e+00 3.704549143438934156e+00
1.320079016098331124e+02 0.000000000000000000e+00 3.627584069882398232e+00
1.318931991559811649e+02 0.000000000000000000e+00 3.605672042614097350e+00
1.319508196721311606e+02 0.000000000000000000e+00 3.593247849375101666e+00
1.320115536143778172e+02 0.000000000000000000e+00 3.645873603753817971e+00
1.321177199687181769e+02 0.000000000000000000e+00 3.628609582269702205e+00
1.322144280001770653e+02 0.000000000000000000e+00 3.628926827108940323e+00
1.322977379705183694e+02 0.000000000000000000e+00 3.660009443567307397e+00
1.323657095217718620e+02 0.000000000000000000e+00 3.658681441914683141e+00
1.321474229390152004e+02 0.000000000000000000e+00 3.657862507562231524e+00
1.319196411444423234e+02 0.000000000000000000e+00 3.668125009222233501e+00
1.317703073586047253e+02 0.000000000000000000e+00 3.683670006344896830e+00
1.317861622227796659e+02 0.000000000000000000e+00 3.676749642177332689e+00
1.318077348718478277e+02 0.000000000000000000e+00 3.664222159920909938e+00
1.318718478405217525e+02 0.000000000000000000e+00 3.732798689705036033e+00
1.318936196898378341e+02 0.000000000000000000e+00 3.749708577415118427e+00
1.317872688908234977e+02 0.000000000000000000e+00 3.730275486565049814e+00
1.316894615691077206e+02 0.000000000000000000e+00 3.730113175251951407e+00
1.316126514290773457e+02 0.000000000000000000e+00 3.700078204541765725e+00
1.315961104307152141e+02 0.000000000000000000e+00 3.636983370468194199e+00
1.316255994451904314e+02 0.000000000000000000e+00 3.619549659884021331e+00
1.315993197680423918e+02 0.000000000000000000e+00 3.635566835372061600e+00
1.315184297118236429e+02 0.000000000000000000e+00 3.640996886573903080e+00
1.314921279013147171e+02 0.000000000000000000e+00 3.603576751117734567e+00
1.314899145652270249e+02 0.000000000000000000e+00 3.578462764309217725e+00
1.314654498236708946e+02 0.000000000000000000e+00 3.560217497159551936e+00
1.314757270809048180e+02 0.000000000000000000e+00 3.545107789467471182e+00
1.315012247126352065e+02 0.000000000000000000e+00 3.549600861725517031e+00
1.314794897522539259e+02 0.000000000000000000e+00 3.574722226320992569e+00
1.314071800622685089e+02 0.000000000000000000e+00 3.585678239955143010e+00
1.313714937067477138e+02 0.000000000000000000e+00 3.602093815938971044e+00
1.313285328532853384e+02 0.000000000000000000e+00 3.627141402664856518e+00
1.312825618627436484e+02 0.000000000000000000e+00 3.654579392365465917e+00
1.312507562231633074e+02 0.000000000000000000e+00 3.703029319325375379e+00
1.310127709492260806e+02 0.000000000000000000e+00 3.618524147496716914e+00
1.306831683168316829e+02 0.000000000000000000e+00 3.513309527674078669e+00
1.305332738191851831e+02 0.000000000000000000e+00 3.426104085818417744e+00
1.304944519042068123e+02 0.000000000000000000e+00 3.440763748505998088e+00
1.305143571734222689e+02 0.000000000000000000e+00 3.475181124669843857e+00
1.305575762494282230e+02 0.000000000000000000e+00 3.465162089979489934e+00
1.306821723155922257e+02 0.000000000000000000e+00 3.461244485104248092e+00
1.307749406088149726e+02 0.000000000000000000e+00 3.453217452892830330e+00
1.308092768293222719e+02 0.000000000000000000e+00 3.457917103185728536e+00
1.307962329019787262e+02 0.000000000000000000e+00 3.464748933909784334e+00
1.306321287866491616e+02 0.000000000000000000e+00 3.398887429726579423e+00
1.305958669637455500e+02 0.000000000000000000e+00 3.347619188148323044e+00
1.306583789526493717e+02 0.000000000000000000e+00 3.371139572973690601e+00
1.306299597172832136e+02 0.000000000000000000e+00 3.416734296380457891e+00
1.306492231190332234e+02 0.000000000000000000e+00 3.361718139027017660e+00
1.306945965088312107e+02 0.000000000000000000e+00 3.397419250121733292e+00
1.307520030691593718e+02 0.000000000000000000e+00 3.416859718758761044e+00
1.307918062298033135e+02 0.000000000000000000e+00 3.425690929748712588e+00
1.306617506012896399e+02 0.000000000000000000e+00 3.434942674595328427e+00
1.303960174705995314e+02 0.000000000000000000e+00 3.419928878133715155e+00
1.302577503652004509e+02 0.000000000000000000e+00 3.348194655531127051e+00
1.301747576396983845e+02 0.000000000000000000e+00 3.318093284738310000e+00
1.302376163845892734e+02 0.000000000000000000e+00 3.294204010564990792e+00
1.302961074796004084e+02 0.000000000000000000e+00 3.291105340042201011e+00
1.303891413731537057e+02 0.000000000000000000e+00 3.297996193061929038e+00
1.304343229404907731e+02 0.000000000000000000e+00 3.305049357394755916e+00
1.303605081819657414e+02 0.000000000000000000e+00 3.328023785985156024e+00
1.302991618834014673e+02 0.000000000000000000e+00 3.376436824010269788e+00
1.302213778754924647e+02 0.000000000000000000e+00 3.402332856236443437e+00
1.302084298593793790e+02 0.000000000000000000e+00 3.336567263283705564e+00
1.302323486447005223e+02 0.000000000000000000e+00 3.355646220359740806e+00
1.304011155213881921e+02 0.000000000000000000e+00 3.353838662554780026e+00
1.305027592923226791e+02 0.000000000000000000e+00 3.322652757078986774e+00
1.306063507990143364e+02 0.000000000000000000e+00 3.367967124581310756e+00
1.305787652535745451e+02 0.000000000000000000e+00 3.320114798365082276e+00
1.305446282333151373e+02 0.000000000000000000e+00 3.376377801714597560e+00
1.304902760767880068e+02 0.000000000000000000e+00 3.361430405335615657e+00
1.301832716058491144e+02 0.000000000000000000e+00 3.360500804178778722e+00
1.298106933644183982e+02 0.000000000000000000e+00 3.289415826828584688e+00
1.296465007156453453e+02 0.000000000000000000e+00 3.240087943220551381e+00
1.297378746071328521e+02 0.000000000000000000e+00 3.222846055097313034e+00
1.298790116716589580e+02 0.000000000000000000e+00 3.232769178557199918e+00
1.300027888034705086e+02 0.000000000000000000e+00 3.219717873426687138e+00
1.299596582609080713e+02 0.000000000000000000e+00 3.201804606690177302e+00
1.300305219046494756e+02 0.000000000000000000e+00 3.204349943191040495e+00
1.300783225863569896e+02 0.000000000000000000e+00 3.197540245827861671e+00
1.300779463192220931e+02 0.000000000000000000e+00 3.191114193386551889e+00
1.299269008868099888e+02 0.000000000000000000e+00 3.155508993522302852e+00
1.297261881925897455e+02 0.000000000000000000e+00 3.135286479467618737e+00
1.296079075120626953e+02 0.000000000000000000e+00 3.088083398503784771e+00
1.295750984934558971e+02 0.000000000000000000e+00 3.146537604580130321e+00
1.296212465508845924e+02 0.000000000000000000e+00 3.162038334981039256e+00
1.295563072700712723e+02 0.000000000000000000e+00 3.134784789954405237e+00
1.294121379351049939e+02 0.000000000000000000e+00 3.144685780053415147e+00
1.292831004411916638e+02 0.000000000000000000e+00 3.146426937775745003e+00
1.292781130572073494e+02 0.000000000000000000e+00 3.114776231721532618e+00
1.292273538829292647e+02 0.000000000000000000e+00 3.089492555812958230e+00
1.290693880863496190e+02 0.000000000000000000e+00 3.048929483112245542e+00
1.288456566968172297e+02 0.000000000000000000e+00 2.883858877691047873e+00
1.289032403240323958e+02 0.000000000000000000e+00 2.897721739387053574e+00
1.289988047985126514e+02 0.000000000000000000e+00 2.955128299715217288e+00
1.290240958522081769e+02 0.000000000000000000e+00 2.974819613108851790e+00
1.289992769768780079e+02 0.000000000000000000e+00 2.986454383143232416e+00
1.289533207419102609e+02 0.000000000000000000e+00 3.009406678372755106e+00
1.288816971861120635e+02 0.000000000000000000e+00 3.004146316270971173e+00
1.289274394652580042e+02 0.000000000000000000e+00 2.991522922784081828e+00
1.289269967980404488e+02 0.000000000000000000e+00 2.941103126706113180e+00
1.288759572678579275e+02 0.000000000000000000e+00 2.871493706747723973e+00
1.289116731345265805e+02 0.000000000000000000e+00 2.914188959879594698e+00
1.290045447167667589e+02 0.000000000000000000e+00 2.913443803396733145e+00
1.290015272019005295e+02 0.000000000000000000e+00 2.989353853418128537e+00
1.289241342167003666e+02 0.000000000000000000e+00 2.991353233684024282e+00
1.288577710230039486e+02 0.000000000000000000e+00 3.023099850968703262e+00
1.287279957503947116e+02 0.000000000000000000e+00 3.051969131339363539e+00
1.285557539360493422e+02 0.000000000000000000e+00 3.027651945522420895e+00
1.283695828599253446e+02 0.000000000000000000e+00 2.920762568060084607e+00
1.281545941479393775e+02 0.000000000000000000e+00 2.873810331852857392e+00
1.281196529489014608e+02 0.000000000000000000e+00 2.910123799265172284e+00
1.280584763394372203e+02 0.000000000000000000e+00 2.867266234820203152e+00
1.280794882766965088e+02 0.000000000000000000e+00 2.864676631597586010e+00
1.282646043292853903e+02 0.000000000000000000e+00 2.857697245134349640e+00
1.283252644936624733e+02 0.000000000000000000e+00 2.886603414439804727e+00
1.284204158120730028e+02 0.000000000000000000e+00 2.899212052352776237e+00
1.284527157633796151e+02 0.000000000000000000e+00 2.900495787283646543e+00
1.284229316374260463e+02 0.000000000000000000e+00 2.885054079178409836e+00
1.283762450015493357e+02 0.000000000000000000e+00 2.871102684038895791e+00
1.283353720617963347e+02 0.000000000000000000e+00 2.879646161337445331e+00
1.282810272830561757e+02 0.000000000000000000e+00 2.877617269923713472e+00
1.282658437974945116e+02 0.000000000000000000e+00 2.938838146109692850e+00
1.282071166133006841e+02 0.000000000000000000e+00 2.949403137035015110e+00
1.283535361732894557e+02 0.000000000000000000e+00 2.973196499977866836e+00
1.283436646943382868e+02 0.000000000000000000e+00 2.963251243157102532e+00
1.282577503652004509e+02 0.000000000000000000e+00 2.922238125451889434e+00
1.281176388130616317e+02 0.000000000000000000e+00 2.888573283557863913e+00
1.279669253810626941e+02 0.000000000000000000e+00 2.894453379764205803e+00
1.278798822505201400e+02 0.000000000000000000e+00 2.884153989169408572e+00
1.278881675052751206e+02 0.000000000000000000e+00 2.847589677000486930e+00
1.278965412934736037e+02 0.000000000000000000e+00 2.879705183633117560e+00
1.277828717297959287e+02 0.000000000000000000e+00 2.819163063847368367e+00
1.277520547136680875e+02 0.000000000000000000e+00 2.785136710392350778e+00
1.278085759395611660e+02 0.000000000000000000e+00 2.839879889628307286e+00
1.278028802880288026e+02 0.000000000000000000e+00 2.838419087810420294e+00
1.277539212937687267e+02 0.000000000000000000e+00 2.836072951557450761e+00
1.275640318130173654e+02 0.000000000000000000e+00 2.779448436646943410e+00
1.275540718006226797e+02 0.000000000000000000e+00 2.770772159183131578e+00
1.276497616974812246e+02 0.000000000000000000e+00 2.762818904841303880e+00
1.277453556831092953e+02 0.000000000000000000e+00 2.741681545203700665e+00
1.277654970415074303e+02 0.000000000000000000e+00 2.790795472989922033e+00
1.276780186215342781e+02 0.000000000000000000e+00 2.743629280960882877e+00
1.276749494621593328e+02 0.000000000000000000e+00 2.710392350710480791e+00
1.277990290832361922e+02 0.000000000000000000e+00 2.755883785099821459e+00
1.278564208879904385e+02 0.000000000000000000e+00 2.805602691416682504e+00
1.276912469935518146e+02 0.000000000000000000e+00 2.850518658423219165e+00
1.274673975594280790e+02 0.000000000000000000e+00 2.861887828127075206e+00
1.274001637868704933e+02 0.000000000000000000e+00 2.852414749671688288e+00
1.274581384367944992e+02 0.000000000000000000e+00 2.861039382626787475e+00
1.274842410470555194e+02 0.000000000000000000e+00 2.872253618804503361e+00
1.273629133405143818e+02 0.000000000000000000e+00 2.813128034114886766e+00
1.271044104410441093e+02 0.000000000000000000e+00 2.684444673975594498e+00
1.270399433385961601e+02 0.000000000000000000e+00 2.666974074456625932e+00
1.270903852680350070e+02 0.000000000000000000e+00 2.716080624455888159e+00
1.271743444836286869e+02 0.000000000000000000e+00 2.729685263608327972e+00
1.272564149857608697e+02 0.000000000000000000e+00 2.747133729766419119e+00
1.272799427483732018e+02 0.000000000000000000e+00 2.729618863525697048e+00
1.274104410441044166e+02 0.000000000000000000e+00 2.753972938277434501e+00
1.274440173525549227e+02 0.000000000000000000e+00 2.721348364344631232e+00
1.274369641882221060e+02 0.000000000000000000e+00 2.673134526567410685e+00
1.274332900503165007e+02 0.000000000000000000e+00 2.631560697053311859e+00
1.273379321538711224e+02 0.000000000000000000e+00 2.649252630181051060e+00
1.274004810317097309e+02 0.000000000000000000e+00 2.657095217718492997e+00
1.272855424886750910e+02 0.000000000000000000e+00 2.617314190435437116e+00
1.270853388617550337e+02 0.000000000000000000e+00 2.603628395626448100e+00
1.269993802658954394e+02 0.000000000000000000e+00 2.581126145401425376e+00
1.269861518938779170e+02 0.000000000000000000e+00 2.581022856383999198e+00
1.270415221850053911e+02 0.000000000000000000e+00 2.583996104528485827e+00
1.270936683832317726e+02 0.000000000000000000e+00 2.587825175960218882e+00
1.272276489944076445e+02 0.000000000000000000e+00 2.599312390255418936e+00
1.271830797833881803e+02 0.000000000000000000e+00 2.601931504625872638e+00
1.271389163506514564e+02 0.000000000000000000e+00 2.576662584291216085e+00
1.271773841318558027e+02 0.000000000000000000e+00 2.606099954257720785e+00
1.271232754422983220e+02 0.000000000000000000e+00 2.649680541824674052e+00
1.270666656829617409e+02 0.000000000000000000e+00 2.649473963789821696e+00
1.270660607044310950e+02 0.000000000000000000e+00 2.717452892830266808e+00
1.271594487317584168e+02 0.000000000000000000e+00 2.725015124463265881e+00
1.272428841244780244e+02 0.000000000000000000e+00 2.760266190553481547e+00
1.273510203479364264e+02 0.000000000000000000e+00 2.767068510129701675e+00
1.272822224845435386e+02 0.000000000000000000e+00 2.708016703309675144e+00
1.272013250505378466e+02 0.000000000000000000e+00 2.706098478700329046e+00
1.271405911082911615e+02 0.000000000000000000e+00 2.678985111625916904e+00
1.270592362514939992e+02 0.000000000000000000e+00 2.665793628543182248e+00
1.268965265378996889e+02 0.000000000000000000e+00 2.624138643372533775e+00
1.267182939605435905e+02 0.000000000000000000e+00 2.615027076478139811e+00
1.266657272284605540e+02 0.000000000000000000e+00 2.622227796550146817e+00
1.267251036579067716e+02 0.000000000000000000e+00 2.630313851057236807e+00
1.267425447462779005e+02 0.000000000000000000e+00 2.650543742898880062e+00
1.266514512106948445e+02 0.000000000000000000e+00 2.607339422466836698e+00
1.266031045727523576e+02 0.000000000000000000e+00 2.582070502132180589e+00
1.264989449764648555e+02 0.000000000000000000e+00 2.532927063198123108e+00
1.264433017072199021e+02 0.000000000000000000e+00 2.487752873648020557e+00
1.263584792905520118e+02 0.000000000000000000e+00 2.473919523099850970e+00
1.262370925617151869e+02 0.000000000000000000e+00 2.485318203951542682e+00
1.262415413672514859e+02 0.000000000000000000e+00 2.603325906361127817e+00
1.263419678033377096e+02 0.000000000000000000e+00 2.630483540157294353e+00
1.265176181552581482e+02 0.000000000000000000e+00 2.665092738782075088e+00
1.266134851190036983e+02 0.000000000000000000e+00 2.643239733809446435e+00
1.266895722359121095e+02 0.000000000000000000e+00 2.692656150860987641e+00
1.266948989980965337e+02 0.000000000000000000e+00 2.654660548022015121e+00
1.265553629133405167e+02 0.000000000000000000e+00 2.628786649156718891e+00
1.262936359209691517e+02 0.000000000000000000e+00 2.593166693718552018e+00
1.260691224860190971e+02 0.000000000000000000e+00 2.527622434374584781e+00
1.259719127650469943e+02 0.000000000000000000e+00 2.492541057384427106e+00
1.260579894054979206e+02 0.000000000000000000e+00 2.475004057782827616e+00
1.261651443832907944e+02 0.000000000000000000e+00 2.459761549925484569e+00
1.262875566245149059e+02 0.000000000000000000e+00 2.478449484292691629e+00
1.263693984152513679e+02 0.000000000000000000e+00 2.479150374053798789e+00
1.264394505024272917e+02 0.000000000000000000e+00 2.463826710539906539e+00
1.265213439376724551e+02 0.000000000000000000e+00 2.498354753508137627e+00
1.264773280606749211e+02 0.000000000000000000e+00 2.535959333638281965e+00
1.264014770329492023e+02 0.000000000000000000e+00 2.479142996266839649e+00
1.263733676646353103e+02 0.000000000000000000e+00 2.512018414956249668e+00
1.263769901580321999e+02 0.000000000000000000e+00 2.519197001667379698e+00
1.262874459577105313e+02 0.000000000000000000e+00 2.469736317894084543e+00
1.262576692095439057e+02 0.000000000000000000e+00 2.521070959554971846e+00
1.262725354502663322e+02 0.000000000000000000e+00 2.550316507060542026e+00
1.263394814891325240e+02 0.000000000000000000e+00 2.540334361304982913e+00
1.263310855675731545e+02 0.000000000000000000e+00 2.547092414159448648e+00
1.261876909002375697e+02 0.000000000000000000e+00 2.554396423248882275e+00
1.260095542341119312e+02 0.000000000000000000e+00 2.531407239084564331e+00
1.259058373050419846e+02 0.000000000000000000e+00 2.500317244839238118e+00
1.258255964940756400e+02 0.000000000000000000e+00 2.469669917811453175e+00
1.258122426996797998e+02 0.000000000000000000e+00 2.479593041271340059e+00
1.258331513479216710e+02 0.000000000000000000e+00 2.477807616827256698e+00
1.257723805167401991e+02 0.000000000000000000e+00 2.446754511516725294e+00
1.257426554130822893e+02 0.000000000000000000e+00 2.446629089138422142e+00
1.257920792079207928e+02 0.000000000000000000e+00 2.462830709300438237e+00
1.258901299966062197e+02 0.000000000000000000e+00 2.475483613935164140e+00
1.257980109486358486e+02 0.000000000000000000e+00 2.454597099054167675e+00
1.257179250711956371e+02 0.000000000000000000e+00 2.482765489663720349e+00
1.256964335777840063e+02 0.000000000000000000e+00 2.465014534240309363e+00
1.256922577503652008e+02 0.000000000000000000e+00 2.475468858361245861e+00
1.257334036682356810e+02 0.000000000000000000e+00 2.431711203907275909e+00
1.258435466497469406e+02 0.000000000000000000e+00 2.420002656003305219e+00
1.259347582299213570e+02 0.000000000000000000e+00 2.450391760487524273e+00
1.259926148352540167e+02 0.000000000000000000e+00 2.435997698130468958e+00
1.259927476354192777e+02 0.000000000000000000e+00 2.431032447507045724e+00
1.259652948901447473e+02 0.000000000000000000e+00 2.435783742308657018e+00
1.258760531790884016e+02 0.000000000000000000e+00 2.401285210488262045e+00
1.257895412492068914e+02 0.000000000000000000e+00 2.413318381018429548e+00
1.257424709684083126e+02 0.000000000000000000e+00 2.414366026766610940e+00
1.256854332974281050e+02 0.000000000000000000e+00 2.419412433046583377e+00
1.254660179132667395e+02 0.000000000000000000e+00 2.348578300452996093e+00
1.253102138082660701e+02 0.000000000000000000e+00 2.351455637367015239e+00
1.251908190819081881e+02 0.000000000000000000e+00 2.313319856575821731e+00
1.251224048634371684e+02 0.000000000000000000e+00 2.305713358221067821e+00
1.249697289401071316e+02 0.000000000000000000e+00 2.324268492423012589e+00
1.250482802378598564e+02 0.000000000000000000e+00 2.311527054344778787e+00
1.251344306561803705e+02 0.000000000000000000e+00 2.317702262029481819e+00
1.252706541145917924e+02 0.000000000000000000e+00 2.371014150595387449e+00
1.254247539508049130e+02 0.000000000000000000e+00 2.389975063080078677e+00
1.254909695887621552e+02 0.000000000000000000e+00 2.408581841790736533e+00
1.255283675908574423e+02 0.000000000000000000e+00 2.410522199760959605e+00
1.255669903055879359e+02 0.000000000000000000e+00 2.395877292647297541e+00
1.255517182865827550e+02 0.000000000000000000e+00 2.377462336397574205e+00
1.254395390358707942e+02 0.000000000000000000e+00 2.385371324017647510e+00
1.253300010328901806e+02 0.000000000000000000e+00 2.362013250505378359e+00
1.252610187248233018e+02 0.000000000000000000e+00 2.332029924303905766e+00
1.251729205707456032e+02 0.000000000000000000e+00 2.314382257897920958e+00
1.251133744521993236e+02 0.000000000000000000e+00 2.307838160865266719e+00
1.250783963642265917e+02 0.000000000000000000e+00 2.324312759144766982e+00
1.251954301987575775e+02 0.000000000000000000e+00 2.343111360316359360e+00
1.254126470024051656e+02 0.000000000000000000e+00 2.415516961532218954e+00
1.254604993286213812e+02 0.000000000000000000e+00 2.377381180741025002e+00
1.254939354591196832e+02 0.000000000000000000e+00 2.385090968113204646e+00
1.254501778046657137e+02 0.000000000000000000e+00 2.338315798792994116e+00
1.254350828525475521e+02 0.000000000000000000e+00 2.352547549836951024e+00
1.254060586386507481e+02 0.000000000000000000e+00 2.377181980493131341e+00
1.254010860102403626e+02 0.000000000000000000e+00 2.386632925587640841e+00
1.254069808620206317e+02 0.000000000000000000e+00 2.383681810804031187e+00
1.257298328193475072e+02 0.000000000000000000e+00 2.426768086644730094e+00
1.257259078366853089e+02 0.000000000000000000e+00 2.443633707633058538e+00
1.255682887960927303e+02 0.000000000000000000e+00 2.416380162606424520e+00
1.254172138525327966e+02 0.000000000000000000e+00 2.373079930943914118e+00
1.253680482802378577e+02 0.000000000000000000e+00 2.392623688598368048e+00
1.251566156615661498e+02 0.000000000000000000e+00 2.363075651827478030e+00
1.248222691121571160e+02 0.000000000000000000e+00 2.325736672027858720e+00
1.246466335158105920e+02 0.000000000000000000e+00 2.305787136090658329e+00
1.246915716161780097e+02 0.000000000000000000e+00 2.316816927594398834e+00
1.247399994097770417e+02 0.000000000000000000e+00 2.295568901152410302e+00
1.248765991353233744e+02 0.000000000000000000e+00 2.306576559295273832e+00
1.249743917014652226e+02 0.000000000000000000e+00 2.322025645187469678e+00
1.250787504980006162e+02 0.000000000000000000e+00 2.311136031635950605e+00
1.250981319443419721e+02 0.000000000000000000e+00 2.298365082409880245e+00
1.250975712325330846e+02 0.000000000000000000e+00 2.288412447802157246e+00
1.250170648212362181e+02 0.000000000000000000e+00 2.256488763630461580e+00
1.248611279160703020e+02 0.000000000000000000e+00 2.235646515471219065e+00
1.248589736022782546e+02 0.000000000000000000e+00 2.260347346210030750e+00
1.249104853108261608e+02 0.000000000000000000e+00 2.247569019197001694e+00
1.249887193637396479e+02 0.000000000000000000e+00 2.273870829705921359e+00
1.250642015021174274e+02 0.000000000000000000e+00 2.285808089005621824e+00
1.251600241991412190e+02 0.000000000000000000e+00 2.275501320623865453e+00
1.253015965530979372e+02 0.000000000000000000e+00 2.338861755027962008e+00
1.253451033627952995e+02 0.000000000000000000e+00 2.343303182777294325e+00
1.252759218544805293e+02 0.000000000000000000e+00 2.339112599784568758e+00
1.251029201280783809e+02 0.000000000000000000e+00 2.266050375529356398e+00
1.248168538165291892e+02 0.000000000000000000e+00 2.211705596789187211e+00
1.246549409039264589e+02 0.000000000000000000e+00 2.218559560874119985e+00
1.246137802304820639e+02 0.000000000000000000e+00 2.225265969219872630e+00
1.246473048944238684e+02 0.000000000000000000e+00 2.249590532823773970e+00
1.247350710480884146e+02 0.000000000000000000e+00 2.258960322261734266e+00
1.247680128668604596e+02 0.000000000000000000e+00 2.256105118708592094e+00
1.248447197178734314e+02 0.000000000000000000e+00 2.312154166236295882e+00
1.248364049519706072e+02 0.000000000000000000e+00 2.305654335925396037e+00
1.248057354915819417e+02 0.000000000000000000e+00 2.331815968482094270e+00
1.247065780348526687e+02 0.000000000000000000e+00 2.306805270691003606e+00
1.245711144884980257e+02 0.000000000000000000e+00 2.304370600994525731e+00
1.246174174794528682e+02 0.000000000000000000e+00 2.310641719909695802e+00
1.247111522627672571e+02 0.000000000000000000e+00 2.305314957725280944e+00
1.247785852355727343e+02 0.000000000000000000e+00 2.299589795045078322e+00
1.248163521270159748e+02 0.000000000000000000e+00 2.296232901978722651e+00
1.248708665948562100e+02 0.000000000000000000e+00 2.299302061353676319e+00
1.248764810907320282e+02 0.000000000000000000e+00 2.270270469669917635e+00
1.248532410618111044e+02 0.000000000000000000e+00 2.254172138525328162e+00
1.247628853049239410e+02 0.000000000000000000e+00 2.197665668206164824e+00
1.244675008484454963e+02 0.000000000000000000e+00 2.136577592185448182e+00
1.242324740670788401e+02 0.000000000000000000e+00 2.043669121010461609e+00
1.241920880612651388e+02 0.000000000000000000e+00 2.084778149946142189e+00
1.242733101178970401e+02 0.000000000000000000e+00 2.093269982735978640e+00
1.243235380915140667e+02 0.000000000000000000e+00 2.126462646264626333e+00
1.244199362559206747e+02 0.000000000000000000e+00 2.139152439834147490e+00
1.244728497439907926e+02 0.000000000000000000e+00 2.137639993507547409e+00
1.244492777146567164e+02 0.000000000000000000e+00 2.142516710687462300e+00
1.243601688037656174e+02 0.000000000000000000e+00 2.139196706555901439e+00
1.243042009118944691e+02 0.000000000000000000e+00 2.172455770167180500e+00
1.241979238907497347e+02 0.000000000000000000e+00 2.147504094671762065e+00
1.240759764501040223e+02 0.000000000000000000e+00 2.112725206946924228e+00
1.240829041920585496e+02 0.000000000000000000e+00 2.113632674742884188e+00
1.241547785926133542e+02 0.000000000000000000e+00 2.125378111581650131e+00
1.242161027578167705e+02 0.000000000000000000e+00 2.172035236310516204e+00
1.245496820173820680e+02 0.000000000000000000e+00 2.211130129406383205e+00
1.245684658629797354e+02 0.000000000000000000e+00 2.238191851972082258e+00
1.245330819967242633e+02 0.000000000000000000e+00 2.242087323486447126e+00
1.242755898540673769e+02 0.000000000000000000e+00 2.168080742500479552e+00
1.240174927328798447e+02 0.000000000000000000e+00 2.116414100426436296e+00
1.238590031134260983e+02 0.000000000000000000e+00 2.092487937318321833e+00
1.237567986306827379e+02 0.000000000000000000e+00 2.086475040946717652e+00
1.237877632025497689e+02 0.000000000000000000e+00 2.093041271340248866e+00
1.237981142376532802e+02 0.000000000000000000e+00 2.095092296114857255e+00
1.238168685721031181e+02 0.000000000000000000e+00 2.130424517861622125e+00
1.238368845081229495e+02 0.000000000000000000e+00 2.137580971211875180e+00
1.238022162872024978e+02 0.000000000000000000e+00 2.125105133464165963e+00
1.237511324902982039e+02 0.000000000000000000e+00 2.109309291584896329e+00
1.237464549733661840e+02 0.000000000000000000e+00 2.085663484381225175e+00
1.237451417272874892e+02 0.000000000000000000e+00 2.065913148691918444e+00
1.237649732186333438e+02 0.000000000000000000e+00 2.082328724675746479e+00
1.236932906405394590e+02 0.000000000000000000e+00 2.075873161086600582e+00
1.237266013486594574e+02 0.000000000000000000e+00 2.063714568178129483e+00
1.237677177553820940e+02 0.000000000000000000e+00 2.093550338640421504e+00
1.237576028094612752e+02 0.000000000000000000e+00 2.119807882427587220e+00
1.237323043779787781e+02 0.000000000000000000e+00 2.082313969101828199e+00
1.237835283528352903e+02 0.000000000000000000e+00 2.105103953018252483e+00
1.237802747487863542e+02 0.000000000000000000e+00 2.068008440188281227e+00
1.236705818122795932e+02 0.000000000000000000e+00 2.060121585929084898e+00
1.236157279662392483e+02 0.000000000000000000e+00 2.047453925720440715e+00
1.235491286833601379e+02 0.000000000000000000e+00 2.024044207699458475e+00
1.235305071490755608e+02 0.000000000000000000e+00 2.016946776644877648e+00
1.235426214752622798e+02 0.000000000000000000e+00 2.061124964955511896e+00
1.234849271812427105e+02 0.000000000000000000e+00 2.061029053725044857e+00
1.234224889702084909e+02 0.000000000000000000e+00 2.040983606557376984e+00
1.234472045565212284e+02 0.000000000000000000e+00 2.050545218456271801e+00
1.234472266898821005e+02 0.000000000000000000e+00 2.082321346888787339e+00
1.233897832406191384e+02 0.000000000000000000e+00 2.069926664797627325e+00
1.233257292942409009e+02 0.000000000000000000e+00 2.079495654483481282e+00
1.233282672529548023e+02 0.000000000000000000e+00 2.113846630564695683e+00
1.233181596848209409e+02 0.000000000000000000e+00 2.117535524044207751e+00
1.232601555237490913e+02 0.000000000000000000e+00 2.088002242847235568e+00
1.231493559191984701e+02 0.000000000000000000e+00 2.083612459606616341e+00
1.231994437148632926e+02 0.000000000000000000e+00 2.079222676365997113e+00
1.232507636009502647e+02 0.000000000000000000e+00 2.073578669342344138e+00
1.232343185138185930e+02 0.000000000000000000e+00 2.056639270484425630e+00
1.232271399271074586e+02 0.000000000000000000e+00 2.053747177996488205e+00
1.232762317215328096e+02 0.000000000000000000e+00 2.046723524811497441e+00
1.231515544997122618e+02 0.000000000000000000e+00 2.027120744861371282e+00
1.230467973026810853e+02 0.000000000000000000e+00 2.004861961605996612e+00
1.230145858848179898e+02 0.000000000000000000e+00 1.973026810877809067e+00
1.230746263150905264e+02 0.000000000000000000e+00 1.963147954139676354e+00
1.231289710938306996e+02 0.000000000000000000e+00 1.975697569756975636e+00
1.231381121718729190e+02 0.000000000000000000e+00 1.999483554912868444e+00
1.230630358117778940e+02 0.000000000000000000e+00 1.971388942172905834e+00
1.229442534417376152e+02 0.000000000000000000e+00 1.960846084608460771e+00
1.229408080152277591e+02 0.000000000000000000e+00 1.959798438860279379e+00
1.229616723967478720e+02 0.000000000000000000e+00 1.949196559000162310e+00
1.229048265482285984e+02 0.000000000000000000e+00 1.968555871980640637e+00
1.229595918608254266e+02 0.000000000000000000e+00 1.958337637042392831e+00
1.230279765681486168e+02 0.000000000000000000e+00 1.978412595357896375e+00
1.231014371928996241e+02 0.000000000000000000e+00 1.971182364138053256e+00
1.231962122441752427e+02 0.000000000000000000e+00 2.007650765076507859e+00
1.233634445411754257e+02 0.000000000000000000e+00 2.019484735358781702e+00
1.234532100751058721e+02 0.000000000000000000e+00 2.028950436027209481e+00
1.236758938188900885e+02 0.000000000000000000e+00 2.051253486004338100e+00
1.235421492968969090e+02 0.000000000000000000e+00 2.056196603266883915e+00
1.233963273376517975e+02 0.000000000000000000e+00 2.070450487671717799e+00
1.232247273907718608e+02 0.000000000000000000e+00 2.053252866270233401e+00
1.231195349043101004e+02 0.000000000000000000e+00 2.029319325375160687e+00
1.230325507960632194e+02 0.000000000000000000e+00 2.045439789880627579e+00
1.229894276312877253e+02 0.000000000000000000e+00 2.030912927358309528e+00
1.229488350474391751e+02 0.000000000000000000e+00 1.983289312537811266e+00
1.230181788670670358e+02 0.000000000000000000e+00 1.947647223738767419e+00
1.230665919050921531e+02 0.000000000000000000e+00 1.954700388071594075e+00
1.231128875182600240e+02 0.000000000000000000e+00 1.940239925631907392e+00
1.231122382730076339e+02 0.000000000000000000e+00 1.939730858331734753e+00
1.230230998509687055e+02 0.000000000000000000e+00 1.961746174617461813e+00
1.230017928022310372e+02 0.000000000000000000e+00 1.977254282805329666e+00
1.229954331498723690e+02 0.000000000000000000e+00 2.018385445101887221e+00
1.230392719599828837e+02 0.000000000000000000e+00 2.037287335290906221e+00
1.231440217792271028e+02 0.000000000000000000e+00 2.059472340676690827e+00
1.233258620944061619e+02 0.000000000000000000e+00 2.050877218869427754e+00
1.234558734561980771e+02 0.000000000000000000e+00 2.086024995942217242e+00
1.235354576441250742e+02 0.000000000000000000e+00 2.079274320874710202e+00
1.235499697510734620e+02 0.000000000000000000e+00 2.060040430272535250e+00
1.234368018769090014e+02 0.000000000000000000e+00 2.046266102020037891e+00
1.233699074825515396e+02 0.000000000000000000e+00 2.049696772955984070e+00
1.233477372327396608e+02 0.000000000000000000e+00 2.064430213513154477e+00
1.232043794543388771e+02 0.000000000000000000e+00 2.042429652801345696e+00
1.232212376975402464e+02 0.000000000000000000e+00 2.070819377019669005e+00
1.232545115167254437e+02 0.000000000000000000e+00 2.039131782030662254e+00
1.233285402310722816e+02 0.000000000000000000e+00 2.029149636275103141e+00
1.233832022546516924e+02 0.000000000000000000e+00 2.028935680453291202e+00
1.233391125997845705e+02 0.000000000000000000e+00 1.999476177125909304e+00
1.233649348541411541e+02 0.000000000000000000e+00 2.013980906287350159e+00
1.233941508904988922e+02 0.000000000000000000e+00 2.031547417036785763e+00
1.233151274143807825e+02 0.000000000000000000e+00 2.023889274173318764e+00
1.232785114577031464e+02 0.000000000000000000e+00 2.026228032639329601e+00
1.233283926753331059e+02 0.000000000000000000e+00 2.055252246536129146e+00
1.233885290168361166e+02 0.000000000000000000e+00 2.087146419559988697e+00
1.233978545395523128e+02 0.000000000000000000e+00 2.103702173496038164e+00
1.235378775582476294e+02 0.000000000000000000e+00 2.092037892313821423e+00
1.236621563795723802e+02 0.000000000000000000e+00 2.088061265142907796e+00
1.236806303581177815e+02 0.000000000000000000e+00 2.098869723037877666e+00
1.236224712635197989e+02 0.000000000000000000e+00 2.103731684643874278e+00
1.236042259963701326e+02 0.000000000000000000e+00 2.044421655280282302e+00
1.235927166487140454e+02 0.000000000000000000e+00 2.072184267607088515e+00
1.235124241932389992e+02 0.000000000000000000e+00 2.087352997594841497e+00
1.234095335763084478e+02 0.000000000000000000e+00 2.065573770491803351e+00
1.232754570539021159e+02 0.000000000000000000e+00 2.055916247362441052e+00
1.233241135588968689e+02 0.000000000000000000e+00 2.076094494695371218e+00
1.234775346387097699e+02 0.000000000000000000e+00 2.097622877041802614e+00
1.235570819377019660e+02 0.000000000000000000e+00 2.107715689601747044e+00
1.235489663720470475e+02 0.000000000000000000e+00 2.106756577297073996e+00
1.235642015021174274e+02 0.000000000000000000e+00 2.104801463752932644e+00
1.236221097519588028e+02 0.000000000000000000e+00 2.120811261454014218e+00
1.236368284369420536e+02 0.000000000000000000e+00 2.096508831210989854e+00
1.237354768263711549e+02 0.000000000000000000e+00 2.106055687535966836e+00
1.237776482566289360e+02 0.000000000000000000e+00 2.120700594649628901e+00
1.238744669548922133e+02 0.000000000000000000e+00 2.119121748240397896e+00
1.239965029289814282e+02 0.000000000000000000e+00 2.113861386138613963e+00
1.240289651916011309e+02 0.000000000000000000e+00 2.134120789128093332e+00
1.240663484381225032e+02 0.000000000000000000e+00 2.160835755706718153e+00
1.240656032816396390e+02 0.000000000000000000e+00 2.181611603783329301e+00
1.240455578344719783e+02 0.000000000000000000e+00 2.151074943559929675e+00
1.239508344277050611e+02 0.000000000000000000e+00 2.141896976582904344e+00
1.238564503991382679e+02 0.000000000000000000e+00 2.101274881586519427e+00
1.237420135456168566e+02 0.000000000000000000e+00 2.148300895663336707e+00
1.236731419043543667e+02 0.000000000000000000e+00 2.124750999690133035e+00
1.236968024671319597e+02 0.000000000000000000e+00 2.128985849404612551e+00
1.237952664118870842e+02 0.000000000000000000e+00 2.146013781706039403e+00
1.238408906464416930e+02 0.000000000000000000e+00 2.157611662805624775e+00
1.239050257484764899e+02 0.000000000000000000e+00 2.152801345708341252e+00
1.239005548095793188e+02 0.000000000000000000e+00 2.159138864706142691e+00
1.238446902067255877e+02 0.000000000000000000e+00 2.126735624382110501e+00
1.237548804060733971e+02 0.000000000000000000e+00 2.083243570258665134e+00
1.236981157132106688e+02 0.000000000000000000e+00 2.107036933201516860e+00
1.237677325109560087e+02 0.000000000000000000e+00 2.130616340322556646e+00
1.238423366926856630e+02 0.000000000000000000e+00 2.138835194994909372e+00
1.240495787283646365e+02 0.000000000000000000e+00 2.133810922075814354e+00
1.242025866521078399e+02 0.000000000000000000e+00 2.163698337046819464e+00
1.243083914948871893e+02 0.000000000000000000e+00 2.194035797022324985e+00
1.244306709359460541e+02 0.000000000000000000e+00 2.197739446075755332e+00
1.244826917117941321e+02 0.000000000000000000e+00 2.192877484469758276e+00
1.244781838839621599e+02 0.000000000000000000e+00 2.229559841230024819e+00
1.244538519425713048e+02 0.000000000000000000e+00 2.247229640996886602e+00
1.242036785645777712e+02 0.000000000000000000e+00 2.190125569934042726e+00
1.239131191807705363e+02 0.000000000000000000e+00 2.149319030263681984e+00
1.237794115477121437e+02 0.000000000000000000e+00 2.118243791592274050e+00
1.237459016393442681e+02 0.000000000000000000e+00 2.105531864661875918e+00
1.238230142686399802e+02 0.000000000000000000e+00 2.115742721813164806e+00
1.238992858302223681e+02 0.000000000000000000e+00 2.133906833306281392e+00
1.239426377063935831e+02 0.000000000000000000e+00 2.163240914255359915e+00
1.238969839606911449e+02 0.000000000000000000e+00 2.160356199554381629e+00
1.238943943574685278e+02 0.000000000000000000e+00 2.195120331705301631e+00
1.238609213380354390e+02 0.000000000000000000e+00 2.208392970444585490e+00
1.238590695135087287e+02 0.000000000000000000e+00 2.174292839119977394e+00
1.238627215180534478e+02 0.000000000000000000e+00 2.137758038098891866e+00
1.238963568487996270e+02 0.000000000000000000e+00 2.129103893995957009e+00
1.239254327072051467e+02 0.000000000000000000e+00 2.105517109087958083e+00
1.239288191114193438e+02 0.000000000000000000e+00 2.106557377049180335e+00
1.240991869678771167e+02 0.000000000000000000e+00 2.116487878296026359e+00
1.240685027519145365e+02 0.000000000000000000e+00 2.115809121895796174e+00
1.240929748712576242e+02 0.000000000000000000e+00 2.093262604949019501e+00
1.240444364108542032e+02 0.000000000000000000e+00 2.055628513671039048e+00
1.239311873810331832e+02 0.000000000000000000e+00 2.051142819199952783e+00
1.236081804901801604e+02 0.000000000000000000e+00 2.040526183765917434e+00
1.232799206150123155e+02 0.000000000000000000e+00 2.024981186643254549e+00
1.231851234303758247e+02 0.000000000000000000e+00 1.989818653996547226e+00
1.232184784052175672e+02 0.000000000000000000e+00 1.996739018164111590e+00
1.232836980419353381e+02 0.000000000000000000e+00 1.997063640790308625e+00
1.232167298697082884e+02 0.000000000000000000e+00 2.015272019005179160e+00
1.230533413997137444e+02 0.000000000000000000e+00 2.033959953372386220e+00
1.229833335792595648e+02 0.000000000000000000e+00 2.009273878207492814e+00
1.229185639875462925e+02 0.000000000000000000e+00 2.005002139558218044e+00
1.227478051083796942e+02 0.000000000000000000e+00 1.988505407917841028e+00
1.225610438092989654e+02 0.000000000000000000e+00 1.968105826976140227e+00
1.225196396688849205e+02 0.000000000000000000e+00 1.977453483053223326e+00
1.226216301958064605e+02 0.000000000000000000e+00 1.973971167608564059e+00
1.226815599592746224e+02 0.000000000000000000e+00 1.982972067698573149e+00
1.226937480633309292e+02 0.000000000000000000e+00 2.001305868291747281e+00
1.227362293606409764e+02 0.000000000000000000e+00 1.987265939708724893e+00
1.227268005489073488e+02 0.000000000000000000e+00 1.948938336456596421e+00
1.226848873411931322e+02 0.000000000000000000e+00 1.941324460314884037e+00
1.225629177671865477e+02 0.000000000000000000e+00 1.835932773605229329e+00
1.223742234879225634e+02 0.000000000000000000e+00 1.792263652594767720e+00
1.221833306281447875e+02 0.000000000000000000e+00 1.862810051496953001e+00
1.220033495152793961e+02 0.000000000000000000e+00 1.867494946215933149e+00
1.219371338773221538e+02 0.000000000000000000e+00 1.865488188163078709e+00
1.219409260598190912e+02 0.000000000000000000e+00 1.825692405306104327e+00
1.220291275029142213e+02 0.000000000000000000e+00 1.865997255463251348e+00
1.220886219769517993e+02 0.000000000000000000e+00 1.926804975579525125e+00
1.220155745082705039e+02 0.000000000000000000e+00 1.915767806288825703e+00
1.219477578905431585e+02 0.000000000000000000e+00 1.903092768293222825e+00
1.219386758347965980e+02 0.000000000000000000e+00 1.910595977630549891e+00
1.218811733632379628e+02 0.000000000000000000e+00 1.915509583745259814e+00
1.216962122441752427e+02 0.000000000000000000e+00 1.859386758347965962e+00
1.216634327367162882e+02 0.000000000000000000e+00 1.833682548582727057e+00
1.216784539109648620e+02 0.000000000000000000e+00 1.818344129494916750e+00
1.216837585397883998e+02 0.000000000000000000e+00 1.819480308686606262e+00
1.217205072966312969e+02 0.000000000000000000e+00 1.839806111758716778e+00
1.216561361054138217e+02 0.000000000000000000e+00 1.820882088208820804e+00
1.214930648802585154e+02 0.000000000000000000e+00 1.796306679848312715e+00
1.214280813327234370e+02 0.000000000000000000e+00 1.781300261173658361e+00
1.213393118000324620e+02 0.000000000000000000e+00 1.753227781794572948e+00
1.211343495005238253e+02 0.000000000000000000e+00 1.731020643047911367e+00
1.207992725502058420e+02 0.000000000000000000e+00 1.694050552596243264e+00
1.206823715158401029e+02 0.000000000000000000e+00 1.662746602529105333e+00
1.206445087131664025e+02 0.000000000000000000e+00 1.664834516238509199e+00
1.206069631553319255e+02 0.000000000000000000e+00 1.646515471219253124e+00
1.205805949447403691e+02 0.000000000000000000e+00 1.631907453040386091e+00
1.204116952678874384e+02 0.000000000000000000e+00 1.634069144619380021e+00
1.202246978796240313e+02 0.000000000000000000e+00 1.600714169777633478e+00
1.200865930855380554e+02 0.000000000000000000e+00 1.589846689586991380e+00
1.199337032063862125e+02 0.000000000000000000e+00 1.560888875772823203e+00
1.198091218957961388e+02 0.000000000000000000e+00 1.533458263859172721e+00
1.197353218928450218e+02 0.000000000000000000e+00 1.526655944282952815e+00
1.197609818358885008e+02 0.000000000000000000e+00 1.549091794425344171e+00
1.198882265275707937e+02 0.000000000000000000e+00 1.586718507916365484e+00
1.199543093653627608e+02 0.000000000000000000e+00 1.598906611972672698e+00
1.201103126706113216e+02 0.000000000000000000e+00 1.611655427837865862e+00
1.201926340175001116e+02 0.000000000000000000e+00 1.635832435702586629e+00
1.200964129199805228e+02 0.000000000000000000e+00 1.610312670611323327e+00
1.200907320240220741e+02 0.000000000000000000e+00 1.623371353528795469e+00
1.199995647105694161e+02 0.000000000000000000e+00 1.628639093417538541e+00
1.198525770609847854e+02 0.000000000000000000e+00 1.594900473653922734e+00
1.195910935355830702e+02 0.000000000000000000e+00 1.546376768824423431e+00
1.194002375647400811e+02 0.000000000000000000e+00 1.522649805964203074e+00
1.192959230349264459e+02 0.000000000000000000e+00 1.491810656475483610e+00
1.193081037611957953e+02 0.000000000000000000e+00 1.509074677959599153e+00
1.193454206076345372e+02 0.000000000000000000e+00 1.539640849330834671e+00
1.193280164081981951e+02 0.000000000000000000e+00 1.524509008277876942e+00
1.192807985716604406e+02 0.000000000000000000e+00 1.504434049962373177e+00
1.192760841657936339e+02 0.000000000000000000e+00 1.520325803072110515e+00
1.191906567705950977e+02 0.000000000000000000e+00 1.518355933954051107e+00
1.192024759853034510e+02 0.000000000000000000e+00 1.506138318749907778e+00
1.191747797730592708e+02 0.000000000000000000e+00 1.519861002493692048e+00
1.191518127222558263e+02 0.000000000000000000e+00 1.521624293576898657e+00
1.191966696669666987e+02 0.000000000000000000e+00 1.520687314633102583e+00
1.192085183928228957e+02 0.000000000000000000e+00 1.548811438520901307e+00
1.192931416092428947e+02 0.000000000000000000e+00 1.559590385268035062e+00
1.193507399920319898e+02 0.000000000000000000e+00 1.551150196986911700e+00
1.193847294565522077e+02 0.000000000000000000e+00 1.529540658983931101e+00
1.193723126411001800e+02 0.000000000000000000e+00 1.515412196957400592e+00
1.194261483525401673e+02 0.000000000000000000e+00 1.477674816661993962e+00
1.193370394416490825e+02 0.000000000000000000e+00 1.474037567691195427e+00
1.193716191291260316e+02 0.000000000000000000e+00 1.434544274099541106e+00
1.192477755972318505e+02 0.000000000000000000e+00 1.412263357483289239e+00
1.190948045624234624e+02 0.000000000000000000e+00 1.370844461495329902e+00
1.190649835475350784e+02 0.000000000000000000e+00 1.373766065131103220e+00
1.191122235174337050e+02 0.000000000000000000e+00 1.401735255492762455e+00
1.190493205058210719e+02 0.000000000000000000e+00 1.453195319531953134e+00
1.189916335895884600e+02 0.000000000000000000e+00 1.482293311298342964e+00
1.189270410647622072e+02 0.000000000000000000e+00 1.448908825308760306e+00
1.188773147806583950e+02 0.000000000000000000e+00 1.479821752667070056e+00
1.188216272446916832e+02 0.000000000000000000e+00 1.467508226232459245e+00
1.187933112983429425e+02 0.000000000000000000e+00 1.468791961163329551e+00
1.187049696772955940e+02 0.000000000000000000e+00 1.418379542872320043e+00
1.186869678771155776e+02 0.000000000000000000e+00 1.408500686134187108e+00
1.186525136120169464e+02 0.000000000000000000e+00 1.352599194345664113e+00
1.186527718345605109e+02 0.000000000000000000e+00 1.353595195585132194e+00
1.187349456257101110e+02 0.000000000000000000e+00 1.381711941685971778e+00
1.187840669312832915e+02 0.000000000000000000e+00 1.388019949535937103e+00
1.187700712694220186e+02 0.000000000000000000e+00 1.404789659293798287e+00
1.187525268920334724e+02 0.000000000000000000e+00 1.409622109751958785e+00
1.187849079989966157e+02 0.000000000000000000e+00 1.409533576308450442e+00
1.187501364890587467e+02 0.000000000000000000e+00 1.461214973956411978e+00
1.186997830930634024e+02 0.000000000000000000e+00 1.457865458677015225e+00
1.186034808398872684e+02 0.000000000000000000e+00 1.437052721665609267e+00
1.184913015891753076e+02 0.000000000000000000e+00 1.420083811659854423e+00
1.184535051865842377e+02 0.000000000000000000e+00 1.413805314957725212e+00
1.185277626123268107e+02 0.000000000000000000e+00 1.444356730755042673e+00
1.186030676838175566e+02 0.000000000000000000e+00 1.443353351728615452e+00
1.186902805034601869e+02 0.000000000000000000e+00 1.465110445470776623e+00
1.186792802231042714e+02 0.000000000000000000e+00 1.472960410795177921e+00
1.187621401484410768e+02 0.000000000000000000e+00 1.475151613522007965e+00
1.187475395080491722e+02 0.000000000000000000e+00 1.486933939295568941e+00
1.186020643047911278e+02 0.000000000000000000e+00 1.428007554853846006e+00
1.185685470186362949e+02 0.000000000000000000e+00 1.411673134526567397e+00
1.185956308745628718e+02 0.000000000000000000e+00 1.428767466910625394e+00
1.186239910876333568e+02 0.000000000000000000e+00 1.420105945020731619e+00
1.187962107686178399e+02 0.000000000000000000e+00 1.404243703058830395e+00
1.189808251316934928e+02 0.000000000000000000e+00 1.427646043292853939e+00
1.192079207920792072e+02 0.000000000000000000e+00 1.430707824880848689e+00
1.193456050523085139e+02 0.000000000000000000e+00 1.445109265024863143e+00
1.194029230791931582e+02 0.000000000000000000e+00 1.442416372784819378e+00
1.193857402133655938e+02 0.000000000000000000e+00 1.466180224579834990e+00
1.193813725634858542e+02 0.000000000000000000e+00 1.501209957061279798e+00
1.193248144486579747e+02 0.000000000000000000e+00 1.512520104469463389e+00
1.192366425167106883e+02 0.000000000000000000e+00 1.521277537589824647e+00
1.191643475822992144e+02 0.000000000000000000e+00 1.507857343111360215e+00
1.191756724852813107e+02 0.000000000000000000e+00 1.495514305528913512e+00
1.193264744507237651e+02 0.000000000000000000e+00 1.479873397175783145e+00
1.194105517109087913e+02 0.000000000000000000e+00 1.481134998745776254e+00
1.194129716250313606e+02 0.000000000000000000e+00 1.458116303433621974e+00
1.194117985569048699e+02 0.000000000000000000e+00 1.457976125481400542e+00
1.195489442386861612e+02 0.000000000000000000e+00 1.453689631258207715e+00
1.195447979224151993e+02 0.000000000000000000e+00 1.447927579643210283e+00
1.194698027179767195e+02 0.000000000000000000e+00 1.451461539596582639e+00
1.194625651089699119e+02 0.000000000000000000e+00 1.460617373212731218e+00
1.194403063257145448e+02 0.000000000000000000e+00 1.477490371988018580e+00
1.195090230334508874e+02 0.000000000000000000e+00 1.485473137477682171e+00
1.196109619158637116e+02 0.000000000000000000e+00 1.522229272107538556e+00
1.196434241784834285e+02 0.000000000000000000e+00 1.533849286568001125e+00
1.200545144678402210e+02 0.000000000000000000e+00 1.588680999247465753e+00
1.201399271074648425e+02 0.000000000000000000e+00 1.599194345664074701e+00
1.202001667379852705e+02 0.000000000000000000e+00 1.624913311003231442e+00
1.202386271414026595e+02 0.000000000000000000e+00 1.632630476162370226e+00
1.202230600109191272e+02 0.000000000000000000e+00 1.605731064909769579e+00
1.201845922297147808e+02 0.000000000000000000e+00 1.606372932375204732e+00
1.202073010579746466e+02 0.000000000000000000e+00 1.610047070280798520e+00
1.201824305381357760e+02 0.000000000000000000e+00 1.597600743680925417e+00
1.202707574036092097e+02 0.000000000000000000e+00 1.594111050449307232e+00
1.202815953726520206e+02 0.000000000000000000e+00 1.599467323781558425e+00
1.202993094391406288e+02 0.000000000000000000e+00 1.592037892313821645e+00
1.202365687388411004e+02 0.000000000000000000e+00 1.584519927402576300e+00
1.202023210517773038e+02 0.000000000000000000e+00 1.608800224284723468e+00
1.201840241401189360e+02 0.000000000000000000e+00 1.653716191291260351e+00
1.202116391967065567e+02 0.000000000000000000e+00 1.686237476206636998e+00
1.201227073527024771e+02 0.000000000000000000e+00 1.666251051334641575e+00
1.199500745156482822e+02 0.000000000000000000e+00 1.668361098404922416e+00
1.198009473078455329e+02 0.000000000000000000e+00 1.648625518289533964e+00
1.198079119387348612e+02 0.000000000000000000e+00 1.652188989390742435e+00
1.198750940667837313e+02 0.000000000000000000e+00 1.695968777205589362e+00
1.199718537427513212e+02 0.000000000000000000e+00 1.694618642192088132e+00
1.200503533959953302e+02 0.000000000000000000e+00 1.739719053872600396e+00
1.202979371707662608e+02 0.000000000000000000e+00 1.694507975387702814e+00
1.206212244175237203e+02 0.000000000000000000e+00 1.733853713240176564e+00
1.207905667615941923e+02 0.000000000000000000e+00 1.694670286700801221e+00
1.208488439007835211e+02 0.000000000000000000e+00 1.673141904354369824e+00
1.208551814197813172e+02 0.000000000000000000e+00 1.703641675642974196e+00
1.207023062962033890e+02 0.000000000000000000e+00 1.658386330436322220e+00
1.206360759026722320e+02 0.000000000000000000e+00 1.668670965457201394e+00
1.205488778386035307e+02 0.000000000000000000e+00 1.675908574464003875e+00
1.204585368372902821e+02 0.000000000000000000e+00 1.680128668604565334e+00
1.204473668678343188e+02 0.000000000000000000e+00 1.698093579849788259e+00
1.204427262398370999e+02 0.000000000000000000e+00 1.695828599253367930e+00
1.204566407460418134e+02 0.000000000000000000e+00 1.668412742913635727e+00
1.204917516341798063e+02 0.000000000000000000e+00 1.687963878355048575e+00
1.204665417361408259e+02 0.000000000000000000e+00 1.672433636806303525e+00
1.203869796815747151e+02 0.000000000000000000e+00 1.664893538534181205e+00
1.201686635876702383e+02 0.000000000000000000e+00 1.621822018267400578e+00
1.200158548641749405e+02 0.000000000000000000e+00 1.627805403491168867e+00
1.199009015655663859e+02 0.000000000000000000e+00 1.601938882412831555e+00
1.198652594767673492e+02 0.000000000000000000e+00 1.604358796535391152e+00
1.198323840580779347e+02 0.000000000000000000e+00 1.610334803972200524e+00
1.199107214000088533e+02 0.000000000000000000e+00 1.636511192102816814e+00
1.199210798128993218e+02 0.000000000000000000e+00 1.585670862168184092e+00
1.199718611205382786e+02 0.000000000000000000e+00 1.619261926192619327e+00
1.199559177229198355e+02 0.000000000000000000e+00 1.627679981112865493e+00
1.198591949358870323e+02 0.000000000000000000e+00 1.609906892328577088e+00
1.198138363016629597e+02 0.000000000000000000e+00 1.572390845641941315e+00
1.197983281934750863e+02 0.000000000000000000e+00 1.566141860087648219e+00
1.197551681397647911e+02 0.000000000000000000e+00 1.541109028935680358e+00
1.195825721916453972e+02 0.000000000000000000e+00 1.517485355092886401e+00
1.194499933599917370e+02 0.000000000000000000e+00 1.498996620973572780e+00
1.192493101769193373e+02 0.000000000000000000e+00 1.477187882722698520e+00
1.191036726623482025e+02 0.000000000000000000e+00 1.493736258871788847e+00
1.190740213365598805e+02 0.000000000000000000e+00 1.458787682046893242e+00
1.189339688067167344e+02 0.000000000000000000e+00 1.470267518555134156e+00
1.188618435614053226e+02 0.000000000000000000e+00 1.439214413244603197e+00
1.187348054477578927e+02 0.000000000000000000e+00 1.444068997063640891e+00
1.185818270351625330e+02 0.000000000000000000e+00 1.394829646899116149e+00
1.185243466969647841e+02 0.000000000000000000e+00 1.396260937569166805e+00
1.184690944504286563e+02 0.000000000000000000e+00 1.389052839710200438e+00
1.184725177435776402e+02 0.000000000000000000e+00 1.381667674964217829e+00
1.185238671408124418e+02 0.000000000000000000e+00 1.413569225775036520e+00
1.185510837969042797e+02 0.000000000000000000e+00 1.399116141122308976e+00
1.186103421817591652e+02 0.000000000000000000e+00 1.396792138230216418e+00
1.186547195703176811e+02 0.000000000000000000e+00 1.379321538711248074e+00
1.186978943796018910e+02 0.000000000000000000e+00 1.399123518909267894e+00
1.186617579790765973e+02 0.000000000000000000e+00 1.406752150624898556e+00
1.185824910359888378e+02 0.000000000000000000e+00 1.406479172507414610e+00
1.183767614466364648e+02 0.000000000000000000e+00 1.380575762494282266e+00
1.182394386979681542e+02 0.000000000000000000e+00 1.413635625857667666e+00
1.180246713195909791e+02 0.000000000000000000e+00 1.383866255478006790e+00
1.178120139882840789e+02 0.000000000000000000e+00 1.391568665063227739e+00
1.176479024951675427e+02 0.000000000000000000e+00 1.361622227796550177e+00
1.176310147408183440e+02 0.000000000000000000e+00 1.340064334302282667e+00
1.176023372829086213e+02 0.000000000000000000e+00 1.344690206725590587e+00
1.174999852444260853e+02 0.000000000000000000e+00 1.336751707957680946e+00
1.174937805255935359e+02 0.000000000000000000e+00 1.345162385090968193e+00
1.174559619896415938e+02 0.000000000000000000e+00 1.356147909872954527e+00
1.174127502914225829e+02 0.000000000000000000e+00 1.356029865281610070e+00
1.173431482492511577e+02 0.000000000000000000e+00 1.344542650986410015e+00
1.173118000324622585e+02 0.000000000000000000e+00 1.323206091100913362e+00
1.173461583863304298e+02 0.000000000000000000e+00 1.322099423057059742e+00
1.174257573298313417e+02 0.000000000000000000e+00 1.344631184429918358e+00
1.174546487435628848e+02 0.000000000000000000e+00 1.359482669578433223e+00
1.175217202048073659e+02 0.000000000000000000e+00 1.338271532071239944e+00
1.174407416151451145e+02 0.000000000000000000e+00 1.345354207551902714e+00
1.174361157427218103e+02 0.000000000000000000e+00 1.360036003600360033e+00
1.174459577105251498e+02 0.000000000000000000e+00 1.352399994097770453e+00
1.173056469581384391e+02 0.000000000000000000e+00 1.343908161307934002e+00
1.169865207832258704e+02 0.000000000000000000e+00 1.303485266559442746e+00
1.167998406398016868e+02 0.000000000000000000e+00 1.294174499417154900e+00
1.166067860884449061e+02 0.000000000000000000e+00 1.296151746322173226e+00
1.165117897035605239e+02 0.000000000000000000e+00 1.288810848297944567e+00
1.164970562630033442e+02 0.000000000000000000e+00 1.297701081583568117e+00
1.164439657080462212e+02 0.000000000000000000e+00 1.304060733942246753e+00
1.164136798925794238e+02 0.000000000000000000e+00 1.314315857815289812e+00
1.164016762331970938e+02 0.000000000000000000e+00 1.293658054330023122e+00
1.163300674329728110e+02 0.000000000000000000e+00 1.259513656283661076e+00
1.163642856088887640e+02 0.000000000000000000e+00 1.254290183116672397e+00
1.163957961369907537e+02 0.000000000000000000e+00 1.250571778489324437e+00
1.163455165188649971e+02 0.000000000000000000e+00 1.230814065013058789e+00
1.162981585043750243e+02 0.000000000000000000e+00 1.238177096398164423e+00
1.163297723214944455e+02 0.000000000000000000e+00 1.256710097239232216e+00
1.163623083619837359e+02 0.000000000000000000e+00 1.251530890793997486e+00
1.164768632600965077e+02 0.000000000000000000e+00 1.283875108822357669e+00
1.165419869855838044e+02 0.000000000000000000e+00 1.285881866875212109e+00
1.166049342639181958e+02 0.000000000000000000e+00 1.308162783491463976e+00
1.166605627775892344e+02 0.000000000000000000e+00 1.329550987885673718e+00
1.166420961768308047e+02 0.000000000000000000e+00 1.343347449499048274e+00
1.165832878369804178e+02 0.000000000000000000e+00 1.351448259580056321e+00
1.164866904723259182e+02 0.000000000000000000e+00 1.362463295509878769e+00
1.163747841997314509e+02 0.000000000000000000e+00 1.351278570479998775e+00
1.162298918416431803e+02 0.000000000000000000e+00 1.342181759159522425e+00
1.161229729530330133e+02 0.000000000000000000e+00 1.324969382184119970e+00
1.161407534196042519e+02 0.000000000000000000e+00 1.293894143512712036e+00
1.161850570302931942e+02 0.000000000000000000e+00 1.292780097681899276e+00
1.162529252925292553e+02 0.000000000000000000e+00 1.277050655885260566e+00
1.163647208983193337e+02 0.000000000000000000e+00 1.287246757462631619e+00
1.164657596907231749e+02 0.000000000000000000e+00 1.325493205058210666e+00
1.166022487494651045e+02 0.000000000000000000e+00 1.275575098493455961e+00
1.165169025099231277e+02 0.000000000000000000e+00 1.265386374703044048e+00
1.164264065750837318e+02 0.000000000000000000e+00 1.261985214914934206e+00
1.163841982558911639e+02 0.000000000000000000e+00 1.281078927564887726e+00
1.164306119136503810e+02 0.000000000000000000e+00 1.268189933747473130e+00
1.164686665387850297e+02 0.000000000000000000e+00 1.285579377609892049e+00
1.164655900016231129e+02 0.000000000000000000e+00 1.314994614215519997e+00
1.165346091986247785e+02 0.000000000000000000e+00 1.291636540703250624e+00
1.165903631346741207e+02 0.000000000000000000e+00 1.273214206666568371e+00
1.166266028242168460e+02 0.000000000000000000e+00 1.293089964734178254e+00
1.165902524678697318e+02 0.000000000000000000e+00 1.255500140177952195e+00
1.165040651606144166e+02 0.000000000000000000e+00 1.254393472134098575e+00
1.163273819185197198e+02 0.000000000000000000e+00 1.219304717356981538e+00
1.162324814448657975e+02 0.000000000000000000e+00 1.230164819760664496e+00
1.162266161042333721e+02 0.000000000000000000e+00 1.249110976671437667e+00
1.162915627628336637e+02 0.000000000000000000e+00 1.258495521683315799e+00
1.163585383128476849e+02 0.000000000000000000e+00 1.273347006831830663e+00
1.164152513612016975e+02 0.000000000000000000e+00 1.276017765710997232e+00
1.164190582992725496e+02 0.000000000000000000e+00 1.288589514689173932e+00
1.163888241283144680e+02 0.000000000000000000e+00 1.289947027489634301e+00
1.163010210857151350e+02 0.000000000000000000e+00 1.265489663720470448e+00
1.162722108276401372e+02 0.000000000000000000e+00 1.261026102610260935e+00
1.163271605849109562e+02 0.000000000000000000e+00 1.245067949417892672e+00
1.164376355668353682e+02 0.000000000000000000e+00 1.234539847427365666e+00
1.165993861681250081e+02 0.000000000000000000e+00 1.260598190966637722e+00
1.167181906715261732e+02 0.000000000000000000e+00 1.284465331779079511e+00
1.168417095807941450e+02 0.000000000000000000e+00 1.302555665402605811e+00
1.168297206769857297e+02 0.000000000000000000e+00 1.308487406117661012e+00
1.166506691652771792e+02 0.000000000000000000e+00 1.287763202549763175e+00
1.164994245326171978e+02 0.000000000000000000e+00 1.264973218633338670e+00
1.164574891915421091e+02 0.000000000000000000e+00 1.268964601378170576e+00
1.164274837319797484e+02 0.000000000000000000e+00 1.277581856546310402e+00
1.164975800858774448e+02 0.000000000000000000e+00 1.301441619571793273e+00
1.164568104351418754e+02 0.000000000000000000e+00 1.293849876790957865e+00
1.165630800784996524e+02 0.000000000000000000e+00 1.316374260376857341e+00
1.166661330067432942e+02 0.000000000000000000e+00 1.360921338035442796e+00
1.167228091661625200e+02 0.000000000000000000e+00 1.368136813681368080e+00
1.167562969411695235e+02 0.000000000000000000e+00 1.358044001121423650e+00
1.167381844741851182e+02 0.000000000000000000e+00 1.367738413185580759e+00
1.167782311017987098e+02 0.000000000000000000e+00 1.354067373950509801e+00
1.168103539862182885e+02 0.000000000000000000e+00 1.369907482551533828e+00
1.168042230452553412e+02 0.000000000000000000e+00 1.384161366956367711e+00
1.169039928583022174e+02 0.000000000000000000e+00 1.384781101060925668e+00
1.170184592229714724e+02 0.000000000000000000e+00 1.380671673724749526e+00
1.171994068259284916e+02 0.000000000000000000e+00 1.383342432603916095e+00
1.173909415531717144e+02 0.000000000000000000e+00 1.417818831063434315e+00
1.175347272432161247e+02 0.000000000000000000e+00 1.423706305056735122e+00
1.174879963406176699e+02 0.000000000000000000e+00 1.403941213793510556e+00
1.175191527349456209e+02 0.000000000000000000e+00 1.436440365348010229e+00
1.175085803662333461e+02 0.000000000000000000e+00 1.429512623393486948e+00
1.174596582609080571e+02 0.000000000000000000e+00 1.398577562674300223e+00
1.173955379144471891e+02 0.000000000000000000e+00 1.372799575039471254e+00
1.173921810213808214e+02 0.000000000000000000e+00 1.380494606837733063e+00
1.173471322542090292e+02 0.000000000000000000e+00 1.399145652270145090e+00
1.172568133862566526e+02 0.000000000000000000e+00 1.406560328163964035e+00
1.171246108217379174e+02 0.000000000000000000e+00 1.418807454515943478e+00
1.170949521181626380e+02 0.000000000000000000e+00 1.414410293488365333e+00
1.169937731478065785e+02 0.000000000000000000e+00 1.423145593247849394e+00
1.169058741939767714e+02 0.000000000000000000e+00 1.405497926841864587e+00
1.167040326983517957e+02 0.000000000000000000e+00 1.398666096117808566e+00
1.165906434905785716e+02 0.000000000000000000e+00 1.310184297118236474e+00
1.165278585235572706e+02 0.000000000000000000e+00 1.319937731478065812e+00
1.165988771008248364e+02 0.000000000000000000e+00 1.328621386728836784e+00
1.165290906139794345e+02 0.000000000000000000e+00 1.306591314869191889e+00
1.165361364005252938e+02 0.000000000000000000e+00 1.273347006831830663e+00
1.165876407312862426e+02 0.000000000000000000e+00 1.282082306591314946e+00
1.166244189992769833e+02 0.000000000000000000e+00 1.305337091086157697e+00
1.165828820586976775e+02 0.000000000000000000e+00 1.302400731876466322e+00
1.164422688170456439e+02 0.000000000000000000e+00 1.286855734753803215e+00
1.164110902893568067e+02 0.000000000000000000e+00 1.287357424267016937e+00
1.163789378937893844e+02 0.000000000000000000e+00 1.279337769842558092e+00
1.163306871670773575e+02 0.000000000000000000e+00 1.257388853639462400e+00
1.161762184415162835e+02 0.000000000000000000e+00 1.265083885437724209e+00
1.159739047675259371e+02 0.000000000000000000e+00 1.247259152144722716e+00
1.157366425167106883e+02 0.000000000000000000e+00 1.246196750822623267e+00
1.156066901772144462e+02 0.000000000000000000e+00 1.226387392837644530e+00
1.155288987915185004e+02 0.000000000000000000e+00 1.226121792507119501e+00
1.154845361585338850e+02 0.000000000000000000e+00 1.213402487789762674e+00
1.154684009384545078e+02 0.000000000000000000e+00 1.233971757831520799e+00
1.153877617269923661e+02 0.000000000000000000e+00 1.220972097209720886e+00
1.153269171179413064e+02 0.000000000000000000e+00 1.223141166575673955e+00
1.152920423189859918e+02 0.000000000000000000e+00 1.217032358973602291e+00
1.151937628189048439e+02 0.000000000000000000e+00 1.208201147983650747e+00
1.152193637396526498e+02 0.000000000000000000e+00 1.201229139307373295e+00
1.151822977379705151e+02 0.000000000000000000e+00 1.206437856900444139e+00
1.152237830340411051e+02 0.000000000000000000e+00 1.209750483245045860e+00
1.152334405571704679e+02 0.000000000000000000e+00 1.235624382110342090e+00
1.152242552124064900e+02 0.000000000000000000e+00 1.237572117867524524e+00
1.152810051496953037e+02 0.000000000000000000e+00 1.261557303271310770e+00
1.152904487170028460e+02 0.000000000000000000e+00 1.243053813578079092e+00
1.152329019787224667e+02 0.000000000000000000e+00 1.257816765283085614e+00
1.151310073630313866e+02 0.000000000000000000e+00 1.236022782606129411e+00
1.149099983768868753e+02 0.000000000000000000e+00 1.228327750807867602e+00
1.146487878296026395e+02 0.000000000000000000e+00 1.197009045166811836e+00
1.143803986956072691e+02 0.000000000000000000e+00 1.166405984860781064e+00
1.140709374216110206e+02 0.000000000000000000e+00 1.145534225553702878e+00
1.139465184223340373e+02 0.000000000000000000e+00 1.132586209440616276e+00
1.140630948340735671e+02 0.000000000000000000e+00 1.177620221038497395e+00
1.140839887267415236e+02 0.000000000000000000e+00 1.215128889938174250e+00
1.140652934145873587e+02 0.000000000000000000e+00 1.215387112481739917e+00
1.140530905549571372e+02 0.000000000000000000e+00 1.243585014239128927e+00
1.140648728807306895e+02 0.000000000000000000e+00 1.278290124094376701e+00
1.140413893848401301e+02 0.000000000000000000e+00 1.227980994820793592e+00
1.140260214546044750e+02 0.000000000000000000e+00 1.206157500996001275e+00
1.139260229301618637e+02 0.000000000000000000e+00 1.174056749937288702e+00
1.139782060173230462e+02 0.000000000000000000e+00 1.176779153325168581e+00
1.139998303108999380e+02 0.000000000000000000e+00 1.165277183456050469e+00
1.138990202298918462e+02 0.000000000000000000e+00 1.174890439863658598e+00
1.137792935031207975e+02 0.000000000000000000e+00 1.186289120715350309e+00
1.136419486210916148e+02 0.000000000000000000e+00 1.170094878340293132e+00
1.136066901772144462e+02 0.000000000000000000e+00 1.195444954331498666e+00
1.135083000103288953e+02 0.000000000000000000e+00 1.200181493559191903e+00
1.133230806687226107e+02 0.000000000000000000e+00 1.187506455563589247e+00
1.129829130454028956e+02 0.000000000000000000e+00 1.143837334553127416e+00
1.126075607560756140e+02 0.000000000000000000e+00 1.098279500081155602e+00
1.124090392645821908e+02 0.000000000000000000e+00 1.090562334922016818e+00
1.123410160688199966e+02 0.000000000000000000e+00 1.094612739962520953e+00
1.123990128521048888e+02 0.000000000000000000e+00 1.106527865901344221e+00
1.124722300098862320e+02 0.000000000000000000e+00 1.099622257307697915e+00
1.124450576205161525e+02 0.000000000000000000e+00 1.105487597940121969e+00
1.124227103038172686e+02 0.000000000000000000e+00 1.065654926148352555e+00
1.124145799825884211e+02 0.000000000000000000e+00 1.073740980655442545e+00
1.123379542872320087e+02 0.000000000000000000e+00 1.078388986439627661e+00
1.122349530034970684e+02 0.000000000000000000e+00 1.088614599164834607e+00
1.121079517787844395e+02 0.000000000000000000e+00 1.056285136710392258e+00
1.119911983001578903e+02 0.000000000000000000e+00 1.060896253559782121e+00
1.119488424252261325e+02 0.000000000000000000e+00 1.066282038039869651e+00
1.119061840610290517e+02 0.000000000000000000e+00 1.050493573947558712e+00
1.118679302356465115e+02 0.000000000000000000e+00 1.013257883165365802e+00
1.118209779994392932e+02 0.000000000000000000e+00 1.010572368712280955e+00
1.117759439878414014e+02 0.000000000000000000e+00 1.008816455416033486e+00
1.117311903321479747e+02 0.000000000000000000e+00 1.001866580100633008e+00
1.114538666981452195e+02 0.000000000000000000e+00 9.921352791016806449e-01
1.109569727464549800e+02 0.000000000000000000e+00 9.753360581959835685e-01
1.106736288382936664e+02 0.000000000000000000e+00 9.727759661212023179e-01
1.105636629236694120e+02 0.000000000000000000e+00 9.635611102093816216e-01
1.104705331188856547e+02 0.000000000000000000e+00 9.718389871774062438e-01
1.104192574995204410e+02 0.000000000000000000e+00 9.369051659264286958e-01
1.104045166811763181e+02 0.000000000000000000e+00 9.191173215682223452e-01
1.104441280193593116e+02 0.000000000000000000e+00 8.938557790205250431e-01
1.104422688170456439e+02 0.000000000000000000e+00 8.738103318528573915e-01
1.104764943707485543e+02 0.000000000000000000e+00 8.796166501896091061e-01
1.104175310973720343e+02 0.000000000000000000e+00 8.596302253176136832e-01
1.103201295539389974e+02 0.000000000000000000e+00 8.917752430980803169e-01
1.101815452037006935e+02 0.000000000000000000e+00 8.785542488675096573e-01
1.101359799914417721e+02 0.000000000000000000e+00 8.966814714258311003e-01
1.100490180165557490e+02 0.000000000000000000e+00 9.033583686237476318e-01
1.100698012424193308e+02 0.000000000000000000e+00 8.862566584527304947e-01
1.102072272801050588e+02 0.000000000000000000e+00 8.704534387865016098e-01
1.102315001992002550e+02 0.000000000000000000e+00 8.801847397854539734e-01
1.102761431880893070e+02 0.000000000000000000e+00 8.806569181508314692e-01
1.103227265349485720e+02 0.000000000000000000e+00 8.750498000619734151e-01
1.103045181567337067e+02 0.000000000000000000e+00 8.706378834604772132e-01
1.102298401971344646e+02 0.000000000000000000e+00 8.529459503327382341e-01
1.099854288707559249e+02 0.000000000000000000e+00 8.535656844372961904e-01
1.098169423499727060e+02 0.000000000000000000e+00 8.520827492585324459e-01
1.097786147467205780e+02 0.000000000000000000e+00 8.624190287881247086e-01
1.097545115167254437e+02 0.000000000000000000e+00 8.516327042540319248e-01
1.097677251331690513e+02 0.000000000000000000e+00 8.598220477785483151e-01
1.098618435614053226e+02 0.000000000000000000e+00 8.871641262486904544e-01
1.098916571985067350e+02 0.000000000000000000e+00 9.062725944725620320e-01
1.099435009074677936e+02 0.000000000000000000e+00 8.921957769547446127e-01
1.099773575718227505e+02 0.000000000000000000e+00 8.978619173392748953e-01
1.100429682312493611e+02 0.000000000000000000e+00 8.981644066045948449e-01
1.101219917073674566e+02 0.000000000000000000e+00 9.141963376665535046e-01
1.102433710584173241e+02 0.000000000000000000e+00 9.164391849020967484e-01
1.102950229449174486e+02 0.000000000000000000e+00 9.421876613890897145e-01
1.102430538135780722e+02 0.000000000000000000e+00 9.319546708769237409e-01
1.102911274734030798e+02 0.000000000000000000e+00 9.243555503091293035e-01
1.105205102477460883e+02 0.000000000000000000e+00 9.420622390107863398e-01
1.106532071239910806e+02 0.000000000000000000e+00 9.720676985731360187e-01
1.107602071682578071e+02 0.000000000000000000e+00 9.716028979947175515e-01
1.107585914329137893e+02 0.000000000000000000e+00 9.707175635596346774e-01
1.108129731005887493e+02 0.000000000000000000e+00 9.886234525091853742e-01
1.108488807897183221e+02 0.000000000000000000e+00 9.996015995042126789e-01
1.107604211240796275e+02 0.000000000000000000e+00 9.945994599459946350e-01
1.106221982854023054e+02 0.000000000000000000e+00 9.914934116362456029e-01
1.104956766168420188e+02 0.000000000000000000e+00 9.705331188856590741e-01
1.105067137861327069e+02 0.000000000000000000e+00 9.634873323397913358e-01
1.104612075961694586e+02 0.000000000000000000e+00 9.575703471986543036e-01
1.106711351463015092e+02 0.000000000000000000e+00 9.453453542075519467e-01
1.106855882309542380e+02 0.000000000000000000e+00 9.306930693069307425e-01
1.107147895117380614e+02 0.000000000000000000e+00 9.649924008794321661e-01
1.107797878148470545e+02 0.000000000000000000e+00 9.466733558601762022e-01
1.108552847087987487e+02 0.000000000000000000e+00 9.641291998052263779e-01
1.108563766212686801e+02 0.000000000000000000e+00 9.761033480397219853e-01
1.109355328975520507e+02 0.000000000000000000e+00 9.749671688480323617e-01
1.109394136134924906e+02 0.000000000000000000e+00 9.416785940889170758e-01
1.109654645792448093e+02 0.000000000000000000e+00 9.576146139204084751e-01
1.110986188782812718e+02 0.000000000000000000e+00 9.633176432397337896e-01
1.112087323486447019e+02 0.000000000000000000e+00 9.740965899868675448e-01
1.112997373507842553e+02 0.000000000000000000e+00 9.798807749627421737e-01
1.114475660680822244e+02 0.000000000000000000e+00 9.924082572191645912e-01
1.115522789983916425e+02 0.000000000000000000e+00 1.003836449218692417e+00
1.116550589485178051e+02 0.000000000000000000e+00 1.055370291127473381e+00
1.117421684791429897e+02 0.000000000000000000e+00 1.078270941848283204e+00
1.116652402945212543e+02 0.000000000000000000e+00 1.053547977748594544e+00
1.116551032152395635e+02 0.000000000000000000e+00 1.026028832391435941e+00
1.116986247805108405e+02 0.000000000000000000e+00 1.017699310914698119e+00
1.118539935960809260e+02 0.000000000000000000e+00 1.008964011155213836e+00
1.119211167018341229e+02 0.000000000000000000e+00 1.005009517345177184e+00
1.119645276003010110e+02 0.000000000000000000e+00 1.003851204792610474e+00
1.119386832125835554e+02 0.000000000000000000e+00 1.016777087544820102e+00
1.119193902996857020e+02 0.000000000000000000e+00 1.018901890189018999e+00
1.119923344793495801e+02 0.000000000000000000e+00 1.009650145342403160e+00
1.120729146685160345e+02 0.000000000000000000e+00 1.000877956648123845e+00
1.121343347449499106e+02 0.000000000000000000e+00 9.920541234451314416e-01
1.122774047896593004e+02 0.000000000000000000e+00 1.043757654453969952e+00
1.124244883504743910e+02 0.000000000000000000e+00 1.088976110725826674e+00
1.125892490888433173e+02 0.000000000000000000e+00 1.121549040149916632e+00
1.128078160275043871e+02 0.000000000000000000e+00 1.158733086423396452e+00
1.130074589426155711e+02 0.000000000000000000e+00 1.198573136002124784e+00
1.131340248778976303e+02 0.000000000000000000e+00 1.191114193386551667e+00
1.131844004072538468e+02 0.000000000000000000e+00 1.158164996827551585e+00
1.132712074486137084e+02 0.000000000000000000e+00 1.136061147098316404e+00
1.133266515176107845e+02 0.000000000000000000e+00 1.129967095070162797e+00
1.133847737232739661e+02 0.000000000000000000e+00 1.116524767230821391e+00
1.134696772955984159e+02 0.000000000000000000e+00 1.120043971610275690e+00
1.135519986424872059e+02 0.000000000000000000e+00 1.140414041404140377e+00
1.136360242581635163e+02 0.000000000000000000e+00 1.167682342004692231e+00
1.137215180534446830e+02 0.000000000000000000e+00 1.175178173555060379e+00
1.137778327013029127e+02 0.000000000000000000e+00 1.181390270174558443e+00
1.139421286390934114e+02 0.000000000000000000e+00 1.182865827566363270e+00
1.140609774092163349e+02 0.000000000000000000e+00 1.197636157058328710e+00
1.141443980463620136e+02 0.000000000000000000e+00 1.188627879181360703e+00
1.142522612917029363e+02 0.000000000000000000e+00 1.189594369272992891e+00
1.143235823582358250e+02 0.000000000000000000e+00 1.182607605022797381e+00
1.143313142789688754e+02 0.000000000000000000e+00 1.179663868026146867e+00
1.144220389252039922e+02 0.000000000000000000e+00 1.204940166147762337e+00
1.145135972613654758e+02 0.000000000000000000e+00 1.222034498531820335e+00
1.146850422747192795e+02 0.000000000000000000e+00 1.259462011774947987e+00
1.147994496170928613e+02 0.000000000000000000e+00 1.292307919316521891e+00
1.148357630845051744e+02 0.000000000000000000e+00 1.310641719909695802e+00
1.147945728999129358e+02 0.000000000000000000e+00 1.293075209160260197e+00
1.148911850201413642e+02 0.000000000000000000e+00 1.302895043602720904e+00
1.150294816366882600e+02 0.000000000000000000e+00 1.313231323132313166e+00
1.150621873662776125e+02 0.000000000000000000e+00 1.315725015124463271e+00
1.151004043027253516e+02 0.000000000000000000e+00 1.306244558882117657e+00
1.150530610438092936e+02 0.000000000000000000e+00 1.305838780599371418e+00
1.150626005223473101e+02 0.000000000000000000e+00 1.335718817783417611e+00
1.151654026058343590e+02 0.000000000000000000e+00 1.343827005651384798e+00
1.152269112157117377e+02 0.000000000000000000e+00 1.356826666273184712e+00
1.152673709993950268e+02 0.000000000000000000e+00 1.363466674536305989e+00
1.153331070811999268e+02 0.000000000000000000e+00 1.377772203449853183e+00
1.153398061117587190e+02 0.000000000000000000e+00 1.387828127075002582e+00
1.154084195304776443e+02 0.000000000000000000e+00 1.382117719968718239e+00
1.154612518628912028e+02 0.000000000000000000e+00 1.392793377698425594e+00
1.154884242522612965e+02 0.000000000000000000e+00 1.400200675805285400e+00
1.154912056779448477e+02 0.000000000000000000e+00 1.384751589913089775e+00
1.154954700388071558e+02 0.000000000000000000e+00 1.395132136164436210e+00
1.156440660459488612e+02 0.000000000000000000e+00 1.401403255079606280e+00
1.158047690014903139e+02 0.000000000000000000e+00 1.442394239423942404e+00
1.159424385061456917e+02 0.000000000000000000e+00 1.436705965678535035e+00
1.160129996606218015e+02 0.000000000000000000e+00 1.440962948753891748e+00
1.160229006507208140e+02 0.000000000000000000e+00 1.449071136621858935e+00
1.160878620648950204e+02 0.000000000000000000e+00 1.445242065190125658e+00
1.160527437989700559e+02 0.000000000000000000e+00 1.428900267075887909e+00
1.160679789290404500e+02 0.000000000000000000e+00 1.425410573844269724e+00
1.158969692051172302e+02 0.000000000000000000e+00 1.433540895073113886e+00
1.156971049563972826e+02 0.000000000000000000e+00 1.425904885570524305e+00
1.155714981334198939e+02 0.000000000000000000e+00 1.439103746440217879e+00
1.155517773088784281e+02 0.000000000000000000e+00 1.443633707633058316e+00
1.155896622449130149e+02 0.000000000000000000e+00 1.475387702704696657e+00
1.156590577090495913e+02 0.000000000000000000e+00 1.472783343908161235e+00
1.156387761726992380e+02 0.000000000000000000e+00 1.447721001608357483e+00
1.155679199067447769e+02 0.000000000000000000e+00 1.446629089138422142e+00
1.154881955408655614e+02 0.000000000000000000e+00 1.427432087471042221e+00
1.154011671658969220e+02 0.000000000000000000e+00 1.405387260037479047e+00
1.153702247273907773e+02 0.000000000000000000e+00 1.382051319886086871e+00
1.152912086290596250e+02 0.000000000000000000e+00 1.362780540349116887e+00
1.152185816942349987e+02 0.000000000000000000e+00 1.360589337622286843e+00
1.151908559708429891e+02 0.000000000000000000e+00 1.371589617978191233e+00
1.150825131693497241e+02 0.000000000000000000e+00 1.353890307063493337e+00
1.150063006300630093e+02 0.000000000000000000e+00 1.344572162134246129e+00
1.149435304186156372e+02 0.000000000000000000e+00 1.302651576633073072e+00
1.148763482905667672e+02 0.000000000000000000e+00 1.308059494474037576e+00
1.148248218264449463e+02 0.000000000000000000e+00 1.315186436676454518e+00
1.147112039072759728e+02 0.000000000000000000e+00 1.315540570450487667e+00
1.145858848179899923e+02 0.000000000000000000e+00 1.309675229818063835e+00
1.143428310044119200e+02 0.000000000000000000e+00 1.277478567528884001e+00
1.141789408449041616e+02 0.000000000000000000e+00 1.283616886278791780e+00
1.139690575614938552e+02 0.000000000000000000e+00 1.287350046480057797e+00
1.138556019536379864e+02 0.000000000000000000e+00 1.286376178601466691e+00
1.137258635699635505e+02 0.000000000000000000e+00 1.300084106771332904e+00
1.135145711292440751e+02 0.000000000000000000e+00 1.284649776453055114e+00
1.134525239409186810e+02 0.000000000000000000e+00 1.269702380074072989e+00
1.134003113426096689e+02 0.000000000000000000e+00 1.263069749597910629e+00
1.134765312596833411e+02 0.000000000000000000e+00 1.262228681884581816e+00
1.135330672411503485e+02 0.000000000000000000e+00 1.281647017160732371e+00
1.135443921441324449e+02 0.000000000000000000e+00 1.274601230614864855e+00
1.135713653332546329e+02 0.000000000000000000e+00 1.255463251243157163e+00
1.135921042923964563e+02 0.000000000000000000e+00 1.257492142656888579e+00
1.136535096132564036e+02 0.000000000000000000e+00 1.270853314839680781e+00
1.137122736863850321e+02 0.000000000000000000e+00 1.306052736421183136e+00
1.137493470658541241e+02 0.000000000000000000e+00 1.298055215357601266e+00
1.137759292322674867e+02 0.000000000000000000e+00 1.300098862345250961e+00
1.137369745171238407e+02 0.000000000000000000e+00 1.306406870195216285e+00
1.135766404509303413e+02 0.000000000000000000e+00 1.278319635242212815e+00
