1.844436102117524570e+02 1.468920955677124063e+01 3.987530237058538773e+01
1.841062855866919676e+02 1.496399464106285571e+01 3.987320903576345899e+01
1.841090580923672348e+02 1.497577313832756474e+01 3.983471028246064805e+01
1.842841446168732205e+02 1.508299839976182533e+01 3.992554240631163509e+01
1.844056882884894435e+02 1.528561460310371700e+01 4.000408432883033782e+01
1.843194894123776635e+02 1.539830114249562776e+01 3.989003014402143776e+01
1.841365877712031534e+02 1.555474303152097093e+01 3.927551077369655275e+01
1.842296620892412022e+02 1.566042387704216488e+01 3.922121432027092425e+01
1.842917736593353482e+02 1.573635145696103521e+01 3.897902013322913461e+01
1.841173849131033364e+02 1.576624427821815289e+01 3.867140225521938390e+01
1.839839417959882439e+02 1.586016523389527677e+01 3.841412675374939312e+01
1.837270942651929602e+02 1.590135275948048132e+01 3.833667336533809333e+01
1.834139127684120467e+02 1.607355513378735523e+01 3.818202709240445358e+01
1.832247125153511149e+02 1.622545681217669511e+01 3.811236090953072164e+01
1.831807338766700184e+02 1.617066726210412853e+01 3.818119906218599624e+01
1.832818466004242453e+02 1.615899110565293384e+01 3.809487923784005403e+01
1.834166573629563572e+02 1.615537196233858097e+01 3.819740612556287118e+01
1.837707751851438331e+02 1.604607197350303238e+01 3.793515313907186481e+01
1.839609151129470490e+02 1.589029064791038692e+01 3.764442149529232040e+01
1.840134531651222574e+02 1.576885862081798173e+01 3.758881321871162129e+01
1.841433887834468521e+02 1.582757433664545488e+01 3.753626586282609168e+01
1.842115198541178245e+02 1.604992370957537773e+01 3.755402664582635452e+01
1.838474377581779606e+02 1.620332328532618860e+01 3.765507424360835387e+01
1.836546741840646177e+02 1.615050612184139212e+01 3.757676491384764006e+01
1.835056566558743611e+02 1.581306985225707962e+01 3.751832830932976037e+01
1.832487160879758790e+02 1.580026794685720581e+01 3.743237132968627634e+01
1.830740668378549287e+02 1.588285698336496665e+01 3.746947452644114662e+01
1.831213575974098546e+02 1.595799374790666469e+01 3.755254735588552961e+01
1.831770216962524671e+02 1.601353689851512740e+01 3.761496594842022745e+01
1.832377842283502787e+02 1.585995124855792504e+01 3.760466674109635221e+01
1.832727754828625564e+02 1.563929515090618061e+01 3.761128167913363995e+01
1.834384280451043878e+02 1.562970302556659519e+01 3.764000223289047398e+01
1.833665010606229657e+02 1.593488333147259084e+01 3.727934390234825912e+01
1.832760224777641440e+02 1.610208961333779953e+01 3.699198020170444323e+01
1.832875125600089348e+02 1.624538535968144259e+01 3.703186520784488778e+01
1.832731104164340650e+02 1.657327602247776355e+01 3.703013471772543141e+01
1.832640486025827045e+02 1.693787912619552571e+01 3.720052286851996826e+01
1.832083100740575219e+02 1.696061739421681480e+01 3.758164936176547144e+01
1.831087603736370113e+02 1.698523501172267558e+01 3.802910200587994183e+01
1.830437181347921580e+02 1.711981318149678089e+01 3.823582114547281208e+01
1.830229150385173682e+02 1.713389899892077040e+01 3.844664322131666268e+01
1.828998455584086855e+02 1.698219269844814150e+01 3.830178445163931400e+01
1.827685050798258430e+02 1.681949871608797764e+01 3.806106955453834928e+01
1.827612016672248956e+02 1.682286665922369906e+01 3.818844665252503034e+01
1.827239403073945994e+02 1.688637378586580340e+01 3.816707602992073589e+01
1.827078727996725149e+02 1.681944289382605717e+01 3.812488370362100198e+01
1.827220051356480894e+02 1.651558371478545695e+01 3.795268132931413163e+01
1.828058036544974243e+02 1.644907148971009647e+01 3.797634066465706582e+01
1.829534442335603330e+02 1.627375237244613260e+01 3.796533437534888833e+01
1.830928138141490820e+02 1.619867143016634969e+01 3.789103494473596356e+01
1.832073238807636528e+02 1.612316251721186333e+01 3.776349968367384946e+01
1.830922462878195915e+02 1.604484388374083537e+01 3.761572885266644306e+01
1.829594172155855745e+02 1.592014625432622488e+01 3.744564772431245814e+01
1.828445163931375816e+02 1.585799746939079391e+01 3.731321871162219139e+01
1.828440884224628746e+02 1.576851438353615364e+01 3.713689479364370527e+01
1.828669569424286294e+02 1.563318261322615399e+01 3.703669383350079869e+01
1.828945982657884031e+02 1.555319861560790429e+01 3.699630642700309124e+01
1.826004242491905813e+02 1.561478917792415544e+01 3.724725540545569658e+01
1.821973782144319216e+02 1.563188009378139931e+01 3.740821889769640052e+01
1.818588348033195530e+02 1.557116408023519760e+01 3.756922890848870367e+01
1.816417420267202658e+02 1.586393323657474674e+01 3.768437162740500668e+01
1.815824308734323154e+02 1.609050649398980326e+01 3.779410889062557999e+01
1.820620464441219042e+02 1.587145993822336365e+01 3.767923597930855095e+01
1.824005433366826594e+02 1.562531167429570900e+01 3.761197945740761384e+01
1.825704569982509042e+02 1.545054147594060545e+01 3.744623385806259819e+01
1.826150403781027762e+02 1.531566558743626949e+01 3.724540396710207801e+01
1.826786684529790534e+02 1.534620966841576362e+01 3.729137359979159783e+01
1.822308994827137099e+02 1.576277399426891357e+01 3.724878121394812069e+01
1.818809032041978355e+02 1.590797700122809033e+01 3.704237840050612363e+01
1.816692624018458559e+02 1.605815749320829156e+01 3.700153511220274538e+01
1.815286554277845994e+02 1.638000074429682584e+01 3.702837631647501127e+01
1.815138718320866360e+02 1.643684641435004323e+01 3.712173904953295533e+01
1.818611700346098132e+02 1.618799077071936310e+01 3.722648952402217759e+01
1.821760820215101830e+02 1.585657400171188236e+01 3.716355922741989559e+01
1.821294983439395594e+02 1.570717502139853394e+01 3.709622827583640259e+01
1.821654292731941496e+02 1.579461129098284466e+01 3.711636150496818232e+01
1.820656748911465854e+02 1.583712924714376058e+01 3.732428082319228935e+01
1.818256112537680167e+02 1.595679356927542791e+01 3.708680361728256969e+01
1.816807338766700184e+02 1.611618473447210675e+01 3.700865245059729602e+01
1.817111942242566442e+02 1.619388001935171673e+01 3.711869673625842125e+01
1.817502418964683102e+02 1.631825201890513810e+01 3.718332961184920293e+01
1.817854843511592549e+02 1.642587733988314369e+01 3.721332477391983673e+01
1.819798667708682274e+02 1.636977596665550294e+01 3.728938260578318875e+01
1.821405232406683865e+02 1.612255777604108431e+01 3.738014960366194117e+01
1.822233727810650805e+02 1.585546686018384044e+01 3.733643146886978315e+01
1.821419094935060059e+02 1.575764764988277378e+01 3.707910944884820026e+01
1.821518179449964521e+02 1.561935729969111719e+01 3.703209780060288381e+01
1.822625786163522150e+02 1.593737672583826459e+01 3.693069666182874045e+01
1.822331881954523567e+02 1.596428305608276510e+01 3.679721632987235580e+01
1.821085277808790011e+02 1.605531055785047201e+01 3.669408470097874897e+01
1.818440698150422463e+02 1.609034833091437022e+01 3.653581928473074925e+01
1.816951174128242315e+02 1.609163224293848415e+01 3.651607681143239859e+01
1.813035335491794058e+02 1.662862379516951350e+01 3.649386885489933263e+01
1.810777511071415233e+02 1.712707937925644686e+01 3.657585315023631267e+01
1.809400934092516025e+02 1.753002307320159403e+01 3.669546165010606131e+01
1.808738044732239132e+02 1.759549328272115076e+01 3.658596628335379819e+01
1.809733262625134955e+02 1.730993450187935068e+01 3.640483234714003657e+01
1.811988575043727394e+02 1.692938483867366273e+01 3.643541364296081042e+01
1.813378735439693230e+02 1.666543857690447084e+01 3.644730378474935861e+01
1.813354638829965495e+02 1.645745413270812563e+01 3.649643667894756760e+01
1.812259406051133226e+02 1.641118678128837871e+01 3.646874883703620895e+01
1.810303300956421424e+02 1.608858992966395007e+01 3.630395221614379864e+01
1.809317851959361292e+02 1.559173458375200028e+01 3.655198913326634624e+01
1.807698820289531341e+02 1.557954672323322498e+01 3.688236388671802501e+01
1.806201946336198887e+02 1.567694726656990767e+01 3.706770309999627955e+01
1.805182166648059194e+02 1.574578541922518760e+01 3.723703993152469138e+01
1.803894719214022473e+02 1.580961817572848105e+01 3.732272710356890144e+01
1.802073890067358946e+02 1.582058725019537704e+01 3.629947713148003174e+01
1.799813274533884169e+02 1.595954746753005082e+01 3.557213166610844723e+01
1.800117040675821443e+02 1.591439656134866532e+01 3.521887908898068531e+01
1.800650050240035682e+02 1.583130512448364335e+01 3.500920136950615813e+01
1.800872036768263058e+02 1.564216069368464090e+01 3.481523761676156425e+01
1.804070931487477196e+02 1.516445238361058401e+01 3.532950020468162933e+01
1.805467232332254071e+02 1.498588627144505203e+01 3.579706747050723692e+01
1.805553942912433456e+02 1.483008633843176582e+01 3.603632168508801215e+01
1.805957072680585043e+02 1.459019947154925312e+01 3.600296788359197819e+01
1.806229206207435425e+02 1.438317330951583450e+01 3.597618250158163278e+01
1.807045327676677573e+02 1.432580663168471524e+01 3.594335901157381841e+01
1.807414778013471732e+02 1.437612109709352026e+01 3.586581258605932021e+01
1.805965539056975899e+02 1.413624353392132704e+01 3.571850694056789877e+01
1.802751107141528166e+02 1.385877898105764494e+01 3.536918983290536289e+01
1.800541103792192246e+02 1.363539689628223783e+01 3.515241338245692049e+01
1.796952848796100000e+02 1.363153585649957122e+01 3.521813479215511222e+01
1.795034423728182844e+02 1.376159242305831576e+01 3.522807115477652218e+01
1.794830393360872449e+02 1.374974879982136855e+01 3.531929403446094540e+01
1.794321945591902079e+02 1.364131405604555169e+01 3.527771575304231533e+01
1.794202392914294251e+02 1.377484090655353377e+01 3.535237802835771248e+01
1.797173532804882541e+02 1.384355811097465683e+01 3.562816791336384625e+01
1.799072513118231598e+02 1.379770942651929566e+01 3.573587696773473255e+01
1.800400989914778052e+02 1.369486621264560355e+01 3.581839157455993217e+01
1.800063823452792917e+02 1.357499720888690398e+01 3.580380335677868686e+01
1.799536117003461015e+02 1.346712999144058642e+01 3.557740686985970058e+01
1.801011685460161402e+02 1.343169215883294321e+01 3.524779502065423742e+01
1.801452867403520486e+02 1.347250753600535944e+01 3.478052547355885338e+01
1.801123236946894508e+02 1.331225112574894887e+01 3.454386699415726980e+01
1.800316140076662634e+02 1.325301440214357562e+01 3.422929924453872275e+01
1.798227922295411361e+02 1.321003126046667475e+01 3.412359979159688805e+01
1.793261322615458937e+02 1.321057087566521560e+01 3.420358378921513776e+01
1.790314837557217800e+02 1.333222619180529200e+01 3.451706300472628186e+01
1.789016783893416687e+02 1.333658032823490025e+01 3.460928138141490962e+01
1.788092088124744237e+02 1.305224963715529718e+01 3.453580998102042798e+01
1.787021696252465404e+02 1.283377060771835865e+01 3.429961668713482936e+01
1.786863347102824662e+02 1.281670760299207323e+01 3.420821703695433769e+01
1.786967734732611461e+02 1.285066614565888798e+01 3.413879275054891593e+01
1.785437646533437430e+02 1.258977150087454788e+01 3.395681217669606866e+01
1.784389118380410082e+02 1.207850470767742124e+01 3.366339176063414129e+01
1.784697164229094426e+02 1.193821405976703431e+01 3.343527408730601991e+01
1.785618789773361641e+02 1.199711584980090073e+01 3.349211975735923374e+01
1.785599065907483975e+02 1.191549439916638775e+01 3.372759666555022307e+01
1.784486249116147576e+02 1.193656730304045333e+01 3.370695173235085917e+01
1.783789587287410257e+02 1.199162666071229211e+01 3.355081686576606614e+01
1.783157214096981988e+02 1.195810539243050208e+01 3.348396970711920062e+01
1.780159186483569727e+02 1.210818354359718718e+01 3.339433776189944325e+01
1.776273957054073094e+02 1.238393621376204834e+01 3.343464143500428065e+01
1.775419783409623733e+02 1.242086264002083951e+01 3.344255889248632485e+01
1.775340794909009787e+02 1.254025715455323642e+01 3.357663466190316370e+01
1.774596870231848413e+02 1.250348889136987829e+01 3.352064493319935679e+01
1.775689311897584730e+02 1.249636224926500638e+01 3.364832905362658977e+01
1.776594190763276515e+02 1.253734509322317692e+01 3.412082728592162795e+01
1.776654013620631929e+02 1.256472591269398187e+01 3.436120724945108407e+01
1.779602173346730751e+02 1.256328383759443312e+01 3.449730192400729578e+01
1.780981634475828912e+02 1.257420639350973168e+01 3.457250381452123378e+01
1.782222656395370564e+02 1.256376763053105527e+01 3.444360090804212859e+01
1.782413382456923898e+02 1.260114993859551191e+01 3.419615942838003519e+01
1.781693368315284260e+02 1.245919392653790325e+01 3.400728480518030494e+01
1.780485374567377335e+02 1.239028134420006744e+01 3.382478322354955225e+01
1.779847791299170012e+02 1.244009340925160956e+01 3.373523501172267203e+01
1.781059971716720725e+02 1.246125004651855228e+01 3.372043280860407322e+01
1.780724014737077141e+02 1.233228201406721070e+01 3.367654720702616089e+01
1.780246362249264962e+02 1.233906441889025274e+01 3.364735216404302065e+01
1.781999925570317487e+02 1.242793345986379450e+01 3.391180082616947544e+01
1.782718172006996440e+02 1.257724870678426576e+01 3.402322206095791302e+01
1.780821517621227486e+02 1.264431915447880606e+01 3.395688660637862455e+01
1.779739030925533143e+02 1.264092330021212440e+01 3.381518179449964379e+01
1.778288396412489192e+02 1.261912470693312471e+01 3.367350489375162681e+01
1.778575601950057603e+02 1.267100219567563535e+01 3.358654311339362408e+01
1.777846004986788842e+02 1.266779241561534697e+01 3.354800714524952809e+01
1.776566279632317276e+02 1.246694391723419315e+01 3.350414015109225829e+01
1.774985579249004388e+02 1.219328458189125897e+01 3.338920211380298753e+01
1.774671485988612289e+02 1.209593986081649319e+01 3.332429943061293187e+01
1.773882717427710247e+02 1.210733690595809620e+01 3.338570391872278975e+01
1.773409809832160988e+02 1.201997506605634314e+01 3.329950504261099553e+01
1.776392021138029804e+02 1.152337092032302479e+01 3.315725131182315266e+01
1.776520877525957474e+02 1.123349521789289618e+01 3.299448289978042936e+01
1.776288284767965422e+02 1.117238844851326718e+01 3.310363402925086262e+01
1.775156395370473774e+02 1.132664396561348674e+01 3.312786089092330144e+01
1.774681068810241413e+02 1.147525213054966287e+01 3.319807599270588838e+01
1.769617896617170913e+02 1.168744185181050277e+01 3.342345837520002760e+01
1.768971288749953601e+02 1.196138029846302686e+01 3.374752521305496344e+01
1.768851829109448772e+02 1.208203081388857925e+01 3.388522012578616227e+01
1.767940344609430099e+02 1.211437981467009095e+01 3.403073945889620688e+01
1.766662573034126069e+02 1.200259573517918987e+01 3.385955118901417649e+01
1.763698410926277518e+02 1.196929775594507106e+01 3.356469800156302341e+01
1.761620427226377785e+02 1.219333110044285640e+01 3.362285549477131497e+01
1.760243105950653160e+02 1.264451453239551881e+01 3.374763685757880438e+01
1.759047207026162027e+02 1.330148673290908334e+01 3.420951025268877288e+01
1.759787968441814598e+02 1.359164154664880364e+01 3.439173272300993744e+01
1.762878940121320284e+02 1.365393919094934994e+01 3.479730936697554711e+01
1.766708998548621139e+02 1.370907297830374816e+01 3.518993524617617652e+01
1.766523761676156425e+02 1.360996985597856401e+01 3.524775780581295948e+01
1.766187618622306559e+02 1.359931710766253588e+01 3.531253954076886004e+01
1.764815600461463987e+02 1.365039447731755473e+01 3.541920657958393548e+01
1.763360872315879533e+02 1.398693759071117526e+01 3.481167429570913185e+01
1.762258754791410809e+02 1.410921625544266966e+01 3.449212906106955501e+01
1.762346674853931745e+02 1.413432696959547386e+01 3.411747795020654195e+01
1.762109244166573490e+02 1.417967325369357212e+01 3.388827174277101761e+01
1.763128558669197332e+02 1.425828960589483074e+01 3.392883591976480062e+01
1.764849745078337264e+02 1.406861486360760694e+01 3.385001488593650976e+01
1.764610918834431175e+02 1.390157604852815254e+01 3.377332440177142558e+01
1.764378419113542407e+02 1.384580960887201861e+01 3.372839678463771662e+01
1.763782516467567234e+02 1.383490566037735903e+01 3.383444977857169533e+01
1.762212701425328305e+02 1.366741096349224094e+01 3.375975028841502024e+01
1.758480890179003495e+02 1.339099772989468207e+01 3.324571098954262993e+01
1.754186483569647521e+02 1.299182203862900487e+01 3.289003014402143776e+01
1.750122715939116631e+02 1.295956607495068980e+01 3.255836217483532380e+01
1.747593409251609557e+02 1.312913549923709589e+01 3.250849428752186299e+01
1.744830858546388299e+02 1.337934018086412813e+01 3.268274347809906288e+01
1.744945945443042774e+02 1.336790592088124718e+01 3.292584012504186575e+01
1.745080849242677914e+02 1.342063004726284881e+01 3.314036507759294636e+01
1.747393751628149232e+02 1.354275985262922788e+01 3.344089352833910311e+01
1.750701034572587673e+02 1.385938372222842396e+01 3.373904022924342172e+01
1.753783539875702502e+02 1.421165010606229728e+01 3.405175654050835732e+01
1.754059673997990387e+02 1.418395296044062448e+01 3.410437832607644282e+01
1.749051486732909098e+02 1.412231587957277412e+01 3.360599717167206535e+01
1.746660526217855818e+02 1.420287670723084439e+01 3.323910535521566345e+01
1.744955435227568614e+02 1.424081723791448084e+01 3.301437423244389890e+01
1.744203602396635802e+02 1.407386215622790360e+01 3.288342450969446418e+01
1.746084626549067877e+02 1.413296862788880226e+01 3.289938967660302893e+01
1.748004726284842434e+02 1.413742510513192663e+01 3.291234044136801629e+01
1.749137359979159783e+02 1.424685534591194980e+01 3.284405120762159669e+01
1.746678575415875798e+02 1.419949015667448222e+01 3.289702653418183331e+01
1.743689572401473811e+02 1.400523798890997718e+01 3.262998213687618687e+01
1.740064009526999484e+02 1.387825164675672696e+01 3.270918462282758554e+01
1.737693517174649287e+02 1.361250976889583519e+01 3.268479959807971369e+01
1.733825685683450502e+02 1.323686316102861760e+01 3.271925123739347185e+01
1.728222153995013173e+02 1.263818800937814046e+01 3.226767704960738570e+01
1.718633191916936482e+02 1.179173644449406488e+01 3.140922369841092632e+01
1.717911968292955294e+02 1.105284507461575672e+01 3.050436344013992951e+01
1.718279092702169635e+02 1.074871608797588429e+01 3.022791299170108914e+01
1.720552547355885622e+02 1.101001079230397117e+01 3.035531800081872689e+01
1.723891555952513954e+02 1.135145696103606205e+01 3.066300100480071578e+01
1.724995162070633796e+02 1.143033381712626984e+01 3.062373934725168567e+01
1.724104424844628056e+02 1.139830114249562776e+01 3.065047821071043188e+01
1.722665326932380765e+02 1.142115105504075068e+01 3.059938223363477405e+01
1.722069610360611875e+02 1.152284991254512292e+01 3.053925235383871239e+01
1.721188176844925692e+02 1.136391462915410600e+01 3.034696326895165797e+01
1.720680287298574740e+02 1.119207509954970092e+01 3.018324587845632934e+01
1.722322950392616576e+02 1.105691079602545557e+01 3.044160991403371597e+01
1.723838338729485429e+02 1.113330356146031086e+01 3.088576904469502438e+01
1.724986509620036372e+02 1.113008447768970299e+01 3.109671206877302652e+01
1.725284321387369175e+02 1.120470023445350094e+01 3.135778348405344218e+01
1.725030423132745341e+02 1.127643184101819784e+01 3.147263778794983580e+01
1.726423746790219980e+02 1.098268579509508314e+01 3.142343976777939218e+01
1.727990863756465956e+02 1.069817833351940806e+01 3.127666443377619032e+01
1.731240463696922234e+02 1.055299393398087204e+01 3.127405939488668096e+01
1.734667020207658936e+02 1.017132782553682446e+01 3.129054556957314404e+01
1.736499106843809273e+02 9.261331919169364824e+00 3.074359904730006221e+01
1.732863775073499255e+02 9.427347326113654447e+00 3.027666443377619032e+01
1.728957705332886690e+02 9.762690260876038195e+00 3.012159019016784001e+01
1.727852982769528580e+02 1.024577611551486811e+01 3.023236016523389580e+01
1.727421569722005188e+02 1.037847493580439817e+01 3.026709091585724209e+01
1.727301086673365376e+02 1.031264188158237438e+01 3.018238063339659760e+01
1.728680919950876387e+02 1.020026236463101554e+01 3.010269435450857856e+01
1.727886941312195290e+02 1.029382977931599186e+01 3.029717911503107430e+01
1.727688865319489366e+02 1.027693424137546074e+01 3.038810427598526331e+01
1.727331044620594582e+02 1.011083510103829397e+01 3.028047895500725772e+01
1.727192884522347640e+02 9.902627367794275770e+00 3.010466674109634866e+01
1.724958412414871134e+02 9.943945145323954904e+00 2.966224740426482143e+01
1.724756987086450124e+02 1.011425886643593408e+01 2.959925198169029770e+01
1.726502270105318075e+02 1.036920844032600186e+01 2.968933980871571521e+01
1.727161810129879882e+02 1.053926165754903010e+01 2.972624762755386740e+01
1.728616910423876902e+02 1.064304454616500983e+01 2.970953816381972956e+01
1.727822094451267105e+02 1.072543820475605614e+01 3.033118417624949004e+01
1.726117375609393036e+02 1.061376576978899244e+01 3.064921290610695692e+01
1.725264225373078659e+02 1.023043429719772313e+01 3.072756875441926283e+01
1.723981894979717993e+02 9.943796285958839576e+00 3.060793234341855396e+01
1.723862342302110164e+02 9.806882884894495334e+00 3.061806408395668200e+01
1.725472256335826842e+02 9.691833203081388959e+00 3.046598563507126656e+01
1.726005917159763214e+02 9.822085147556846252e+00 3.021992110453648905e+01
1.724100889434706687e+02 9.759452569684789580e+00 3.006525622418220323e+01
1.722427338022403376e+02 9.914470991031222979e+00 3.003031148822150342e+01
1.722794183320308150e+02 1.007989096051505307e+01 3.015828402366863870e+01
1.718861691042387747e+02 1.043351568605559976e+01 3.006930333817126311e+01
1.717021882326671971e+02 1.084246027315693439e+01 2.991025641025640880e+01
1.718030497562427854e+02 1.111000707081984373e+01 3.002034721446912968e+01
1.718762141341967151e+02 1.133232853261880813e+01 3.009641435004279586e+01
1.719047672211677877e+02 1.135869524766476957e+01 3.014270030888318175e+01
1.717076122957835480e+02 1.130369171225484770e+01 2.995955677124037209e+01
1.715786721744631791e+02 1.104114100703360535e+01 2.972680585017305077e+01
1.715490584645156389e+02 1.083393807450411295e+01 2.959708421718581306e+01
1.715067824048230420e+02 1.071625544267053698e+01 2.939828253507498701e+01
1.713456700532172192e+02 1.050067917085333669e+01 2.936120724945108051e+01
1.713311934799598077e+02 1.024780432436455690e+01 2.921435748576532276e+01
1.711230508726880259e+02 9.986081649361764789e+00 2.918114323992408288e+01
1.709434985672286018e+02 9.917122548472331545e+00 2.914743589743589780e+01
1.708185404339250510e+02 1.015449741356853153e+01 2.916878791261955328e+01
1.707119292173718748e+02 1.039501693275278171e+01 2.930171002195675811e+01
1.711267165345539922e+02 1.022518700457742469e+01 2.953059059953109156e+01
1.714904636969223191e+02 1.011128167913363818e+01 2.971674853931747862e+01
1.717588292210933787e+02 1.001133191916936482e+01 2.974007294108890775e+01
1.718565460905809346e+02 9.999525510773697334e+00 2.969616873209035646e+01
1.718781213948122399e+02 9.997441479662089847e+00 2.985112202746455168e+01
1.718780562688400266e+02 9.913698783074689658e+00 2.974994417773808308e+01
1.718298258345428167e+02 9.749786014662648270e+00 2.958506382345279206e+01
1.717540005954374465e+02 9.649324550630790753e+00 2.936142123478843402e+01
1.716226508131442756e+02 9.536349596218972380e+00 2.916312195303487087e+01
1.716190037586989661e+02 9.568782330393361235e+00 2.919620594693163795e+01
1.713687060399687425e+02 9.831398161586839990e+00 2.952379889099772825e+01
1.713880298463027145e+02 1.028485169885750494e+01 2.995237430687357971e+01
1.715491701090394940e+02 1.100773138327565093e+01 3.065526962152506485e+01
1.714439265379033088e+02 1.163132187116221949e+01 3.100328420974284427e+01
1.713871739049533005e+02 1.174386885489933441e+01 3.103260950467046086e+01
1.717904525324699421e+02 1.152376167615645031e+01 3.099083584533511981e+01
1.720868222247032122e+02 1.139640318559041354e+01 3.115533474749730303e+01
1.723076830039819924e+02 1.126459752149157012e+01 3.112743292024859443e+01
1.724403632168508693e+02 1.116829481597260987e+01 3.111423095530497562e+01
1.724312734918685521e+02 1.120276506270700700e+01 3.114025343306910898e+01
1.720085501097837835e+02 1.151890513936958094e+01 3.109111123516058228e+01
1.717675747087938589e+02 1.164430985076848657e+01 3.102210561571954983e+01
1.717198094600126410e+02 1.160504819321945646e+01 3.095885899296639465e+01
1.715448904022924239e+02 1.163912768412042809e+01 3.077472926202969816e+01
1.715753135350377647e+02 1.172194931338617785e+01 3.076161103047895651e+01
1.717753526106211268e+02 1.186125376800267972e+01 3.139297011648245217e+01
1.718660265713966737e+02 1.204703025566595898e+01 3.173328123255554445e+01
1.717947694540582688e+02 1.213879275054891949e+01 3.182688586208179871e+01
1.716357597409846960e+02 1.227830188679245360e+01 3.195578876856090034e+01
1.714970507238286643e+02 1.236966432213166556e+01 3.198075062334859098e+01
1.714507275501470076e+02 1.233495217892895646e+01 3.182263406646570658e+01
1.715160954188530411e+02 1.217634252539912865e+01 3.149121729745822762e+01
1.714397305645491372e+02 1.201181571210598875e+01 3.131762867031372011e+01
1.712905083547318554e+02 1.182203862900524705e+01 3.111526366715045810e+01
1.712330579435078732e+02 1.180341260094525779e+01 3.099601801198317830e+01
1.710266179152245911e+02 1.205275203751256008e+01 3.075234453500055665e+01
1.708895928696364024e+02 1.204433217967325298e+01 3.049827881359086135e+01
1.708749581333035508e+02 1.185294555468721001e+01 3.020042052770644858e+01
1.708632261545904498e+02 1.176771426444866187e+01 3.006952662721893432e+01
1.708172193070596450e+02 1.166889955714338889e+01 2.992359793085482522e+01
1.710253246994901701e+02 1.137982397380075206e+01 2.986429608127721380e+01
1.711312567451899724e+02 1.102255219381489404e+01 2.977950206542369216e+01
1.711701369506158983e+02 1.047759666555022129e+01 2.955142160693684517e+01
1.712234379070373222e+02 1.029863049384094431e+01 2.936917122548472392e+01
1.712458412414871134e+02 1.031660526217855711e+01 2.945528636820364099e+01
1.704593334821927044e+02 1.069574076141565300e+01 2.937573034126009475e+01
1.697832235495515647e+02 1.081298611886420247e+01 2.919545234639574360e+01
1.692857262476275650e+02 1.084523277883219805e+01 2.900635443414833858e+01
1.690985448997060132e+02 1.076444866212645657e+01 2.893176658851550087e+01
1.689351159242305869e+02 1.081974991626660731e+01 2.882304342971977107e+01
1.691834505600833722e+02 1.044367533772468448e+01 2.912779576495106326e+01
1.693618399017528304e+02 1.008980871571582760e+01 2.918196196643221185e+01
1.694391351270886901e+02 9.673514197461948072e+00 2.912141341967176444e+01
1.695848777492464023e+02 9.469074466897398068e+00 2.917408172379144915e+01
1.695273808194708067e+02 9.577741803431209178e+00 2.923628633098879703e+01
1.694633526850508076e+02 9.736630568270626895e+00 2.898811916192177307e+01
1.693377991142867813e+02 9.932157344348926387e+00 2.877021696252465333e+01
1.692304529046183745e+02 1.002284060883480343e+01 2.858801309962413129e+01
1.690753972684306632e+02 9.868873506754493263e+00 2.833506382345279206e+01
1.688919653157679193e+02 9.622129805366380850e+00 2.811668713482936965e+01
1.685526590004093634e+02 9.488947192140225084e+00 2.819850396338059539e+01
1.684020226266235056e+02 9.250930371031968136e+00 2.822554984927989352e+01
1.683691433143537779e+02 9.168173867738454774e+00 2.826436492873357764e+01
1.682274757173160538e+02 9.231429794201927663e+00 2.839587287410219218e+01
1.681055040750251237e+02 9.321703695433738446e+00 2.850115366007964113e+01
1.678547039559376230e+02 9.809087864240259691e+00 2.838832756503293453e+01
1.677259685162442793e+02 1.013092181161847272e+01 2.826039224442707720e+01
1.675989635666703919e+02 1.023003423765397635e+01 2.814140709314874655e+01
1.675987402776227100e+02 1.021882326671876662e+01 2.807388076364854257e+01
1.676893956309776286e+02 1.030434297197722415e+01 2.814795690521379967e+01
1.678226991924379377e+02 1.030495701685832266e+01 2.856295820773324579e+01
1.678285977447806090e+02 1.019499646459007813e+01 2.879432287596293349e+01
1.677565405083547319e+02 1.003786610100107879e+01 2.885878828476796443e+01
1.677729243422276681e+02 9.933190056194410644e+00 2.895972423802612639e+01
1.677874660414573214e+02 1.001061553347475019e+01 2.901752819024227037e+01
1.678496613449443657e+02 1.005622232146179940e+01 2.894727587361839838e+01
1.679529232257824560e+02 1.015903762420453305e+01 2.899389676603029287e+01
1.680003256298611802e+02 1.025737784228350336e+01 2.899766476870976106e+01
1.678782888615980085e+02 1.022079565330653850e+01 2.878182799300360983e+01
1.676460217334673075e+02 1.030116110304789601e+01 2.880692009973577328e+01
1.677361374716236924e+02 1.048419299616687184e+01 2.862341371739049478e+01
1.679864258866435875e+02 1.034930780395221639e+01 2.855090059915894329e+01
1.679755591529902006e+02 1.011867812883778051e+01 2.827543634401399331e+01
1.679190484165085024e+02 9.861570094153547572e+00 2.803588441070298742e+01
1.680211194224256701e+02 9.809767035093594600e+00 2.806449331993599117e+01
1.684077351047597801e+02 9.821806036247254568e+00 2.822945740761415578e+01
1.684807041047969847e+02 9.765220870082989890e+00 2.831956384206021227e+01
1.684769826206691334e+02 9.485970004837929181e+00 2.831333035614603233e+01
1.685070615161326373e+02 9.289605894830858190e+00 2.820169513602024480e+01
1.685447694540582688e+02 9.137555357076401208e+00 2.821458077481299398e+01
1.683915373450932123e+02 9.021491570838449547e+00 2.809474898589557412e+01
1.683008075620557520e+02 8.818698597000484085e+00 2.793420416061925593e+01
1.681376856090208776e+02 8.557534144616873562e+00 2.771607867217446142e+01
1.681889025343306798e+02 8.466292657511814923e+00 2.764018830709687080e+01
1.682233448699341238e+02 8.434455360797885604e+00 2.771679505786907782e+01
1.672881824271519520e+02 8.882326671876745294e+00 2.763655055636187541e+01
1.666215250641955947e+02 9.238202895314651997e+00 2.763931375832682136e+01
1.663667336533809760e+02 9.472554054556956871e+00 2.770354657437385981e+01
1.664633433813404793e+02 9.696661828737299871e+00 2.782583454281567370e+01
1.662950671727885208e+02 9.864872911317032589e+00 2.771669271705556170e+01
1.665476815153883479e+02 9.555943210152209488e+00 2.784067396077555756e+01
1.667697517770086790e+02 9.466329872353094643e+00 2.794704328086040590e+01
1.669653343753489025e+02 9.564911986900375140e+00 2.811357969558259740e+01
1.669235607160135544e+02 9.479848163447583076e+00 2.798386736630568095e+01
1.669050277250567547e+02 9.319200997357746985e+00 2.782525771277585491e+01
1.670104759778199650e+02 9.034516765285996343e+00 2.796408767816605234e+01
1.670466953220944504e+02 8.925886643593464953e+00 2.782783484053440404e+01
1.670828774515276791e+02 8.893453909419076098e+00 2.787244613151725048e+01
1.671249674370138791e+02 8.927626437423244354e+00 2.800009303710319841e+01
1.672043001749097471e+02 8.949034274868818528e+00 2.809057161996204144e+01
1.668749395258829225e+02 9.176286703137211731e+00 2.800636373785865629e+01
1.665705593390644310e+02 9.415196680436157095e+00 2.775106992668676398e+01
1.663093483681292071e+02 9.347270291392206332e+00 2.761281679133638534e+01
1.661915913066130770e+02 9.372957835584831088e+00 2.767030441740165969e+01
1.661652618064084095e+02 9.422304715120390028e+00 2.766689925942466033e+01
1.664234955900413127e+02 9.299077071936288519e+00 2.778903836850135889e+01
1.665771556696810762e+02 9.205863198243459777e+00 2.794093074318038106e+01
1.667549588776003873e+02 9.152897175393546192e+00 2.795251386252837733e+01
1.668404041531762800e+02 9.088413159167876287e+00 2.800193517174649216e+01
1.668413438279185641e+02 8.948606304194113292e+00 2.792602619924825902e+01
1.666216274050091215e+02 9.143221316661083620e+00 2.773295560269435356e+01
1.664661810129879882e+02 9.398812846563210144e+00 2.764756614938037416e+01
1.663693200848498464e+02 9.472898291838784957e+00 2.753749395258829225e+01
1.662733802240333318e+02 9.455565479513229121e+00 2.742097428454467689e+01
1.662629693721856370e+02 9.397910386662200466e+00 2.736263071712999206e+01
1.663532153622864769e+02 9.321759517695657138e+00 2.731358155632466378e+01
1.665946280376614084e+02 9.340245990100852325e+00 2.743179449964645755e+01
1.666297867589594830e+02 9.341799709724238454e+00 2.736301216925309987e+01
1.664751032711845369e+02 9.157437386029547710e+00 2.715341818317144984e+01
1.662520189051393800e+02 8.845074615756763237e+00 2.694386141193107775e+01
1.659012039001153767e+02 9.127116594097726576e+00 2.681166499199881059e+01
1.657037326485802566e+02 9.327713892300248943e+00 2.682430873432324958e+01
1.655570596553905602e+02 9.268505079825834159e+00 2.681413977894384360e+01
1.654199880912507865e+02 9.088831826132262037e+00 2.656371180826913658e+01
1.654234955900413127e+02 8.946819991812734685e+00 2.647230285437832720e+01
1.654720702616203312e+02 8.973019240072941827e+00 2.666162405567340343e+01
1.655372334486993395e+02 8.958403111160730958e+00 2.682724870678426399e+01
1.655754158758512915e+02 8.956654013620632071e+00 2.691883443117115249e+01
1.656194038182427164e+02 8.994882959324177918e+00 2.697266569908079248e+01
1.656413047523352304e+02 9.083165866547579625e+00 2.708267276990063621e+01
1.658074038926723972e+02 8.981169290312976727e+00 2.728639611477057159e+01
1.658922816419187996e+02 9.084217185813702855e+00 2.753207919318224128e+01
1.660248874251051348e+02 9.044834580030515880e+00 2.770577016114026137e+01
1.660559990324141211e+02 9.073908674779502803e+00 2.774326411372855361e+01
1.660195936139332389e+02 9.013313609467456189e+00 2.768209221837668821e+01
1.655444345204867602e+02 9.076253209780059450e+00 2.704335529008968919e+01
1.651998530013769368e+02 9.245320233709202640e+00 2.668744185181050099e+01
1.650840497190279450e+02 9.484955900413083896e+00 2.663830895761229556e+01
1.650095269993673526e+02 9.534730750623348072e+00 2.640112016672248885e+01
1.650205332886755230e+02 9.415178073015518123e+00 2.626175988984406828e+01
1.652156320940791261e+02 9.102164043020357198e+00 2.676680250083733270e+01
1.653955193331100304e+02 8.866342897547541568e+00 2.730908786424025791e+01
1.656206039968739674e+02 8.864323992408172259e+00 2.775580551523947648e+01
1.657898105764578816e+02 8.804166201481150367e+00 2.798764467269547040e+01
1.659188716460124340e+02 8.960161512411149332e+00 2.821577164973391305e+01
1.659611011871534458e+02 9.256419560120576762e+00 2.800646607867217597e+01
1.659395724014736970e+02 9.399119869003758510e+00 2.775171188269882094e+01
1.659036786870603919e+02 9.391816456402812818e+00 2.764613337799114134e+01
1.659018923746790222e+02 9.532572289829184697e+00 2.749457593688362778e+01
1.658238714599382320e+02 9.576727699006363892e+00 2.747066540136206214e+01
1.659340180864128627e+02 9.244147966208924316e+00 2.749114286777566818e+01
1.659916731792638984e+02 9.000195377916712758e+00 2.738801123888206490e+01
1.658792564474712492e+02 8.836803617282571466e+00 2.729531837296713803e+01
1.658563228015332527e+02 8.761136541252652066e+00 2.734874958133303480e+01
1.658538945331398224e+02 8.827853447955044786e+00 2.734325108853410669e+01
1.657588478285140070e+02 9.071647873171821530e+00 2.715099921848833375e+01
1.656654943991663913e+02 9.244045625395408194e+00 2.701693275278180906e+01
1.656801849577611563e+02 9.346302705518960252e+00 2.691560604369022514e+01
1.657622808976219630e+02 9.423914257005693074e+00 2.702399426891444278e+01
1.657799858583603054e+02 9.472926202969745191e+00 2.692385843474377438e+01
1.658555692009973654e+02 9.198317889174202122e+00 2.713855085408060575e+01
1.659527464552863592e+02 9.113663428975474545e+00 2.731510736481708790e+01
1.659996836738491197e+02 9.040108295188121090e+00 2.739401213203825591e+01
1.660124483644077316e+02 8.896142681701462607e+00 2.736647314949201615e+01
1.659210208030962690e+02 8.765258084924267834e+00 2.729754195973354314e+01
1.655068289233746555e+02 8.808092367236053377e+00 2.719519184250679089e+01
1.652339417959882439e+02 8.831770309999628310e+00 2.717330021212459457e+01
1.650105411037921783e+02 8.867301179710468162e+00 2.723496520412340516e+01
1.646538926723977454e+02 8.966236835249898007e+00 2.721671132447620067e+01
1.644830951583491583e+02 9.034014364928733443e+00 2.724058464515648836e+01
1.648327285921625673e+02 9.052314763127535358e+00 2.712058538945331421e+01
1.650929068512522804e+02 9.085510401548138049e+00 2.708561274236165417e+01
1.651928752186371980e+02 9.066056343269696782e+00 2.695296974433404102e+01
1.653665289717539224e+02 8.962654906776823083e+00 2.678255368240854395e+01
1.654574634364184362e+02 8.890392988723903045e+00 2.674855792490044948e+01
1.654577983699899448e+02 8.852759480480814958e+00 2.694066093558111064e+01
1.654830114249562598e+02 8.759061813851364064e+00 2.705016560604369147e+01
1.654827230099363646e+02 8.800165606043689692e+00 2.720954746753005082e+01
1.653730973912396394e+02 8.761629637899593703e+00 2.722935506680063966e+01
1.653177030999962653e+02 8.744696885117784646e+00 2.721612519072606062e+01
1.650173979382977905e+02 9.015183655241710170e+00 2.707420639350972991e+01
1.647124130103085236e+02 9.245636559860072268e+00 2.697669420564921339e+01
1.646807152692493901e+02 9.216181012987979315e+00 2.704508578020914911e+01
1.646982062446503789e+02 9.185813702504558975e+00 2.693816754121543511e+01
1.647350861523575531e+02 9.204690930743179678e+00 2.680931115328793268e+01
1.645793699527371530e+02 9.189023482564847356e+00 2.684843325518216517e+01
1.645192214655204452e+02 9.180408246808827499e+00 2.692075099549700568e+01
1.645346098023891841e+02 9.312948904022924523e+00 2.703475866175430653e+01
1.644852908339846067e+02 9.409977298946820667e+00 2.712477205909716815e+01
1.644616873209035646e+02 9.288833686874324869e+00 2.714217930110527988e+01
1.645029585798816640e+02 9.317089055115179264e+00 2.719420564921290762e+01
1.646108444047486046e+02 9.256838227084960735e+00 2.724416657362956329e+01
1.646722581965688050e+02 9.292331881954522643e+00 2.735435041494547903e+01
1.647241542927319529e+02 9.351540694428937428e+00 2.751543485542034162e+01
1.646624427821815289e+02 9.444121915820028690e+00 2.749069628968032575e+01
1.647069517323508592e+02 9.462952625507051962e+00 2.720455137508838561e+01
1.647669048416508417e+02 9.424770198355103545e+00 2.697324252912061482e+01
1.647952811581258743e+02 9.503349335715082447e+00 2.682254102936250817e+01
1.648703900115366139e+02 9.411707789066278806e+00 2.675580551523947648e+01
1.649887890290648045e+02 9.457937925644747779e+00 2.673407204793271674e+01
1.652856239068140383e+02 9.301430910647166428e+00 2.694468013843921028e+01
1.652233913884857373e+02 9.113049384094376038e+00 2.683509173458375230e+01
1.650423225782442103e+02 9.041196829295522264e+00 2.683665475791745791e+01
1.649151222507535977e+02 9.153883368687433020e+00 2.698454653715901941e+01
1.648034777269174924e+02 9.283186334710283205e+00 2.700101410442484351e+01
1.644819414982695207e+02 9.506568419485690313e+00 2.701991924379442622e+01
1.643681664247702088e+02 9.451825387964721159e+00 2.700063265230173926e+01
1.642345186260280627e+02 9.417476089464479116e+00 2.692585873246250472e+01
1.641859625618696725e+02 9.464794760150347486e+00 2.683169588031707065e+01
1.642204886308659866e+02 9.458403111160730958e+00 2.686955267760783173e+01
1.644389211417513366e+02 9.107857913735998068e+00 2.706708905511517926e+01
1.646647780134717607e+02 8.790154813739718520e+00 2.730654795132298673e+01
1.647366305682706127e+02 8.718451118305980074e+00 2.732423430464069014e+01
1.648843548807264199e+02 8.782023370920322591e+00 2.743126418815823797e+01
1.650396338059618131e+02 8.821973503033008868e+00 2.761586840832123713e+01
1.651931450262364649e+02 8.737067842655651617e+00 2.744996464590078489e+01
1.652113616910423843e+02 8.644551747236798533e+00 2.724803691712254761e+01
1.650824122660116871e+02 8.459110193145026102e+00 2.692452830188679158e+01
1.648401901678389265e+02 8.259136243533921728e+00 2.669667113244761936e+01
1.646584514904543823e+02 8.202244054929105133e+00 2.660811841762494723e+01
1.643082691377321396e+02 8.365952141714116053e+00 2.669323806333965976e+01
1.642319321945591923e+02 8.606806594469874838e+00 2.682268058501730579e+01
1.641225949908823623e+02 8.740286926426259484e+00 2.675087454877004944e+01
1.639479364370510837e+02 8.575574038926724540e+00 2.654318782330393489e+01
1.638314539838487462e+02 8.449229652785531286e+00 2.645575155371962239e+01
1.634752707379703054e+02 8.598126232741616803e+00 2.633833872948531862e+01
1.631827806929403550e+02 8.729429496483197326e+00 2.617498418369245528e+01
1.631625358192847273e+02 8.771528785679729268e+00 2.604402515723270284e+01
1.632244334040415197e+02 8.865170630047263245e+00 2.608005842730080914e+01
1.632219307059655478e+02 8.950681031595399517e+00 2.616175430761787624e+01
1.634640318559041248e+02 8.780813888578764548e+00 2.634410702988351716e+01
1.635302928808008573e+02 8.567637974024041370e+00 2.642369096795802008e+01
1.635072568940493341e+02 8.334514904543931735e+00 2.643204569982508900e+01
1.633583882252242176e+02 8.219241933683152368e+00 2.635732760224777493e+01
1.632561869673625949e+02 8.062623274161735409e+00 2.622712217632391685e+01
1.631869301477429133e+02 7.729931896840460226e+00 2.598816568047337228e+01
1.633145398384875762e+02 7.125590785605299793e+00 2.563827174277101761e+01
1.633155167280711453e+02 6.852061702206840188e+00 2.538788098693759210e+01
1.631635220125786248e+02 6.919997394961110437e+00 2.542795206728443347e+01
1.628486379368092116e+02 6.829723493729299655e+00 2.526384392095567577e+01
1.626565907483904709e+02 7.012280897621971931e+00 2.499563655986007049e+01
1.626828737300435535e+02 7.280339399352461882e+00 2.504845372334487053e+01
1.627824978601466341e+02 7.446382717427709963e+00 2.518739533325890534e+01
1.629505600833612391e+02 7.585668564623571974e+00 2.520817982211305974e+01
1.629988928584719474e+02 7.629461129098284111e+00 2.513710877898105878e+01
1.631236556138588014e+02 7.504391351270887078e+00 2.530712478136280907e+01
1.631937776785381971e+02 7.532386215622790537e+00 2.525427040303673110e+01
1.630502958579881749e+02 7.553124185925346623e+00 2.514644040043169326e+01
1.629335901157381556e+02 7.543169215883294143e+00 2.507085705779464746e+01
1.629504484388374124e+02 7.499730192400729578e+00 2.510877898105764672e+01
1.628587603736370113e+02 7.443675337724684482e+00 2.505478955007257014e+01
1.626914796620892503e+02 7.462822373562576495e+00 2.513930445461650010e+01
1.624198485355960031e+02 7.558752930668751091e+00 2.509094376837482798e+01
1.622351884931710799e+02 7.642765434855419926e+00 2.505482676491384808e+01
1.621183524989766056e+02 7.612751665364147158e+00 2.505216590376242181e+01
1.619328551226228967e+02 7.600991775520077098e+00 2.493086412861449119e+01
1.619766755982285815e+02 7.659214394700606832e+00 2.496895351866324120e+01
1.622292806371180802e+02 7.970981727512931769e+00 2.507645789140709169e+01
1.625724572959696275e+02 8.261620334189274217e+00 2.536264002084030977e+01
1.626611309590264511e+02 8.327881359086003243e+00 2.548577462692121642e+01
1.623665196680436225e+02 8.303096274794388165e+00 2.581192549588775975e+01
1.621426165754903082e+02 8.241394067954299629e+00 2.591904841650850244e+01
1.619202858099810101e+02 8.214804063860666972e+00 2.596849763685757750e+01
1.617768412042722730e+02 8.177254289010457811e+00 2.606618659521417314e+01
1.617442037884708554e+02 8.227289643109672923e+00 2.618041755051914876e+01
1.621710394105169257e+02 8.128968032451341585e+00 2.600396338059618273e+01
1.624351066205202585e+02 8.081026013174053446e+00 2.574144058650589884e+01
1.623869785270365753e+02 7.830802724126381342e+00 2.536600796397603474e+01
1.620930836217483488e+02 7.451583491496409195e+00 2.501591864835696555e+01
1.619209835882549839e+02 7.202690633024450229e+00 2.475446578095344563e+01
1.616239626362993533e+02 6.794043764653343587e+00 2.503981988016820992e+01
1.613856201853299126e+02 6.670974284544676003e+00 2.508730601763983614e+01
1.612903129768151587e+02 6.629796062669792711e+00 2.511276096907446842e+01
1.611749748799821305e+02 6.665308324959994479e+00 2.519363812288340654e+01
1.611483383573369110e+02 6.820624465036656758e+00 2.529537419522905850e+01
1.613117487253916806e+02 6.902832049421308902e+00 2.495595623534665464e+01
1.612792415615347466e+02 6.948838896952104882e+00 2.445003907558334433e+01
1.611384857281083782e+02 6.809850768486472639e+00 2.411053738230806331e+01
1.610564828253507415e+02 6.862091101931450332e+00 2.395241152171486121e+01
1.611502549216627642e+02 7.111793383201220564e+00 2.402634810762532069e+01
1.612461017453760519e+02 7.180687358118417407e+00 2.431947080495701741e+01
1.613507312716311333e+02 7.227131480034237221e+00 2.449644598265788531e+01
1.614489598451862662e+02 7.082458784563283594e+00 2.457230843660451924e+01
1.614069908079341928e+02 6.845604927244985483e+00 2.452347326113654091e+01
1.611873022961557069e+02 6.490100852219865324e+00 2.431076253209780091e+01
1.608529641621078383e+02 6.584989393770235289e+00 2.394551747236798178e+01
1.605478396784637596e+02 6.618826988202894945e+00 2.373456514457965838e+01
1.604639016039596697e+02 6.896412489300733029e+00 2.361905027725056883e+01
1.604262029697443381e+02 7.056352573406274864e+00 2.376093185962561805e+01
1.603877786461240760e+02 7.126670016002381480e+00 2.378311190502772376e+01
1.604040322280525572e+02 7.241207993747906357e+00 2.405071452495255002e+01
1.603609839604034164e+02 7.359327899966507047e+00 2.429647203304677916e+01
1.603640076662572937e+02 7.423858434743776158e+00 2.453692642625879117e+01
1.603158981801942673e+02 7.544174016597819055e+00 2.453269323806333801e+01
1.603513918350638221e+02 7.602312902385471638e+00 2.452488742510513120e+01
1.606735328048825977e+02 7.241580142160693789e+00 2.464106285586692024e+01
1.607635648096460841e+02 6.849475270737970689e+00 2.445488630865989421e+01
1.610461929217372017e+02 6.676398347661047339e+00 2.444184250679170844e+01
1.611019593613933125e+02 6.669811320754717165e+00 2.453867552379889005e+01
1.610956514457965909e+02 6.547290759554910800e+00 2.441888094972274814e+01
1.606811153287931120e+02 6.682501581630754472e+00 2.395047634996836905e+01
1.603290164117450161e+02 6.821806036247255456e+00 2.357604852815302721e+01
1.601101931450262441e+02 6.881414908265416130e+00 2.344931338617840666e+01
1.599834207882103385e+02 7.042043466934613249e+00 2.341291727140783863e+01
1.599338134047858375e+02 7.193786982248520978e+00 2.333995757508094115e+01
1.601848926351829050e+02 6.970181608425439990e+00 2.340939116519668062e+01
1.603616073089948202e+02 6.781297681515388476e+00 2.351232741617356936e+01
1.605772766179152313e+02 6.693721856276282800e+00 2.364523091809013522e+01
1.608420788210338230e+02 6.784674928361430268e+00 2.387335789512857787e+01
1.609952830188679229e+02 6.926147147482415889e+00 2.396874883703620895e+01
1.605816307543448431e+02 7.119561981318149435e+00 2.416927170555617721e+01
1.600741319638271705e+02 7.286610100107923316e+00 2.421223623981243733e+01
1.597906199992557106e+02 7.344190763276394307e+00 2.418870715641397950e+01
1.595606601912842848e+02 7.476917494696885491e+00 2.416141937404637119e+01
1.593798239738007396e+02 7.490649771128726542e+00 2.417084403260020053e+01
1.598719716422909585e+02 7.154916080532916389e+00 2.410761601726768788e+01
1.601925309813553611e+02 7.030767370027167118e+00 2.383110044285661289e+01
1.604268263183357419e+02 7.060008931561906564e+00 2.386294704328086169e+01
1.604196345502586496e+02 7.174546909307431442e+00 2.398254623944028907e+01
1.604199787875404581e+02 7.243403669383350341e+00 2.405307766737374919e+01
1.601855718060362506e+02 7.301300658702690960e+00 2.407331323731904149e+01
1.598725112574894922e+02 7.425570317442596213e+00 2.410774626921216068e+01
1.597031372111197811e+02 7.499292918015704856e+00 2.417128130698522526e+01
1.597079193182240999e+02 7.499730192400729578e+00 2.428716832272710491e+01
1.596016151241115040e+02 7.508894347065609765e+00 2.408994827137062344e+01
1.599181087417662184e+02 7.354303896393881601e+00 2.411880838078225509e+01
1.602254382047560455e+02 7.153101857020580212e+00 2.429378326076439265e+01
1.602939786386810965e+02 7.049774850210264177e+00 2.436887350675449326e+01
1.603294909009713081e+02 6.895156488407576667e+00 2.428855457556473496e+01
1.603826616054482486e+02 6.888215920509098922e+00 2.422289829183878496e+01
1.602965371590190102e+02 7.050975028841501846e+00 2.417495627256149859e+01
1.603000818726508214e+02 7.178426556510736134e+00 2.416106583305422362e+01
1.603163912768412160e+02 7.168043615793978418e+00 2.419233560343865008e+01
1.601488965799560731e+02 7.167513304305757060e+00 2.411378437720962964e+01
1.599803319563842194e+02 7.147259126939824014e+00 2.411110490863756439e+01
1.598807171299914387e+02 7.141267537493952489e+00 2.406627032860704674e+01
1.598229317851959479e+02 6.991887164601243043e+00 2.420066242417476232e+01
1.598029008968776736e+02 6.953016262885638454e+00 2.425401920285809965e+01
1.597688121022663950e+02 7.048704923523501087e+00 2.424875330281716401e+01
1.597089334226489541e+02 6.990277622715939110e+00 2.419382419708979981e+01
1.594794481039038487e+02 7.038824383164005383e+00 2.417011834319526642e+01
1.592741803431208325e+02 6.783865505563619003e+00 2.406402813442000621e+01
1.591642570056938837e+02 6.586561720814260390e+00 2.389647761527297121e+01
1.591828272114919400e+02 6.483355662238100336e+00 2.379962599084515062e+01
1.592267872427524082e+02 6.377656209296267420e+00 2.389788247553124023e+01
1.596773194149826907e+02 6.260401548137397576e+00 2.374132894198206145e+01
1.600105131926612216e+02 6.158088645751925938e+00 2.361791522459156667e+01
1.602997376353689845e+02 6.154590450671728163e+00 2.353640541848088930e+01
1.603659986602657170e+02 6.260615533474749306e+00 2.356303263741580167e+01
1.603367384913103422e+02 6.238054035949536669e+00 2.354290871199434321e+01
1.601372297272152139e+02 6.253637750734992728e+00 2.335916043318075097e+01
1.599329946782777085e+02 6.463650403781027620e+00 2.341738305236128070e+01
1.600124762755386882e+02 6.703481448401622522e+00 2.363952774366417486e+01
1.598996501804919887e+02 6.843037103196754956e+00 2.361514271891630301e+01
1.597947508466376405e+02 6.675672658256112335e+00 2.349437125525659553e+01
1.595716664805924552e+02 6.661931078113951799e+00 2.336908749209184677e+01
1.594911800826169497e+02 6.755414759406050962e+00 2.336250976889583697e+01
1.594891332663466130e+02 6.708914815228313344e+00 2.341782963045662669e+01
1.594973949611105013e+02 6.691600610323397369e+00 2.327444084700978877e+01
1.596401883070968779e+02 6.697824792527259596e+00 2.331085556920099577e+01
1.598816847158646794e+02 6.483485914182575804e+00 2.353554947713147882e+01
1.600216683413345322e+02 6.346805105876223152e+00 2.360813702504558975e+01
1.600466488035428654e+02 6.235160582040117916e+00 2.369878307469018708e+01
1.600324048230434357e+02 6.201406721000334521e+00 2.364741729001525883e+01
1.600349261285400644e+02 6.171151055040750677e+00 2.362567451899817783e+01
1.601172267500279247e+02 6.240919578727996964e+00 2.376467195117412956e+01
1.600576550928510358e+02 6.094274496669271457e+00 2.368072457295969713e+01
1.598174425961073268e+02 5.905660377358490365e+00 2.341354992370957433e+01
1.595686613821592061e+02 5.866910423877041758e+00 2.326978899184994987e+01
1.595303673104834274e+02 5.928882438316400716e+00 2.333456142309552916e+01
1.594050835473186680e+02 6.065833054222023790e+00 2.320235569945294074e+01
1.594098935655539435e+02 6.105699452941832917e+00 2.310437832607643927e+01
1.593656451192735801e+02 6.126679319712701854e+00 2.290382754642551433e+01
1.592739012318112373e+02 6.004605336608239696e+00 2.282066167987793648e+01
1.594013806706114451e+02 5.991645268132931079e+00 2.279637899594358075e+01
1.594998883554761733e+02 5.810622976443005072e+00 2.308643146886978670e+01
1.595914182576011342e+02 5.536256559115775744e+00 2.315728852666443416e+01
1.597310762532097783e+02 5.370194633619887803e+00 2.319356369320084710e+01
1.598516337315321323e+02 5.235467604480667170e+00 2.323492798928212721e+01
1.598079342041606310e+02 5.119775966655502053e+00 2.317332812325555480e+01
1.596986621264560426e+02 5.129656507014997757e+00 2.299578541922518582e+01
1.595404990510215555e+02 5.254214580774813292e+00 2.281404674184064518e+01
1.594717632391797792e+02 5.344655948792378375e+00 2.278321424584123989e+01
1.592261452867403477e+02 5.280302184511183050e+00 2.255832495999404586e+01
1.590092757991887140e+02 5.106862416731792642e+00 2.233596628335380174e+01
1.588909977298946785e+02 4.962533958542667101e+00 2.235013583417066840e+01
1.588577927877637705e+02 4.955109597707565428e+00 2.255627814372371631e+01
1.587590897249823172e+02 5.037586989691488881e+00 2.264182576011313230e+01
1.587818186892932886e+02 5.019751777008671034e+00 2.261805478024636074e+01
1.587741803431208325e+02 4.933990175281902424e+00 2.255937627926016731e+01
1.587574336645454309e+02 4.930129135499236703e+00 2.242670537010159748e+01
1.588043522756875348e+02 4.958607792787764090e+00 2.246110118715343518e+01
1.589488295932417827e+02 5.066968106881024170e+00 2.253546574373860167e+01
1.591443098507684795e+02 5.185301998436976589e+00 2.258919467083472910e+01
1.592151110863012207e+02 5.198271370622604692e+00 2.264602173346730751e+01
1.594993022217260261e+02 4.939386327267314414e+00 2.280496632056864215e+01
1.596192177440363196e+02 4.675644747125153877e+00 2.304743031520970575e+01
1.597151389974321773e+02 4.605401734211603149e+00 2.316690856313497804e+01
1.598444977857169533e+02 4.663280116110304796e+00 2.329764430054705926e+01
1.598779260168955432e+02 4.740863756466078272e+00 2.339999441777380795e+01
1.594297662907967776e+02 4.791699229652785164e+00 2.318848386736630474e+01
1.589400003721484040e+02 4.845111830598042069e+00 2.292712403706598323e+01
1.586091883443117183e+02 4.876939823601651902e+00 2.280897621971642408e+01
1.584994231699601812e+02 4.987533028171634797e+00 2.282845818912582203e+01
1.585106341408953767e+02 5.042778460049867739e+00 2.290550221428305733e+01
1.583719251237393451e+02 5.040526962152506840e+00 2.287972163298723416e+01
1.583821219902497148e+02 5.018784191135424955e+00 2.289819880168210986e+01
1.585144300547058265e+02 5.052193814893379376e+00 2.295574225000930468e+01
1.585338934166945819e+02 5.114835696475754645e+00 2.303752186371925248e+01
1.585789047672211609e+02 5.096386438911838290e+00 2.303033939935246011e+01
1.586199248260206218e+02 5.132056864277473984e+00 2.292540285065684103e+01
1.587122920620743685e+02 5.190186446354806193e+00 2.281351643035242560e+01
1.589183692456551569e+02 5.287559078560529535e+00 2.281513527594804813e+01
1.589562911689181703e+02 5.329518812102266523e+00 2.274139406795429963e+01
1.589397305645491372e+02 5.334887052956719167e+00 2.269286591492687322e+01
1.588095623534665606e+02 5.230843660451788502e+00 2.273438837408358282e+01
1.585858453351196431e+02 5.089222581965687553e+00 2.262151576048528057e+01
1.582810464813367446e+02 4.956681924751590529e+00 2.242983141676900871e+01
1.580871106397231074e+02 4.931282795578876943e+00 2.243304119682929709e+01
1.579872446131517165e+02 4.939246771612519460e+00 2.245665401362063207e+01
1.579503181868929289e+02 4.838571322243310213e+00 2.243844665252502679e+01
1.579811599866026484e+02 4.673402552938111576e+00 2.234785642514234638e+01
1.579537698634215417e+02 4.579993301328570077e+00 2.217620296974433458e+01
1.579742566335454512e+02 4.519044695024375891e+00 2.214211417513304170e+01
1.579366789475642747e+02 4.460682520189051203e+00 2.200161884559562253e+01
1.578721670202076552e+02 4.436399836254698137e+00 2.192838003795913693e+01
1.578744557329463021e+02 4.368464143500427888e+00 2.197863868110602681e+01
1.578323471400394453e+02 4.333919467083473087e+00 2.189347251683971507e+01
1.578046220832868016e+02 4.296620892411893600e+00 2.176949127311971921e+01
1.577817535633210468e+02 4.218562762829816570e+00 2.176448587696773629e+01
1.576685181050202686e+02 4.174035205239849944e+00 2.150886643593464953e+01
1.575876595586319695e+02 4.208747348442559044e+00 2.139998511406349024e+01
1.575398663987198233e+02 4.237207398310446571e+00 2.135453648915187230e+01
1.574800156302333392e+02 4.156451192735662659e+00 2.130032376911912451e+01
1.573906441889025416e+02 3.933292397007926766e+00 2.110338282907223473e+01
1.573091622939228102e+02 3.832068028729857634e+00 2.088279185739272847e+01
1.573032823490007956e+02 3.894830858546388441e+00 2.076242045327676777e+01
1.572853540992147714e+02 3.987235309441405029e+00 2.082882103382829087e+01
1.571230322652673976e+02 4.058110974656693237e+00 2.074386885489933263e+01
1.569884727029139242e+02 4.008754791410814811e+00 2.074787875404711457e+01
1.570162721893491096e+02 4.029492761713370896e+00 2.098836105839008681e+01
1.571844925756391547e+02 4.149771128726135849e+00 2.125108853410740295e+01
1.573422648952402199e+02 4.232574150571247529e+00 2.153905697592199786e+01
1.574599475270738083e+02 4.126921216181012930e+00 2.157267128130698453e+01
1.575208217036954466e+02 4.110965352982769438e+00 2.154711398905883613e+01
1.578232853261880848e+02 3.932501581630754472e+00 2.141397789438428134e+01
1.580211380298462984e+02 3.909242305831565734e+00 2.129591381042759934e+01
1.581822782925830779e+02 3.934725168397156914e+00 2.127713892300249299e+01
1.581719139592869681e+02 4.043066875069778021e+00 2.121251535112202902e+01
1.582096591120538847e+02 4.028934539094191081e+00 2.128691712254847346e+01
1.582426314614268108e+02 4.046630196122213974e+00 2.131218599977671246e+01
1.582302947415429344e+02 4.037503256298611731e+00 2.143114323992408288e+01
1.580024933943656720e+02 4.104378326076439265e+00 2.148252763201965010e+01
1.578253228387480931e+02 4.113989058836663659e+00 2.158465446019872758e+01
1.577049979531837209e+02 4.147156786126307004e+00 2.163242901269025964e+01
1.573649380372892779e+02 4.236602657139667549e+00 2.164419820624464919e+01
1.572527445945443105e+02 4.180733876670015725e+00 2.177338022403334605e+01
1.572655185888132223e+02 4.124781362807487639e+00 2.177134271147333422e+01
1.574417680771091455e+02 4.229094562911689614e+00 2.186052807859774560e+01
1.575412433478471144e+02 4.288824383164005383e+00 2.207548100182352613e+01
1.577030069591753261e+02 4.255507796509247598e+00 2.189375162814930675e+01
1.577788228945703679e+02 4.128186520784488778e+00 2.160737412079937414e+01
1.576935357820698869e+02 4.187600014885936694e+00 2.146693461352387189e+01
1.575994938781585972e+02 4.106499572029325584e+00 2.120531427933459767e+01
1.576815246920471907e+02 4.100182352722265833e+00 2.121611588701574291e+01
1.577447434036693892e+02 4.164964087678166393e+00 2.150163745301626150e+01
1.578172100033493450e+02 4.182427151948196808e+00 2.174438055896691679e+01
1.578216292657511701e+02 4.139425402850656965e+00 2.182224331063228107e+01
1.575897156786126345e+02 3.990435785791373480e+00 2.163269882028953006e+01
1.572898570950094950e+02 3.821024524580402648e+00 2.145293252949276308e+01
1.571351456961035922e+02 3.710142904990510360e+00 2.156510736481708790e+01
1.572427617133712943e+02 3.811097465669309070e+00 2.186430538498753151e+01
1.572058911093744200e+02 3.859281381414908285e+00 2.212169253098135613e+01
1.572987979606267004e+02 3.734323248111346860e+00 2.226701648617468621e+01
1.572849447359606927e+02 3.677626437423244354e+00 2.226363923932864353e+01
1.570254828625655819e+02 3.771352015183655038e+00 2.195278367012764775e+01
1.568743999106843887e+02 3.880307766737374653e+00 2.181593539503554169e+01
1.567014067210003248e+02 3.973261136541252458e+00 2.173447210747645997e+01
1.566875628000446454e+02 3.986174686464962313e+00 2.171722302854378484e+01
1.566503200476350059e+02 4.021659037624204736e+00 2.168312493022217424e+01
1.567273733765025554e+02 4.099028692642625593e+00 2.102658070038331317e+01
1.567685329909567997e+02 4.199238956495850772e+00 2.074255703174425847e+01
1.567102917643556168e+02 4.219018644635480264e+00 2.044409400468907023e+01
1.567045327676677573e+02 4.189925942465855258e+00 2.035365263667150515e+01
1.566604796993040907e+02 4.225214915708384922e+00 2.026879349484574533e+01
1.569526441144728608e+02 4.093688362919132295e+00 2.038993710691823935e+01
1.571235439693349747e+02 3.924305012839120366e+00 2.042200699639015937e+01
1.571625079081537706e+02 3.896961408209593802e+00 2.054647203304677916e+01
1.571658572438688566e+02 3.912303226526738786e+00 2.057216888094972163e+01
1.571521063600163757e+02 3.790936325406572216e+00 2.052239403073945923e+01
1.567048956123702226e+02 3.758736183990175395e+00 2.060970004837929537e+01
1.563099438055896826e+02 3.922583826429980380e+00 2.087359979159688805e+01
1.561960384801458872e+02 4.076150868966544216e+00 2.104178296304566231e+01
1.562943135722526051e+02 4.042964534256261011e+00 2.113721111979457490e+01
1.563326076439284122e+02 3.954104796993040960e+00 2.116097279595102520e+01
1.568971381787056600e+02 3.789791969037251906e+00 2.137895872874102210e+01
1.572671839529604370e+02 3.639611477057050237e+00 2.156512597223772687e+01
1.575135555059357557e+02 3.595753786610099922e+00 2.158690595809608936e+01
1.575065591157753602e+02 3.579360649026831709e+00 2.157055003535409909e+01
1.573938353615421875e+02 3.511638941609914077e+00 2.144273566298239686e+01
1.569474154292732067e+02 3.626474638085668722e+00 2.115157604852815254e+01
1.567033418927468347e+02 3.821564139778943936e+00 2.112580477094265063e+01
1.566351829109448772e+02 3.938697852703658242e+00 2.099998139257936103e+01
1.564311711510550538e+02 3.906758215176212357e+00 2.089153734509322291e+01
1.561581816828551155e+02 3.848563507126641969e+00 2.075430761787800904e+01
1.561069461501246565e+02 3.754856536786870702e+00 2.101759331621450499e+01
1.560837147854564364e+02 3.784721446913029030e+00 2.126318335752297983e+01
1.558473075062334772e+02 3.809171597633135953e+00 2.137674444568493826e+01
1.556761750586133815e+02 3.684371627405008898e+00 2.136137471623683481e+01
1.556028618212943400e+02 3.540778162331137846e+00 2.126848647240519696e+01
1.554030553384689881e+02 3.396766030292880600e+00 2.082215027352908265e+01
1.553666685274087342e+02 3.295857988165680652e+00 2.059047858285884303e+01
1.553463678314911931e+02 3.258801309962413129e+00 2.038871832086636005e+01
1.552915224591567096e+02 3.299272449853001277e+00 2.030432436455658518e+01
1.551514923151352718e+02 3.308715715827471815e+00 2.025327490603252656e+01
1.551529902124967464e+02 3.262141341967176533e+00 1.982594618733951108e+01
1.552010252688772312e+02 3.095539801272747749e+00 1.961476126679319876e+01
1.552465204123404305e+02 3.125702430129135401e+00 1.937809348368129037e+01
1.553237505117040769e+02 3.185664843139444091e+00 1.936496594842023100e+01
1.553363663428975485e+02 3.197275873618398823e+00 1.947728033939935344e+01
1.550757042908711867e+02 3.156739607755572941e+00 1.973368129209928767e+01
1.549037065981913486e+02 3.072066540136206392e+00 1.990633024450150756e+01
1.547163577834840567e+02 3.115589297011648107e+00 2.002505489189088550e+01
1.546059785642514157e+02 3.152608760373636798e+00 2.022767109523277895e+01
1.545882084775408316e+02 3.214738937888430126e+00 2.028518663242901354e+01
1.548212757247590332e+02 3.181887536749655965e+00 2.022405195191842608e+01
1.549265751181571318e+02 3.094386141193107953e+00 1.999000781511666958e+01
1.551191619217744062e+02 2.986956198131815121e+00 1.983063525734062793e+01
1.552141248930073232e+02 2.966236835249897563e+00 1.975137694912731234e+01
1.552803766141937274e+02 2.931720069963901665e+00 1.985115924230583317e+01
1.554465967027650493e+02 2.828206988947192357e+00 2.004199694838301582e+01
1.555207379703025481e+02 2.816633173309516014e+00 2.014974321759517650e+01
1.555714990138067151e+02 2.802565963306166363e+00 2.033937144133080110e+01
1.556103047895500708e+02 2.821052435711361550e+00 2.039341669457779815e+01
1.556834226489524156e+02 2.887164601242975692e+00 2.047418220386289889e+01
1.556980201704439821e+02 2.964450522868519844e+00 2.020317442596107327e+01
1.557354955156116318e+02 3.020607718358081062e+00 1.998410926277399469e+01
1.556140355773882504e+02 3.024654832347140054e+00 1.983758512894942427e+01
1.554689442149529270e+02 2.960822075843846601e+00 1.971314800342376472e+01
1.553398831453983746e+02 3.000939674742287178e+00 1.951680250083733270e+01
1.549607290387406522e+02 3.116705742250009514e+00 1.957856983364965942e+01
1.546908284023668614e+02 3.304975624278962520e+00 1.960363402925086618e+01
1.547361653827546490e+02 3.251460682520189049e+00 1.965317628670313610e+01
1.546829295523054668e+02 3.265183655241710614e+00 1.958697108406832754e+01
1.546510829518812216e+02 3.230545941721558734e+00 1.947568940493468759e+01
1.546011220274645552e+02 3.167048118789773437e+00 1.956956384206021227e+01
1.545873711436120743e+02 3.110258270998474295e+00 1.955423132745338677e+01
1.545983123069480030e+02 3.104787689330505085e+00 1.953752186371925248e+01
1.546086394254028562e+02 3.121627405009117506e+00 1.950868036172825626e+01
1.545696568791634036e+02 3.177096125935022997e+00 1.957989096051505484e+01
1.548036824085445176e+02 3.070363961147705822e+00 1.948653753116742848e+01
1.550265527892523494e+02 2.958291466636894906e+00 1.933297979234118458e+01
1.552326113654125379e+02 2.861076997506605490e+00 1.935281530274273365e+01
1.553889695210449986e+02 2.881656804733727650e+00 1.933335194075397112e+01
1.554693628819173057e+02 2.876446726954709376e+00 1.945421644151687701e+01
1.550753507498790498e+02 2.898310446205946800e+00 1.943987012020393834e+01
1.544317479810948726e+02 2.836031409326039032e+00 1.926418815823750563e+01
1.539300360983960445e+02 2.855420341632243009e+00 1.908047709426519134e+01
1.537230750623348570e+02 2.870473744929477711e+00 1.900118157121059781e+01
1.536653362360909512e+02 2.840097130735737441e+00 1.894439172341930089e+01
1.535335584831230733e+02 2.776227159391165156e+00 1.895847754084328685e+01
1.535524357113616816e+02 2.753181868929329035e+00 1.907316437795392972e+01
1.536915261806408353e+02 2.766458263555505948e+00 1.910931859625618756e+01
1.537215492538424257e+02 2.817182092218376788e+00 1.915374381303263718e+01
1.537989282125711838e+02 2.802361281679133675e+00 1.918585091734583870e+01
1.538678221874883718e+02 2.767946857206653899e+00 1.908919467083472910e+01
1.538205500353541026e+02 2.793429719772245079e+00 1.903576346246883233e+01
1.537649789736146886e+02 2.877656209296267420e+00 1.890764206765658173e+01
1.538524245469093046e+02 2.862025975959212598e+00 1.900052100777790187e+01
1.538297048863086616e+02 2.814539838487589041e+00 1.899577611551486811e+01
1.539226768635331837e+02 2.759927058911093578e+00 1.895734248818428824e+01
1.540430203565181841e+02 2.772673142049049133e+00 1.903848014588217907e+01
1.540545476536042599e+02 2.808594767593316277e+00 1.909356741468497631e+01
1.539129079676975209e+02 2.799421309218116161e+00 1.903285140113877461e+01
1.535959491645268145e+02 2.710524357113616833e+00 1.878749395258829225e+01
1.535430575713594692e+02 2.614528674035205391e+00 1.865950280972051800e+01
1.536015220870083056e+02 2.644170295113691171e+00 1.864519370324885728e+01
1.536566837854936409e+02 2.672741989505414750e+00 1.870917531911726428e+01
1.536622474042648321e+02 2.652469204718841844e+00 1.868411112351605752e+01
1.535964422611737632e+02 2.638857876521156776e+00 1.866971828365151964e+01
1.535051449518067841e+02 2.635722526143426059e+00 1.884845186260280769e+01
1.535102899036135682e+02 2.587854936548695584e+00 1.898329053626586216e+01
1.535363495962189688e+02 2.563172193070596627e+00 1.916198690037586871e+01
1.536621357597409769e+02 2.511415652562241974e+00 1.920189981764727705e+01
1.537672397752223503e+02 2.470600275389825295e+00 1.923376502549216482e+01
1.536117096498083470e+02 2.554761638941609903e+00 1.913275464255145053e+01
1.534183506382345286e+02 2.632056864277473984e+00 1.894107029883517512e+01
1.532548937516281455e+02 2.580570131368389752e+00 1.879677905548732753e+01
1.530856127423616613e+02 2.551728629377395752e+00 1.859331621450634486e+01
1.530262085519705124e+02 2.560595065312046614e+00 1.851415094339622769e+01
1.531933311004428617e+02 2.395482118268765781e+00 1.876870976145286818e+01
1.530743924677161374e+02 2.266551300658702583e+00 1.882192698448141144e+01
1.530058613375013863e+02 2.200960142904990313e+00 1.884049719027948200e+01
1.530186260280599981e+02 2.324736704997953041e+00 1.902085891853671384e+01
1.530152301737932987e+02 2.342357932343418714e+00 1.905486397975512602e+01
1.530920416061925380e+02 2.260876037363700686e+00 1.908541736444493964e+01
1.533220944512671622e+02 2.176230880875293039e+00 1.889635666703881611e+01
1.534282870008559314e+02 2.163401064344460778e+00 1.888593651148077868e+01
1.536094860630419419e+02 2.232322950392616523e+00 1.895724014737077212e+01
1.537572848051803192e+02 2.261648245320233563e+00 1.901112723754233258e+01
1.535774347809906715e+02 2.367933832012206530e+00 1.898387667001600221e+01
1.533144840162256628e+02 2.420602136131889459e+00 1.899880912507908093e+01
1.531338989989207562e+02 2.459203230248223182e+00 1.902733430091920752e+01
1.529111216553161512e+02 2.464673811916192392e+00 1.900080942279781127e+01
1.528760466674109750e+02 2.479206207435525222e+00 1.905404525324699350e+01
1.531251721186409043e+02 2.486798035056380307e+00 1.917438874623199752e+01
1.533563134978229243e+02 2.491198690037586871e+00 1.927767853820103383e+01
1.535330560827657962e+02 2.479057348070410338e+00 1.935492724498530137e+01
1.535320047634996854e+02 2.448234155781325416e+00 1.932531353503777183e+01
1.533362919132149784e+02 2.316707602992073234e+00 1.912935878828476888e+01
1.532138364779874280e+02 2.313404785828588661e+00 1.904623944028878668e+01
1.531651222507535977e+02 2.393323657474601074e+00 1.905098433255182044e+01
1.531837668862342241e+02 2.420136950615905835e+00 1.903879647203304515e+01
1.531841948569089311e+02 2.419922965278553217e+00 1.901213203825685838e+01
1.531751888653194840e+02 2.410191284284172397e+00 1.892547728033940047e+01
1.532243310632280213e+02 2.327462692121617938e+00 1.875979680696661944e+01
1.533854620222544725e+02 2.328867552379889183e+00 1.885474117077890810e+01
1.534914778013471732e+02 2.424807413196382821e+00 1.900403781027873862e+01
1.535510308511034339e+02 2.379954225745227081e+00 1.894284730750623424e+01
1.536068158981802014e+02 2.297523352312902389e+00 1.886400766625730441e+01
1.535289717539354797e+02 2.324438986267723717e+00 1.897558706412117147e+01
1.534597800602880397e+02 2.358834803319563633e+00 1.907129433217967218e+01
1.534553049756242729e+02 2.366538275464255214e+00 1.917483532432734350e+01
1.534723307655092981e+02 2.414229094562911904e+00 1.929072234006921960e+01
1.535244687581407561e+02 2.418722786647315104e+00 1.930224033344497769e+01
1.536998250902459802e+02 2.415010606229764267e+00 1.898639797551263442e+01
1.537963324773919851e+02 2.318019426147147399e+00 1.878036731048342034e+01
1.537843027799486322e+02 2.293392504930966691e+00 1.853416322429384877e+01
1.536287447434036721e+02 2.311432399240817226e+00 1.839925942465855258e+01
1.533914350042797139e+02 2.329742101149938627e+00 1.838650403781027975e+01
1.531623590487886588e+02 2.427672955974842672e+00 1.817125339585426502e+01
1.528967846377135231e+02 2.511248185776487674e+00 1.816372669420564989e+01
1.527156600052100828e+02 2.451992854750474571e+00 1.802309180901343311e+01
1.526232090357634661e+02 2.413549923709575218e+00 1.784567935692754403e+01
1.527410684380931229e+02 2.350815005024003757e+00 1.785818354359718541e+01
1.529961482639276653e+02 2.346051505340329690e+00 1.810150347958765948e+01
1.531415559525138690e+02 2.344674556213017791e+00 1.823628633098879703e+01
1.532066819247515923e+02 2.249813925793606284e+00 1.827502698075992882e+01
1.532032860704849213e+02 2.194149826950988036e+00 1.830032376911912451e+01
1.531452588292210919e+02 2.180957165717688273e+00 1.826399278032079110e+01
1.531055319861560804e+02 2.260429459268356034e+00 1.825867105801793855e+01
1.530545755647352166e+02 2.314595660749506845e+00 1.828902906479103763e+01
1.530397361467753399e+02 2.292034163224293764e+00 1.832813255926463469e+01
1.530659912172974657e+02 2.255033307282944488e+00 1.827281269770384498e+01
1.530772207956533180e+02 2.241626660712292107e+00 1.826971456216739398e+01
1.528370920323024791e+02 2.324085445275575701e+00 1.851935171746492514e+01
1.525048379293662322e+02 2.344218674407353653e+00 1.859474898589557412e+01
1.520336701276469000e+02 2.342627739942689136e+00 1.848579323434185540e+01
1.517637136690111959e+02 2.381396300844776714e+00 1.859031111607308873e+01
1.517133154702095226e+02 2.403036731048342034e+00 1.870903576346247021e+01
1.521271165940977141e+02 2.437562800044657862e+00 1.868777678538200959e+01
1.523607327602247778e+02 2.478899184994975968e+00 1.851186223065758796e+01
1.525405734807040972e+02 2.495897063749023204e+00 1.836253768002679365e+01
1.527321368761862175e+02 2.459677719474526292e+00 1.835330839938967529e+01
1.527112314390979009e+02 2.447620110900226909e+00 1.833383573369059505e+01
1.525099177552007745e+02 2.563228015332514431e+00 1.822407055933906506e+01
1.523522756875441928e+02 2.607746269212162016e+00 1.815488816940195704e+01
1.524911707789066213e+02 2.650543336682669171e+00 1.822761527297086204e+01
1.525821238509917634e+02 2.735272226563953524e+00 1.833680361728257324e+01
1.526268933050500607e+02 2.721242231401883149e+00 1.829061999925570348e+01
1.526741096349224165e+02 2.606415838636448434e+00 1.857253172565219046e+01
1.526330988798332839e+02 2.583798518849317105e+00 1.878298165308325096e+01
1.526081835435971925e+02 2.570354657437385892e+00 1.886241673179263856e+01
1.525577388262439058e+02 2.518458561274236285e+00 1.894843883740835722e+01
1.525722898291838874e+02 2.503786610100108057e+00 1.893543225038145295e+01
1.527055747832235397e+02 2.407995608648729302e+00 1.898825871757657069e+01
1.526632149901380728e+02 2.350098619329388683e+00 1.893825127460831226e+01
1.526144263332217008e+02 2.376121097093520707e+00 1.894115403222805227e+01
1.525787466041457208e+02 2.344507089427263491e+00 1.888829965390197785e+01
1.526003684269286680e+02 2.341557813255926490e+00 1.889179784898217562e+01
1.526274236165382661e+02 2.301663503405158018e+00 1.889216999739496217e+01
1.526503944773175476e+02 2.259499088236388786e+00 1.887961929217371804e+01
1.526129563469911830e+02 2.214664508205872462e+00 1.888252204979345805e+01
1.526939637527445939e+02 2.207854192251870185e+00 1.888117301179710594e+01
1.528201034572587673e+02 2.231569349856723061e+00 1.894828997804324189e+01
1.529171969781548910e+02 2.252474786945033891e+00 1.884453500055822417e+01
1.529532581593539362e+02 2.312846563209407957e+00 1.870626325778720656e+01
1.529706374902310984e+02 2.329332737895872807e+00 1.852111942242566300e+01
1.530798723530944017e+02 2.332951881210226563e+00 1.858554761638941599e+01
1.531215808864575081e+02 2.343418555319861429e+00 1.858215176212273434e+01
1.529384931710766296e+02 2.369264262587920111e+00 1.839515648840757578e+01
1.527590245990100755e+02 2.394709910312232459e+00 1.831633545457928491e+01
1.526491105652934266e+02 2.515704663019612042e+00 1.834433962264150964e+01
1.526488872762457731e+02 2.585752298016449124e+00 1.837604666741096437e+01
1.524402794834579993e+02 2.540731643779539084e+00 1.833626400208403240e+01
1.524730006326523153e+02 2.421374344088422337e+00 1.819515462766551295e+01
1.523566949499460463e+02 2.381414908265416130e+00 1.806061367273268559e+01
1.523587696773473397e+02 2.455016560604369236e+00 1.798293699527371459e+01
1.524097074913475467e+02 2.526934241375460743e+00 1.803863830895761211e+01
1.524728610769975035e+02 2.557403892672397649e+00 1.806755424063116422e+01
1.523199173830523705e+02 2.524794388001935008e+00 1.816527111011871654e+01
1.522520654236909650e+02 2.560883480331956452e+00 1.814831044620594724e+01
1.523801775147929050e+02 2.677272896431096783e+00 1.835085221986528126e+01
1.524828811730118048e+02 2.667941274980462296e+00 1.844743403669383497e+01
1.525620278367012759e+02 2.617450039075583490e+00 1.842598898440698107e+01
1.526211436120725011e+02 2.613356406534926180e+00 1.844442893826057883e+01
1.526013453165122371e+02 2.608462654906776645e+00 1.844762941461054595e+01
1.525719269844814221e+02 2.632112686539391788e+00 1.840044099586915394e+01
1.525133229131777739e+02 2.591902050537754576e+00 1.837955416620147986e+01
1.524923430464069156e+02 2.608648729113170361e+00 1.822043280860406966e+01
1.523564251423467795e+02 2.668946075694987208e+00 1.827311972014439334e+01
1.523341334524208150e+02 2.698327192884522496e+00 1.836031409326039210e+01
1.524133452420825563e+02 2.780860407130363754e+00 1.845307208514755715e+01
1.524402887871683276e+02 2.835435971865579940e+00 1.851187153436790567e+01
1.523851549998139205e+02 2.880093781400022479e+00 1.849082654162479855e+01
1.523730694801086543e+02 2.756521900934092439e+00 1.863811357969558102e+01
1.523829128056268871e+02 2.715101782590897184e+00 1.874118008261694612e+01
1.524283986453797866e+02 2.675058613375013827e+00 1.867135573666778470e+01
1.525170350935953252e+02 2.599642737523724545e+00 1.874250120948234155e+01
1.525815656283726014e+02 2.544983439395630764e+00 1.871877674816716919e+01
1.527206747050723834e+02 2.495720293252949418e+00 1.877056119980648319e+01
1.528957240147370840e+02 2.435627628298165259e+00 1.878934539094190725e+01
1.529818484611663223e+02 2.425421458077481329e+00 1.888133117487253898e+01
1.529929943061292761e+02 2.388997432175951730e+00 1.867676119236351440e+01
1.530471512039001141e+02 2.395993822336347723e+00 1.885577388262439058e+01
1.528277697145621801e+02 2.480629675114435440e+00 1.869481969409400435e+01
1.527194931338617891e+02 2.570270924044508742e+00 1.862945182538796374e+01
1.527594897845260675e+02 2.542666815526031687e+00 1.860720665401361984e+01
1.527083286814781786e+02 2.542294667113244699e+00 1.864603103717762522e+01
1.527152506419560041e+02 2.522226563953704925e+00 1.849536675226080007e+01
1.526981318149678089e+02 2.432268988872762439e+00 1.847620110900227175e+01
1.526249023110416374e+02 2.486825946187339653e+00 1.855478955007257014e+01
1.527243496706486496e+02 2.547662907967697343e+00 1.866251721186409185e+01
1.525213241040526952e+02 2.518337613040080303e+00 1.860276878419113444e+01
1.521897770831007506e+02 2.423793308771537980e+00 1.838147073052733305e+01
1.519043485542034091e+02 2.424156153474005482e+00 1.848739347251683895e+01
1.516040340887946059e+02 2.417634252539913042e+00 1.838508057013136821e+01
1.515019630828774382e+02 2.387769342413754714e+00 1.837653046034758830e+01
1.514452755758996716e+02 2.332198280674333102e+00 1.848150422388448533e+01
1.514835975587064070e+02 2.334282311785940145e+00 1.843661382159205075e+01
1.513897231215808858e+02 2.413522012578616316e+00 1.854823973800751702e+01
1.514639109076699697e+02 2.482843958170518395e+00 1.872188418741394145e+01
1.516137192512373986e+02 2.548137397194000897e+00 1.880662238100554617e+01
1.515739644970414304e+02 2.460077779018272626e+00 1.875412154367161577e+01
1.515483979010829501e+02 2.455853894533139847e+00 1.876158311934799627e+01
1.519544676416955156e+02 2.447229355066800505e+00 1.884044136801756508e+01
1.522498511406348882e+02 2.448150422388448710e+00 1.881734025529381071e+01
1.524603941051691436e+02 2.372297272152134262e+00 1.870737039931524848e+01
1.525554035949536740e+02 2.298416508503591249e+00 1.867821257117338263e+01
1.526366249860444384e+02 2.284516765285995898e+00 1.876001079230396940e+01
1.526554743031520900e+02 2.294164712887499569e+00 1.852177998585835894e+01
1.525674239886866985e+02 2.322410777418034478e+00 1.821410628558669131e+01
1.524836347735476920e+02 2.222247032116408061e+00 1.800629861188642167e+01
1.523827081239998620e+02 2.235197796881396304e+00 1.785572736407279137e+01
1.522051747236797894e+02 2.403111160730899698e+00 1.788907186185850762e+01
1.519281195340701913e+02 2.534665624651110782e+00 1.791853671244092183e+01
1.518693386922704747e+02 2.568735811841762473e+00 1.813268951657921235e+01
1.517991887164601224e+02 2.569154478806147779e+00 1.822725242826839320e+01
1.517941833203081501e+02 2.523724461315172363e+00 1.815974470618882819e+01
1.518920025306092043e+02 2.512578616352201255e+00 1.820507238286628748e+01
1.520532823490007956e+02 2.536405418480890184e+00 1.836921774403632313e+01
1.521329686278888005e+02 2.539875702430129056e+00 1.841129842581221254e+01
1.521010010792304001e+02 2.486481708905511567e+00 1.848721670202076695e+01
1.520758345428156701e+02 2.421858137025045377e+00 1.836229578355848346e+01
1.520813888578765329e+02 2.409186483569647486e+00 1.827697145621673869e+01
1.521854601615124238e+02 2.417457482043839256e+00 1.837475345167652918e+01
1.521695136020244945e+02 2.420881247441479811e+00 1.846924193368315414e+01
1.520547988537828985e+02 2.410070336050016859e+00 1.846803245134159610e+01
1.520662517211864042e+02 2.395714711026757371e+00 1.845501656060437057e+01
1.521009266495478300e+02 2.382670909158572492e+00 1.849702281269770410e+01
1.521417792415615224e+02 2.398840757694168602e+00 1.840723270440251724e+01
1.523175263295001969e+02 2.331063228015332722e+00 1.841143798146701016e+01
1.522278664731495041e+02 2.320391872278664724e+00 1.838991849949760038e+01
1.520454021063600294e+02 2.296211529157828224e+00 1.831971270142532759e+01
1.518888671802314718e+02 2.363523873320680480e+00 1.834301849577611421e+01
1.519071303635890047e+02 2.345604927244985483e+00 1.831671690670239272e+01
1.518728647984816291e+02 2.331472591269398098e+00 1.823170890551151757e+01
1.518244575936883507e+02 2.235904878865691447e+00 1.813549923709575395e+01
1.518425440065498151e+02 2.258122139109076887e+00 1.807282944438242112e+01
1.519037903315842470e+02 2.141974619478248076e+00 1.806738677384540992e+01
1.519119962040861935e+02 2.112733057943507742e+00 1.806703323285326235e+01
1.519160898366268384e+02 2.105764578914071095e+00 1.809135313162889247e+01
1.520276599307804020e+02 2.103457258754791503e+00 1.804180157046630129e+01
1.521498920769602989e+02 2.009136243533921284e+00 1.786651966804361535e+01
1.520613672732685870e+02 1.980508726880279902e+00 1.786578467492835998e+01
1.518867180231476368e+02 1.981643779539280281e+00 1.781388857876521215e+01
1.518492333742696587e+02 2.029697443340404028e+00 1.780885527148226544e+01
1.518126697927133364e+02 2.080430575713594799e+00 1.781492129061069463e+01
1.516071508317517100e+02 2.092702169625246356e+00 1.785128019053998827e+01
1.515317814744520035e+02 2.037121804175505257e+00 1.772163298723531000e+01
1.515127460831379551e+02 1.937423244389862687e+00 1.769308920397454443e+01
1.512739663577834790e+02 1.812995422574522619e+00 1.757618808380782127e+01
1.510242361653827459e+02 1.731262327416173585e+00 1.756249302221726083e+01
1.508088273603513016e+02 1.726359272077704565e+00 1.742151389974321773e+01
1.507579360649026796e+02 1.684808901790033842e+00 1.734449778571694267e+01
1.507711008150050134e+02 1.683990175281902424e+00 1.727167764504484282e+01
1.507950299579472357e+02 1.679803505638048478e+00 1.721511108630121711e+01
1.507755479885378236e+02 1.685934650738714513e+00 1.712804696512969471e+01
1.507053607978861862e+02 1.657214096981876272e+00 1.700881061367273261e+01
1.508569833649659415e+02 1.622046071973503034e+00 1.713540619999255554e+01
1.510373450932231663e+02 1.686102117524468813e+00 1.725010234081351612e+01
1.510347586617542959e+02 1.680799002642253681e+00 1.713609467455621171e+01
1.509161270514681235e+02 1.697945740761415578e+00 1.711061181199062275e+01
1.508148561646384564e+02 1.709798667708682274e+00 1.706352573406274331e+01
1.508215548360686284e+02 1.722619180529195049e+00 1.708055152394775078e+01
1.507796416210784969e+02 1.716422909456291279e+00 1.728412600945257083e+01
1.507385099177552092e+02 1.763825313535037687e+00 1.751352759480480970e+01
1.507280525473558725e+02 1.685022887127386459e+00 1.760805329165271260e+01
1.507249451081091252e+02 1.586924565516728114e+00 1.764191879721633072e+01
1.507812604666740981e+02 1.602471065460905786e+00 1.776843995385359776e+01
1.507697052584570656e+02 1.680305905995310933e+00 1.768638122883405828e+01
1.505219288452234707e+02 1.660972795951025205e+00 1.739696140820959513e+01
1.500747087938669893e+02 1.656869859700048409e+00 1.723527222656395352e+01
1.498500800119087444e+02 1.707258754791410871e+00 1.718211082579732718e+01
1.496695973354173645e+02 1.796248743999106834e+00 1.727264523091809068e+01
1.496430259387443584e+02 1.793820475605671483e+00 1.700149789736146744e+01
1.497888709017155975e+02 1.708989244910870564e+00 1.671529716050761039e+01
1.500564642179301131e+02 1.710849986974805503e+00 1.667707751851438402e+01
1.503163633657102594e+02 1.720069963901603938e+00 1.666506642849168074e+01
1.503026590004093634e+02 1.687348814707305245e+00 1.654965390197610731e+01
1.503017751479289927e+02 1.577751107141527998e+00 1.663148003423765431e+01
1.503160377358490507e+02 1.530004465780953504e+00 1.674207323880763809e+01
1.501844088422462846e+02 1.503302817163484795e+00 1.685172676863533070e+01
1.500084570726805850e+02 1.473391388485728148e+00 1.671267351419746205e+01
1.500059357671839564e+02 1.461315172490789349e+00 1.670942651929589573e+01
1.498944028878716779e+02 1.498827732499720788e+00 1.663138699713445590e+01
1.498385806259536253e+02 1.561804547653604214e+00 1.656173942168136648e+01
1.499842116035875108e+02 1.639304454616500983e+00 1.670240221800453995e+01
1.500275575899668752e+02 1.688595511890141898e+00 1.673143909791224715e+01
1.499399631573071474e+02 1.721446913028915837e+00 1.676514644040043223e+01
1.498587324625060546e+02 1.606527483160284264e+00 1.678977336161661427e+01
1.498127535261062064e+02 1.610462952625506983e+00 1.686918983290536289e+01
1.498688269882028976e+02 1.666480592460273247e+00 1.698936585910461261e+01
1.500100573108555579e+02 1.745506307915596800e+00 1.716325220497934723e+01
1.500629302966022749e+02 1.769147035837892235e+00 1.717665885154999827e+01
1.498884299058464649e+02 1.746101745376055892e+00 1.691263816009824694e+01
1.497494045625395529e+02 1.714208626400208324e+00 1.674659484202299708e+01
1.496879721632987241e+02 1.796918611142123590e+00 1.661281679133638534e+01
1.496495478396784620e+02 1.873441628521454350e+00 1.662619552677607970e+01
1.495910926277399540e+02 1.941898329053626693e+00 1.658679431357225198e+01
1.497630531055785070e+02 1.908200290275761990e+00 1.687144133080272468e+01
1.499081258605932021e+02 1.860565293439023549e+00 1.705832495999404586e+01
1.499906404674184159e+02 1.822568940493468848e+00 1.723246250604741192e+01
1.503114975252130421e+02 1.857522980164489690e+00 1.755082616947638741e+01
1.502381191619217873e+02 1.811646384578169844e+00 1.740995869152618170e+01
1.501403092553310330e+02 1.771361318893974968e+00 1.736047225633582514e+01
1.501604517881731340e+02 1.699043578579137348e+00 1.732135015444159265e+01
1.503070782628112170e+02 1.770849614826392804e+00 1.733452420825425122e+01
1.501955732946298951e+02 1.909074839045811434e+00 1.749288266160544936e+01
1.499761266793197194e+02 2.009768895835659208e+00 1.742491905772021710e+01
1.502245822634066599e+02 1.955258457072680534e+00 1.764596591120538704e+01
1.505797979234118600e+02 1.873171820922183706e+00 1.765486025827099681e+01
1.507078727996725149e+02 1.791717837073424802e+00 1.763589929663950073e+01
1.507261918052919611e+02 1.774515276692344878e+00 1.757697889918499357e+01
1.507862007368538571e+02 1.691712254847232977e+00 1.759791224740426330e+01
1.506420769602917744e+02 1.609914033716646209e+00 1.746344572215399538e+01
1.505515239477503542e+02 1.560567154181087490e+00 1.729872353094414095e+01
1.504880819470805022e+02 1.550947117710542944e+00 1.721205946931636177e+01
1.504595195563991012e+02 1.498781213948122470e+00 1.717996166871348152e+01
1.504706747050723834e+02 1.475252130549663310e+00 1.706421420862639948e+01
1.502110918834431175e+02 1.509182762085519602e+00 1.659418145956607660e+01
1.499582356443749802e+02 1.462133898998920767e+00 1.624402701797476922e+01
1.498405437088310919e+02 1.463827174277101628e+00 1.601444866212645479e+01
1.497372818279930016e+02 1.453788470842171776e+00 1.592458412414871027e+01
1.495547058166797001e+02 1.448959845186260198e+00 1.568438093111532794e+01
1.497318298537456656e+02 1.273305794350787057e+00 1.572429384838673627e+01
1.496610007070819961e+02 1.198169029809087904e+00 1.575094897845260711e+01
1.493687246473893708e+02 1.188632726731420508e+00 1.581212087380447251e+01
1.491580793420416171e+02 1.267146738119161897e+00 1.594973205314279419e+01
1.491265955863198371e+02 1.325499609244166654e+00 1.603099065907483833e+01
1.489558911093744200e+02 1.305701313683897080e+00 1.589915708384503823e+01
1.489974600870827146e+02 1.252400357262476227e+00 1.569979717911503059e+01
1.490155371962338506e+02 1.274561795243943196e+00 1.572589408656172161e+01
1.491610379219232527e+02 1.281130214729634176e+00 1.574585054519742400e+01
1.493302538052175237e+02 1.314558445908228235e+00 1.574758103531688391e+01
1.493781493059431966e+02 1.354071303635890011e+00 1.608979010829518685e+01
1.491221763239179836e+02 1.323676082021510103e+00 1.611426817014625357e+01
1.488860109411633346e+02 1.216022849912545167e+00 1.609398608164936206e+01
1.488599698559785622e+02 1.112509768895835638e+00 1.599779502065423742e+01
1.488944866212645479e+02 1.070224405492910646e+00 1.594260541103792228e+01
1.490113970451415923e+02 1.126493245506307916e+00 1.619579658367756991e+01
1.490753042313274648e+02 1.274115217148598767e+00 1.643541364296081397e+01
1.490578039522161475e+02 1.334766104722563407e+00 1.646913959286963802e+01
1.489215325071638460e+02 1.253740091548509517e+00 1.631705184027390132e+01
1.487680119831788943e+02 1.038712738640169775e+00 1.610188493171076729e+01
1.484469223326262579e+02 1.045885899296639554e+00 1.577031930333817122e+01
1.483045104387629749e+02 1.034386513341520653e+00 1.565926091325220426e+01
1.482204142011834449e+02 1.026301589073722598e+00 1.552981839157456001e+01
1.481726303449815703e+02 9.490621859997767640e-01 1.536021175244687598e+01
1.480215753042313338e+02 8.508987384168806845e-01 1.514027204048974795e+01
1.477160972795950897e+02 7.533307282944438077e-01 1.488469911800826218e+01
1.473629935618324680e+02 6.588980685497376477e-01 1.438705295671914008e+01
1.469285009861932849e+02 5.822913177775296267e-01 1.414615198541178209e+01
1.467467995236500258e+02 5.392337464180715356e-01 1.401469055859476676e+01
1.466884745636559728e+02 5.186632429012689727e-01 1.400805701313683826e+01
1.469170109039484942e+02 5.229615570689590820e-01 1.396600424249190553e+01
1.471443005470581795e+02 4.984555840869338561e-01 1.393081761006289376e+01
1.471692624018458559e+02 4.552026348107625076e-01 1.386246325034423776e+01
1.472127386401697038e+02 4.664508205872501811e-01 1.394600126530460393e+01
1.471571303635890047e+02 4.896728815451601990e-01 1.397570801235532656e+01
1.468523780283577196e+02 5.024654832347139610e-01 1.392530050984332490e+01
