2.200453294252580463e+02 1.016132279852172893e+01 6.048552312985854229e+01
2.202791512680005042e+02 1.030031859309290176e+01 6.084311201733146390e+01
2.202905441570026710e+02 1.024325219829234079e+01 6.082262010959602350e+01
2.204720912450618187e+02 1.020229387026889256e+01 6.090951956161590175e+01
2.205278960112144659e+02 1.014738116477634833e+01 6.074883394927997671e+01
2.205799668663183297e+02 1.011313877915126724e+01 6.064195233847330258e+01
2.205592455715560050e+02 1.003628138141965032e+01 6.039564164648910349e+01
2.205928507709952839e+02 1.014497260099401110e+01 6.036085128074423523e+01
2.205062061934497137e+02 1.023624315024850340e+01 6.029835605964062495e+01
2.204533707149228974e+02 1.023768319102841851e+01 6.029370460048426139e+01
2.203516885433923846e+02 1.021352109086275028e+01 6.008898942270931798e+01
2.202607238435070656e+02 1.022504141710207648e+01 6.000233210144003948e+01
2.202864534216898278e+02 1.027972473556773281e+01 5.978475850643557976e+01
2.203597935516758071e+02 1.030526315789473735e+01 5.973403848604561972e+01
2.203593220338983087e+02 1.041107429590926436e+01 5.963644704982795730e+01
2.204490888237542947e+02 1.035066904549509381e+01 5.967889639352618758e+01
2.204025997196380899e+02 1.039310564546960691e+01 5.972002038995794493e+01
2.205107557028163683e+02 1.032290047151777834e+01 5.971039887855231143e+01
2.206266981011851556e+02 1.034174843889384476e+01 5.969180578565056550e+01
2.206325729578182688e+02 1.035442844399133477e+01 5.964285714285714590e+01
2.207222123104371008e+02 1.037694660379762901e+01 5.973122212310437362e+01
2.206833184656556739e+02 1.037522620109596083e+01 5.970829616413916341e+01
2.206176500573467649e+02 1.055256786032878757e+01 5.973157894736841911e+01
2.205675927105900485e+02 1.054727921498661836e+01 5.960420542882630457e+01
2.204978845418631295e+02 1.040797757104625987e+01 5.969582005862113050e+01
2.203277048553587463e+02 1.029761692366509429e+01 5.954415700267617950e+01
2.202629922263285209e+02 1.041127819548872147e+01 5.947792787052376440e+01
2.203328533197400247e+02 1.033977316171785432e+01 5.968125398241365787e+01
2.203621256531158394e+02 1.029766789855995945e+01 5.968701414553332540e+01
2.203762329552695292e+02 1.011766280107047322e+01 5.971339365362558738e+01
2.203693131132916960e+02 1.004261501210653762e+01 5.962683828214604631e+01
2.204176118261756017e+02 1.016578310182235256e+01 5.968013253472664559e+01
2.204074423346501987e+02 1.040965974257678006e+01 5.949030202625207409e+01
2.203787562125653210e+02 1.066486555371479561e+01 5.946352746272460621e+01
2.203052886453421593e+02 1.074682044093284006e+01 5.929862367783866262e+01
2.202517012871161057e+02 1.091474448833949218e+01 5.924269147444883288e+01
2.202888747291958680e+02 1.107205301389065966e+01 5.930039505543519596e+01
2.202879826685357330e+02 1.108503886835733354e+01 5.956057091882247789e+01
2.202066139926086521e+02 1.097047279214986659e+01 5.957820823244551889e+01
2.201572193194851650e+02 1.093264942016057084e+01 5.968940996559194900e+01
2.201816490378488709e+02 1.091111252708041235e+01 5.974991716579584278e+01
2.201358608385370133e+02 1.087095705365107712e+01 5.978113928890021356e+01
2.202052886453421650e+02 1.070276538804638733e+01 5.966151395437746885e+01
2.201745890149101683e+02 1.072451892442971833e+01 5.964327768573977551e+01
2.202128074423346504e+02 1.072767936791130339e+01 5.971562380527590363e+01
2.202697591436217692e+02 1.064363451000382277e+01 5.967076589779533435e+01
2.202919969415063122e+02 1.054527845036319533e+01 5.970192430228112812e+01
2.202865681152032664e+02 1.056156492927233259e+01 5.967088059130878008e+01
2.203777494583917473e+02 1.035246591053905973e+01 5.961366127182362362e+01
2.204367528991971312e+02 1.023995157384987920e+01 5.964146807697208885e+01
2.204911940869122020e+02 1.020302026252070782e+01 5.974270421817254828e+01
2.204567605454313650e+02 1.012598445265706637e+01 5.964137887090608103e+01
2.204658723078883611e+02 1.006889257040907282e+01 5.934111125270803910e+01
2.204491525423728717e+02 9.998470753154071744e+00 5.914586466165413725e+01
2.204272333375812423e+02 9.950439658468203774e+00 5.895710462597170931e+01
2.204643685484898583e+02 9.865043965846821195e+00 5.892418758761309761e+01
2.203578310182235214e+02 9.880107047279215848e+00 5.885937300879317036e+01
2.201411112527080434e+02 1.003968395565184224e+01 5.894924174843889375e+01
2.200508602013508437e+02 1.011279469861093361e+01 5.898646616541353183e+01
2.198785140818146999e+02 1.018213329935007039e+01 5.897274117497132551e+01
2.197416464891041130e+02 1.027007773671466850e+01 5.890363196125908019e+01
2.196730087931693731e+02 1.028534471772652026e+01 5.895595769083725912e+01
2.198257550656301760e+02 1.006092774308653048e+01 5.903310819421434985e+01
2.200643685484898811e+02 9.796826812794698469e+00 5.903899579457117142e+01
2.201501975277176086e+02 9.693730087931694328e+00 5.906273735185421003e+01
2.201405250414171064e+02 9.587880718746017550e+00 5.893067414298457862e+01
2.201533324837517398e+02 9.474652733528737159e+00 5.888181470625716685e+01
2.199785778004332997e+02 9.934573722441697896e+00 5.890472792149866166e+01
2.197880846183254846e+02 1.009599847075315360e+01 5.882891550911175926e+01
2.196238817382439095e+02 1.022620109596024029e+01 5.867885816235504137e+01
2.196348668280871550e+02 1.032493946731234935e+01 5.866698101185166081e+01
2.195909392124378883e+02 1.044228367528991974e+01 5.875886325984452441e+01
2.197860328788071911e+02 1.022934879571810818e+01 5.866992481203007515e+01
2.198592710590034471e+02 1.011177520071364810e+01 5.864772524531667841e+01
2.198315662036447122e+02 9.952529629157639945e+00 5.851940869121957434e+01
2.197519816490378446e+02 9.965885051612081824e+00 5.846821715305212308e+01
2.197492544921626063e+02 1.009481330444755898e+01 5.845756340002548512e+01
2.196622658340767202e+02 1.000374665477252378e+01 5.825795845546068819e+01
2.195907480565821288e+02 1.008661909009812696e+01 5.827535363833312232e+01
2.194833057219319414e+02 1.024750860201350910e+01 5.808963935261883194e+01
2.195265451765005764e+02 1.029264687141582790e+01 5.822658340767171836e+01
2.195626863769593342e+02 1.038896393526188433e+01 5.831570026761819747e+01
2.198810118516630610e+02 1.012682553842232736e+01 5.863352873709698088e+01
2.200798139416337449e+02 9.823282783229259962e+00 5.906737606728685819e+01
2.201790620619345020e+02 9.679151268000509845e+00 5.906025232572957862e+01
2.202029947750732788e+02 9.541187715050337914e+00 5.896661144386389708e+01
2.202183254747037040e+02 9.453039378106282697e+00 5.894801835096215115e+01
2.201857270294379987e+02 9.812055562635402239e+00 5.883821842742449348e+01
2.199397731617178522e+02 9.971008028545941926e+00 5.860206448324200323e+01
2.197913852427679444e+02 9.994711354657830782e+00 5.834471772651968990e+01
2.196627628393016494e+02 1.008260481712756551e+01 5.819221358480947970e+01
2.195547342933605250e+02 1.006473811647763483e+01 5.810113419141072910e+01
2.195275519306741501e+02 1.023973493054670492e+01 5.825746145023575906e+01
2.194411112527080547e+02 1.051424748311456625e+01 5.833911048808462141e+01
2.194146170511023399e+02 1.059022556390977421e+01 5.842845673505798487e+01
2.195864406779660953e+02 1.059232827832292578e+01 5.860266343825665558e+01
2.196744233465018397e+02 1.057005224926723663e+01 5.853049573085255730e+01
2.196348668280871550e+02 1.047553205046514613e+01 5.867498407034535290e+01
2.196952720785013469e+02 1.047339110488084657e+01 5.873661271823626606e+01
2.196644322671084524e+02 1.036752899197145439e+01 5.862353765770357938e+01
2.195969287625844402e+02 1.036849751497387473e+01 5.849322033898305051e+01
2.196502867337836165e+02 1.023371989295272044e+01 5.838382821460430705e+01
2.196305467057474061e+02 1.002292595896521021e+01 5.837953357971198898e+01
2.195730597680642404e+02 1.004869376831910266e+01 5.839863642156237944e+01
2.195199949025105184e+02 1.002349942653243353e+01 5.830968523002421477e+01
2.194701796865043946e+02 1.016484006626736303e+01 5.840862750095578093e+01
2.194511405632725882e+02 1.017195106410093075e+01 5.842417484388938220e+01
2.193125780553077675e+02 1.019612590799031437e+01 5.810930291831272854e+01
2.191630049700522420e+02 1.012798521728048939e+01 5.787414298458009654e+01
2.190443736459793627e+02 1.018489868739645665e+01 5.772244169746399933e+01
2.189363068688670921e+02 1.013069963043201227e+01 5.759260864024467708e+01
2.189520835988275849e+02 1.008947368421052637e+01 5.742961641391614336e+01
2.190516630559449425e+02 9.812004587740537076e+00 5.758763858799541424e+01
2.192455715560086560e+02 9.614464126417738399e+00 5.767262648145788262e+01
2.192843889384478189e+02 9.461666879062061497e+00 5.790146552822734805e+01
2.193577927870523752e+02 9.373888110105772498e+00 5.779463489231553552e+01
2.193743851153307105e+02 9.345303937810628625e+00 5.764253854976423952e+01
2.193270549254492039e+02 9.455345992098891372e+00 5.758465655664585370e+01
2.192917038358608295e+02 9.588084618325474651e+00 5.758525551166050604e+01
2.191509111762456996e+02 9.541582770485536713e+00 5.737153052121829688e+01
2.190278450363196043e+02 9.385268255384223934e+00 5.708461832547470038e+01
2.189026506945329515e+02 9.298356059640626725e+00 5.700669045495093457e+01
2.186913852427679501e+02 9.258455460685611982e+00 5.727831018223525206e+01
2.186034025742321774e+02 9.283522365235121754e+00 5.748608385370204843e+01
2.186036447049827984e+02 9.207149229004714996e+00 5.761473174461577429e+01
2.185809353893207572e+02 9.119293997706130028e+00 5.763039378106282840e+01
2.185940486810245886e+02 9.197897285586847715e+00 5.768036192175353705e+01
2.186652478654262666e+02 9.021167325092392275e+00 5.780806677711227337e+01
2.188469606218937145e+02 9.023868994520197973e+00 5.777581241238689813e+01
2.188747419395947418e+02 8.873939085000637661e+00 5.771303682936154189e+01
2.189390212820186150e+02 8.755345992098892083e+00 5.774359627883267621e+01
2.189729960494456407e+02 8.750516120810500453e+00 5.767034535491270475e+01
2.189541480820695938e+02 8.631043710972345906e+00 5.754549509366636784e+01
2.189734548234994236e+02 8.519204791640117236e+00 5.741339365362559022e+01
2.189782209761692400e+02 8.386644577545558477e+00 5.734041034790365643e+01
2.189297056199821725e+02 8.332764113674015150e+00 5.722817637313622896e+01
2.187478144513826805e+02 8.361539441824900720e+00 5.697897285586848426e+01
2.184958200586211206e+02 8.542831655409710123e+00 5.686066012488848997e+01
2.182417102077226900e+02 8.805964062699120021e+00 5.672890276538804954e+01
2.180430355549891601e+02 8.898598190391231455e+00 5.651524149356441740e+01
2.179109341149483896e+02 8.882770485535873561e+00 5.651503759398496385e+01
2.178601503759398383e+02 8.747788963935262174e+00 5.641174971326621801e+01
2.179195871033516028e+02 8.806741429845800440e+00 5.642491397986491819e+01
2.180153179559067098e+02 8.904880846183255372e+00 5.656687906206193617e+01
2.180614629794825987e+02 8.858825028673377844e+00 5.648665732126927708e+01
2.180142729705619900e+02 8.616248247737988919e+00 5.641961259079903357e+01
2.179319230279087662e+02 8.530674142984580044e+00 5.633044475595769285e+01
2.179911558557410558e+02 8.209825410985089889e+00 5.617758378998343005e+01
2.179400152924684733e+02 8.076156492927232478e+00 5.617605454313750357e+01
2.179825793296801351e+02 7.895883777239709467e+00 5.613073786160315848e+01
2.180101312603542851e+02 7.829641901363578071e+00 5.613351599337326547e+01
2.179852937428316579e+02 7.836905823881738620e+00 5.609534854084363786e+01
2.176820950681789100e+02 8.264648910411622751e+00 5.593783611571301151e+01
2.176380909901873224e+02 8.401580221740791998e+00 5.575250414171020452e+01
2.175275901618452963e+02 8.441850388683572959e+00 5.566147572320632264e+01
2.174869249394673147e+02 8.606066012488849282e+00 5.574155728303810520e+01
2.174460558175098868e+02 8.554848986873965444e+00 5.567034535491270475e+01
2.174414680769720860e+02 8.534803109468587223e+00 5.583565693895756255e+01
2.174504269147444973e+02 8.493105645469606557e+00 5.603341404358353373e+01
2.174987766025232645e+02 8.435784376194723322e+00 5.595228749840703131e+01
2.174984070345354894e+02 8.464113674015546707e+00 5.595314132789601302e+01
2.174167707404103567e+02 8.390748056582133074e+00 5.593411494838792208e+01
2.174897540461322762e+02 8.384796737606729167e+00 5.567410475340894749e+01
2.175237415572830457e+02 8.340550528864534741e+00 5.568577800433286740e+01
2.176152032623932655e+02 8.282910666496750451e+00 5.556039250669045515e+01
2.177293233082706649e+02 8.201898814833693763e+00 5.551019497897285504e+01
2.177868357334012899e+02 8.175187969924811782e+00 5.551877150503376868e+01
2.177967121192812670e+02 8.127615649292723177e+00 5.561801962533452581e+01
2.177735950044603044e+02 8.073250923919969679e+00 5.552982031349560543e+01
2.177615649292723390e+02 7.971606983560596049e+00 5.554414425895246410e+01
2.177621001656684143e+02 8.033936536255893657e+00 5.567035809863642015e+01
2.177053523639607420e+02 8.172919587103351091e+00 5.561134191410729954e+01
2.175769848349687834e+02 8.237555753791257374e+00 5.550014018096087653e+01
2.175103606473811624e+02 8.173072511787944805e+00 5.531613355422454248e+01
2.175738626226583392e+02 8.171530521218299370e+00 5.527416847202752592e+01
2.174942016057091791e+02 8.217777494583916820e+00 5.517744360902255352e+01
2.174576653498152154e+02 8.266547725245317224e+00 5.510091754810756015e+01
2.174901873327386284e+02 8.058060405250413893e+00 5.532398368803364264e+01
2.174998725627628460e+02 7.979788454186313551e+00 5.524743213967121136e+01
2.174329935007009169e+02 7.902586975914362100e+00 5.520717471645214403e+01
2.174698101185166195e+02 7.880922645597043363e+00 5.520604052504141634e+01
2.174343825665859526e+02 7.947355677328915569e+00 5.521663055944947018e+01
2.175706639480056026e+02 7.549483879189499369e+00 5.497983942908117427e+01
2.175674270421817198e+02 7.341735695170128473e+00 5.482493946731234757e+01
2.175062189371734291e+02 7.331438766407543994e+00 5.463112017331464187e+01
2.174832165158659336e+02 7.332738626226583456e+00 5.466805148464381148e+01
2.175683191028418548e+02 7.431553459920988480e+00 5.469523384733018645e+01
2.174235121702561457e+02 7.745380400152924949e+00 5.503141327896010893e+01
2.172933477762202017e+02 7.917204027016694567e+00 5.532310437109723722e+01
2.172565693895756453e+02 8.076564292086148455e+00 5.537243532560214021e+01
2.172515228749840617e+02 8.081776475086019929e+00 5.555018478399388471e+01
2.173215241493564349e+02 8.028915509111762105e+00 5.566639480056072387e+01
2.172621511405632759e+02 8.127246081304956959e+00 5.549764241111252971e+01
2.172384223270039456e+02 8.207187460175862981e+00 5.537079138524276800e+01
2.172087167070217788e+02 8.456136102969287194e+00 5.548170001274372254e+01
2.172427169618962637e+02 8.694520198802090150e+00 5.563574614502357463e+01
2.172691856760545477e+02 8.854721549636803246e+00 5.571845291194087224e+01
2.174069453294252696e+02 8.582744998088442046e+00 5.590202625207085418e+01
2.174991334267872958e+02 8.476538804638716229e+00 5.598943545303937697e+01
2.174718236268637668e+02 8.456964445010832776e+00 5.597122467184911443e+01
2.174689308015802283e+02 8.354071619727283959e+00 5.605054160825793019e+01
2.174225946221485799e+02 8.308602013508346928e+00 5.605028673378361503e+01
2.173471900089206201e+02 8.649471135465782723e+00 5.565993373263667365e+01
2.172354530393781147e+02 8.824149356441951753e+00 5.561842742449344001e+01
2.171719255766535071e+02 8.840512297693386756e+00 5.539815216006117282e+01
2.171833312093793893e+02 8.782375430100675118e+00 5.536666241875876437e+01
2.171245826430482850e+02 8.830737861603161321e+00 5.525899069708168554e+01
2.173547980119791134e+02 8.517866700649930678e+00 5.540795208359882906e+01
2.175161335542245524e+02 8.322084873199948163e+00 5.554012998598190620e+01
2.175787307251178788e+02 8.232394545686249288e+00 5.562787052376704366e+01
2.176676946603797660e+02 8.247839938830125561e+00 5.564943290429463474e+01
2.176232318083343955e+02 8.109226455970434344e+00 5.572651968905314135e+01
2.174239327131387824e+02 8.298075697718873656e+00 5.540237033261119137e+01
2.172747546833184629e+02 8.277035809863642513e+00 5.525130623168089983e+01
2.171232318083343955e+02 8.402051739518286766e+00 5.515914362176628316e+01
2.170252070855103739e+02 8.545622530903530745e+00 5.522799796100420622e+01
2.168542627755830381e+02 8.645482349942653855e+00 5.511666879062062208e+01
2.169412769211163550e+02 8.511482095068178211e+00 5.531094685867210359e+01
2.171396712119281176e+02 8.388314005352363267e+00 5.538032369058238658e+01
2.172216260991461638e+02 8.458570154199057001e+00 5.554394035937301055e+01
2.173355422454441168e+02 8.602905569007264219e+00 5.573436982286224151e+01
2.174212310437109750e+02 8.802867337836115524e+00 5.595036319612590603e+01
2.174563654899961875e+02 8.773085255511659852e+00 5.598505161208105108e+01
2.173491907735440236e+02 8.912335924557154954e+00 5.589384478144513935e+01
2.173438384095832703e+02 8.849917165795845975e+00 5.585725755065629983e+01
2.172151777749458290e+02 8.832904294634891684e+00 5.586991206830636258e+01
2.171708551038613564e+02 8.796291576398623135e+00 5.571209379380655236e+01
2.172165795845546086e+02 8.689180578565057544e+00 5.578393016439403596e+01
2.172279087549381984e+02 8.575417356951701819e+00 5.614223270039505564e+01
2.172326239327131248e+02 8.580960876768191525e+00 5.608796992481202892e+01
2.171165795845546143e+02 8.582846947878170596e+00 5.611891168599464663e+01
2.169157002676182060e+02 8.475264432267108461e+00 5.594358353510895654e+01
2.168552567860328679e+02 8.575519306741430370e+00 5.576406269912068581e+01
2.166834968777876895e+02 8.601682171530521614e+00 5.552806167962278749e+01
2.165536128456735128e+02 8.515241493564419173e+00 5.525969160188606821e+01
2.164756594877023019e+02 8.287676819166559739e+00 5.516031604434815705e+01
2.165853447177265139e+02 8.056607620746781606e+00 5.512799796100420480e+01
2.168243277685739656e+02 7.667082961641392025e+00 5.526378233719893274e+01
2.169398368803364292e+02 7.547266471262902954e+00 5.521025869759143490e+01
2.170465655664585256e+02 7.575952593347776265e+00 5.536227857780043138e+01
2.172519816490378446e+02 7.585969160188606786e+00 5.555055435198164560e+01
2.172079393398751108e+02 7.558621129093920921e+00 5.553742831655409873e+01
2.170594112399643052e+02 7.714515101312603207e+00 5.532756467439785553e+01
2.169340767172167830e+02 7.749560341531795515e+00 5.509028928252835300e+01
2.169101694915254370e+02 7.789040397604179766e+00 5.501255256786032533e+01
2.169215623805276039e+02 7.850414171020772436e+00 5.497539186950427137e+01
2.169515356187077941e+02 7.718707786415190952e+00 5.498681024595386901e+01
2.169700904804383867e+02 7.746552822734803279e+00 5.512082324455205651e+01
2.169315024850261295e+02 7.860570918822479491e+00 5.520488084618325786e+01
2.169305212182999867e+02 7.873493054670574587e+00 5.525158659360265290e+01
2.169781954887218092e+02 7.989601121447686971e+00 5.529892952720785360e+01
2.169953740282910530e+02 7.929501720402702070e+00 5.535102586975914107e+01
2.171844144258952554e+02 7.555575379125780699e+00 5.536441952338473271e+01
2.172287243532560126e+02 7.260672868612208397e+00 5.536198547215496291e+01
2.174070982541098545e+02 7.150694532942526216e+00 5.546514591563654761e+01
2.175007009048043756e+02 6.979367911303683059e+00 5.537792787052377008e+01
2.174347139034025815e+02 6.673633235631451832e+00 5.518362431502485066e+01
2.173821078119026424e+02 6.839862367783866581e+00 5.511251433668918054e+01
2.173709570536510682e+02 7.084490888237542805e+00 5.501832547470370827e+01
2.173539314387664092e+02 7.254148082069581172e+00 5.510786287753281698e+01
2.173666496750350348e+02 7.417344207977571102e+00 5.501749713266216446e+01
2.173331719128329382e+02 7.364419523384732713e+00 5.505172677456352659e+01
2.173125270804129059e+02 7.271288390467694818e+00 5.485710462597170789e+01
2.172500318593093027e+02 7.418108831400535230e+00 5.479481330444755827e+01
2.171203517267745724e+02 7.375022301516502843e+00 5.470660124888492248e+01
2.170765388046387159e+02 7.302485026124633904e+00 5.468350962151140493e+01
2.171149611316426729e+02 7.185204536765643191e+00 5.480081559831782556e+01
2.171310819421434815e+02 7.217892188097361661e+00 5.468322925958965186e+01
2.171356569389575668e+02 7.287128839046769890e+00 5.463578437619472083e+01
2.170776984834968744e+02 7.395552440423091234e+00 5.468316554097107485e+01
2.171160825793296851e+02 7.421868229896776192e+00 5.486852300242130553e+01
2.171044730470243280e+02 7.377622021154581766e+00 5.482286224034663036e+01
2.169912195743596328e+02 7.668816108066777382e+00 5.493254747037084229e+01
2.169334650184783868e+02 7.647992863514718742e+00 5.492973110742958909e+01
2.169476870141455436e+02 7.555830253600102075e+00 5.476930036956798631e+01
2.168704982795972853e+02 7.489970689435453188e+00 5.480556900726391945e+01
2.169265579202242975e+02 7.441022046642029153e+00 5.475793296801325027e+01
2.171357588887472900e+02 7.308168726902001033e+00 5.493745380400152811e+01
2.172019370460048435e+02 7.304868102459538548e+00 5.486612718236268904e+01
2.171030584936918615e+02 7.233872817637313268e+00 5.481645214731744886e+01
2.170685230024213013e+02 7.210144004077991831e+00 5.477337836115712832e+01
2.170725500191155959e+02 7.273123486682808725e+00 5.481722951446412395e+01
2.169097362049190849e+02 7.641174971326621268e+00 5.488749840703453486e+01
2.169288263030457529e+02 7.801516503122212676e+00 5.504694787817000190e+01
2.169431247610551736e+02 8.017637313623040995e+00 5.513126035427551841e+01
2.168703835860838467e+02 8.131336816617816154e+00 5.508928252835478645e+01
2.168269147444883345e+02 8.155868484771250593e+00 5.510981266726137306e+01
2.168682936153944070e+02 8.073556773289155331e+00 5.500351726774563588e+01
2.168881483369440559e+02 8.019931183891932491e+00 5.499115585574104870e+01
2.168785395692621307e+02 8.061208105008283553e+00 5.473602650694532912e+01
2.167983178284694930e+02 8.025066904549509772e+00 5.450857652606091364e+01
2.167824009175481024e+02 7.946998853064865642e+00 5.451606983560596120e+01
2.168798776602523333e+02 7.825105135720657579e+00 5.462346119536128697e+01
2.168747929144896034e+02 7.818796992481202857e+00 5.444535491270548988e+01
2.167308652988403139e+02 7.673454823499426425e+00 5.433670192430228241e+01
2.166172167707404128e+02 7.684975149738753508e+00 5.437090607875621373e+01
2.166725372753918748e+02 7.773429336051994376e+00 5.440101949789728764e+01
2.167462087421944830e+02 7.748362431502484604e+00 5.450172040270167173e+01
2.168626099146170532e+02 7.562380527590161883e+00 5.469149993628138162e+01
2.168800560723843489e+02 7.466853574614502165e+00 5.470420542882630599e+01
2.169455205811138114e+02 7.455040142729705721e+00 5.467864151905186532e+01
2.169824518924429810e+02 7.478093538932076179e+00 5.471670702179176971e+01
2.168847839938830191e+02 7.630890786287753080e+00 5.463512170256149147e+01
2.167893207595259355e+02 7.753944182490123183e+00 5.452776857397731902e+01
2.166857142857142833e+02 7.784108576526060475e+00 5.439155091117624607e+01
2.166421562380527632e+02 7.720848731999490511e+00 5.431034790365745124e+01
2.165908627500955674e+02 7.822033898305084776e+00 5.421756085128074432e+01
2.166905441570026767e+02 7.584478144513826514e+00 5.448473301898815180e+01
2.167827195106410159e+02 7.617114820950681597e+00 5.485693895756340055e+01
2.167598317828469590e+02 7.858085892697846297e+00 5.502755193067414297e+01
2.166082069580731400e+02 8.042933605199438674e+00 5.505757614374920195e+01
2.164900981266726205e+02 8.149929909519562088e+00 5.512296419013635784e+01
2.167750860201350918e+02 7.670115967885815955e+00 5.517748184019370683e+01
2.169773798904039666e+02 7.559589652096342149e+00 5.518658085892698040e+01
2.170268000509748845e+02 7.303746654772524494e+00 5.515102586975914534e+01
2.170575761437492019e+02 7.334752134573722770e+00 5.520614247483114667e+01
2.170797119918440217e+02 7.302000764623422846e+00 5.508780425640372158e+01
2.169872817637313744e+02 7.506167962278578187e+00 5.508640244679495623e+01
2.168665094940741653e+02 7.627475468331846642e+00 5.510070090480438409e+01
2.168486810245953791e+02 7.719013635784376604e+00 5.511865681152032437e+01
2.168957435962788338e+02 7.743137504778895952e+00 5.519118134318848234e+01
2.169306868867082869e+02 7.799553969669937636e+00 5.525151013126035338e+01
2.168515738498789460e+02 8.244220721294762910e+00 5.535579202242895036e+01
2.166278960112144887e+02 8.452950172040269550e+00 5.535733401299859935e+01
2.165419905696444403e+02 8.478119026379507872e+00 5.533930164394035955e+01
2.164828724353255893e+02 8.642423856250797343e+00 5.523615394418249025e+01
2.162781700012743613e+02 8.764674397859053556e+00 5.522157512425130932e+01
2.163813559322033768e+02 8.225767809353893512e+00 5.519258315279724769e+01
2.164457372244169733e+02 7.945890149101567879e+00 5.527070217917675876e+01
2.165047279214986702e+02 7.743532560214094751e+00 5.520829616413916341e+01
2.165507327641136612e+02 7.635312858417229620e+00 5.507058748566331019e+01
2.166343825665859697e+02 7.492723333758124049e+00 5.507692111635019927e+01
2.165443991334267935e+02 7.906919841977825492e+00 5.464405505288645060e+01
2.164901745890149130e+02 8.017178539569261631e+00 5.453533834586465900e+01
2.164577927870523695e+02 8.038881101057729239e+00 5.434634892315534671e+01
2.164771122722059431e+02 8.070460048426150834e+00 5.423280234484516171e+01
2.163918949917165833e+02 8.066713393653625275e+00 5.420551803236905641e+01
2.166651586593602588e+02 7.700446030330062364e+00 5.424283165540970941e+01
2.167603670192430343e+02 7.459283802727156854e+00 5.434753408946094311e+01
2.168808334395310169e+02 7.339658468204409481e+00 5.427136485280998812e+01
2.168796992481202892e+02 7.168344590289282614e+00 5.424192685102587319e+01
2.168718873454823495e+02 7.237517522620109389e+00 5.431622276029055740e+01
2.165547980119791021e+02 7.605785650567095324e+00 5.440359373008793398e+01
2.162270294380017788e+02 7.735695170128711773e+00 5.424139161462979786e+01
2.160438129221358565e+02 7.828698865808589424e+00 5.430123614120046227e+01
2.158735567732891525e+02 7.820096852300242318e+00 5.416528609659742699e+01
2.157829616413916085e+02 7.896036701924302292e+00 5.422362686376959573e+01
2.159303045749968248e+02 7.613278960112144667e+00 5.424262775583025586e+01
2.161165795845546143e+02 7.383407671721677445e+00 5.440279087549382098e+01
2.161981649037848854e+02 7.265388046387154297e+00 5.450340257423219015e+01
2.163165795845546029e+02 7.162648145788199194e+00 5.451613355422454532e+01
2.164021664330317378e+02 7.210972346119536525e+00 5.447396457244806811e+01
2.161303045749968135e+02 7.294685867210398911e+00 5.417429590926468563e+01
2.161332611188989290e+02 7.412794698610934319e+00 5.412976933860073814e+01
2.160639352618835289e+02 7.588811010577290794e+00 5.397846310691983973e+01
2.159374792914489660e+02 7.462431502485026513e+00 5.369736204919077238e+01
2.158817255001911519e+02 7.395947495858290033e+00 5.370259971963807999e+01
2.159062699120682964e+02 7.198674652733529022e+00 5.372560214094558262e+01
2.159774690964699744e+02 7.048056582133299663e+00 5.374236013763221820e+01
2.159993628138142014e+02 6.969720912450617867e+00 5.384024467949534909e+01
2.158086529884032245e+02 6.991053905951319258e+00 5.369311838919332303e+01
2.157923792532178027e+02 6.966777112272206196e+00 5.373417866700649625e+01
2.157333248375175287e+02 7.227972473556773636e+00 5.375902892825283885e+01
2.158114438638970398e+02 7.380043328660634394e+00 5.379513189754046465e+01
2.158669427806805174e+02 7.445010832165158909e+00 5.376780935389320604e+01
2.158812030075187920e+02 7.436676436854848582e+00 5.375733401299859793e+01
2.158715177774945744e+02 7.427959729833057523e+00 5.374015547342933274e+01
2.158515865936026614e+02 7.556021409455842885e+00 5.402297693386007182e+01
2.157230279087549434e+02 7.525563909774436233e+00 5.423043201223397602e+01
2.157913852427679444e+02 7.487638587995411932e+00 5.439565439021281890e+01
2.157974639989805041e+02 7.570702179176755031e+00 5.451974002803618902e+01
2.157521090862749986e+02 7.621728048935898947e+00 5.441097234611953581e+01
2.156403721167325216e+02 7.842181725500191547e+00 5.413728813559322361e+01
2.156997451255256806e+02 7.949369185676054883e+00 5.405868484771249882e+01
2.157252198292341063e+02 8.124200331336815850e+00 5.390202625207085418e+01
2.156205683700777342e+02 8.120224289537402385e+00 5.378512807442334775e+01
2.154802982031349643e+02 8.152070855103861646e+00 5.375181598062953725e+01
2.155441570026761724e+02 7.888658085892697791e+00 5.385640372116732522e+01
2.157900726392251727e+02 7.634012998598190158e+00 5.379408691219574479e+01
2.158859181852937468e+02 7.416133554224544788e+00 5.373257295781827736e+01
2.159474958582897841e+02 7.166420288008155559e+00 5.364315024850261437e+01
2.159667771122722115e+02 7.228252835478526706e+00 5.363810373391105202e+01
2.159952211036064682e+02 7.037810628265579460e+00 5.373485408436344812e+01
2.160147827195106345e+02 7.031005479801198277e+00 5.368833949279979834e+01
2.160355804766152801e+02 6.889881483369440396e+00 5.363347776220211216e+01
2.160934369822862209e+02 6.807034535491270688e+00 5.357544284439913440e+01
2.160227730342806183e+02 6.667503504524021629e+00 5.345649292723333446e+01
2.159004970052249348e+02 6.449917165795845619e+00 5.358858162355040378e+01
2.158585319230278969e+02 6.255741047534089105e+00 5.349905696444501046e+01
2.158629539951573975e+02 6.071326621638842624e+00 5.351203007518797250e+01
2.158316554097107201e+02 6.020262520708550724e+00 5.358613482859691857e+01
2.157640117242258100e+02 6.010908627500955781e+00 5.354929272333375678e+01
2.153693895756339884e+02 6.662189371734420718e+00 5.329926086402446828e+01
2.150925831527972605e+02 7.008423601376322587e+00 5.311649037848859223e+01
2.148645087294507334e+02 7.189104116222760688e+00 5.302069580731489395e+01
2.149024977698483383e+02 7.345112781954886927e+00 5.303509621511405925e+01
2.147833057219319528e+02 7.395743596278832932e+00 5.293955651841468324e+01
2.149884414425895329e+02 7.091780298203135047e+00 5.306749076080030392e+01
2.150825283547852678e+02 6.954606856123358938e+00 5.313440805403338629e+01
2.153150248502612385e+02 6.936001019497897602e+00 5.324847712501593122e+01
2.153878934624697195e+02 6.838944819676309628e+00 5.320201350834713594e+01
2.154181088314005308e+02 6.802829106664967540e+00 5.313563145151012890e+01
2.153595896520963322e+02 6.823002421307506005e+00 5.309732381801962475e+01
2.153119663565693997e+02 6.764406779661016778e+00 5.308529374283165225e+01
2.153293487957181185e+02 6.778501338090990203e+00 5.314882120555626699e+01
2.152811010577290745e+02 6.819892952720785217e+00 5.297364597935516883e+01
2.152479673760672938e+02 6.800433286606346606e+00 5.294195233847329973e+01
2.151965464508729440e+02 6.857130113419141360e+00 5.283750477889639541e+01
2.150639607493309597e+02 6.881598062953995232e+00 5.276023958200585895e+01
2.149963298075697651e+02 6.891869504269147129e+00 5.264225818784248645e+01
2.149366509494074080e+02 6.872358863259844242e+00 5.275310309672486397e+01
2.149156492927233444e+02 6.853498152160061530e+00 5.270656301771377628e+01
2.150479164011724151e+02 6.602510513572065420e+00 5.278776602523257111e+01
2.152326494201605840e+02 6.428176373136230026e+00 5.285033770867847380e+01
2.153906461067924170e+02 6.384949662291321104e+00 5.292365235121702227e+01
2.154880463871543270e+02 6.341391614629794837e+00 5.296786032878807049e+01
2.155447049827959631e+02 6.237708678475851087e+00 5.301433668918058117e+01
2.153670702179176715e+02 6.516745252962915735e+00 5.292495221103606440e+01
2.152231935771632436e+02 6.701210653753026492e+00 5.291894991716579710e+01
2.151895119153816722e+02 6.753905951318975198e+00 5.285246591053905973e+01
2.151614120045877314e+02 6.795616159041672155e+00 5.274785268255384096e+01
2.150797884541863141e+02 6.862992226328533008e+00 5.268308907862877533e+01
2.150142729705619900e+02 6.832037721422199894e+00 5.249427806805148577e+01
2.150492927233337639e+02 6.885268255384223046e+00 5.239328405760163321e+01
2.150952975659487834e+02 6.848222250541608602e+00 5.224940741684720535e+01
2.149572575506562941e+02 6.739352618835223296e+00 5.206116987383713735e+01
2.148332993500700923e+02 6.710908627500955959e+00 5.192432776857397414e+01
2.147435962788326833e+02 6.830342806167962522e+00 5.190754428443991486e+01
2.147393016439403652e+02 6.849675035045240001e+00 5.193533834586466469e+01
2.146802089970689451e+02 6.797285586848476946e+00 5.189621511405632504e+01
2.147452784503632017e+02 6.746094048681024802e+00 5.178658085892698182e+01
2.148421052631578902e+02 6.803848604562253044e+00 5.177991589142347095e+01
2.148078246463616665e+02 6.770230661399260441e+00 5.206217662801070389e+01
2.147765260609149891e+02 6.811163501975276979e+00 5.221044985344718015e+01
2.147138651714030857e+02 6.708487319994902442e+00 5.234103479036574669e+01
2.147404868102459545e+02 6.741595514209252293e+00 5.241186440677966374e+01
2.146885688798266756e+02 6.750235758888747384e+00 5.237226965719383287e+01
2.146937555753791287e+02 6.709506817892187946e+00 5.242111635019752924e+01
2.146761947240983943e+02 6.674117497132662002e+00 5.240902255639097973e+01
2.147301516503122230e+02 6.735453039378106688e+00 5.249416337453804005e+01
2.147538804638715533e+02 6.705416082579329640e+00 5.267434688415955435e+01
2.147253090353001141e+02 6.641149483879189575e+00 5.263466292850770856e+01
2.145222632853319737e+02 6.794252580604052127e+00 5.216611443863897080e+01
2.143830381037339237e+02 6.836102969287625619e+00 5.191572575506562970e+01
2.142670447304702463e+02 6.932279852172804624e+00 5.172966738881100923e+01
2.142533962023703396e+02 6.989027653880463653e+00 5.175073276411367118e+01
2.142781317701032151e+02 6.957996686631833683e+00 5.164655282273480452e+01
2.144218937173442043e+02 6.783063591181343277e+00 5.191553459920989155e+01
2.146126672613737867e+02 6.727424493436982011e+00 5.226123359245571720e+01
2.148085637823371883e+02 6.771046259717089733e+00 5.246466165413534100e+01
2.148883777239709332e+02 6.764967503504523805e+00 5.251334267873072292e+01
2.149787689562890307e+02 6.867274117497133012e+00 5.272695297565948636e+01
2.150188479673760753e+02 6.804995539696699680e+00 5.273196125907990250e+01
2.149301643940359270e+02 6.790951956161590530e+00 5.263087804256403501e+01
2.148886198547215542e+02 6.741073021536893251e+00 5.254615776729960430e+01
2.147616668790620622e+02 6.765311584044858328e+00 5.253626863769593314e+01
2.146809608767681823e+02 6.765069453294252355e+00 5.241573849878934510e+01
2.147874601758634014e+02 6.569313113291704198e+00 5.243110742959092363e+01
2.147140308398113859e+02 6.594532942525805908e+00 5.243406397349305337e+01
2.146147827195106288e+02 6.532318083343953141e+00 5.235970434560978504e+01
2.144363451000382383e+02 6.465247865426277940e+00 5.229949025105135973e+01
2.143938447814451251e+02 6.472282400917547918e+00 5.231257805530776039e+01
2.142530903530011415e+02 6.831540716197272545e+00 5.221445138269402264e+01
2.141675289919714658e+02 7.123308270676691478e+00 5.214097107174716683e+01
2.141033133681661695e+02 7.181177520071364562e+00 5.204659105390594931e+01
2.140453804001529363e+02 7.260532687651331862e+00 5.213226710844909206e+01
2.140641901363578370e+02 7.221740792659614883e+00 5.209881483369440502e+01
2.142297565948770171e+02 6.801605709188224935e+00 5.207703580986364500e+01
2.144483114566076267e+02 6.596839556518414582e+00 5.223818019625334585e+01
2.145533452274754609e+02 6.628316554097106739e+00 5.227053651076844432e+01
2.145740920096852165e+02 6.371810883140053505e+00 5.224815853192302484e+01
2.146485790748056672e+02 6.288428698865808464e+00 5.218199311838919385e+01
2.144080540333885665e+02 6.691308780425640812e+00 5.225632725882503138e+01
2.142357843761947152e+02 6.882553842232700170e+00 5.216394800560723866e+01
2.140947623295527080e+02 6.985523129858544955e+00 5.213935261883522543e+01
2.138537020517395320e+02 6.991869504269147662e+00 5.197323818019625463e+01
2.136595259334777666e+02 6.995820058621129434e+00 5.190713648528100066e+01
2.138692239072256882e+02 6.719090098126672572e+00 5.178561233592455437e+01
2.139649165286096490e+02 6.548961386517140326e+00 5.186701924302280986e+01
2.141486555371479596e+02 6.497782592073403585e+00 5.164176118261755732e+01
2.143221995667133797e+02 6.418860711099783067e+00 5.178415955142092741e+01
2.143875748693768344e+02 6.424582643048299069e+00 5.175221103606473605e+01
2.143864406779661067e+02 6.405505288645342077e+00 5.198674652733528490e+01
2.144174843889384476e+02 6.363654899961768585e+00 5.201275646743978598e+01
2.143537530266343936e+02 6.352249267235886343e+00 5.199529756594876773e+01
2.143773289155091106e+02 6.381814706257168623e+00 5.204011724225819080e+01
2.144369185676054599e+02 6.375073276411367118e+00 5.210275264432267051e+01
2.142446285204536878e+02 6.512488849241748312e+00 5.191931948515356510e+01
2.141353383458646533e+02 6.593080158022174508e+00 5.180070090480438694e+01
2.140561106155218454e+02 6.723282783229259429e+00 5.171157130113419242e+01
2.140707531540716104e+02 6.750031859309290283e+00 5.166266088951191193e+01
2.141121065375302805e+02 6.764572448069325894e+00 5.177499681406906973e+01
2.138764113674015448e+02 6.701975277175990620e+00 5.171299859819038858e+01
2.137193067414298469e+02 6.746132279852172786e+00 5.166067286861220964e+01
2.135838154708805803e+02 6.717140308398113824e+00 5.177917675544794207e+01
2.135244042309162751e+02 6.696724863004970274e+00 5.174739390850006515e+01
2.135219574359627757e+02 6.717662801070472867e+00 5.183601376322161514e+01
2.137208105008283496e+02 6.760570918822479847e+00 5.180443481585319176e+01
2.137949025105135661e+02 6.808500063718618378e+00 5.196277558302536193e+01
2.138543647253727613e+02 6.862316808971581139e+00 5.201090862750095312e+01
2.138153944182490136e+02 6.930763349050592659e+00 5.201420925194342004e+01
2.137762074678221040e+02 6.974359627883267798e+00 5.191199184401682487e+01
2.138445520581113897e+02 6.958429973238180466e+00 5.178243914871925568e+01
2.139165795845545972e+02 6.973786160316044480e+00 5.176142474831145535e+01
2.139100802854594008e+02 6.943532560214094929e+00 5.171698738371352277e+01
2.139172804893590012e+02 6.956480183509621718e+00 5.168450363196125608e+01
2.139358098636421630e+02 7.008296164139161455e+00 5.161898814833694615e+01
2.140820186058366232e+02 6.749292723333757849e+00 5.178182744998088793e+01
2.140058111380145363e+02 6.527972473556773458e+00 5.180774818401936699e+01
2.138440677966101759e+02 6.471033515993373619e+00 5.170377214221995388e+01
2.137348158531923161e+02 6.435427551930674284e+00 5.169074805658213023e+01
2.136228749840703358e+02 6.481827449980884559e+00 5.165298840321141682e+01
2.136056964445010919e+02 6.574436090225564300e+00 5.164538040015292353e+01
2.136144513826940283e+02 6.619982158786797299e+00 5.150722569134700990e+01
2.136184656556645791e+02 6.673391104880845859e+00 5.148965209634255302e+01
2.136371097234612080e+02 6.729017458901490834e+00 5.150749330954504757e+01
2.136140180960876762e+02 6.704014272970561628e+00 5.148125398241366213e+01
2.137502102714413184e+02 6.408168726902000678e+00 5.164462852045367924e+01
2.138281508856887854e+02 6.330546705747419622e+00 5.166161590416719918e+01
2.138075570281636431e+02 6.292672358863259596e+00 5.175133171912833063e+01
2.138784121320249767e+02 6.248349687778769201e+00 5.190340257423218873e+01
2.138406652223779929e+02 6.101287116095322816e+00 5.190982541098509273e+01
2.138779915891423400e+02 6.169070982541098758e+00 5.176811520326238991e+01
2.139212310437109750e+02 6.048005607238435388e+00 5.167704855358735472e+01
2.139629922263285380e+02 5.948897667898560115e+00 5.162634127692111718e+01
2.138060787562125711e+02 5.917000127437237467e+00 5.141371224671848950e+01
2.136553332483751717e+02 5.805938575251688327e+00 5.125074550783738658e+01
2.134561361029692819e+02 6.189855995922008525e+00 5.113774690964699943e+01
2.132996814069070979e+02 6.296062189371734341e+00 5.129441824901235947e+01
2.132815980629540036e+02 6.451981649037849209e+00 5.135370205173951774e+01
2.132643685484898697e+02 6.353128584172295312e+00 5.133950554351981310e+01
2.132405887600356778e+02 6.326239327131387924e+00 5.121841468076971893e+01
2.131855741047534138e+02 6.449152542372881491e+00 5.127094430992735852e+01
2.131348795718108704e+02 6.536714668025997099e+00 5.127697209124506372e+01
2.131143112017331589e+02 6.591665604689690205e+00 5.131714030839811613e+01
2.130958582897922895e+02 6.633401299859818856e+00 5.140763349050592268e+01
2.130733401299859793e+02 6.658697591436217422e+00 5.143751752262011223e+01
2.131794698610934233e+02 6.495488721804511201e+00 5.131293487957181298e+01
2.132343188479673870e+02 6.449980884414426185e+00 5.126548999617688196e+01
2.132779533579711995e+02 6.217318720530139231e+00 5.117289409965592029e+01
2.133477762202115571e+02 6.149993628138141766e+00 5.122036447049828212e+01
2.132936026506945382e+02 6.007786415190518703e+00 5.114121320249776659e+01
2.131808844144258899e+02 5.844513826940231915e+00 5.102821460430737943e+01
2.131054160825793247e+02 5.625041417102076835e+00 5.083433159169108961e+01
2.130099273607748103e+02 5.511724225818784184e+00 5.073521090862750071e+01
2.129518669555243946e+02 5.484860456225309377e+00 5.068751115075825453e+01
2.129278577800433254e+02 5.376857397731616750e+00 5.059262138396839248e+01
2.129850898432522115e+02 5.546896903275136737e+00 5.055637823371989015e+01
2.130827195106409988e+02 5.624506180706002390e+00 5.073551675799668459e+01
2.131292341022046628e+02 5.755180323690582078e+00 5.080057346756722580e+01
2.132534981521600628e+02 5.739390850006372169e+00 5.096833184656556881e+01
2.133239709443099343e+02 5.763782337198929184e+00 5.101159678858162039e+01
2.133925194341786664e+02 5.741671976551548262e+00 5.108514081814706032e+01
2.133618452911941006e+02 5.781075570281636544e+00 5.089686504396584610e+01
2.133682426404995454e+02 5.742869886580859173e+00 5.090532687651331401e+01
2.133700267618198154e+02 5.738511533069963200e+00 5.092286224034663178e+01
2.134238435070727746e+02 5.712832929782082125e+00 5.090305849369185864e+01
2.134100675417356854e+02 5.982834204154453772e+00 5.071385242767937029e+01
2.132810500828342128e+02 5.962049190773544005e+00 5.068033643430610624e+01
2.132074550783738971e+02 5.967478017076589758e+00 5.062889002166433272e+01
2.131646616541353296e+02 5.919867465273353169e+00 5.052765388046387329e+01
2.130460940486810273e+02 5.940741684720275195e+00 5.043487957181088177e+01
2.129755830253600095e+02 5.871033515993373086e+00 5.049120683063591031e+01
2.129428189116860040e+02 5.985727029438002056e+00 5.044545686249522021e+01
2.129815598317828460e+02 6.091436217662801411e+00 5.064944564801835014e+01
2.131137122467184781e+02 6.130750605326876546e+00 5.085710462597170789e+01
2.131675417356951812e+02 6.257550656301771319e+00 5.080367019243022497e+01
2.130809608767681880e+02 6.283089078628774971e+00 5.083821842742449348e+01
2.130011087039632969e+02 6.218631324072894095e+00 5.082798521728049224e+01
2.129168726902000799e+02 6.283356696826812637e+00 5.079016184529119471e+01
2.129067924047406564e+02 6.217331464253854634e+00 5.085676054543137781e+01
2.128693131132916960e+02 6.237848859436727622e+00 5.088071874601758537e+01
2.129702179176755408e+02 6.033350324964954936e+00 5.092946348923155142e+01
2.130051484643812785e+02 6.023652351217025469e+00 5.091745890149101683e+01
2.128622785778004243e+02 5.646055817509876285e+00 5.085269529756595119e+01
2.126486045622530980e+02 5.478106282655791581e+00 5.062182999872563016e+01
2.125304574996814040e+02 5.360354275519306988e+00 5.050235758888747029e+01
2.123551420925194293e+02 5.410258697591435961e+00 5.025463234357079045e+01
2.122900471517777419e+02 5.523219064610679574e+00 5.029602395820058547e+01
2.122164011724225929e+02 5.614183764495985329e+00 5.017865426277558072e+01
2.122780298203134919e+02 5.631336816617816154e+00 5.021037339110488062e+01
2.122816745252962960e+02 5.697413024085637545e+00 5.050969797374792591e+01
2.123890658850516218e+02 5.863680387409201167e+00 5.043349050592583183e+01
2.123715177774945744e+02 5.879100293105645747e+00 5.031715305212183154e+01
2.124180323690582384e+02 5.931757359500446469e+00 5.005579202242895320e+01
2.123749458391742166e+02 5.875697718873454711e+00 5.020642283675289974e+01
2.124332993500700866e+02 5.970587485663310545e+00 5.017281763731362076e+01
2.125352873709697974e+02 5.802306613992608497e+00 5.016626736332356273e+01
2.125225436472537410e+02 5.804116222760290711e+00 5.013607748184019641e+01
2.125670574741939731e+02 5.710921371224672249e+00 5.021070472792149531e+01
2.125584172295144754e+02 5.523040652478654167e+00 5.007040907353128745e+01
2.124638842869886446e+02 5.313954377469096713e+00 4.982824009175480739e+01
2.123746272460813032e+02 5.234357079138524327e+00 4.981298585446667460e+01
2.123150758251561001e+02 5.278781700012744160e+00 4.968988148336944022e+01
2.123486810245953791e+02 5.275710462597170469e+00 4.976873964572448017e+01
2.124421434943290308e+02 5.379265961513953975e+00 4.973424238562508037e+01
2.124715050337708817e+02 5.448515356187077607e+00 4.981099783356696520e+01
2.123676946603797546e+02 5.620045877405377865e+00 4.996482732254364834e+01
2.122365617433414116e+02 5.738613482859691750e+00 5.005017204027016930e+01
2.122366509494074194e+02 5.785370205173951952e+00 5.008540843634509798e+01
2.121914871925576733e+02 5.851497387536638506e+00 5.007876895628902503e+01
2.121587485663310702e+02 5.863616668790620601e+00 5.018038740920096785e+01
2.121773161717854066e+02 5.649827959729832649e+00 4.998505161208105108e+01
2.122304447559576772e+02 5.314374920351727205e+00 4.993329935007009368e+01
2.122099783356696889e+02 5.156722314260226980e+00 4.998194214349432940e+01
2.123373773416592201e+02 5.169542500318593525e+00 4.987364597935516741e+01
2.123621256531158394e+02 5.208257932968013648e+00 4.979023830763348712e+01
2.121549381929399658e+02 5.335771632471008274e+00 4.983378361157129888e+01
2.118727666624187691e+02 5.396839556518414405e+00 4.983085255511660705e+01
2.116059640626991154e+02 5.348451637568497397e+00 4.982283675289919955e+01
2.115136740155473376e+02 5.424773798904039879e+00 4.979418886198547511e+01
2.115076334905059241e+02 5.481916656046896819e+00 4.984764878297438173e+01
2.116004970052249234e+02 5.326659870014018416e+00 4.956171785395692808e+01
2.116711099783356644e+02 5.328622403466292567e+00 4.943364343061042376e+01
2.117019115585574127e+02 5.435631451510131384e+00 4.928389193322288975e+01
2.118104498534471816e+02 5.446552822734803456e+00 4.936684083089078712e+01
2.118760417994137981e+02 5.465337071492290200e+00 4.942162609914617377e+01
2.117629157639862285e+02 5.750312221231043353e+00 4.963331209379380482e+01
2.116372753918695082e+02 5.932993500700904477e+00 4.964216898177647863e+01
2.114941888619854637e+02 5.976194724098381705e+00 4.963197400280361649e+01
2.114972218682299001e+02 5.966726137377341921e+00 4.953221613355422193e+01
2.115245571556008599e+02 6.033962023703326238e+00 4.960281636294125462e+01
2.116193959474958604e+02 5.836319612590799011e+00 4.950635911813431989e+01
2.117266981011851783e+02 5.691958710335160099e+00 4.941401809608767337e+01
2.117097871798139295e+02 5.685650567095705377e+00 4.936533707149229144e+01
2.115844399133426919e+02 5.650210271441315157e+00 4.945635274627245792e+01
2.114577927870523695e+02 5.688811010577290439e+00 4.932212310437109437e+01
2.115070982541098488e+02 5.614922900471517764e+00 4.926568115203262721e+01
2.114139543774691106e+02 5.569249394673123632e+00 4.921019497897285788e+01
2.114538804638715419e+02 5.631222123104371313e+00 4.913324837517522781e+01
2.115148464381292115e+02 5.505186695552440668e+00 4.921321524149356463e+01
2.115889384478144564e+02 5.523231808334394977e+00 4.924114948387919100e+01
2.117176118261756130e+02 5.469720912450617867e+00 4.954060150375939742e+01
2.117765897795335661e+02 5.496304320122339604e+00 4.967234611953612955e+01
2.117553969669937430e+02 5.414910156747801295e+00 4.982681279469861124e+01
2.117554606856123485e+02 5.416910921371224319e+00 4.984859181852937127e+01
2.117445138269402207e+02 5.346170511023321303e+00 4.976875238944819557e+01
2.116702434051229886e+02 5.446603797629667731e+00 4.963759398496240749e+01
2.116829871288390450e+02 5.401745890149102003e+00 4.956550273990060163e+01
2.116664075442844535e+02 5.439021282018606129e+00 4.947815725755065586e+01
2.115806295399515875e+02 5.480158022174078880e+00 4.943392379253217683e+01
2.114780043328660497e+02 5.407888364980247609e+00 4.927184911431120184e+01
2.112678220976169143e+02 5.561603160443481464e+00 4.919492799796100257e+01
2.111635019752771711e+02 5.560685612335924510e+00 4.932515611061552363e+01
2.110542882630304575e+02 5.632203389830508833e+00 4.922279852172805192e+01
2.109872053013890536e+02 5.704345609787179860e+00 4.921415827704855417e+01
2.108882502867337791e+02 5.695284822225054278e+00 4.908463106919842289e+01
2.110070472792149872e+02 5.496049445648018228e+00 4.911206830635912013e+01
2.111143876640754513e+02 5.384401682171530368e+00 4.915749968140690385e+01
2.111946603797629791e+02 5.152580604052504398e+00 4.916067286861220964e+01
2.112753281508856844e+02 5.083968395565183762e+00 4.918200586211290926e+01
2.113440550528864605e+02 5.077379890403975971e+00 4.919409965591945877e+01
2.115424493436982232e+02 5.037058748566330735e+00 4.914471772651968706e+01
2.116001401809608637e+02 5.008805913087804207e+00 4.930960876768191525e+01
2.116055180323690479e+02 5.078437619472409459e+00 4.919582005862113050e+01
2.116375175226201009e+02 5.066114438638970263e+00 4.910867847585064538e+01
2.116437237160698430e+02 5.062495221103606724e+00 4.905108958837772093e+01
2.115128456735058080e+02 5.175175226201096379e+00 4.898429973238179969e+01
2.114640754428444041e+02 5.219689053141327584e+00 4.880846183254747217e+01
2.114368803364343137e+02 5.347967376067287226e+00 4.897639862367783792e+01
2.113235376577035822e+02 5.377800433286606285e+00 4.889645724480693190e+01
2.113426532432776810e+02 5.294978972855868271e+00 4.880685612335924617e+01
2.113308525551165928e+02 5.294927997961003996e+00 4.900242130750605440e+01
2.113223779788454237e+02 5.362342296419013721e+00 4.907684465400789975e+01
2.114087167070217959e+02 5.364445010832165295e+00 4.921098508984325548e+01
2.114205301389065994e+02 5.378208232445520487e+00 4.925748693768318986e+01
2.114539951573849805e+02 5.513227985217280747e+00 4.924122594622148341e+01
2.116379380655027376e+02 5.270256148846693023e+00 4.943239454568625035e+01
2.116303045749968135e+02 5.003173187205301353e+00 4.943067414298457862e+01
2.116169618962660763e+02 4.918325474703708622e+00 4.939547597808079615e+01
2.115675417356951584e+02 4.860736587230788608e+00 4.941600611698738277e+01
2.114748566331082031e+02 4.917637313623040463e+00 4.925374028291066963e+01
2.116267873072511918e+02 5.095565184146807702e+00 4.922209761692366214e+01
2.116496750350452487e+02 5.065617433414043802e+00 4.928433796355295016e+01
2.115154708805912946e+02 5.064648910411622573e+00 4.894456480183509939e+01
2.113649802472282317e+02 5.001631196635656806e+00 4.895727029438001665e+01
2.113908117752007172e+02 4.971556008665731774e+00 4.895812412386899126e+01
2.112543010067541616e+02 5.115063081432394299e+00 4.893039378106282555e+01
2.111220976169236678e+02 5.143290429463489133e+00 4.885895246591054075e+01
2.111372626481457928e+02 5.105556263540206530e+00 4.883355422454441452e+01
2.111056454696062303e+02 5.131744615776730356e+00 4.897360774818402263e+01
2.111645342168981756e+02 5.110641009302918647e+00 4.886422836752899457e+01
2.112912195743596158e+02 4.941939594749586107e+00 4.894228367528992152e+01
2.114751497387536574e+02 4.856199821587868115e+00 4.910912450618070579e+01
2.114759653370715000e+02 4.764903784885943239e+00 4.909509366636931560e+01
2.114584554606855988e+02 4.719676309417612181e+00 4.900703453549127175e+01
2.113522874984070370e+02 4.692812539824136486e+00 4.891575124251306050e+01
2.112098891296036811e+02 4.788173824391487088e+00 4.876365489996177160e+01
2.111577163247100941e+02 4.888059130878042779e+00 4.861714030839811329e+01
2.110692366509494207e+02 4.948196763094176553e+00 4.855706639480055742e+01
2.109222377978845486e+02 4.952593347776220511e+00 4.838227348031094976e+01
2.107723078883649919e+02 4.860022938702688755e+00 4.822352491397986540e+01
2.108667771122722172e+02 4.484720275264431955e+00 4.835616159041671835e+01
2.108842232700395130e+02 4.378998343315917197e+00 4.849111762456990249e+01
2.109735440295654314e+02 4.261832547470370436e+00 4.860466420288008038e+01
2.110171275646744107e+02 4.217178539569261808e+00 4.856131005479801388e+01
2.111070982541098431e+02 4.123422964190136319e+00 4.867441060277813136e+01
2.110534981521600741e+02 4.264304829871288227e+00 4.863524913979865261e+01
2.110578819931184000e+02 4.450796482732254589e+00 4.866524786542628078e+01
2.110543137504778883e+02 4.610895883777240023e+00 4.865918185293742937e+01
2.111376577035809987e+02 4.608283420415445697e+00 4.873323563145150672e+01
2.111609022556390869e+02 4.643010067541736063e+00 4.878093538932076001e+01
2.111658850516120935e+02 4.595590671594239396e+00 4.872544921626099068e+01
2.110782974385115267e+02 4.598343315916911145e+00 4.869474958582897983e+01
2.110160698356059754e+02 4.708206958073149373e+00 4.870647381164776135e+01
2.110414171020772187e+02 4.801083216515865892e+00 4.878998343315917197e+01
2.111014272970562047e+02 4.737517522620109389e+00 4.885854466675162655e+01
2.109887600356824180e+02 4.772371606983560888e+00 4.880447304702433797e+01
2.108179049318210900e+02 4.848617305976806513e+00 4.835321779023831112e+01
2.107090735312858385e+02 4.871543264942015838e+00 4.827416847202752592e+01
2.106270676691729307e+02 4.881534344335414666e+00 4.832474831145660943e+01
2.106413916146297822e+02 4.904638715432649398e+00 4.824571173696953963e+01
2.107231553459920974e+02 4.842959092646871078e+00 4.832375430100675118e+01
2.106834331591691125e+02 4.772996049445647593e+00 4.833411494838792066e+01
2.107276793679112927e+02 4.814209251943418089e+00 4.837191283292978028e+01
2.107669682681279539e+02 4.794201605709187852e+00 4.845233847330190002e+01
2.108683700777367278e+02 4.795871033515993531e+00 4.848836498024722630e+01
2.109326239327131418e+02 4.895386772014783006e+00 4.855752516885434034e+01
2.109994902510513555e+02 4.892532177902382706e+00 4.874131515228749834e+01
2.110656046896903320e+02 5.043634510003823124e+00 4.877096979737479643e+01
2.110924047406652164e+02 4.995246591053906116e+00 4.882914489613865072e+01
2.110452529629157539e+02 4.942882630304574754e+00 4.872342296419013508e+01
2.110563017713776048e+02 4.875340894609404785e+00 4.875125525678603111e+01
2.110076844654007857e+02 4.711074295909265075e+00 4.858855613610296587e+01
2.109582643048298678e+02 4.641289664840066109e+00 4.837391359755320508e+01
2.107803619217535243e+02 4.574066522237798083e+00 4.826046896903275041e+01
2.107164011724225929e+02 4.520555626354020973e+00 4.823793806550273899e+01
2.105989932458264207e+02 4.617140308398114179e+00 4.827985217280489394e+01
2.105827832292595758e+02 4.595425003185931168e+00 4.829046769466037858e+01
2.105803874092009664e+02 4.618937173442080102e+00 4.839129603670192381e+01
2.106961131642665919e+02 4.693819293997705699e+00 4.841287116095323029e+01
2.107655537147954590e+02 4.613801452784503709e+00 4.839384478144513935e+01
2.108269020007646191e+02 4.526099146170510679e+00 4.838557410475340959e+01
2.108376831910284182e+02 4.443863897030712273e+00 4.830770995284822078e+01
2.108958073148974108e+02 4.452682553842232771e+00 4.835933477762202415e+01
2.108892442971836374e+02 4.425806040525041674e+00 4.836232955269530009e+01
2.109012871160953182e+02 4.410883140053523555e+00 4.837132662163884333e+01
2.109043838409583316e+02 4.487702306613992498e+00 4.837968650439658802e+01
2.108732254364725236e+02 4.586733783611570914e+00 4.836554097107174499e+01
2.108794316299222658e+02 4.658977953357971380e+00 4.832997323818019453e+01
2.109555498916783449e+02 4.656760545431374965e+00 4.841906461067924283e+01
2.108870141455333282e+02 4.622250541608257990e+00 4.838348413406397697e+01
2.107791130368293580e+02 4.566433031731872205e+00 4.812333375812412584e+01
2.107294507455078474e+02 4.463565693895755970e+00 4.797980119791002807e+01
2.106400025487447465e+02 4.462342296419013365e+00 4.783840958328023163e+01
2.105277558302535965e+02 4.438715432649420478e+00 4.772288772779405974e+01
2.105433796355295044e+02 4.419255766534981866e+00 4.772346119536128128e+01
2.104821842742449292e+02 4.408946094048681097e+00 4.790760800305849187e+01
2.104646998853064872e+02 4.434229641901363372e+00 4.798571428571428754e+01
2.104274117497132579e+02 4.446374410602778049e+00 4.812357588887473270e+01
2.104417484388938533e+02 4.347534089460940443e+00 4.825216006116987444e+01
2.105005097489486445e+02 4.414425895246591125e+00 4.817467822097616903e+01
2.106032114183764463e+02 4.350261246336179610e+00 4.817305976806422763e+01
2.107155728303810349e+02 4.330521218299987041e+00 4.804294634892315230e+01
2.107951064100930409e+02 4.336727411749713212e+00 4.804281891168599117e+01
2.107255639097744222e+02 4.371721677074041246e+00 4.799072256913470369e+01
2.108060787562125711e+02 4.340805403338855228e+00 4.799717089333503139e+01
2.108823499426532351e+02 4.402128201860583623e+00 4.803273862622658186e+01
2.107942143494329059e+02 4.360965974257678290e+00 4.802832929782082516e+01
2.106213457372244306e+02 4.363170638460558415e+00 4.789538677201478123e+01
2.103795718108831352e+02 4.322033898305084776e+00 4.783383458646616759e+01
2.103863387281763835e+02 4.388492417484388675e+00 4.780309672486300343e+01
2.104333885561360944e+02 4.321575124251306299e+00 4.790346629285077285e+01
2.104549636803874080e+02 4.260621893717344122e+00 4.803201223397476838e+01
2.104752771759908114e+02 4.299566713393653927e+00 4.802611188989422430e+01
2.105578310182235384e+02 4.370268892570408958e+00 4.820214094558429707e+01
2.106094176118261885e+02 4.364368548489868438e+00 4.825864661654135546e+01
2.105362686376959402e+02 4.411647763476487683e+00 4.821454058876003756e+01
2.104932713138779263e+02 4.479890403976042101e+00 4.803967121192812328e+01
2.104616159041671892e+02 4.414183764495986040e+00 4.793880463871543185e+01
2.104818274499808979e+02 4.432802344845163667e+00 4.788339492799796204e+01
2.104861730597680776e+02 4.467172167707404107e+00 4.794183764495985400e+01
2.104770740410347969e+02 4.569121957435962500e+00 4.806894354530393798e+01
2.104624569899324626e+02 4.633554224544411682e+00 4.807639862367783934e+01
2.104928125398241434e+02 4.629170383586084014e+00 4.812863514719001046e+01
2.104678348413406468e+02 4.655422454441187519e+00 4.797145405887600589e+01
2.103114311201733244e+02 4.544641264177392337e+00 4.785005734675672073e+01
2.101881101057728927e+02 4.463361794316298869e+00 4.779285077099528678e+01
2.101041417102077276e+02 4.493347776220211642e+00 4.787755830253600209e+01
2.099846310691984286e+02 4.524187587613100803e+00 4.787140308398113575e+01
2.099997196380782327e+02 4.487052376704473211e+00 4.787372244169746693e+01
2.100105518032368934e+02 4.447240983815470727e+00 4.791896266088951251e+01
2.100192812539824274e+02 4.448719255766534708e+00 4.779360265069453106e+01
2.100504524021919224e+02 4.462469733656174498e+00 4.764241111252707839e+01
2.101068561233592504e+02 4.500815598317828403e+00 4.760960876768191952e+01
2.101577290684338095e+02 4.561348285969160088e+00 4.760044603033006183e+01
2.102609022556391096e+02 4.541863132407289783e+00 4.776854848986874202e+01
2.103426532432776810e+02 4.380005097489486410e+00 4.782121829998725815e+01
2.103777367146680319e+02 4.344806932585701276e+00 4.788018350962151004e+01
2.104138396839556435e+02 4.307671721677073684e+00 4.789293997706129602e+01
2.104434433541480871e+02 4.265235121702561472e+00 4.788794443736459527e+01
2.104328533197400191e+02 4.251561106155218539e+00 4.791464253854976363e+01
2.103737224416974527e+02 4.181929399770613287e+00 4.770523767044730334e+01
2.101762456989932559e+02 4.217675544794189157e+00 4.752408563782336870e+01
2.101530011469351393e+02 4.201886071109978360e+00 4.744949662291321602e+01
2.100866318338218548e+02 4.196444501083216316e+00 4.743755575379125844e+01
2.101042691474448816e+02 4.153549127054925627e+00 4.743006244424621087e+01
2.100880336434306059e+02 4.220249776984834611e+00 4.735191793041926900e+01
2.100656938957563398e+02 4.297680642283674857e+00 4.746534981521600827e+01
2.101250414171020680e+02 4.312335924557155309e+00 4.761567478017076382e+01
2.101652478654262666e+02 4.357448706512042413e+00 4.759369185676054315e+01
2.102179049318210673e+02 4.342959092646871078e+00 4.761635019752771569e+01
2.102477634764878189e+02 4.316018860711099414e+00 4.760621893717344477e+01
2.103134446285204433e+02 4.302561488466929873e+00 4.770913724990442262e+01
2.103498279597298222e+02 4.252389448196763233e+00 4.761587867975022448e+01
2.103354275519306782e+02 4.258289792277303754e+00 4.758888747291958765e+01
2.103605199439276134e+02 4.185765260609150218e+00 4.761940869121957576e+01
2.103444883394928127e+02 4.277137759653371063e+00 4.761287116095323313e+01
2.103508984325219728e+02 4.372269657193831982e+00 4.765644195233847569e+01
2.103533707149229031e+02 4.446476360392506599e+00 4.776645851917930230e+01
2.101803619217535299e+02 4.348464381292213687e+00 4.762976933860073814e+01
2.100572065757614268e+02 4.347788963935261819e+00 4.751688543392378961e+01
2.099257550656301703e+02 4.256148846693003307e+00 4.743828214604307192e+01
2.099081559831782897e+02 4.185574104753408520e+00 4.743259844526570390e+01
2.096456352746272387e+02 4.165604689690327156e+00 4.723242003313367832e+01
2.096105135720657699e+02 4.120275264432267548e+00 4.713160443481585560e+01
2.095762711864406640e+02 4.033528737096979455e+00 4.705159933732636546e+01
2.095348285969160145e+02 3.877991589142347539e+00 4.689105390595131695e+01
2.095717981394163303e+02 3.843519816490378549e+00 4.695538422327003758e+01
2.095410347903657566e+02 3.858926978463106838e+00 4.697629667388810759e+01
2.095108321651586607e+02 3.927246081304957226e+00 4.695993373263667792e+01
2.093701032241621078e+02 3.819166560468969074e+00 4.702868612208487065e+01
2.093264177392634053e+02 4.145737224416974342e+00 4.663463744106027775e+01
2.092480693258570170e+02 4.235924557155600567e+00 4.649571810883139733e+01
2.092462469733656292e+02 4.257461450235759060e+00 4.634669300369567679e+01
2.093176882885178998e+02 4.324353256021409742e+00 4.640229387026889185e+01
2.093392761564929287e+02 4.330648655537148173e+00 4.639550146552822696e+01
2.092794826048171331e+02 4.097463998980502176e+00 4.664933095450490441e+01
2.091534854084363531e+02 3.999401044985344544e+00 4.666803874092009607e+01
2.090036064738116579e+02 3.965094940741684670e+00 4.662353765770357938e+01
2.088262265834076743e+02 3.917280489358990536e+00 4.662955269529756919e+01
2.089087167070217959e+02 3.941378870906078635e+00 4.670540333885561068e+01
2.090521982923410178e+02 3.957474193959475084e+00 4.663804001529246790e+01
2.092507709952848245e+02 3.955588122849496457e+00 4.660128711609532104e+01
2.093321906461067954e+02 3.958200586211290783e+00 4.660281636294125462e+01
2.093276793679113155e+02 3.925003185930929117e+00 4.659300369567987588e+01
2.093989040397604242e+02 3.958519179304192726e+00 4.663918695042691809e+01
2.095413661271823571e+02 3.708869631706384506e+00 4.684724098381546753e+01
2.095697846310692114e+02 3.620186058366254400e+00 4.700858926978462904e+01
2.095536001019497974e+02 3.501414553332483859e+00 4.703694405505288501e+01
2.095775965337071511e+02 3.484439913342678885e+00 4.717708678475850803e+01
2.095579584554606924e+02 3.545673505798394132e+00 4.707967376067286835e+01
2.095593984962405898e+02 3.699401044985344722e+00 4.697828469478781699e+01
2.095258060405250546e+02 3.759768064228367734e+00 4.671748438893844479e+01
2.094487829743851250e+02 3.771160953230534130e+00 4.660971071747164274e+01
2.093774563527462647e+02 3.787982668535746278e+00 4.649290174589015123e+01
2.092345992098891259e+02 3.739977061297310890e+00 4.640484261501210739e+01
2.090225818784248872e+02 3.914247483114566162e+00 4.624079265961513840e+01
2.088756722314260230e+02 3.925576653498151991e+00 4.613586083853702036e+01
2.087797119918440103e+02 4.034038486045622207e+00 4.610643558047661372e+01
2.087723333758124227e+02 3.988224799286351541e+00 4.608435070727666272e+01
2.087945074550783602e+02 3.943672741174971463e+00 4.611592965464508609e+01
2.088898687396457206e+02 4.031642665987001273e+00 4.614167197655154951e+01
2.090291576398623761e+02 4.110742959092647197e+00 4.615910539059512985e+01
2.090422454441187767e+02 4.058366254619599545e+00 4.606602523257295445e+01
2.089768191665604604e+02 4.069810118516630659e+00 4.615594494711354656e+01
2.090139161462979587e+02 4.078998343315916486e+00 4.605451765005734899e+01
2.089507582515610977e+02 4.050426914744488016e+00 4.595727029438001665e+01
2.089439403593730162e+02 3.937657703580986546e+00 4.593561870778641776e+01
2.089679622785778008e+02 3.891601886071109906e+00 4.591227220593857794e+01
2.089982795972983354e+02 3.880094303555499113e+00 4.602394545686249216e+01
2.090496113164266490e+02 3.949279979610042179e+00 4.603033006244424286e+01
2.088735057983942909e+02 3.845342168981776609e+00 4.592795972983305575e+01
2.087292723333758033e+02 3.684758506435580561e+00 4.593076334905059355e+01
2.085493946731234871e+02 3.611698738371352135e+00 4.585477252453166841e+01
2.084899452019880073e+02 3.619689053141327939e+00 4.584452657066394465e+01
2.084278577800433254e+02 3.651624824773799016e+00 4.567982668535746171e+01
2.083975022301516447e+02 3.773824391487192731e+00 4.579072256913470085e+01
2.082897285586848568e+02 3.796661144386389797e+00 4.577564674397859079e+01
2.082222760290556778e+02 3.863234357079138537e+00 4.571841468076971893e+01
2.082080667771122648e+02 3.937504778896393720e+00 4.583922518159806003e+01
2.083235121702561514e+02 3.987867975022301614e+00 4.581520326239326835e+01
2.085344335414808086e+02 3.716082579329680335e+00 4.611431120173314469e+01
2.086282146043073737e+02 3.545839174206703248e+00 4.616531158404485780e+01
2.086582388173824256e+02 3.465120428189116808e+00 4.626893080158021831e+01
2.086970561998215885e+02 3.459768064228367468e+00 4.630672868612208504e+01
2.087434433541480701e+02 3.433605199439276223e+00 4.624419523384732855e+01
2.087091882247992771e+02 3.522811265451764928e+00 4.620282910666496434e+01
2.087151268000509674e+02 3.600395055435198000e+00 4.619129603670192097e+01
2.086806040525041510e+02 3.639887855231298541e+00 4.612571683445902693e+01
2.086047406652223799e+02 3.599222632853319670e+00 4.607014145533324978e+01
2.085198164903785027e+02 3.548043838409583373e+00 4.593146425385497622e+01
2.083841468076972205e+02 3.595131897540461363e+00 4.578991971454058785e+01
2.083116732509239171e+02 3.589027653880463742e+00 4.575946221485918386e+01
2.082438384095832760e+02 3.680718746017586529e+00 4.568101185166305811e+01
2.082685230024213183e+02 3.651586593602650588e+00 4.575920734038486160e+01
2.082698865808589233e+02 3.679253217790238395e+00 4.574586466165413867e+01
2.082047151777749434e+02 3.588288517904931751e+00 4.578482222505416388e+01
2.082663438256658708e+02 3.503542755193067570e+00 4.582384350707276610e+01
2.082690072639225320e+02 3.524659105390595126e+00 4.598598190391232521e+01
2.083905186695552345e+02 3.474780170765897847e+00 4.603611571301134120e+01
2.084107684465400894e+02 3.544182490123614304e+00 4.615669682681279795e+01
2.083679367911303757e+02 3.521677074041034583e+00 4.605612335924557499e+01
2.084548999617688310e+02 3.578373900853829337e+00 4.593705874856632931e+01
2.084055944947113517e+02 3.595475978080794999e+00 4.594414425895246268e+01
2.083318083343953049e+02 3.499732381801962333e+00 4.587796610169491629e+01
2.082113419141072939e+02 3.498891296036701792e+00 4.576768191665604490e+01
2.082324200331336783e+02 3.440282910666496718e+00 4.579565439021281748e+01
2.080980502102714524e+02 3.347139034025742532e+00 4.582887727794061306e+01
2.080184274244934386e+02 3.368459283802727189e+00 4.584247483114565824e+01
2.077811520326239361e+02 3.420670319867465281e+00 4.571753536383331351e+01
2.077589014910156777e+02 3.448719255766535152e+00 4.574002803619217872e+01
2.078530521218299896e+02 3.260124888492417661e+00 4.585089843252197994e+01
2.079349178029820280e+02 3.252924684592838123e+00 4.584769975786925045e+01
2.080283547852682489e+02 3.296176882885179182e+00 4.593860073913597830e+01
2.080808589269784648e+02 3.258901491015674612e+00 4.597202752644322743e+01
2.080441952338473186e+02 3.256989932458264292e+00 4.600452402191920243e+01
2.081600229387026957e+02 3.338027271568752230e+00 4.599106664967503377e+01
2.080988020899706896e+02 3.411405632725882597e+00 4.582348668280871351e+01
2.080601121447687092e+02 3.456887982668535919e+00 4.572307888364980499e+01
2.080056582133299230e+02 3.450337708678475668e+00 4.552414935644195282e+01
2.080112781954887282e+02 3.472397094430992759e+00 4.555455588122849520e+01
2.080986619090098202e+02 3.408984325219829081e+00 4.559788454186313089e+01
2.080837390085382879e+02 3.466968268127947006e+00 4.562442971836370731e+01
2.080640754428443984e+02 3.477634764878297258e+00 4.573617943162992105e+01
2.080345864661654218e+02 3.416184529119408619e+00 4.584683318465655333e+01
2.079628775328150994e+02 3.372154963680387585e+00 4.571649037848859365e+01
2.077688798266853496e+02 3.502931056454696268e+00 4.555054160825793019e+01
2.076592965464508609e+02 3.539938830126162728e+00 4.553510895883777465e+01
2.075359118134318805e+02 3.545189244297183517e+00 4.558831400535236611e+01
2.075466165413533872e+02 3.607314897413024024e+00 4.539714540588759917e+01
2.075282528354785256e+02 3.590888237543010231e+00 4.543789983433158852e+01
2.076258697591436260e+02 3.446501847839938737e+00 4.548661909009812376e+01
2.076391869504269039e+02 3.398814833694405291e+00 4.543579711991844050e+01
2.077714922900471493e+02 3.357996686631834038e+00 4.555177774945838820e+01
2.078580986364215732e+02 3.402421307506053427e+00 4.549527207850133692e+01
2.080144768701414648e+02 3.315190518669555164e+00 4.564610679240474411e+01
2.078858926978463160e+02 3.452147317446157881e+00 4.570008920606601066e+01
2.078463106919842005e+02 3.525347266471262841e+00 4.565895246591053791e+01
2.077540971071747151e+02 3.519293997706129939e+00 4.571078119026379483e+01
2.077840066267363284e+02 3.525474703708423529e+00 4.580691984197782318e+01
2.077730852555116599e+02 3.513062316808971630e+00 4.579142347393908352e+01
2.079160061169873757e+02 3.514973875366381950e+00 4.567192557665349995e+01
2.080619217535363816e+02 3.405518032369058368e+00 4.546431757359500381e+01
2.081287243532560183e+02 3.505122976933860102e+00 4.527500955779278513e+01
2.079604434815853153e+02 3.440142729705620184e+00 4.520504651459156520e+01
2.077466675162482375e+02 3.451395437746909600e+00 4.510019115585573957e+01
2.075283802727156797e+02 3.488339492799795938e+00 4.512690200076462332e+01
2.073731362304065158e+02 3.315381674525296418e+00 4.518786797502230002e+01
2.074127692111634929e+02 3.390008920606601084e+00 4.512952720785013128e+01
2.074667261373773499e+02 3.391691092137122610e+00 4.520266343825665700e+01
2.073938065502739789e+02 3.321129093921243669e+00 4.533713521090862741e+01
2.075663948005607153e+02 3.381457881993118253e+00 4.524610679240473843e+01
2.076797757104625930e+02 3.426634382566585924e+00 4.523431884796737279e+01
2.077004205428826253e+02 3.395896520963425314e+00 4.516448324200331399e+01
2.077712883904677028e+02 3.359169109213712368e+00 4.523499426532432466e+01
2.076994647636039133e+02 3.382872435325602112e+00 4.514887218045112860e+01
2.076127437237160791e+02 3.430686886708296246e+00 4.513674015547343288e+01
2.076162355040142700e+02 3.505250414171020790e+00 4.520177137759653618e+01
2.076862622658340740e+02 3.520683063591181217e+00 4.524712629030202748e+01
2.077315916910921487e+02 3.494571173696954247e+00 4.532806167962278465e+01
2.076823244552058156e+02 3.485204536765643013e+00 4.528185293742831874e+01
2.076271568752389385e+02 3.546310691984197572e+00 4.535645469606218683e+01
2.074511023321014420e+02 3.508321651586593592e+00 4.528668280871670504e+01
2.072447177265196956e+02 3.431107429590926294e+00 4.530319867465273376e+01
2.071005989550146467e+02 3.394902510513571947e+00 4.528443991334268048e+01
2.069973238180196233e+02 3.441646489104116302e+00 4.526487829743851421e+01
2.071141582770485456e+02 3.511736969542500475e+00 4.503273862622658186e+01
2.072191920479164082e+02 3.514030839811392859e+00 4.500736587230788643e+01
2.072927488212055493e+02 3.582286224034663125e+00 4.492124378743469038e+01
2.073716197272843260e+02 3.545354912705492634e+00 4.478932075952593550e+01
2.073856378233719795e+02 3.545265706639479930e+00 4.479731107429591219e+01
2.073719892952720727e+02 3.567197655154836333e+00 4.488076972091245409e+01
2.074133936536255760e+02 3.568867082961641568e+00 4.495399515738498764e+01
2.074616796227857662e+02 3.616949152542372925e+00 4.517393908500064015e+01
2.075206193449726015e+02 3.616477634764878157e+00 4.540670319867465565e+01
2.075539314387663978e+02 3.698559959220084181e+00 4.539158914234739228e+01
2.075519179304192789e+02 3.633095450490633205e+00 4.549267235886325977e+01
2.074913470115967868e+02 3.659691601886071233e+00 4.551376322161335253e+01
2.075181343188479559e+02 3.608856887982668571e+00 4.544236013763221393e+01
2.075309035300114715e+02 3.606066012488849282e+00 4.539244297183637400e+01
2.075663438256658537e+02 3.625576653498152169e+00 4.555185421180068772e+01
2.077362049190773519e+02 3.401707658977953574e+00 4.565619982158786883e+01
2.077011214476870009e+02 3.282298967758379149e+00 4.560609149993628364e+01
2.075726392251816037e+02 3.248630049700522271e+00 4.557035809863641873e+01
2.074345227475468221e+02 3.113814196508219556e+00 4.537289409965591602e+01
2.073811647763476458e+02 3.106308143239454367e+00 4.539797374792914297e+01
2.073024085637823362e+02 3.362571683445902959e+00 4.527994137887090886e+01
2.073433031731871949e+02 3.371479546323435716e+00 4.525186695552440597e+01
2.072588887472919623e+02 3.459755320504651621e+00 4.517395182872435555e+01
2.072931566203644707e+02 3.441315152287498513e+00 4.528074423346502186e+01
2.072695425003185790e+02 3.430967248630049760e+00 4.531013126035427518e+01
2.072392251815980728e+02 3.417497132662163928e+00 4.512053013890658804e+01
2.072432649420160544e+02 3.347228240091754792e+00 4.509727284312476314e+01
2.071765515483624256e+02 3.358162355040142710e+00 4.492216133554224200e+01
2.072065502739900467e+02 3.285013380909902025e+00 4.500547980119790736e+01
2.072451510131260477e+02 3.318733273862622735e+00 4.491030967248629935e+01
2.071719638078246533e+02 3.451025869759143827e+00 4.501310054798012317e+01
2.071572702943800266e+02 3.517433414043583451e+00 4.495785650567095360e+01
2.071492162609914658e+02 3.596814069070982445e+00 4.496731234866827975e+01
2.071382694023193665e+02 3.628940996559194776e+00 4.493384733018988442e+01
2.071813814196508190e+02 3.556072384350707161e+00 4.495114056327258822e+01
2.072686631833821878e+02 3.570332611188989258e+00 4.491006754173569249e+01
2.072856887982668468e+02 3.504791640117242313e+00 4.486886708296164272e+01
2.071719765515483687e+02 3.463705874856632949e+00 4.481224671849114571e+01
2.071618198037466527e+02 3.543226710844908922e+00 4.486192175353638589e+01
2.071488084618325445e+02 3.554798011979100281e+00 4.484777622021154286e+01
2.070576653498152098e+02 3.545864661654135386e+00 4.486612718236268904e+01
2.069896903275136992e+02 3.431247610551803273e+00 4.484490888237542805e+01
2.070621893717344335e+02 3.604511278195488888e+00 4.489014910156748073e+01
2.070888237543010177e+02 3.632840576016311829e+00 4.498628775328150908e+01
2.071534471772652068e+02 3.604460303300624613e+00 4.496908372626481309e+01
2.071598700140180824e+02 3.542831655409710567e+00 4.510846183254746933e+01
2.071635147190008865e+02 3.470447304702434010e+00 4.521561106155218823e+01
2.071232445520581109e+02 3.458697591436217689e+00 4.521334267873072577e+01
2.071479036574486940e+02 3.427373518542117914e+00 4.516150121065375345e+01
2.071689053141327861e+02 3.408512807442334758e+00 4.517683191028418577e+01
2.071578182744998173e+02 3.583611571301134280e+00 4.507841213202497954e+01
2.072274882120555617e+02 3.720810500828342082e+00 4.501089588377723771e+01
2.072209379380655037e+02 3.808818656811520320e+00 4.512211036064738323e+01
2.072902000764623551e+02 3.813087804256403590e+00 4.513493054670574622e+01
2.072412896648400533e+02 3.844908882375430270e+00 4.510706002293870398e+01
2.071422199566713402e+02 3.763846055817509750e+00 4.500439658468204129e+01
2.070787817000127404e+02 3.716401172422581833e+00 4.492153689308015885e+01
2.070707786415190412e+02 3.615356187077864103e+00 4.484169746399898315e+01
2.070386517140308342e+02 3.628431247610552024e+00 4.480316044348158755e+01
2.070819039123231846e+02 3.632993500700904654e+00 4.477972473556773281e+01
2.071396457244806868e+02 3.388492417484389119e+00 4.482741174971326359e+01
2.071341149483879178e+02 3.342423856250796632e+00 4.483730087931693475e+01
2.071864916528609797e+02 3.308257932968013293e+00 4.483203772142219634e+01
2.072904167197655170e+02 3.220823244552057929e+00 4.474535491270549414e+01
2.073319994902510643e+02 3.259385752516885226e+00 4.489853447177264911e+01
2.074241366127182289e+02 3.430177137759653494e+00 4.493011341914107248e+01
2.073655282273480225e+02 3.520937938065502593e+00 4.494796737606728954e+01
2.073729705619982155e+02 3.577290684337963711e+00 4.496127182362686625e+01
2.074174843889384476e+02 3.629068433796355464e+00 4.498296164139161135e+01
2.074266471262903053e+02 3.577825920734038601e+00 4.496602523257296014e+01
2.072855358735822620e+02 3.628584172295144850e+00 4.493419141073021450e+01
2.072724480693258613e+02 3.537734165923282603e+00 4.499282528354785171e+01
2.072241621001656711e+02 3.553905951318975465e+00 4.509726009940104774e+01
2.071040779915891505e+02 3.569313113291703754e+00 4.503685484898687719e+01
2.069341531795590754e+02 3.510054798011978949e+00 4.488995794571173548e+01
2.068266726137377418e+02 3.425984452657066193e+00 4.482802344845163844e+01
2.067323818019625321e+02 3.428443991334267693e+00 4.486227857780043138e+01
2.066638078246463692e+02 3.422021154581368574e+00 4.478443991334268048e+01
2.067245953867720232e+02 3.393666369313113496e+00 4.486009940104498384e+01
2.068127946986109293e+02 3.388517904931821256e+00 4.485797119918440501e+01
2.068715942398368668e+02 3.444552058111379989e+00 4.490804128966483688e+01
2.069539824136612651e+02 3.522925958965209770e+00 4.506512042818911823e+01
2.070729450745507734e+02 3.487969924812030165e+00 4.503252198292341291e+01
2.071640881865681081e+02 3.542143494329042852e+00 4.511287116095323313e+01
2.071614629794825930e+02 3.575837899834331424e+00 4.507823371989294969e+01
2.071387791512680110e+02 3.546986109341149440e+00 4.502061934497260154e+01
2.072328278322925996e+02 3.461169873837135036e+00 4.498887472919587083e+01
2.072214731744615790e+02 3.407263922518160015e+00 4.495532050465146057e+01
2.072095195616159060e+02 3.335147190008920681e+00 4.492005862112909398e+01
2.072269784631069172e+02 3.367898559959220162e+00 4.489502994775073574e+01
2.073410602778131704e+02 3.368752389448196549e+00 4.491719128329297916e+01
2.074399770612972986e+02 3.447878170001274167e+00 4.481158404485790925e+01
2.075528609659742472e+02 3.414719000892060485e+00 4.479819039123231761e+01
2.074454186313240598e+02 3.415547342933605179e+00 4.473956926213839580e+01
2.071763094176118329e+02 3.439964317573595221e+00 4.467706129731107723e+01
2.069788071874601769e+02 3.463272588250286610e+00 4.466495475978080520e+01
2.069235886325984382e+02 3.620734038486045581e+00 4.473243277685740082e+01
2.069487829743851250e+02 3.673862622658340626e+00 4.477161972728431039e+01
2.069143621766280035e+02 3.609838154708806091e+00 4.471420925194341578e+01
2.069560086657321278e+02 3.635758888747291806e+00 4.470409073531286026e+01
2.068166433031731799e+02 3.660965974257678113e+00 4.468414680769721059e+01
2.068063973493054561e+02 3.727105900344080514e+00 4.479955396966993675e+01
2.068201350834713992e+02 3.702778131770103176e+00 4.487744360902255636e+01
2.068830508474576391e+02 3.737160698356059463e+00 4.487281763731362361e+01
2.068907608003058556e+02 3.744921626099146028e+00 4.482437874346884144e+01
2.069872053013890536e+02 3.569185676054543066e+00 4.483793806550274041e+01
2.070236141200458633e+02 3.538664457754555848e+00 4.488186568115203556e+01
2.070762202115458024e+02 3.413992608640244786e+00 4.485662036447050127e+01
2.070839938830126243e+02 3.405237670447304854e+00 4.466087676819166319e+01
2.071099018733273738e+02 3.418771505033770808e+00 4.463006244424620661e+01
2.070929782082324380e+02 3.328966484006626647e+00 4.461600611698738561e+01
2.071940104498534367e+02 3.251917930419268465e+00 4.460449853447177304e+01
2.071026124633617940e+02 3.223919969415062869e+00 4.461073021536893179e+01
2.069660379762966613e+02 3.250949407416847237e+00 4.448198037466547561e+01
2.069135975532050509e+02 3.299732381801962600e+00 4.460666496750350518e+01
2.067943800178412062e+02 3.312450618070600150e+00 4.460713648528099640e+01
2.067710335159933663e+02 3.368777876895628687e+00 4.458066777112271950e+01
2.067600739135975516e+02 3.376819166560468766e+00 4.462171530521218443e+01
2.067489486427934366e+02 3.369478781700012693e+00 4.459681406907098022e+01
2.066808844144258899e+02 3.314566076207468015e+00 4.456415190518669789e+01
2.067230916273735204e+02 3.354211800688160938e+00 4.432380527590161989e+01
2.068534471772651955e+02 3.386300497005224841e+00 4.428125398241365929e+01
2.069028673378361134e+02 3.254747037084236183e+00 4.437401554734293541e+01
2.069962278577800419e+02 3.295106410093029403e+00 4.419059513189753829e+01
2.070272460813049520e+02 3.257499681406907044e+00 4.419943927615648960e+01
2.069578182744998003e+02 3.137453804001529178e+00 4.438892570409073812e+01
2.070637695934752003e+02 3.121218299987256195e+00 4.444504906333630601e+01
2.070115967885816133e+02 3.006907098254109734e+00 4.455794571173696994e+01
2.069427297056199961e+02 3.033286606346374370e+00 4.449262138396839816e+01
2.068899579457117284e+02 3.063017713775965323e+00 4.442188097362048893e+01
2.069949407416847293e+02 2.929488976678985779e+00 4.454972600994010179e+01
2.069691092137122439e+02 2.909672486300496796e+00 4.436738881101057785e+01
2.068666241875876040e+02 2.929132152414935852e+00 4.423313368166178350e+01
2.068252453166815314e+02 2.876016311966356653e+00 4.419975786924939598e+01
2.067878679750222943e+02 2.832764113674015594e+00 4.429901873327386141e+01
2.067467057474193837e+02 2.824123868994520059e+00 4.424378743468841435e+01
2.066823244552058156e+02 2.880553077609277590e+00 4.430517395182872775e+01
2.066661909009812632e+02 2.873696954250031688e+00 4.441954887218044945e+01
2.066299222632853230e+02 2.894609404868102587e+00 4.433030457499681631e+01
2.066460558175098754e+02 2.881037339110488205e+00 4.430026761819803482e+01
2.066920861475723257e+02 2.951892442971836505e+00 4.447146680259972129e+01
2.066969542500318653e+02 2.958098636421562233e+00 4.422027526443226719e+01
2.066678730725117816e+02 2.945851917930419450e+00 4.408373900853829497e+01
2.066428316554097080e+02 3.016515865936026497e+00 4.398241366127182062e+01
2.066098636421562276e+02 2.992825283547852599e+00 4.398887472919587083e+01
2.066424238562507867e+02 3.049789728558685020e+00 4.404749585828979264e+01
2.066472409838154647e+02 3.137887090607875518e+00 4.412216133554224484e+01
2.068019370460048378e+02 3.117509876385879952e+00 4.414935644195233522e+01
2.068395820058621268e+02 3.088581623550401556e+00 4.419625334522747551e+01
2.069187969924811910e+02 3.139734930546705716e+00 4.429805021027144107e+01
2.069089333503249577e+02 3.127896011214476690e+00 4.448839046769465710e+01
2.067694278068051403e+02 3.069415063081432304e+00 4.443164266598699896e+01
2.065351344462852126e+02 2.943825665859564289e+00 4.419562890276538525e+01
2.063374155728303947e+02 2.969338600739135803e+00 4.411663055944946876e+01
2.062700267618197927e+02 3.004868102459538726e+00 4.402566585956416390e+01
2.061865298840321259e+02 2.992748821205556187e+00 4.401589142347393846e+01
2.061805148464381432e+02 2.964980247228240273e+00 4.393746654772524352e+01
2.062770230661399182e+02 2.980897158149611315e+00 4.398767681916655903e+01
2.063384605581750861e+02 3.033630686886708450e+00 4.404901236141200371e+01
2.064034153179559041e+02 3.052516885433923743e+00 4.406820440932840910e+01
2.065214859181853058e+02 3.082579329680132485e+00 4.403926341276920908e+01
2.065478781700012689e+02 3.108003058493691739e+00 4.407516248247738133e+01
2.065055052886453382e+02 3.056123359245571436e+00 4.391627373518542043e+01
2.065037211673250965e+02 3.024684592838027264e+00 4.369913342678730572e+01
2.065120045877405346e+02 3.052363960749330918e+00 4.382722059385752544e+01
2.065289664840066166e+02 3.024913979864916502e+00 4.374148082069580568e+01
2.065452019880208923e+02 3.087574869376831899e+00 4.371963807824646153e+01
2.065383586083853800e+02 3.152160061169873906e+00 4.377308525551165985e+01
2.065369695425003158e+02 3.177978845418631515e+00 4.377670447304702606e+01
2.065930419268510150e+02 3.141060277813176871e+00 4.392247992863514838e+01
2.064315662036447065e+02 3.027870523767044908e+00 4.381070472792149673e+01
2.062949025105135661e+02 3.014387664075442785e+00 4.375918185293743079e+01
2.063273097999235404e+02 3.074155728303810342e+00 4.375744870651204366e+01
2.064030202625206982e+02 3.143073786160316185e+00 4.382075952593347523e+01
2.064727284312476172e+02 3.143328660634637561e+00 4.388557410475340959e+01
2.063815343443354209e+02 3.105454313750477979e+00 4.396844654007901454e+01
2.062657066394800438e+02 3.057015419905696252e+00 4.381081942143494246e+01
2.061634255129348787e+02 3.072996049445647859e+00 4.378877277940614476e+01
2.060770995284822220e+02 3.094736842105263008e+00 4.382956543902128033e+01
2.061554097107174641e+02 3.122581878424875779e+00 4.384445010832165224e+01
2.063721294762329421e+02 2.995679877660252455e+00 4.410432012233975030e+01
2.065111507582515742e+02 2.936867592710589836e+00 4.422918312730980261e+01
2.065840193704600551e+02 2.938855613610297013e+00 4.431517777494583754e+01
2.065480565821333130e+02 2.833261118898942055e+00 4.440720020389957767e+01
2.065806805148464491e+02 2.831719128329297952e+00 4.439477507327641348e+01
2.065013508347138895e+02 2.835108958837772253e+00 4.427377341659232712e+01
2.064111252708041206e+02 2.957958455460685698e+00 4.420182235249139779e+01
2.063561233592455721e+02 2.999949025105135725e+00 4.424100930291831446e+01
2.061414298458009569e+02 3.097056199821587974e+00 4.414699885306486493e+01
2.059913215241493560e+02 3.077774945839174325e+00 4.407908754938193141e+01
2.059576780935389309e+02 3.000981266726137520e+00 4.408507709952848330e+01
2.059933095450490725e+02 2.967082961641391403e+00 4.406842105263157805e+01
2.059625844271696167e+02 2.999643175735950074e+00 4.396320886963170693e+01
2.059828469478781585e+02 2.951599337326366701e+00 4.393518542118006565e+01
2.059613100547980196e+02 2.931132917038358432e+00 4.397996686631833541e+01
2.059429590926468734e+02 3.063667643685485054e+00 4.387702306613992675e+01
2.059026379508092361e+02 3.049037848859436739e+00 4.369743851153307190e+01
2.058933605199439398e+02 3.017293233082706916e+00 4.374638715432649150e+01
2.057413661271823742e+02 2.973607748184019517e+00 4.367992863514719204e+01
2.057113291703835785e+02 2.996928762584427197e+00 4.358168726902000856e+01
2.057610934114948407e+02 2.934624697336561727e+00 4.339624060150376295e+01
2.057628775328150823e+02 2.939327131387791336e+00 4.334647636039250784e+01
2.057971454058875906e+02 2.921282018605836583e+00 4.319040397604180015e+01
2.058371734420797736e+02 2.882439148719255773e+00 4.321823626863769618e+01
2.059017204027016703e+02 2.883649802472282531e+00 4.325008283420415722e+01
2.061212565311583944e+02 2.659474958582897841e+00 4.344141710207722440e+01
2.062340384860456197e+02 2.507480565821333052e+00 4.347989040397604299e+01
2.060535363833312203e+02 2.378909137249904493e+00 4.337216770740410254e+01
2.058942016057091848e+02 2.451420925194341738e+00 4.342337198929526920e+01
2.057383586083853686e+02 2.436141200458774136e+00 4.342140945584299772e+01
2.056842487574869267e+02 2.445240219192047704e+00 4.332427679367911111e+01
2.054824009175481194e+02 2.386211290939212581e+00 4.334460303300624417e+01
2.055503377086784838e+02 2.400777367146680330e+00 4.349924812030074861e+01
2.055843379635529402e+02 2.423958200586211476e+00 4.342276029055690145e+01
2.055890658850516104e+02 2.505122976933860102e+00 4.340927743086530199e+01
2.055808206958073185e+02 2.609251943417866482e+00 4.339584554606856415e+01
2.057567987766025226e+02 2.723575888874729234e+00 4.328622403466292923e+01
2.058691092137122496e+02 2.666585956416464676e+00 4.332233974767427043e+01
2.059556263540206373e+02 2.683509621511405818e+00 4.330328788071874868e+01
2.060056709570536384e+02 2.686746527335287293e+00 4.329880208997069246e+01
2.058650567095705242e+02 2.740626991206830620e+00 4.333524913979864834e+01
2.057071109978335528e+02 2.707263922518159838e+00 4.344196508219701514e+01
2.055299350070090441e+02 2.717051102332101564e+00 4.327754555881228526e+01
2.054088186568115191e+02 2.681037339110488027e+00 4.329736204919077380e+01
2.053474958582897898e+02 2.563374538040015249e+00 4.310774818401937125e+01
2.052219574359627927e+02 2.481215751242513257e+00 4.291465528227347903e+01
2.051404868102459602e+02 2.420708551038613265e+00 4.272923410220466423e+01
2.051065502739900523e+02 2.473442079775710400e+00 4.264322671084490679e+01
2.051771505033770779e+02 2.360188607110997872e+00 4.245778004332866118e+01
2.050946221485918102e+02 2.273416592328278529e+00 4.243417866700649910e+01
2.050121447687014040e+02 2.197655154836243074e+00 4.240838537020517407e+01
2.048853702051739560e+02 2.191143112017331251e+00 4.211832547470370969e+01
2.046740792659615238e+02 2.131158404485790747e+00 4.193262393271314181e+01
2.046290939212437934e+02 2.074474321396712284e+00 4.186701924302280986e+01
2.046743596278832626e+02 2.083484134063973592e+00 4.183103096724862979e+01
2.048328533197400247e+02 2.145673505798394221e+00 4.183230533962023401e+01
2.050252580604052639e+02 2.150235758888747295e+00 4.187615649292723674e+01
2.051389703071237420e+02 2.168548489868739715e+00 4.187557028163629269e+01
2.051002038995794692e+02 2.136396074933095246e+00 4.179683955651841387e+01
2.051413024085637744e+02 2.123614120045877574e+00 4.177958455460685627e+01
2.051360265069453419e+02 2.114120045877405207e+00 4.197989040397604299e+01
