1.647584048027444226e+02 6.525192967409948475e-01 2.540707547169811420e+01
1.645998606346483655e+02 6.482525728987993396e-01 2.536584476843910707e+01
1.642461513722126938e+02 6.575686106346483317e-01 2.531421526586620985e+01
1.640623070325900414e+02 6.504502572898799295e-01 2.526282161234991364e+01
1.642441037735848965e+02 6.514043739279588019e-01 2.513640651801029335e+01
1.644006432246998202e+02 6.718481989708404711e-01 2.496262864493996503e+01
1.644493674957118401e+02 6.932675814751286802e-01 2.435418096054888437e+01
1.643298670668953605e+02 6.967838765008576019e-01 2.418500214408233262e+01
1.643506646655231691e+02 6.731989708404803041e-01 2.394900300171526553e+01
1.644402229845626096e+02 6.555531732418524715e-01 2.384436106346483797e+01
1.645742710120068750e+02 6.517903087478559288e-01 2.393241852487135546e+01
1.648770047169811335e+02 6.696719554030874377e-01 2.411978987993138901e+01
1.651922062607204111e+02 6.519082332761577669e-01 2.425469554030874875e+01
1.652907161234991520e+02 6.516616638078902568e-01 2.421921097770154319e+01
1.652485741852487138e+02 6.467838765008576685e-01 2.420557461406518129e+01
1.652762328473413334e+02 6.546526586620926569e-01 2.432011149228130265e+01
1.653727272727272748e+02 6.772941680960549160e-01 2.435687178387649965e+01
1.654081796740994719e+02 7.057032590051457444e-01 2.441063464837049679e+01
1.654528945111492249e+02 7.319468267581474841e-01 2.447509648370497359e+01
1.652247427101200685e+02 7.535806174957118131e-01 2.447763722126929764e+01
1.649861599485420243e+02 7.572362778730703514e-01 2.438215051457975946e+01
1.645431818181818073e+02 7.577186963979416490e-01 2.432823756432247109e+01
1.643051457975986409e+02 7.487028301886792248e-01 2.416348627787306924e+01
1.641107632933104696e+02 7.779052315608919743e-01 2.411211406518010136e+01
1.641316573756432149e+02 7.684391080617495318e-01 2.414994639794167952e+01
1.644027229845626152e+02 7.814858490566037874e-01 2.426281089193825125e+01
1.645333297598627667e+02 7.826007718696398330e-01 2.433931174957118415e+01
1.647293632075471805e+02 7.908554888507718372e-01 2.438268653516295004e+01
1.650249035162950122e+02 7.784412521440823296e-01 2.449359991423670735e+01
1.651910913379073804e+02 7.529481132075471761e-01 2.446921097770154319e+01
1.653137864493996574e+02 7.450042881646655735e-01 2.449749142367067023e+01
1.655128644939965739e+02 7.270261578044596718e-01 2.448535591766723840e+01
1.655997748713550664e+02 6.837049742710119560e-01 2.443123927958833619e+01
1.656407268439108122e+02 6.876608061749571732e-01 2.443591337907375660e+01
1.656831475128645081e+02 6.991423670668953649e-01 2.444640866209262597e+01
1.657043310463121770e+02 7.067431389365351757e-01 2.445429888507718630e+01
1.658351307890222870e+02 7.552744425385934379e-01 2.460344125214408351e+01
1.656135613207547124e+02 8.219339622641509413e-01 2.479860634648370521e+01
1.654279588336192148e+02 8.681174957118353852e-01 2.489201329331046253e+01
1.653577508576329365e+02 8.783769296740995269e-01 2.488876500857632834e+01
1.653314965694682712e+02 8.985956260720411315e-01 2.494232418524871520e+01
1.650112349914236631e+02 9.332868782161235499e-01 2.491063464837049679e+01
1.647396012006861099e+02 9.000107204116638560e-01 2.475086835334476731e+01
1.646630467409948437e+02 8.827722984562607067e-01 2.471499785591766596e+01
1.646023263293310492e+02 8.732954545454545414e-01 2.460602487135506067e+01
1.645249035162950122e+02 8.742174099485420236e-01 2.460883361921097645e+01
1.645552315608919400e+02 8.864601200686106353e-01 2.463077830188679229e+01
1.647618246140651763e+02 8.873070325900515032e-01 2.485408447684391220e+01
1.649217409948541899e+02 8.899871355060033906e-01 2.494816680960548894e+01
1.650289879931389407e+02 8.359348198970840693e-01 2.488581689536878372e+01
1.651092945969125196e+02 8.297598627787307057e-01 2.499555102915951821e+01
1.651401479416809650e+02 8.324399656946827042e-01 2.501381861063464740e+01
1.649692967409948494e+02 8.166487993138936696e-01 2.500019296740994790e+01
1.650777980274442598e+02 8.020797598627786851e-01 2.490526372212692863e+01
1.652313679245283140e+02 8.133897941680960919e-01 2.496761363636363740e+01
1.652514043739279543e+02 8.304138078902230102e-01 2.509763078902229694e+01
1.652705403087478544e+02 8.592088336192109654e-01 2.506706689536878230e+01
1.653475450257289765e+02 8.582011149228130353e-01 2.507451758147512777e+01
1.653863957975986239e+02 8.483919382504288009e-01 2.514921740994854105e+01
1.653059498284734161e+02 8.671633790737564018e-01 2.520631432246998216e+01
1.652966659519725567e+02 9.258897941680960253e-01 2.538091766723842113e+01
1.651536663807890193e+02 9.387221269296740500e-01 2.545353773584905710e+01
1.650725450257289992e+02 9.694789879931389187e-01 2.534239922813036117e+01
1.649475879073756346e+02 9.513400514579759548e-01 2.523723198970840542e+01
1.649018224699828465e+02 9.273048885077187498e-01 2.512132289879931335e+01
1.648697898799314032e+02 8.781410806174957395e-01 2.503995497427101213e+01
1.649667452830188665e+02 8.852915951972555320e-01 2.499410377358490720e+01
1.648063250428816389e+02 8.859026586620926125e-01 2.502180531732418700e+01
1.646298241852487081e+02 9.260184391080616972e-01 2.488332975986277873e+01
1.645610634648370478e+02 9.425493138936534843e-01 2.494527229845625982e+01
1.645375321612349921e+02 9.591337907375643290e-01 2.499261363636363598e+01
1.645154481132075546e+02 9.317216981132075970e-01 2.489517581475128694e+01
1.646327401372212762e+02 9.277551457975986571e-01 2.489472555746140614e+01
1.647177637221269322e+02 9.316680960548885393e-01 2.487390651801029051e+01
1.647647727272727138e+02 9.056603773584905870e-01 2.488825042881646610e+01
1.647671955403087338e+02 8.970947684391080701e-01 2.481100986277873233e+01
1.648640115780445967e+02 8.907590051457976443e-01 2.486814965694682655e+01
1.650185248713550550e+02 8.866745283018867552e-01 2.507614708404802784e+01
1.650164343910806224e+02 8.912092624356775517e-01 2.517660806174957244e+01
1.650361492281303697e+02 8.860956260720411759e-01 2.510599271012006994e+01
1.651600343053173106e+02 8.633790737564321915e-01 2.524805960548885153e+01
1.652491209262435632e+02 8.620390222984563033e-01 2.519946397941680871e+01
1.651365137221269208e+02 8.393331903945111527e-01 2.515233704974270879e+01
1.649011149228130364e+02 8.840587478559176482e-01 2.503805746140651678e+01
1.646712371355060043e+02 8.880896226415094796e-01 2.497893439108061742e+01
1.644636792452830321e+02 9.046419382504288231e-01 2.494257075471698215e+01
1.643337478559176645e+02 9.097126929674099749e-01 2.495588550600342970e+01
1.642637650085763426e+02 9.167452830188679291e-01 2.502653301886792292e+01
1.642820111492281399e+02 9.063679245283018382e-01 2.504640866209262384e+01
1.643015008576329308e+02 9.232632933104630846e-01 2.516483704974271163e+01
1.643984133790737587e+02 9.298241852487135750e-01 2.530150085763293433e+01
1.644327615780445910e+02 9.201650943396226801e-01 2.533585977701543612e+01
1.644765651801029094e+02 9.284734133790737420e-01 2.532070111492281228e+01
1.644862457118353234e+02 9.164987135506003080e-01 2.523848627787307208e+01
1.645820647512864525e+02 9.000214408233275787e-01 2.518037092624356887e+01
1.646636042024013591e+02 8.938679245283018826e-01 2.512477487135506138e+01
1.647235098627787409e+02 8.960763293310463062e-01 2.509671955403087651e+01
1.646201650943396260e+02 8.585227272727272707e-01 2.503694253859348251e+01
1.643466123499142384e+02 8.400085763293310137e-01 2.507447469982847466e+01
1.640373499142366995e+02 8.318717838765008477e-01 2.496168524871355032e+01
1.638898692109777073e+02 8.145368782161235277e-01 2.482676886792452819e+01
1.638493889365351492e+02 8.156946826758147973e-01 2.476137435677529908e+01
1.638010720411663783e+02 8.551350771869640210e-01 2.482464622641509422e+01
1.636800600343053134e+02 9.101200686106346582e-01 2.489766295025728837e+01
1.634688250428816332e+02 9.493889365351629861e-01 2.479520797598627624e+01
1.631723306174957031e+02 9.571505145797598590e-01 2.477235205831903997e+01
1.630873284734133790e+02 9.475879073756432458e-01 2.471493353344768451e+01
1.633370068610634576e+02 9.039022298456260707e-01 2.468752144082332833e+01
1.635325042881646596e+02 8.714086620926243532e-01 2.465379502572898929e+01
1.637520475986277972e+02 8.468803602058319058e-01 2.470047169811320842e+01
1.638668524871355032e+02 8.279695540308747992e-01 2.482002572898799286e+01
1.639648477701543641e+02 8.242174099485419791e-01 2.480211192109776874e+01
1.639829652658661985e+02 8.274120926243567764e-01 2.467554674099485368e+01
1.637649335334476746e+02 8.208190394511148957e-01 2.461027015437392862e+01
1.634672920240137159e+02 8.486813893653516461e-01 2.452080831903944969e+01
1.632708297598627780e+02 8.433962264150943744e-01 2.436698113207547323e+01
1.632659841337907380e+02 8.474699828473413188e-01 2.443640651801029051e+01
1.634668417667238316e+02 8.659948542024014095e-01 2.467416380789022412e+01
1.637251072041166253e+02 8.801136363636363757e-01 2.471166380789022199e+01
1.638754502572898843e+02 8.623499142367067050e-01 2.471789236706689508e+01
1.642280338765008594e+02 8.122963121783876028e-01 2.473284734133790863e+01
1.641755896226414961e+02 8.129288164665523508e-01 2.465681818181818130e+01
1.638751393653516288e+02 8.202294168096054827e-01 2.460285162950257387e+01
1.635033983704974219e+02 8.204759862778731039e-01 2.451610205831903855e+01
1.631859348198970849e+02 8.444039451114923045e-01 2.455940180102916059e+01
1.627096590909090992e+02 8.610956260720411537e-01 2.446578044596912349e+01
1.623456367924528365e+02 8.700257289879931299e-01 2.445711835334476802e+01
1.621420561749571050e+02 8.691359348198970380e-01 2.429939965694682513e+01
1.620576329331046281e+02 8.973734991423670815e-01 2.430136149228130193e+01
1.620713550600343069e+02 8.660698970840480237e-01 2.414139150943396217e+01
1.619237993138936531e+02 8.474271012006860948e-01 2.408302958833619201e+01
1.621399656946826724e+02 8.206582332761578336e-01 2.409953902229845468e+01
1.622399013722126995e+02 8.022834476843910823e-01 2.412507504288164739e+01
1.622359562607203998e+02 7.915094339622641417e-01 2.417003644939965668e+01
1.622851629502573019e+02 7.929030874785591987e-01 2.417240566037735761e+01
1.621848734991423555e+02 7.889794168096054827e-01 2.415292667238421842e+01
1.621520047169811392e+02 7.844018010291595733e-01 2.414412521440823411e+01
1.621990887650085824e+02 7.863314751286449855e-01 2.408413379073756388e+01
1.621210334476843968e+02 8.022620068610634148e-01 2.397600771869639757e+01
1.620343267581475004e+02 7.854952830188679513e-01 2.390079331046312205e+01
1.619808640651800999e+02 8.029588336192109432e-01 2.387346698113207566e+01
1.620058211835334419e+02 8.013293310463122099e-01 2.385813679245282870e+01
1.619969446826758031e+02 7.953795025728988000e-01 2.371984348198970949e+01
1.619655231560892048e+02 7.980167238421955744e-01 2.366627358490566024e+01
1.617029052315608908e+02 7.926565180102915775e-01 2.364688036020583084e+01
1.614848842195540328e+02 7.966445111492281850e-01 2.349972126929674232e+01
1.613746569468267467e+02 8.001286449399657164e-01 2.348744639794168165e+01
1.613594982847341441e+02 7.826758147512864472e-01 2.363492710120068452e+01
1.614063893653516288e+02 7.740673241852487063e-01 2.372259862778730621e+01
1.613971590909090992e+02 7.925921955403087971e-01 2.379915308747855818e+01
1.615192002572898673e+02 7.758040308747855551e-01 2.388265437392795931e+01
1.616368674957118401e+02 7.607847341337907743e-01 2.387883790737564382e+01
1.616692967409948665e+02 7.300064322469982381e-01 2.364528301886792505e+01
1.616986492281303640e+02 7.240994854202401632e-01 2.356808533447684439e+01
1.616272512864493933e+02 7.257397084048027303e-01 2.359209905660377515e+01
1.615156410806174847e+02 7.282697255574613893e-01 2.364886363636363598e+01
1.612764579759862897e+02 7.193503430531732468e-01 2.343227915951972662e+01
1.613861170668953662e+02 7.059176672384219753e-01 2.333531303602058316e+01
1.613583940823327509e+02 7.023370497427101622e-01 2.323546312178387652e+01
1.615326758147512862e+02 6.997534305317324455e-01 2.328223627787307137e+01
1.617585441680960514e+02 6.853880789022298581e-01 2.340365566037735690e+01
1.620169704116638059e+02 6.678173241852487507e-01 2.341576972555746039e+01
1.619037199828473490e+02 6.784626929674099083e-01 2.354677315608919486e+01
1.616532482847341328e+02 6.939000857632933172e-01 2.362304888507718559e+01
1.612467838765008707e+02 7.064751286449399981e-01 2.358590265866209279e+01
1.607114708404802741e+02 7.115887650085763738e-01 2.359035162950257458e+01
1.605110313036020671e+02 7.521333619210978094e-01 2.366336835334476874e+01
1.604192216981132049e+02 7.957868782161234833e-01 2.363149656946826838e+01
1.604051565180103012e+02 8.122319897084048224e-01 2.366105274442538686e+01
1.604237349914236574e+02 8.320754716981132448e-01 2.362400300171526624e+01
1.603873070325900585e+02 8.230596054888508206e-01 2.348385506003430478e+01
1.603167238421955290e+02 8.001929674099484968e-01 2.347178387650085796e+01
1.602337478559176702e+02 7.977701543739279533e-01 2.346260720411663669e+01
1.602923241852487024e+02 7.886149228130360234e-01 2.350979845626072162e+01
1.603015759005145924e+02 7.956260720411664211e-01 2.351533018867924696e+01
1.603270047169811221e+02 8.072469982847341186e-01 2.349983919382504283e+01
1.604335870497426981e+02 8.066252144082333153e-01 2.361127787307032477e+01
1.606313464837049878e+02 7.972984562607203785e-01 2.363522727272727408e+01
1.607252894511149179e+02 8.010720411663807550e-01 2.364155231560891934e+01
1.607088228987993261e+02 8.004931389365351757e-01 2.363914022298456175e+01
1.606209262435677658e+02 8.100343053173242325e-01 2.350890866209262597e+01
1.603846376500857502e+02 8.358812178387650116e-01 2.340187607204116560e+01
1.601851522298456132e+02 8.417024013722126385e-01 2.336320754716981085e+01
1.601040094339622613e+02 8.223842195540308486e-01 2.332985634648370521e+01
1.600902873070325825e+02 8.246355060034304962e-01 2.340926243567752962e+01
1.599316680960548922e+02 8.393653516295025430e-01 2.340411663807890363e+01
1.596388829331046395e+02 8.413164665523156227e-01 2.329649442538593362e+01
1.594912628644939900e+02 8.188572041166380933e-01 2.328900085763293148e+01
1.594833083190394518e+02 8.590265866209262358e-01 2.323165737564322342e+01
1.596006110634648394e+02 8.370819039451115051e-01 2.331479416809605354e+01
1.597835656089193890e+02 8.425064322469982825e-01 2.346677744425386081e+01
1.598859240994854076e+02 8.926886792452830566e-01 2.357378859348198930e+01
1.598626393653516402e+02 9.022084048027444458e-01 2.371824614065180015e+01
1.597975879073756573e+02 9.170668953687821645e-01 2.368572041166380870e+01
1.595881861063464839e+02 9.105810463121783993e-01 2.351484777015437544e+01
1.592540737564322342e+02 9.100343053173242103e-01 2.341885720411663740e+01
1.589694039451114804e+02 8.861385077186963999e-01 2.333617066895368808e+01
1.590069789879931363e+02 9.073542024013722118e-01 2.328655660377358316e+01
1.592360420240137273e+02 9.229845626072040732e-01 2.349697684391080443e+01
1.596393867924528251e+02 9.535913379073756024e-01 2.366292881646655388e+01
1.598831475128644968e+02 9.328151801029159751e-01 2.376634862778730550e+01
1.601607632933104526e+02 9.398799313893653196e-01 2.387239493996569450e+01
1.604238314751286509e+02 9.584048027444254103e-01 2.391989708404802784e+01
1.604889043739279657e+02 9.682890222984562589e-01 2.389840265866209279e+01
1.604827615780446024e+02 9.500536020583190133e-01 2.382103344768439257e+01
1.604918632075471692e+02 9.369961406518010349e-01 2.369147727272727266e+01
1.604262114065180072e+02 8.896012006861063748e-01 2.353340480274442470e+01
1.603798670668953719e+02 8.419168096054888695e-01 2.347975986277873162e+01
1.601891831046312120e+02 8.106668096054888695e-01 2.342438893653516274e+01
1.599584905660377387e+02 8.409412521440823296e-01 2.338875428816466595e+01
1.597726522298456189e+02 8.409734133790737198e-01 2.346003430531732548e+01
1.596212907375643226e+02 8.416702401372212483e-01 2.341558747855917844e+01
1.595091552315608965e+02 8.583297598627787073e-01 2.334347126929674232e+01
1.596197041166380757e+02 8.699614065180102385e-01 2.341477272727272663e+01
1.597665415951972534e+02 8.334262435677529668e-01 2.345304459691252319e+01
1.598446612349914346e+02 8.423670668953687768e-01 2.351132075471698002e+01
1.598839301029159401e+02 8.388507718696397442e-01 2.356343267581475232e+01
1.598603023156089193e+02 8.639365351629502143e-01 2.342661878216123483e+01
1.597559176672384353e+02 8.556818181818182101e-01 2.330373070325900642e+01
1.597086192109777016e+02 8.760506003430531541e-01 2.320827615780445896e+01
1.597172384219554147e+02 8.851200686106346360e-01 2.314046955403087580e+01
1.595814858490566053e+02 8.838228987993138608e-01 2.303687821612349751e+01
1.596834691252144012e+02 8.737028301886792248e-01 2.317884862778730692e+01
1.598806496569468152e+02 8.905338765008575797e-01 2.334099485420239972e+01
1.600367924528301842e+02 8.814429674099485412e-01 2.340366638078902284e+01
1.601129824185248651e+02 8.951329331046312676e-01 2.354507933104631334e+01
1.602021012006861156e+02 9.167131217838765389e-01 2.370814751286449251e+01
1.605437607204116546e+02 9.703902229845625671e-01 2.384463979416809565e+01
1.607028837907375589e+02 9.680853344768438618e-01 2.391743138936535118e+01
1.608394403945111435e+02 9.906625214408233404e-01 2.406925385934819772e+01
1.608285913379073691e+02 1.008383361921097787e+00 2.408025300171526695e+01
1.606048027444253989e+02 1.006668096054888606e+00 2.392987778730703141e+01
1.602722662950257302e+02 1.020261578044596940e+00 2.385383790737564169e+01
1.599627572898799315e+02 1.015823327615780425e+00 2.372123713550600499e+01
1.596472555746140642e+02 9.905231560891938347e-01 2.356207118353344754e+01
1.593315072898799372e+02 9.478559176672384234e-01 2.344357847341337830e+01
1.591606453687821556e+02 9.261363636363636465e-01 2.335536020583190364e+01
1.589515222984562683e+02 9.488100343053172958e-01 2.333891509433962241e+01
1.588693181818181870e+02 9.611063464837049652e-01 2.334178816466552320e+01
1.588873499142366938e+02 9.598198970840480237e-01 2.331942538593482084e+01
1.588976415094339529e+02 9.591981132075472205e-01 2.336455831903944969e+01
1.587164129502572791e+02 9.417238421955402838e-01 2.325577830188679229e+01
1.587678280445969108e+02 9.269511149228130131e-01 2.323694253859348180e+01
1.588990566037735732e+02 9.159626929674099527e-01 2.326258576329330907e+01
1.588418953687821613e+02 8.850128644939965206e-01 2.319372855917667309e+01
1.586687071183533533e+02 8.832547169811321153e-01 2.322403516295025838e+01
1.585865887650085710e+02 8.876500857632932950e-01 2.314442538593482013e+01
1.584223627787307009e+02 8.551993996569468015e-01 2.294889579759862741e+01
1.583977165523156145e+02 8.315180102915952220e-01 2.286720626072041185e+01
1.584610527444253876e+02 8.259755574614064955e-01 2.296200686106346467e+01
1.584649978559176589e+02 7.990887650085762850e-01 2.285293739279588365e+01
1.586113957975986182e+02 7.798241852487135528e-01 2.261728130360205924e+01
1.585980381646655246e+02 6.970626072041166132e-01 2.248385506003430478e+01
1.585538164665523198e+02 6.670025728987992730e-01 2.231081689536878088e+01
1.584249035162950179e+02 6.325900514579759770e-01 2.209273156089193790e+01
1.583570218696397944e+02 5.977487135506003302e-01 2.184727701543739187e+01
1.581449614065180072e+02 5.644725557461406362e-01 2.161143867924528195e+01
1.579521869639794147e+02 5.875107204116638560e-01 2.131684176672384368e+01
1.577659948542024040e+02 5.829974271012007270e-01 2.131136363636363740e+01
1.574537199828473319e+02 6.074292452830188926e-01 2.118598842195540399e+01
1.568266509433962312e+02 5.935570325900514366e-01 2.079882075471698144e+01
1.563488957975986295e+02 5.513722126929674339e-01 2.054801672384219557e+01
1.559898477701543698e+02 5.338657804459691070e-01 2.029484348198970878e+01
1.558514686963979443e+02 5.549099485420240230e-01 2.018462692967409922e+01
1.557471698113207594e+02 5.483383361921098098e-01 2.016112778730703425e+01
1.556460441680960685e+02 5.296633790737563796e-01 2.007391723842195574e+01
1.555669382504288194e+02 4.953151801029159751e-01 1.995425600343053318e+01
1.558858704974271063e+02 4.787628644939965761e-01 1.993627787307032762e+01
1.560268224699828465e+02 4.662628644939965650e-01 1.990670025728988080e+01
1.560401908233276060e+02 4.927637221269296486e-01 1.994856346483705067e+01
1.559746033447684397e+02 4.916916809605488825e-01 1.993915094339622485e+01
1.559800278730703269e+02 4.888936535162950459e-01 1.987483919382504283e+01
1.557594018010291563e+02 4.811213550600342836e-01 1.978376929674099571e+01
1.556879395368782184e+02 4.991530874785591876e-01 1.967402444253859173e+01
1.558652551457975903e+02 5.109455403087478365e-01 1.952507504288164597e+01
1.560447362778730565e+02 4.724699828473413188e-01 1.940028945111492220e+01
1.562464729845626152e+02 4.563464837049742706e-01 1.949436106346483655e+01
1.565490030017152776e+02 4.735634648370497524e-01 1.969370711835334475e+01
1.568039236706689508e+02 4.857311320754716943e-01 1.988446612349914133e+01
1.569385827615780329e+02 4.874035162950257072e-01 2.000612135506003497e+01
1.570845518867924397e+02 4.880574614065180117e-01 2.005077186963979585e+01
1.571669811320754775e+02 5.037735849056603765e-01 2.012890222984562527e+01
1.569442109777015446e+02 5.291166380789021906e-01 1.994250643224699715e+01
1.567722984562607280e+02 5.582761578044597162e-01 1.984929245283018773e+01
1.566312499999999943e+02 5.602058319039451284e-01 1.983646012006861170e+01
1.561964193825042742e+02 5.537199828473413632e-01 1.972764794168096003e+01
1.557403409090909179e+02 5.454759862778730817e-01 1.948339408233276160e+01
1.556359026586621042e+02 5.512006861063465379e-01 1.959173456260720414e+01
1.557208297598627667e+02 5.632182675814750850e-01 1.969501500857633047e+01
1.557803066037735960e+02 5.511578044596912029e-01 1.976960763293310563e+01
1.558264579759862727e+02 5.528837907375643290e-01 1.981557675814751462e+01
1.559321612349914119e+02 5.659841337907375314e-01 1.988626715265866096e+01
1.560754288164665411e+02 5.968910806174957395e-01 2.006416166380789079e+01
1.560561213550600428e+02 5.899978559176672910e-01 2.004333190394511277e+01
1.561161127787306953e+02 5.843696397941681164e-01 2.010778301886792363e+01
1.560846912521440686e+02 5.856560891938250579e-01 2.023461620926243398e+01
1.560804888507718715e+02 6.092731560891938569e-01 2.032013293310463098e+01
1.559574721269296731e+02 5.963228987993138830e-01 2.030447041166380728e+01
1.558874785591766852e+02 5.917131217838764723e-01 2.026212478559176589e+01
1.558480810463121884e+02 5.986277873070325883e-01 2.029911020583190506e+01
1.559813679245283140e+02 6.446826758147512493e-01 2.064582975986277802e+01
1.561062392795883227e+02 7.001822469982846853e-01 2.079855274442538615e+01
1.560732954545454447e+02 7.211942538593482110e-01 2.082375643224699857e+01
1.561432890222984611e+02 7.546526586620926347e-01 2.095559605488850607e+01
1.562202722984562513e+02 7.334048027444254325e-01 2.084156303602058458e+01
1.562832975986277972e+02 7.118567753001715515e-01 2.067929888507718772e+01
1.563929245283018759e+02 7.187500000000000000e-01 2.067017581475128551e+01
1.564177208404802855e+02 7.064322469982847741e-01 2.089028730703259029e+01
1.561484240994854247e+02 7.106775300171526144e-01 2.079983919382504354e+01
1.556910913379073804e+02 6.938143224699828693e-01 2.073874356775300143e+01
1.554084369639794261e+02 7.020690394511148735e-01 2.074221698113207424e+01
1.554477808747855931e+02 6.889365351629502809e-01 2.071411878216123625e+01
1.557296312178387723e+02 6.981668096054888251e-01 2.073719982847341470e+01
1.561222984562607223e+02 6.898370497427100956e-01 2.083766080617495575e+01
1.564289129502572848e+02 6.641509433962263786e-01 2.089545454545454461e+01
1.566528087478559144e+02 6.464515437392795993e-01 2.094526157804459743e+01
1.567348198970840372e+02 6.605167238421955078e-01 2.092378859348199072e+01
1.566045776157804426e+02 6.682997427101200483e-01 2.102179459691252106e+01
1.564438250428816559e+02 6.811642367066895742e-01 2.115501715265866167e+01
1.563009648370497473e+02 7.192002572898799073e-01 2.124396440823327481e+01
1.561901265008576445e+02 7.118460548885077177e-01 2.123895797598627766e+01
1.559498177530017244e+02 7.157161234991423759e-01 2.112377787307032762e+01
1.557166595197255674e+02 6.809819897084048446e-01 2.118899013722126767e+01
1.556492817324185296e+02 6.809712692967410108e-01 2.119001929674099571e+01
1.555660162950257188e+02 6.895261578044596940e-01 2.129323542024013705e+01
1.555320861921097730e+02 7.382182675814751294e-01 2.141166380789022128e+01
1.558687285591766738e+02 8.304245283018868440e-01 2.185896226415094290e+01
1.559559176672384240e+02 9.166487993138936474e-01 2.212504288164665667e+01
1.559922598627787238e+02 9.437499999999999778e-01 2.210293739279588365e+01
1.559752358490566166e+02 8.887864493996568971e-01 2.197597555746140685e+01
1.559708726415094304e+02 8.786342195540308708e-01 2.189604416809605425e+01
1.557594875643224839e+02 8.891509433962264675e-01 2.185045025728987866e+01
1.556068932246998315e+02 8.862671526586620718e-01 2.182270583190394575e+01
1.554155874785591891e+02 9.024549742710119560e-01 2.174366423670668880e+01
1.552932246998284711e+02 8.682890222984562811e-01 2.155741852487135546e+01
1.553519082332761627e+02 8.599163807890223277e-01 2.161581260720411635e+01
1.554785591766723769e+02 8.695004288164664974e-01 2.158049957118353390e+01
1.555896226415094361e+02 8.721162092624357154e-01 2.166347555746140685e+01
1.556725557461406595e+02 8.728773584905660243e-01 2.173421955403087580e+01
1.558251286449399515e+02 8.456367924528301883e-01 2.167913807890223055e+01
1.559231132075471749e+02 7.974914236706689419e-01 2.168093910806175018e+01
1.560551243567753090e+02 8.005896226415094574e-01 2.178486277873070165e+01
1.559545347341338015e+02 8.315823327615780025e-01 2.180165094339622556e+01
1.558755789022298472e+02 8.749463979416809423e-01 2.179341766723842255e+01
1.559552422813036117e+02 9.384326758147513159e-01 2.203063893653516203e+01
1.561788379073756516e+02 1.009884219554030960e+00 2.231551243567752962e+01
1.560951865351629522e+02 1.051468696397941605e+00 2.243085334476844039e+01
1.561151372212692934e+02 1.015748284734133700e+00 2.239946397941680800e+01
1.560839086620926253e+02 9.795025728987992730e-01 2.228924742710120199e+01
1.561879073756432206e+02 9.648263293310462840e-01 2.225498499142367237e+01
1.563130360205831835e+02 9.596698113207546843e-01 2.222829116638078872e+01
1.564706046312178387e+02 9.406625214408232960e-01 2.229628001715265739e+01
1.564654373927958773e+02 9.447469982847341852e-01 2.223366209262435689e+01
1.562914665523155975e+02 8.936427958833619289e-01 2.206464408233276231e+01
1.560262542881646652e+02 8.888507718696397886e-01 2.196962907375643326e+01
1.557029909948541899e+02 9.071933962264151496e-01 2.190376286449399501e+01
1.554986385077187094e+02 9.079009433962264008e-01 2.194959262435677516e+01
1.555773048885077117e+02 9.189215265866209625e-01 2.206444039451114847e+01
1.557655660377358515e+02 9.332011149228129909e-01 2.205012864493996716e+01
1.557336513722127052e+02 9.102487135506003302e-01 2.208418739279588294e+01
1.557992281303602056e+02 9.146226415094339535e-01 2.197449614065180157e+01
1.557932675814751349e+02 9.146548027444253437e-01 2.192385291595197216e+01
1.557821290737564368e+02 9.276372212692967079e-01 2.201723842195540470e+01
1.556510720411663726e+02 9.859348198970840915e-01 2.220054674099485581e+01
1.557257718696398001e+02 9.865887650085762850e-01 2.225066466552315703e+01
1.558887757289879801e+02 9.937392795883361885e-01 2.231740994854202498e+01
1.559197791595197202e+02 1.013636363636363669e+00 2.246028087478559243e+01
1.558618031732418387e+02 1.027840909090909083e+00 2.257954545454545325e+01
1.556824399656946696e+02 1.073134648370497324e+00 2.254658018867924696e+01
1.555205403087478544e+02 1.099453259005145789e+00 2.246912521440823340e+01
1.554751286449399572e+02 1.103237564322469888e+00 2.253471269296741042e+01
1.553642795883361885e+02 1.079298885077186965e+00 2.239473627787307208e+01
1.555932461406518144e+02 1.036213550600343147e+00 2.238479845626072162e+01
1.559173349056603683e+02 1.014193825042881691e+00 2.239783447684391149e+01
1.560917131217838687e+02 1.023081046312178444e+00 2.247412092624356816e+01
1.562449078044597002e+02 1.031432246998284841e+00 2.260674313893653675e+01
1.563744425385934846e+02 1.035441680960548894e+00 2.270638936535162955e+01
1.560891080617495845e+02 1.039258147512864383e+00 2.264452186963979585e+01
1.557073970840480399e+02 1.070197255574613981e+00 2.265276586620926125e+01
1.554730596054888565e+02 1.093492710120068656e+00 2.260542452830188509e+01
1.554765973413379072e+02 1.111567324185248617e+00 2.272263078902229694e+01
1.556320969125214333e+02 1.125096483704974171e+00 2.286831046312178373e+01
1.557554138078902213e+02 1.157054030874785644e+00 2.295400943396226268e+01
1.558649013722126995e+02 1.135966981132075393e+00 2.293977272727272876e+01
1.558114493996569365e+02 1.109401801029159529e+00 2.271399013722126980e+01
1.558784519725557516e+02 1.088818610634648465e+00 2.276557675814751391e+01
1.560083190394511234e+02 1.103698542024013740e+00 2.283515222984562598e+01
1.559291273584905753e+02 1.147201972555746075e+00 2.286944682675814633e+01
1.558062071183533419e+02 1.196837478559176660e+00 2.289966766723842184e+01
1.557189215265866267e+02 1.206185677530017042e+00 2.291397941680960670e+01
1.555406196397941585e+02 1.174206689536878123e+00 2.281293953687821485e+01
1.553604524013722141e+02 1.152090480274442497e+00 2.270898370497427265e+01
1.553216445111492305e+02 1.147341337907375580e+00 2.287467838765008565e+01
1.553752894511149236e+02 1.151533018867924474e+00 2.301550171526586652e+01
1.552848306174957145e+02 1.161824614065180006e+00 2.312421740994854247e+01
1.554459691252144182e+02 1.152915951972555808e+00 2.327989922813036117e+01
1.554324614065180015e+02 1.153527015437392889e+00 2.327943825042881798e+01
1.556765973413378958e+02 1.083040308747855951e+00 2.318439108061749465e+01
1.558819575471698045e+02 1.045122212692967345e+00 2.306386149228130478e+01
1.560789129502572905e+02 1.064976415094339712e+00 2.313788593481989864e+01
1.560781518010291506e+02 1.060270154373927909e+00 2.312877358490565882e+01
1.559561106346483825e+02 1.039408233276157834e+00 2.299696612349914204e+01
1.558629395368782298e+02 1.075986277873070218e+00 2.293970840480274376e+01
1.557749571183533419e+02 1.071194253859348189e+00 2.281662735849056745e+01
1.557430317324185296e+02 1.105746140651800991e+00 2.289981775300171662e+01
1.557560784734133676e+02 1.143696397941680987e+00 2.294259219554031048e+01
1.559101200686106381e+02 1.181957547169811384e+00 2.310452401372212705e+01
1.559806282161235060e+02 1.230713979416809600e+00 2.324532590051457959e+01
1.560499463979416817e+02 1.233254716981132093e+00 2.327147298456260671e+01
1.560967838765008651e+02 1.214172384219553980e+00 2.322155874785591934e+01
1.561160806174957258e+02 1.211084905660377409e+00 2.327606132075471734e+01
1.561191252144082284e+02 1.202379931389365275e+00 2.320188679245282870e+01
1.561562714408233319e+02 1.166959691252144049e+00 2.324705188679245182e+01
1.561986170668953662e+02 1.173670668953687768e+00 2.323552744425385796e+01
1.559865887650085767e+02 1.089429674099485323e+00 2.299230274442538757e+01
1.558615673241852448e+02 1.025600343053173269e+00 2.271146012006861170e+01
1.558826543739279487e+02 9.938893653516295279e-01 2.259843481989708280e+01
1.559969446826758031e+02 1.007322041166380799e+00 2.262754073756432405e+01
1.559731989708404853e+02 1.043385506003430496e+00 2.253424099485420129e+01
1.560268975128645081e+02 1.019018010291595111e+00 2.244781303602058387e+01
1.562055102915952034e+02 9.929352487135506555e-01 2.241438679245283083e+01
1.560351736706689678e+02 1.020583190394511064e+00 2.238606346483705067e+01
1.555016938250428780e+02 1.046783876500857691e+00 2.245347341337907210e+01
1.551282482847341271e+02 1.085741852487135617e+00 2.242960977701543612e+01
1.546583512006860985e+02 1.056003430531732512e+00 2.230802958833619343e+01
1.544198542024013818e+02 1.060913379073756380e+00 2.213781089193825125e+01
1.542632718696397944e+02 1.036631646655231664e+00 2.193477701543739400e+01
1.544494318181818073e+02 9.953580617495711991e-01 2.187717624356775303e+01
1.546953687821612391e+02 9.970518867924528239e-01 2.190670025728988080e+01
1.548509219554030949e+02 9.847770154373928220e-01 2.196433319039451248e+01
1.549461406518010165e+02 9.742281303602058351e-01 2.194234562607203998e+01
1.549784948542024097e+02 1.002969554030874733e+00 2.194352487135505925e+01
1.549040951972555717e+02 1.026736706689536982e+00 2.192252358490566166e+01
1.547327615780446024e+02 1.050139365351629550e+00 2.183578473413379228e+01
1.546006217838765053e+02 1.023209691252144005e+00 2.182623284734133762e+01
1.545434927101200628e+02 1.007171955403087571e+00 2.182464622641509422e+01
1.547151265008576217e+02 1.014569039451114874e+00 2.190475986277873233e+01
1.549658126072041284e+02 1.027551457975986349e+00 2.203477701543739187e+01
1.550225879073756516e+02 1.047105488850771815e+00 2.205021440823327694e+01
1.550226093481989835e+02 1.066777444253859342e+00 2.212697255574613919e+01
1.551900943396226467e+02 1.067645797598627766e+00 2.207362778730703212e+01
1.552077722984562627e+02 1.057879502572898867e+00 2.204333190394511277e+01
1.553344232418524768e+02 1.033865780445969218e+00 2.206332547169811420e+01
1.552694682675814875e+02 1.027680102915951910e+00 2.207244854202401285e+01
1.550157268439108122e+02 1.011449399656946913e+00 2.216869639794168023e+01
1.548334905660377387e+02 1.039622641509434064e+00 2.231763507718696360e+01
1.546812607204116716e+02 1.059455403087478542e+00 2.232423885077187009e+01
1.544131003430531734e+02 1.044800600343053221e+00 2.225606775300171591e+01
1.543820754716981014e+02 1.096419382504288054e+00 2.226701329331046253e+01
1.547332547169811221e+02 1.096012006861063481e+00 2.247972770154374089e+01
1.549676672384219671e+02 1.138196826758147484e+00 2.259213121783876588e+01
1.550526157804459615e+02 1.140769725557461367e+00 2.256166380789022341e+01
1.551078259005145696e+02 1.134240994854202489e+00 2.257293096054888437e+01
1.550589408233276174e+02 1.121408662092624464e+00 2.265083619210977872e+01
1.548775514579759829e+02 1.122920240137221359e+00 2.246156732418524982e+01
1.547915737564322569e+02 1.150107204116638027e+00 2.244952830188679371e+01
1.546204116638078858e+02 1.173552744425385930e+00 2.235563893653516132e+01
1.547041059176672491e+02 1.200460977701543808e+00 2.243301886792452748e+01
1.549124999999999943e+02 1.187274871355060046e+00 2.254635506003430478e+01
1.549151908233276060e+02 1.190533876500857735e+00 2.253671740994854034e+01
1.549801029159519601e+02 1.173670668953687768e+00 2.253395154373928122e+01
1.548924421097770221e+02 1.203044596912521413e+00 2.262433533447684297e+01
1.552342624356775218e+02 1.190619639794168183e+00 2.272665094339622627e+01
1.553154266723842056e+02 1.203612778730703159e+00 2.280515651801029264e+01
1.552453902229845539e+02 1.152358490566037785e+00 2.276307890222984653e+01
1.552354845626072120e+02 1.167538593481989739e+00 2.271836406518010421e+01
1.551311535162950292e+02 1.169393224699828426e+00 2.286504073756432120e+01
1.544919060891938329e+02 1.196665951972555764e+00 2.277363850771869735e+01
1.539782911663807852e+02 1.176533018867924607e+00 2.263239708404802641e+01
1.535732632933104753e+02 1.122051886792452935e+00 2.240961620926243469e+01
1.532898156089193833e+02 1.105660377358490543e+00 2.235890866209262384e+01
1.534154481132075603e+02 1.140437392795883298e+00 2.240186535162950321e+01
1.536333833619210907e+02 1.158040308747855907e+00 2.249358919382504141e+01
1.538262971698113120e+02 1.137843053173241747e+00 2.241742066895368879e+01
1.539139258147512805e+02 1.120990566037735947e+00 2.238560248713550749e+01
1.539108919382504155e+02 1.072009005145797556e+00 2.223734991423670593e+01
1.539062392795883341e+02 1.028291166380788990e+00 2.207556818181818059e+01
1.534666273584905696e+02 1.026500857632933084e+00 2.203615994854202498e+01
1.533411342195540215e+02 1.014547598627787206e+00 2.208143224699828622e+01
1.532927315608919514e+02 1.033147512864494022e+00 2.214223842195540470e+01
1.533247427101200628e+02 1.045722555746140703e+00 2.213955831903945182e+01
1.531899871355060156e+02 1.091530874785591854e+00 2.219501500857633047e+01
1.533056067753001628e+02 1.133855060034305362e+00 2.225195111492281441e+01
1.533875321612349865e+02 1.175214408233276053e+00 2.227980274442538544e+01
1.534929888507718658e+02 1.164783447684391016e+00 2.216817109777015560e+01
1.534601951114922826e+02 1.178655660377358583e+00 2.213728559176672306e+01
1.532825150085763255e+02 1.218664236706689552e+00 2.218171097770154532e+01
1.531905874785591664e+02 1.239611921097770075e+00 2.230469554030874946e+01
1.530070111492281342e+02 1.255628216123499064e+00 2.225800814751286438e+01
1.529505789022298359e+02 1.261803173241852427e+00 2.236612349914236830e+01
1.528713121783876545e+02 1.281057032590051437e+00 2.242791595197255461e+01
1.528389579759862897e+02 1.288539879931389409e+00 2.234931389365351606e+01
1.530658662092624240e+02 1.269864922813036090e+00 2.236905017152658814e+01
1.532835441680960571e+02 1.248874356775300232e+00 2.233857204116637973e+01
1.534983276157804539e+02 1.291552315608919477e+00 2.228698542024013562e+01
1.535926350771869693e+02 1.339729845626072002e+00 2.252638293310463169e+01
1.536980810463121827e+02 1.386813893653516372e+00 2.280146869639794005e+01
1.536419168096054761e+02 1.426715265866209226e+00 2.290888722126929622e+01
1.534188464837049821e+02 1.455070754716981218e+00 2.288733919382504212e+01
1.534384755574614019e+02 1.494425385934819994e+00 2.295224056603773732e+01
1.535046419382504155e+02 1.500300171526586679e+00 2.305624999999999858e+01
1.535687607204116603e+02 1.459123070325900606e+00 2.304460763293310421e+01
1.536842517152658729e+02 1.416916809605488936e+00 2.300470626072041114e+01
1.537501608061749607e+02 1.413872212692967478e+00 2.301194253859348038e+01
1.537911771012006739e+02 1.382697255574613981e+00 2.309422169811320913e+01
1.535948970840480285e+02 1.387639365351629461e+00 2.301690608919382441e+01
1.532452401372212591e+02 1.384090909090909038e+00 2.302947041166380870e+01
1.531102379931389237e+02 1.412746569468267488e+00 2.290475986277873233e+01
1.529324935677529993e+02 1.483694253859348278e+00 2.297830188679245111e+01
1.529632075471698158e+02 1.523520583190394406e+00 2.306867495711835403e+01
1.529538164665523254e+02 1.532043310463121699e+00 2.304368567753001784e+01
1.530328044596912491e+02 1.494746998284734119e+00 2.298576329331046253e+01
1.528752680102915917e+02 1.498681389365351668e+00 2.303463765008576303e+01
1.527714408233276231e+02 1.483201114922813035e+00 2.313410162950257387e+01
1.527219554030874917e+02 1.468406946826758208e+00 2.311856775300171662e+01
1.527253323327615817e+02 1.523231132075471672e+00 2.325980917667238401e+01
1.529143867924528308e+02 1.563668524871355103e+00 2.336346483704974375e+01
1.532058640651800943e+02 1.530703259005145700e+00 2.322617924528301714e+01
1.531985956260720343e+02 1.519114493996569504e+00 2.322386363636363527e+01
1.531387757289879801e+02 1.525600343053173269e+00 2.313940823327615703e+01
1.530723091766723769e+02 1.533865780445969218e+00 2.312197684391080443e+01
1.528957011149228151e+02 1.559637650085763383e+00 2.313803602058318987e+01
1.525863421955403112e+02 1.556325042881646636e+00 2.295016080617495646e+01
1.523536771012006739e+02 1.565383790737564285e+00 2.280221912521440686e+01
1.522453366209262526e+02 1.543900085763293406e+00 2.273396226415094290e+01
1.524825257289879801e+02 1.536535162950257272e+00 2.285950900514579587e+01
1.526697791595197202e+02 1.520851200686106353e+00 2.285137221269296859e+01
1.528795132933104526e+02 1.492292024013722074e+00 2.282629716981131907e+01
1.527298992281303640e+02 1.488464837049742640e+00 2.286940394511149321e+01
1.526451543739279657e+02 1.500996998284734207e+00 2.281124571183533334e+01
1.525284626929674232e+02 1.444468267581475063e+00 2.275727915951972591e+01
1.523786556603773477e+02 1.444264579759862777e+00 2.267460334476843897e+01
1.521211192109776960e+02 1.429909948542023912e+00 2.259575471698113347e+01
1.519702508576329194e+02 1.451404373927958735e+00 2.253743567753001642e+01
1.518153409090909065e+02 1.463411234991423671e+00 2.248714622641509564e+01
1.516757182675814875e+02 1.466959691252144093e+00 2.247415308747855889e+01
1.515408983704974162e+02 1.470315180102915953e+00 2.245474914236706709e+01
1.514914236706689508e+02 1.492785162950257316e+00 2.245405231560891934e+01
1.514762006861063526e+02 1.520701114922813124e+00 2.255950900514579871e+01
1.516093267581475175e+02 1.532129073756432147e+00 2.265189751286449393e+01
1.521683104631217702e+02 1.519736277873070307e+00 2.289639794168095932e+01
1.522194682675814761e+02 1.556518010291595200e+00 2.309906732418524911e+01
1.523089408233276174e+02 1.559423241852487152e+00 2.307531089193825125e+01
1.522885398799313919e+02 1.564569039451114918e+00 2.308808962264150821e+01
1.521597234133790835e+02 1.556625214408233315e+00 2.303847555746140685e+01
1.520328795025729107e+02 1.534283876500857735e+00 2.295305531732418558e+01
1.519798563464837002e+02 1.537156946826758075e+00 2.291216766723842113e+01
1.515866102058319029e+02 1.579030874785591676e+00 2.280916595197255603e+01
1.513465373070325768e+02 1.631721698113207442e+00 2.282801243567752891e+01
1.510732096912521456e+02 1.700450257289879863e+00 2.295750428816466382e+01
1.510134648370497530e+02 1.733501286449399714e+00 2.307334905660377444e+01
1.508680317324185296e+02 1.738271869639794076e+00 2.320250857632933261e+01
1.507176779588336331e+02 1.730049313893653462e+00 2.302487135506003568e+01
1.505819039451114918e+02 1.681614493996569371e+00 2.289337478559176731e+01
1.507156196397941699e+02 1.660913379073756468e+00 2.278831475128644968e+01
1.509187607204116546e+02 1.637371355060034395e+00 2.281397941680960528e+01
1.511629073756432149e+02 1.630542452830188616e+00 2.287607204116638115e+01
1.513523799313893790e+02 1.647491423670669031e+00 2.295627144082332904e+01
1.512805960548885196e+02 1.665876929674099394e+00 2.303468053173241969e+01
1.511888829331046225e+02 1.640212264150943344e+00 2.305130789022298288e+01
1.510596376500857616e+02 1.666680960548885038e+00 2.303522727272727266e+01
1.509503752144082398e+02 1.708576329331046306e+00 2.311237135506003426e+01
1.507091230703258873e+02 1.702026157804459761e+00 2.311168524871354890e+01
1.506151586620926253e+02 1.733512006861063437e+00 2.307718696397941827e+01
1.507452294168095932e+02 1.735291595197255621e+00 2.312434605488850892e+01
1.508426457975986352e+02 1.748756432246998394e+00 2.315572469982847181e+01
1.509278194682675860e+02 1.710966981132075571e+00 2.317378859348199072e+01
1.510531625214408109e+02 1.672480703259005219e+00 2.314912092624356887e+01
1.509858919382504325e+02 1.679159519725557548e+00 2.323289022298456175e+01
1.507577079759862784e+02 1.749131646655231576e+00 2.323358704974270950e+01
1.505584048027444339e+02 1.752808747855917559e+00 2.321737778730703283e+01
1.503995926243567851e+02 1.722352058319039481e+00 2.324191680960548823e+01
1.504386899656946923e+02 1.710538164665523109e+00 2.324458619210977872e+01
1.504852058319039543e+02 1.712103344768439062e+00 2.316063464837049679e+01
1.505395797598627894e+02 1.720411663807890124e+00 2.307593267581475160e+01
1.504420132933104526e+02 1.748788593481989784e+00 2.309741638078902071e+01
1.503949078044596774e+02 1.746365780445969129e+00 2.301753859348199072e+01
1.502595090051457873e+02 1.755960548885077133e+00 2.297070111492281441e+01
1.502713014579759943e+02 1.760698970840480326e+00 2.301069897084047966e+01
1.503012006861063412e+02 1.768964408233276053e+00 2.316090265866209208e+01
1.503705939108061784e+02 1.802894511149228052e+00 2.309403945111492362e+01
1.504398799313893562e+02 1.784165951972555675e+00 2.319987135506003284e+01
1.504042024013722028e+02 1.775418096054888428e+00 2.301916809605488723e+01
1.502160055746140586e+02 1.755971269296741077e+00 2.292428173241852463e+01
1.500467624356775218e+02 1.803087478559176615e+00 2.286159948542023912e+01
1.499480167238421870e+02 1.824013722126929693e+00 2.285992710120068594e+01
1.498932675814751292e+02 1.863282590051458021e+00 2.297017581475128623e+01
1.498892045454545325e+02 1.849807032590051525e+00 2.296058104631217844e+01
1.500287521440823468e+02 1.844650514579759815e+00 2.304146655231560814e+01
1.500743138936535104e+02 1.894478987993138963e+00 2.309470411663808065e+01
1.499387971698113233e+02 1.949892795883361840e+00 2.319007289879931477e+01
1.496465373070325882e+02 1.937639365351629506e+00 2.318397298456260813e+01
1.491596162092624240e+02 1.971408662092624331e+00 2.315329116638078943e+01
1.489164129502572962e+02 2.054556174957118397e+00 2.328494854202401498e+01
1.488211620926243484e+02 2.107804459691251964e+00 2.337496783876500928e+01
1.489666487993139015e+02 2.081775300171526677e+00 2.355631432246998358e+01
1.491299742710120029e+02 2.135731132075471717e+00 2.364720197255574519e+01
1.492701650943396317e+02 2.123027444253859475e+00 2.375313036020583013e+01
1.491697148370497530e+02 2.134348198970840382e+00 2.373028516295025625e+01
1.490613957975986352e+02 2.121022727272727337e+00 2.362601843910806210e+01
1.489906089193825096e+02 2.105606775300171485e+00 2.353163593481989579e+01
1.487996462264150921e+02 2.078955831903944951e+00 2.340566037735849036e+01
1.487594661234991520e+02 2.042313464837049786e+00 2.323251500857632834e+01
1.486343696397941585e+02 1.946451543739279533e+00 2.307477487135506067e+01
1.487129824185248594e+02 1.956861063464837125e+00 2.298372641509433834e+01
1.488979309605488766e+02 1.984455403087478587e+00 2.306938250428816417e+01
1.490189536878216074e+02 2.026951114922812991e+00 2.320920883361921128e+01
1.490097234133790778e+02 2.038432675814751072e+00 2.333259005145797715e+01
1.488808104631217759e+02 2.039268867924528106e+00 2.321565180102916059e+01
1.488171848198970793e+02 2.022255574614065132e+00 2.322298456260720556e+01
1.488998606346483768e+02 2.026307890222984742e+00 2.327237349914236830e+01
1.488975450257289879e+02 2.055585334476843773e+00 2.332094768439107924e+01
1.485610849056603797e+02 2.114590480274442630e+00 2.333376929674099642e+01
1.482435141509433834e+02 2.141005574614065043e+00 2.336058104631217702e+01
1.479851522298456246e+02 2.122169811320754551e+00 2.325551029159519700e+01
1.476089729845625982e+02 2.116756003430531941e+00 2.318694253859348109e+01
1.475781625214408166e+02 2.139944253859348056e+00 2.318971912521440970e+01
1.476687285591766852e+02 2.156850343053173358e+00 2.327277015437392649e+01
1.477335763293310436e+02 2.157900943396226623e+00 2.331614493996569593e+01
1.478404159519725454e+02 2.126029159519725376e+00 2.342267367066895289e+01
1.480519403945111492e+02 2.135806174957118220e+00 2.343032804459691221e+01
1.480687392795883284e+02 2.123917238421955567e+00 2.336911449399656959e+01
1.479914987135506124e+02 2.104824185248713508e+00 2.320822255574613990e+01
1.479187178387650192e+02 2.138239708404802819e+00 2.308402658662092577e+01
1.479229202401372163e+02 2.110087907375643113e+00 2.311587692967409779e+01
1.478946397941680857e+02 2.157075471698113311e+00 2.310062178387650178e+01
1.478929030874785724e+02 2.163164665523156227e+00 2.305511363636363598e+01
1.478003537735849022e+02 2.131775300171526499e+00 2.300247641509433905e+01
1.476970733276157830e+02 2.113936535162950214e+00 2.306962907375643113e+01
1.476107740137221356e+02 2.150192967409948697e+00 2.313546312178387510e+01
1.476155445969125140e+02 2.170025728987992952e+00 2.309129502572898929e+01
1.477051565180102841e+02 2.177229845626071914e+00 2.320657161234991506e+01
1.480255145797598573e+02 2.158115351629502410e+00 2.306062392795883298e+01
1.483046848198970906e+02 2.123863636363636509e+00 2.296729202401372305e+01
1.484122963121783982e+02 2.135248713550600197e+00 2.299219554030874946e+01
1.481547920240137159e+02 2.117281303602058351e+00 2.292810891938250606e+01
1.478727487135506067e+02 2.094243138936535242e+00 2.282269511149227981e+01
1.473690501715265952e+02 2.157161234991423537e+00 2.287533233276157674e+01
1.470998391938250336e+02 2.177755145797598768e+00 2.302612564322469879e+01
1.471058962264150978e+02 2.168728559176672288e+00 2.322415308747855889e+01
1.472315501715265782e+02 2.185581046312178533e+00 2.326114922813036046e+01
1.473329223842195574e+02 2.161620926243567720e+00 2.324305317324185083e+01
1.474115137221269265e+02 2.151618782161234922e+00 2.318302958833619343e+01
1.474173349056603683e+02 2.128569897084048090e+00 2.318875428816466666e+01
1.473467838765008651e+02 2.131893224699828338e+00 2.307700471698113276e+01
1.472948006003430521e+02 2.129877787307032477e+00 2.312652229845626195e+01
1.473152980274442427e+02 2.144093053173242058e+00 2.319998927958833690e+01
1.474087907375643169e+02 2.144478987993138741e+00 2.316404373927958815e+01
1.475292345626072006e+02 2.121923241852487152e+00 2.310194039451114989e+01
1.476246033447684454e+02 2.071826758147512937e+00 2.302748713550600357e+01
1.476207011149228094e+02 2.102883790737564151e+00 2.293672813036020486e+01
1.474659198113207594e+02 2.050600343053173180e+00 2.294085548885077230e+01
1.474483812178387723e+02 2.012585763293310404e+00 2.289694468267581584e+01
1.474826007718696417e+02 1.995143653516294968e+00 2.287737993138936687e+01
1.474424206689537016e+02 1.985366638078902124e+00 2.281773156089193932e+01
1.474360205831903841e+02 1.905724699828473367e+00 2.266395797598627837e+01
1.472667131217838801e+02 1.835237993138936430e+00 2.247095840480274376e+01
1.470568825042881542e+02 1.778752144082332842e+00 2.224984991423670522e+01
1.467576972555746124e+02 1.627830188679245227e+00 2.186757075471698286e+01
1.462741530874785667e+02 1.561042024013722163e+00 2.144337478559176802e+01
1.459642795883361828e+02 1.509766295025728899e+00 2.129839193825042898e+01
1.456671848198970736e+02 1.535345197255574723e+00 2.118708190394510993e+01
1.456415844768439172e+02 1.559648370497427106e+00 2.117641509433962099e+01
1.457015973413379015e+02 1.638239708404802819e+00 2.118956903945111492e+01
1.456996783876500956e+02 1.608211835334476758e+00 2.115977701543739187e+01
1.457699078044596774e+02 1.592945969125214356e+00 2.100092195540308637e+01
1.459341337907375760e+02 1.602669382504288142e+00 2.110335548885077017e+01
1.460176993996569479e+02 1.603966552315609029e+00 2.120248713550600428e+01
1.459901586620926253e+02 1.626929674099485412e+00 2.127764794168096074e+01
1.459040201543739386e+02 1.602465694682675856e+00 2.139286020583190506e+01
1.458264901372212705e+02 1.637928816466552417e+00 2.143730703259005210e+01
1.457518331903945068e+02 1.672116209262435760e+00 2.148111063464837045e+01
1.456676993996569536e+02 1.671891080617495806e+00 2.144786663807890292e+01
1.456126393653516402e+02 1.616788164665523109e+00 2.136508361921097787e+01
1.455422169811320714e+02 1.632611492281303534e+00 2.134763078902229694e+01
1.455935248713550720e+02 1.632707975986277926e+00 2.137293096054888508e+01
1.456054138078902156e+02 1.660623927958833512e+00 2.141156732418524911e+01
1.459823113207547181e+02 1.632032590051458065e+00 2.152168739279588294e+01
1.462822148370497359e+02 1.634123070325900429e+00 2.168372641509434118e+01
1.464546633790737644e+02 1.648531303602058351e+00 2.175389150943396288e+01
1.466116745283018759e+02 1.664290308747855995e+00 2.180328044596912562e+01
1.466699506861063469e+02 1.658951543739279666e+00 2.196272512864494075e+01
1.462133790737564425e+02 1.718589193825042827e+00 2.188076758147512990e+01
1.457469446826758031e+02 1.746204974271011956e+00 2.178375857632932977e+01
1.453261899656946810e+02 1.790062178387650027e+00 2.174636578044597002e+01
1.451039879931389294e+02 1.820840480274442452e+00 2.174701972555746110e+01
1.449747427101200685e+02 1.804566895368782120e+00 2.172358490566037759e+01
1.448706367924528422e+02 1.716123499142367059e+00 2.145173670668953747e+01
1.447490137221269322e+02 1.604084476843910867e+00 2.124749142367067023e+01
1.447348734991423669e+02 1.520433104631217835e+00 2.093436963979416987e+01
1.447317324185248708e+02 1.401897512864493933e+00 2.069957118353344683e+01
1.447039343910806224e+02 1.315994854202401365e+00 2.043339408233276089e+01
1.445456367924528251e+02 1.273166809605488892e+00 2.012016509433962241e+01
1.443360205831903897e+02 1.256721698113207442e+00 1.998934391080617345e+01
1.443369961406517916e+02 1.336245711835334582e+00 2.015723627787307137e+01
1.443601843910806224e+02 1.366638078902229880e+00 2.020478130360205782e+01
1.443485205831904068e+02 1.402958833619210921e+00 2.033904373927958886e+01
1.442200257289879914e+02 1.415984133790737509e+00 2.042528945111492433e+01
1.441391295025728994e+02 1.448788593481989739e+00 2.041654159519725553e+01
1.442349163807890307e+02 1.457171955403087527e+00 2.038188250428816417e+01
1.442559819897084026e+02 1.439515437392795860e+00 2.040171526586620843e+01
1.443158983704974219e+02 1.452487135506003391e+00 2.043289022298456103e+01
1.445596698113207594e+02 1.396891080617495673e+00 2.049977487135506138e+01
1.447070433104631206e+02 1.359080188679245182e+00 2.049273156089193648e+01
1.448001500857633062e+02 1.389451114922813035e+00 2.043681389365351464e+01
1.449970947684390978e+02 1.406689536878216185e+00 2.046728130360205711e+01
1.449820325900514604e+02 1.395529588336192006e+00 2.053843267581475018e+01
1.445912735849056503e+02 1.448231132075471717e+00 2.058330831903944969e+01
1.442065930531732363e+02 1.445315180102916042e+00 2.064843481989708351e+01
1.439521012006861156e+02 1.484144511149228185e+00 2.073857204116638187e+01
1.438175493138936645e+02 1.523617066895368799e+00 2.087316680960548965e+01
1.438711835334476916e+02 1.573970840480274358e+00 2.097483919382504425e+01
1.441699185248713491e+02 1.557246998284734119e+00 2.096839622641509493e+01
1.443705831903945125e+02 1.563990137221269228e+00 2.092105488850771877e+01
1.444190180102916088e+02 1.595561749571183574e+00 2.097309176672384368e+01
1.445048777873070378e+02 1.594060891938250402e+00 2.098536663807890079e+01
1.444745497427101100e+02 1.589547598627787384e+00 2.090433104631217986e+01
1.443940608919382385e+02 1.621505145797598635e+00 2.083103559176672448e+01
1.443831582332761627e+02 1.643310463121783860e+00 2.095478130360205782e+01
1.445133147512864582e+02 1.643707118353344709e+00 2.112061535162950321e+01
1.447417667238422041e+02 1.676972555746140570e+00 2.124690180102916059e+01
1.447631646655231634e+02 1.672555746140651722e+00 2.124477915951972662e+01
1.449657161234991349e+02 1.687467838765008610e+00 2.135122212692967381e+01
1.449755574614065097e+02 1.679180960548884993e+00 2.138248284734133620e+01
1.449822041166380870e+02 1.689408233276157745e+00 2.139518653516294933e+01
1.450810677530017188e+02 1.669478987993138874e+00 2.139826329331046395e+01
1.451305210120068523e+02 1.632161234991423626e+00 2.127997427101200856e+01
1.450099592624356717e+02 1.607975986277873082e+00 2.110779373927958957e+01
1.451317538593482084e+02 1.611888936535162964e+00 2.116933962264150892e+01
1.451507611492281171e+02 1.610677530017152748e+00 2.133219339622641542e+01
1.447978451972555831e+02 1.641691680960548849e+00 2.124790951972555675e+01
1.442968589193825153e+02 1.674453259005145744e+00 2.113974056603773732e+01
1.440902551457975846e+02 1.711856775300171440e+00 2.115762221269296717e+01
1.441032804459691192e+02 1.666037735849056567e+00 2.124748070325900429e+01
1.442487885934819758e+02 1.651758147512864427e+00 2.120099699828473305e+01
1.446012114065180185e+02 1.619232418524871431e+00 2.133884005145797502e+01
1.448859669811320714e+02 1.594939965694682771e+00 2.140943396226414919e+01
1.450512221269296731e+02 1.569864922813035912e+00 2.144100557461406353e+01
1.451002894511149179e+02 1.572030445969125223e+00 2.143059605488850750e+01
1.450871891080617502e+02 1.507761578044596984e+00 2.136292881646655317e+01
1.450854095197255447e+02 1.546076329331046217e+00 2.127027229845625911e+01
1.449828044596912662e+02 1.530939108061749598e+00 2.134517581475128623e+01
1.450135184391080543e+02 1.565748284734133744e+00 2.139718053173241685e+01
1.451973842195540385e+02 1.550246569468267666e+00 2.144814536878216060e+01
1.453257397084047966e+02 1.572416380789022350e+00 2.149043739279588294e+01
1.453816573756432149e+02 1.582675814751286492e+00 2.151316466552315632e+01
1.454332225557461413e+02 1.587156946826758119e+00 2.162513936535162884e+01
1.455809712692967537e+02 1.592785162950257183e+00 2.159859562607203998e+01
1.457560999142366995e+02 1.626082761578044655e+00 2.161054888507718630e+01
1.459044275300171591e+02 1.627272727272727204e+00 2.169055531732418629e+01
1.459442538593482084e+02 1.544746998284734163e+00 2.156382933104631050e+01
1.459850986277872948e+02 1.483855060034305229e+00 2.146360420240137046e+01
1.457667345626072120e+02 1.485945540308747814e+00 2.133544168096054960e+01
1.453796740994854133e+02 1.467870926243567853e+00 2.107071183533447822e+01
1.449236706689536902e+02 1.438743567753001606e+00 2.092694039451114918e+01
1.447183533447684454e+02 1.469489708404802641e+00 2.089368567753001571e+01
1.447282697255574533e+02 1.458319039451114962e+00 2.084169168096054747e+01
1.447263936535162827e+02 1.463786449399656853e+00 2.089391080617495788e+01
1.448720947684390978e+02 1.484777015437392711e+00 2.095981989708404924e+01
1.451197684391080713e+02 1.531914665523156138e+00 2.108312607204116773e+01
1.452867281303602169e+02 1.514343910806174920e+00 2.122019725557461456e+01
1.453045454545454618e+02 1.523767152658662027e+00 2.124266723842195503e+01
1.451695969125214276e+02 1.528398370497427106e+00 2.124951758147512848e+01
1.449942538593481913e+02 1.536717409948542112e+00 2.118197898799314061e+01
1.449514150943396089e+02 1.578001715265866300e+00 2.117649013722126838e+01
1.450455617495711920e+02 1.573842195540308797e+00 2.124294596912521271e+01
1.451765330188679286e+02 1.575804030874785600e+00 2.128031732418524768e+01
1.453050064322470121e+02 1.566981132075471628e+00 2.129845626072041043e+01
1.454221269296741070e+02 1.570819039451115007e+00 2.126058104631217915e+01
1.455555424528301955e+02 1.548402658662092701e+00 2.122135506003430550e+01
1.456421419382504325e+02 1.536717409948542112e+00 2.132439965694682726e+01
1.456714729845625982e+02 1.524174528301886822e+00 2.140800814751286296e+01
1.457817860205831835e+02 1.552347770154373974e+00 2.153049957118353319e+01
1.458934176672384240e+02 1.524603344768439062e+00 2.163477701543739329e+01
1.459652873070325825e+02 1.542002572898799384e+00 2.165210120068610777e+01
1.460066359348198830e+02 1.507236277873070351e+00 2.171995068610634760e+01
1.457324935677530107e+02 1.488111063464837125e+00 2.157924528301886724e+01
1.455753752144082398e+02 1.509626929674099394e+00 2.157535377358490436e+01
1.455211620926243654e+02 1.538164665523156005e+00 2.154822041166380941e+01
1.456077294168096046e+02 1.514676243567752989e+00 2.153179674099485297e+01
1.458849271012006739e+02 1.436009862778730772e+00 2.159012650085763241e+01
1.458753752144082227e+02 1.460656089193824947e+00 2.170228344768439044e+01
1.458770690394511291e+02 1.518524871355060091e+00 2.174574399656946966e+01
1.458003752144082341e+02 1.547437821612349884e+00 2.163202186963979301e+01
1.457135398799314032e+02 1.533136792452830299e+00 2.158290094339622556e+01
1.457326222126929736e+02 1.589547598627787384e+00 2.158724271012006923e+01
1.458409948542023926e+02 1.611899656946826687e+00 2.163644939965694647e+01
1.460438036020583183e+02 1.621730274442538589e+00 2.166991852487135617e+01
1.462407161234991406e+02 1.657729416809605505e+00 2.170943396226414990e+01
1.463772405660377274e+02 1.595165094339622724e+00 2.176840694682675803e+01
1.463937928816466467e+02 1.593524871355060046e+00 2.168043524871355032e+01
1.464887221269296731e+02 1.605896226415094441e+00 2.173010291595197430e+01
1.464253216123499044e+02 1.592484991423670726e+00 2.187379931389365240e+01
1.463553173241852505e+02 1.610516723842195574e+00 2.193147512864494075e+01
1.462642474271011963e+02 1.601554459691252097e+00 2.203945111492281228e+01
1.462998713550600485e+02 1.643642795883361929e+00 2.209378216123499072e+01
1.463958083190394461e+02 1.645004288164665596e+00 2.218782161234991435e+01
1.465220090051458044e+02 1.644286020583190400e+00 2.208292238421955389e+01
1.464224699828473319e+02 1.592216981132075437e+00 2.183001715265866238e+01
1.463508790737564311e+02 1.562081903945111483e+00 2.175646440823327765e+01
1.464329223842195518e+02 1.561599485420240185e+00 2.176643439108061884e+01
1.464458940823327566e+02 1.575857632933104657e+00 2.182223413379073662e+01
1.463110098627787181e+02 1.591305746140651900e+00 2.192167667238421913e+01
1.463227808747855931e+02 1.583147512864494066e+00 2.202282375643224555e+01
1.463271226415094475e+02 1.617677958833619201e+00 2.205142581475128694e+01
1.463321183533447822e+02 1.600589622641509502e+00 2.216308962264151106e+01
1.463933747855917602e+02 1.629084476843910778e+00 2.212304888507718559e+01
1.465637435677529936e+02 1.610613207547169745e+00 2.216156732418524911e+01
1.466946397941680971e+02 1.622523584905660288e+00 2.209708404802744397e+01
1.467441359348198944e+02 1.676683104631217835e+00 2.215914451114922912e+01
1.466913593481989722e+02 1.670754716981132093e+00 2.223756432246998216e+01
1.467251072041166253e+02 1.679684819897083958e+00 2.224216337907375518e+01
1.469037843053173162e+02 1.652508576329331014e+00 2.225886578044596931e+01
1.471245175814751178e+02 1.628677101200686206e+00 2.232257718696397930e+01
1.472301136363636260e+02 1.638261149228130265e+00 2.229237778730703212e+01
1.473575686106346438e+02 1.620186535162950303e+00 2.227179459691252106e+01
1.474084048027444283e+02 1.620304459691252141e+00 2.231447255574613919e+01
1.473966123499142498e+02 1.611856775300171574e+00 2.235633576329330907e+01
1.473164343910806053e+02 1.624646226415094263e+00 2.217870926243567808e+01
1.471614172384219614e+02 1.610538164665523242e+00 2.216214622641509280e+01
1.468643224699828522e+02 1.670947684391080656e+00 2.223032804459691292e+01
1.466520475986277745e+02 1.670422384219554024e+00 2.223430531732418558e+01
1.464743782161235117e+02 1.701340051457975955e+00 2.229118782161235046e+01
1.464153730703258987e+02 1.682139794168096003e+00 2.231914665523155961e+01
1.465387435677529879e+02 1.677658662092624375e+00 2.241583404802744539e+01
1.467030124356775218e+02 1.700085763293310404e+00 2.246828902229845681e+01
1.468390008576329251e+02 1.702026157804459761e+00 2.257015437392795931e+01
1.469048241852487138e+02 1.715126500857632852e+00 2.256771012006861099e+01
1.470500857632933105e+02 1.718203259005145700e+00 2.251514794168096145e+01
1.470740030017152549e+02 1.723820754716981041e+00 2.253867924528301714e+01
1.471853237564322399e+02 1.731753859348198921e+00 2.251154588336192219e+01
1.472063893653516402e+02 1.727272727272727293e+00 2.243472341337907494e+01
1.470194468267581556e+02 1.725160806174957040e+00 2.242389579759862883e+01
1.469367281303601942e+02 1.724882075471698029e+00 2.234938893653516345e+01
1.469226843910806224e+02 1.696237135506003524e+00 2.229617281303601928e+01
1.469131432246998372e+02 1.656357204116638115e+00 2.224808104631217986e+01
1.469821505145797573e+02 1.630435248713550500e+00 2.234920668953687795e+01
1.470662307032590093e+02 1.648413379073756513e+00 2.230018224699828622e+01
1.472539879931389351e+02 1.642774442538593505e+00 2.233289022298456317e+01
1.473300600343053190e+02 1.638293310463121877e+00 2.224046955403087367e+01
1.475160484562607337e+02 1.581753859348199009e+00 2.231265008576329478e+01
1.473472877358490507e+02 1.609133790737564240e+00 2.227594339622641684e+01
1.469804030874785497e+02 1.649828473413379015e+00 2.219536878216123554e+01
1.466136363636363740e+02 1.687349914236706772e+00 2.209081260720411777e+01
1.464516723842195631e+02 1.672255574614065265e+00 2.206463336192109637e+01
1.465220947684391035e+02 1.633619210977701464e+00 2.196010934819896931e+01
1.465827401372212648e+02 1.656700257289879907e+00 2.204334262435677516e+01
1.468338121783876602e+02 1.651318610634648465e+00 2.210527444253859386e+01
1.470446933962264211e+02 1.623359777015437322e+00 2.216647727272727408e+01
1.473914451114922883e+02 1.594114493996569459e+00 2.224056603773584939e+01
1.475124999999999886e+02 1.592667238421955345e+00 2.231381861063464811e+01
1.475084691252144182e+02 1.608501286449399714e+00 2.227710120068610777e+01
1.475345947684391206e+02 1.636985420240137268e+00 2.230428816466552178e+01
1.475890330188679229e+02 1.670358061749571243e+00 2.226244639794168023e+01
1.476000214408233262e+02 1.657643653516295057e+00 2.232412092624356603e+01
1.475872212692967480e+02 1.635656089193824991e+00 2.226673456260720485e+01
1.475005574614065154e+02 1.650900514579759948e+00 2.220378430531732405e+01
1.473110634648370478e+02 1.649603344768439062e+00 2.223060677530017060e+01
1.471828902229845539e+02 1.601565180102916042e+00 2.216855703259005139e+01
1.471925493138936645e+02 1.602690823327615810e+00 2.225864065180103069e+01
1.472477058319039429e+02 1.588432675814751338e+00 2.226129931389365524e+01
1.473846698113207481e+02 1.582461406518010261e+00 2.231914665523155961e+01
1.475339729845626096e+02 1.603580617495711902e+00 2.237595411663808065e+01
1.474513293310463098e+02 1.596226415094339712e+00 2.231193181818181870e+01
1.471897620068610593e+02 1.629288164665523064e+00 2.237437821612349964e+01
1.471056389365351720e+02 1.606164236706689508e+00 2.238528087478559314e+01
1.470529909948542127e+02 1.595615351629502632e+00 2.230210120068610635e+01
1.469190180102916088e+02 1.581668096054888561e+00 2.215577830188679087e+01
1.470063679245282913e+02 1.547298456260720378e+00 2.217981346483704996e+01
1.470570433104631149e+02 1.542945969125214312e+00 2.211039879931389507e+01
1.471577079759862841e+02 1.514011578044596851e+00 2.205501715265866380e+01
1.471684927101200628e+02 1.532911663807890124e+00 2.210924099485420413e+01
1.471222341337907267e+02 1.585162950257289927e+00 2.209125214408233262e+01
1.469610849056603854e+02 1.589719125214408280e+00 2.203986921097770235e+01
1.467531732418524939e+02 1.564140222984562678e+00 2.197186963979416774e+01
1.464220733276157773e+02 1.425632504288164570e+00 2.157042238421955460e+01
1.462372427101200572e+02 1.340512435677529979e+00 2.132143010291595076e+01
1.464311320754717087e+02 1.320840480274442452e+00 2.129748070325900500e+01
1.466840373070325825e+02 1.347448542024013651e+00 2.148619210977701499e+01
1.468343589193825096e+02 1.383544168096054960e+00 2.148374785591766667e+01
1.468112885934819758e+02 1.405188679245283012e+00 2.141885720411663740e+01
1.468657911663808022e+02 1.397030445969125179e+00 2.145619639794168165e+01
1.468656410806175074e+02 1.427176243567753078e+00 2.170341981132075304e+01
1.467645690394511178e+02 1.475482418524871386e+00 2.183212907375643397e+01
1.465783233276157773e+02 1.476318610634648421e+00 2.184282804459691363e+01
1.463461728130360200e+02 1.471548027444253837e+00 2.180736492281303640e+01
1.463070861921097787e+02 1.484101629502572850e+00 2.183972984562607067e+01
1.461912307032590093e+02 1.504073756432247055e+00 2.166338979416809707e+01
1.462547920240137103e+02 1.510548885077186876e+00 2.152611492281303640e+01
1.463056174957118287e+02 1.490405231560891997e+00 2.150291595197255745e+01
1.463240244425385868e+02 1.476093481989708467e+00 2.143965480274442470e+01
1.464089729845626096e+02 1.491412950257289927e+00 2.135211192109776945e+01
1.465973949399656817e+02 1.459080188679245271e+00 2.137907375643224839e+01
1.466721590909091049e+02 1.466059176672384279e+00 2.136372212692967310e+01
1.466536234991423555e+02 1.455038593481989606e+00 2.137152658662092719e+01
1.467350450257289936e+02 1.440748284734133744e+00 2.138987993138936616e+01
1.468087800171526567e+02 1.440458833619211010e+00 2.142360634648370521e+01
1.466809819897084139e+02 1.461117066895368799e+00 2.144537950257289793e+01
1.464267367066895247e+02 1.454116638078902124e+00 2.136725986277873091e+01
1.463112671526586723e+02 1.445786878216123394e+00 2.139040523156089080e+01
1.462599699828473376e+02 1.414644082332761510e+00 2.130810463121783727e+01
1.462345304459691135e+02 1.445443825042881603e+00 2.131472984562607209e+01
1.464030874785591720e+02 1.452036878216123483e+00 2.136866423670668880e+01
1.464140866209262413e+02 1.487950257289879952e+00 2.137474271012006710e+01
1.463611706689536902e+02 1.513057461406517978e+00 2.144913164665523198e+01
1.463100879073756460e+02 1.506485849056603765e+00 2.148454116638079014e+01
1.462483168953687880e+02 1.528366209262435715e+00 2.149119854202401214e+01
1.464419704116638172e+02 1.509294596912521547e+00 2.150689322469983011e+01
1.464841659519725567e+02 1.462307032590051348e+00 2.149545454545454604e+01
1.466301993996569593e+02 1.507236277873070351e+00 2.152434605488850750e+01
1.466852808747856045e+02 1.489129502572898778e+00 2.150191895368782014e+01
1.467478344768439058e+02 1.453387650085763205e+00 2.149578687821612277e+01
1.466958190394511234e+02 1.432783018867924474e+00 2.148172169811320842e+01
1.466260291595197316e+02 1.463925814751286358e+00 2.148366209262435689e+01
1.464594661234991406e+02 1.438111063464837081e+00 2.138760720411663740e+01
1.464065287307032577e+02 1.461417238421955478e+00 2.138926886792452819e+01
1.463802315608919287e+02 1.404213121783876472e+00 2.142403516295025767e+01
1.463620711835334589e+02 1.390233704974271012e+00 2.135169382504288293e+01
1.464829974271011963e+02 1.381357204116637982e+00 2.150201543739279586e+01
1.466992174099485453e+02 1.451307890222984565e+00 2.154731989708404782e+01
1.467349056603773647e+02 1.457815180102915997e+00 2.162848413379073875e+01
1.466523156089193947e+02 1.466509433962264186e+00 2.161230703259005281e+01
1.464952937392795889e+02 1.416166380789022350e+00 2.151709905660377231e+01
1.463672920240137216e+02 1.352390651801029131e+00 2.135862993138936616e+01
1.460506110634648280e+02 1.273295454545454453e+00 2.120588550600342970e+01
1.457537735849056730e+02 1.274335334476843995e+00 2.111691680960548823e+01
1.456223306174957202e+02 1.275053602058318969e+00 2.111975771869639829e+01
1.454027122641509493e+02 1.322137650085763338e+00 2.106689536878216273e+01
1.450454438250428950e+02 1.255478130360205835e+00 2.078460548885077230e+01
1.448364815608919400e+02 1.171933962264150919e+00 2.036113850771869593e+01
1.450456260720411592e+02 1.130928387650085742e+00 2.027338121783876446e+01
1.454839729845625982e+02 1.182289879931389454e+00 2.047370283018867809e+01
1.457955617495711920e+02 1.223134648370497457e+00 2.068137864493996503e+01
1.459616530874785667e+02 1.325107204116638071e+00 2.092985634648370663e+01
1.460531625214408109e+02 1.399378216123499108e+00 2.104505789022298501e+01
1.459616530874785667e+02 1.414740566037735903e+00 2.102047598627787295e+01
1.457908447684391149e+02 1.388689965694682726e+00 2.081445111492281441e+01
1.455208083190394461e+02 1.324356775300171485e+00 2.078147512864493862e+01
1.454012757289879971e+02 1.295004288164665507e+00 2.076989708404802570e+01
1.454774549742710121e+02 1.313293310463121699e+00 2.086728130360205924e+01
1.455997319897084026e+02 1.338636363636363624e+00 2.097248070325900571e+01
1.456151908233276231e+02 1.333158233276157789e+00 2.099698756432247038e+01
1.456246569468267467e+02 1.313539879931389320e+00 2.095528516295025767e+01
1.454957011149228094e+02 1.300589622641509457e+00 2.091054888507718701e+01
1.454298777873070208e+02 1.356475128644939909e+00 2.087179459691252248e+01
1.452866530874785553e+02 1.354309605488850821e+00 2.083421955403087367e+01
1.450861706689536845e+02 1.336888936535163053e+00 2.077807675814751320e+01
1.451627358490566166e+02 1.351007718696398019e+00 2.089199185248713420e+01
1.453355381646655360e+02 1.349742710120068523e+00 2.098570969125214347e+01
1.454481239279588465e+02 1.377444253859348100e+00 2.100497427101200643e+01
1.454107740137221185e+02 1.379481132075471628e+00 2.099605488850771806e+01
1.453244532590051392e+02 1.331185677530017042e+00 2.093240780445968952e+01
1.453452401372212819e+02 1.305210120068610591e+00 2.079606560891938116e+01
1.453761792452830264e+02 1.299624785591766640e+00 2.081740994854202498e+01
1.453641509433962256e+02 1.296687392795883298e+00 2.072800171526586510e+01
1.453402551457975846e+02 1.307418524871355014e+00 2.065567109777015276e+01
1.453972341337907324e+02 1.311535162950257183e+00 2.070032161234991364e+01
1.453658662092624354e+02 1.339429674099485323e+00 2.075057890222984724e+01
1.453240887650085824e+02 1.317881646655231664e+00 2.068339408233276089e+01
1.453675707547169793e+02 1.341991852487135484e+00 2.071850343053173304e+01
1.455484669811320657e+02 1.369382504288164659e+00 2.077646869639794147e+01
1.455418096054888508e+02 1.355735420240137268e+00 2.076848198970840542e+01
1.455403409090909008e+02 1.349753430531732468e+00 2.071705617495711849e+01
1.455671848198970793e+02 1.316134219554030871e+00 2.070702186963979585e+01
1.456541273584905696e+02 1.328655660377358494e+00 2.074140222984562598e+01
1.454491209262435802e+02 1.354727701543739338e+00 2.073435891938250464e+01
1.450885613207547067e+02 1.339729845626072002e+00 2.067597555746140614e+01
1.447344018010291506e+02 1.270711835334476847e+00 2.059930317324185367e+01
1.444700793310463212e+02 1.262714408233276187e+00 2.055318396226414990e+01
1.443315716123499044e+02 1.249721269296740989e+00 2.053374785591766738e+01
1.443633361921097844e+02 1.251093481989708378e+00 2.054643010291595218e+01
1.444211728130360086e+02 1.252240566037735814e+00 2.061480488850772019e+01
1.444569682675814875e+02 1.283876500857632941e+00 2.057829116638079014e+01
1.443887971698113120e+02 1.289869210977701464e+00 2.055498499142366953e+01
1.443419060891938273e+02 1.252519296740994825e+00 2.049811320754717059e+01
1.443119746998284825e+02 1.234455403087478587e+00 2.040847984562607209e+01
1.442852379931389351e+02 1.227229845626071958e+00 2.041565180102915988e+01
1.442814858490565939e+02 1.248574185248713553e+00 2.028825042881646823e+01
1.443018224699828522e+02 1.234841337907375713e+00 2.021576972555746110e+01
1.442620175814751349e+02 1.247834476843910911e+00 2.020932675814751178e+01
1.442060355917667209e+02 1.243439108061749510e+00 2.019628001715265952e+01
1.440758683533447595e+02 1.229298885077186876e+00 2.011423670668953534e+01
1.438585977701543754e+02 1.263539879931389276e+00 2.009716981132075375e+01
1.438060570325900471e+02 1.270722555746140570e+00 2.003707118353344896e+01
1.438013507718696360e+02 1.246869639794168094e+00 2.001475128644939971e+01
1.438587478559176702e+02 1.262800171526586634e+00 2.006378644939965739e+01
1.438690180102915974e+02 1.240405231560891997e+00 2.013652444253859386e+01
1.437522405660377274e+02 1.248381217838764989e+00 2.004134862778730763e+01
1.436016295025729050e+02 1.235709691252144138e+00 1.997488207547169736e+01
1.436466123499142498e+02 1.206174957118353319e+00 1.999148799313893576e+01
1.435794918524871377e+02 1.215523156089193924e+00 1.988290094339622627e+01
1.434833833619210850e+02 1.223724271012006870e+00 1.988627787307032690e+01
1.434053066037735960e+02 1.242549313893653418e+00 1.992200900514579587e+01
1.433707225557461413e+02 1.223070325900514677e+00 1.994518653516295004e+01
1.433695540308747809e+02 1.221194253859348100e+00 1.997795883361921199e+01
1.432379288164665638e+02 1.270336620926243665e+00 1.992534305317324339e+01
1.431863636363636374e+02 1.270679674099485457e+00 1.994313893653516345e+01
1.431574506861063583e+02 1.282965265866209181e+00 2.002704759862778872e+01
1.430439965694682769e+02 1.307783018867924474e+00 2.005693610634648394e+01
1.429639794168095932e+02 1.309090909090909083e+00 2.000434176672384368e+01
1.429948434819897045e+02 1.269382504288164570e+00 2.004308533447684226e+01
1.430284734133790607e+02 1.277444253859348233e+00 2.000697898799313990e+01
1.432119639794168222e+02 1.265222984562607289e+00 2.002442109777015489e+01
1.433413915094339757e+02 1.259187392795883431e+00 2.004663379073756602e+01
1.433644832761578130e+02 1.246590909090909083e+00 2.004603344768439044e+01
1.434214944253859301e+02 1.262478559176672288e+00 2.005715051457976017e+01
1.434042881646655303e+02 1.291563036020583199e+00 2.011500857632933048e+01
1.431933855060034375e+02 1.296858919382504194e+00 2.007893439108061884e+01
1.428922384219553976e+02 1.323445540308747947e+00 2.008198970840480158e+01
1.426937607204116603e+02 1.371590909090909083e+00 2.006448327615780514e+01
1.425340051457976074e+02 1.327819468267581460e+00 2.003679245283018773e+01
1.424714086620926139e+02 1.309155231560891863e+00 1.994142367066895360e+01
1.423313036020583127e+02 1.310045025728987955e+00 1.996387221269296575e+01
1.422474592624356831e+02 1.333201114922813124e+00 2.003918310463121699e+01
1.422765008576329251e+02 1.364729845626072136e+00 2.007667238421955247e+01
1.423885934819897159e+02 1.363786449399656986e+00 2.017722984562607280e+01
1.423950471698113347e+02 1.343364065180102873e+00 2.017051886792452819e+01
1.424094018010291620e+02 1.388561320754716943e+00 2.005983061749571306e+01
1.423479845626071949e+02 1.414193825042881603e+00 1.993865780445969094e+01
1.422464729845626152e+02 1.374281732418524804e+00 1.984314965694682797e+01
1.421219768439108009e+02 1.405295883361921128e+00 1.970590694682675803e+01
1.419492817324185125e+02 1.403312607204116658e+00 1.963208619210977801e+01
1.420314000857632948e+02 1.350568181818181834e+00 1.980378430531732548e+01
1.420965694682675746e+02 1.353301886792452891e+00 1.970141509433962312e+01
1.421182354202401257e+02 1.342613636363636287e+00 1.973186106346483726e+01
1.421792238421955403e+02 1.335430960548884993e+00 1.979679459691252319e+01
1.422065823327615703e+02 1.346097770154373929e+00 1.973371569468267595e+01
1.423215051457976017e+02 1.336417238421955478e+00 1.983455188679245396e+01
1.421566037735849193e+02 1.328098198970840471e+00 1.984794168096054889e+01
1.419512435677530107e+02 1.333479845626072136e+00 1.988074614065180157e+01
1.417843589193824982e+02 1.306442967409948475e+00 1.985413807890223126e+01
1.417831260720411706e+02 1.324035162950257360e+00 1.984484348198970949e+01
1.415664129502573019e+02 1.381207118353344754e+00 1.993206475128645039e+01
1.415022298456260614e+02 1.404706260720411715e+00 2.006144939965694718e+01
1.414081046312178387e+02 1.440394511149228229e+00 2.008606346483704996e+01
1.412327830188679343e+02 1.405167238421955345e+00 2.015929459691252035e+01
1.412322148370497530e+02 1.391402229845626115e+00 2.010226200686106424e+01
1.412526586620926139e+02 1.368803602058318969e+00 2.010222984562607351e+01
1.412094661234991406e+02 1.359841337907375713e+00 2.007683319039450964e+01
1.412389150943396317e+02 1.332825900514579720e+00 2.005846912521440828e+01
1.412526372212693104e+02 1.337628644939965694e+00 2.009382504288164739e+01
1.413127465694682598e+02 1.349153087478559110e+00 2.006747427101200643e+01
1.413830617495711977e+02 1.361063464837049652e+00 1.998934391080617345e+01
1.413852915951972591e+02 1.394221698113207619e+00 1.998089622641509422e+01
1.414154159519725624e+02 1.383276157804459672e+00 2.001708833619210992e+01
1.414682890222984497e+02 1.458361921097770075e+00 2.001254288164665596e+01
1.413894511149228208e+02 1.520593910806175009e+00 2.003246140651800999e+01
1.411912092624356774e+02 1.496269296740994958e+00 2.000819039451114989e+01
1.409684069468267467e+02 1.459348198970840560e+00 2.002408876500857460e+01
1.408099699828473490e+02 1.420540308747855862e+00 2.008353344768439186e+01
1.405617281303601942e+02 1.443975128644940042e+00 2.009347126929674232e+01
1.404635506003430407e+02 1.431796740994854211e+00 2.005759005145797502e+01
1.404211192109777073e+02 1.384712692967409842e+00 1.984996783876500714e+01
1.403469339622641598e+02 1.361492281303602114e+00 1.966439751286449322e+01
1.403945647512864525e+02 1.326104202401372278e+00 1.970768653516294933e+01
1.404860313036020614e+02 1.350761149228130398e+00 1.964135934819897145e+01
1.405390437392795775e+02 1.306625214408233315e+00 1.950635720411663954e+01
1.404773263293310492e+02 1.311899656946826864e+00 1.955533876500857460e+01
1.404049635506003426e+02 1.292999571183533369e+00 1.952017581475128694e+01
1.401928173241852562e+02 1.271044168096054916e+00 1.953315823327615774e+01
1.400637650085763255e+02 1.281378644939965783e+00 1.947986706689536973e+01
1.400428280445969165e+02 1.289204545454545547e+00 1.954913164665522984e+01
1.401286020583190464e+02 1.283394082332761643e+00 1.941477272727272663e+01
1.400807890222984611e+02 1.284991423670668986e+00 1.908054245283018702e+01
1.401695325900514604e+02 1.299099485420240230e+00 1.906882504288164526e+01
1.403304138078902099e+02 1.325364493996569415e+00 1.914187392795883369e+01
1.405987349914236688e+02 1.364719125214408191e+00 1.925358061749571092e+01
1.407255038593482084e+02 1.390737564322469977e+00 1.936343267581475303e+01
1.407295668953687766e+02 1.401972555746140658e+00 1.949353559176672235e+01
1.406927208404802627e+02 1.436706689536878301e+00 1.953975128644939829e+01
1.403831796740994946e+02 1.410195111492281272e+00 1.951843910806174875e+01
1.399910591766723940e+02 1.401211406518010349e+00 1.943157161234991293e+01
1.395862135506003483e+02 1.388872212692967345e+00 1.938832547169811349e+01
1.394351093481989778e+02 1.404877787307032611e+00 1.942225557461406638e+01
1.393353987993139071e+02 1.384133790737564373e+00 1.949242066895368808e+01
1.393155767581475004e+02 1.428773584905660421e+00 1.957507504288164668e+01
1.393848734991423726e+02 1.417034734133790774e+00 1.966682032590051321e+01
1.395728880789022242e+02 1.432718696397941693e+00 1.960657161234991364e+01
1.396964729845626039e+02 1.450482418524871253e+00 1.957335977701543683e+01
1.398604095197255504e+02 1.448863636363636465e+00 1.957131217838765025e+01
1.399873391938250506e+02 1.437757289879931344e+00 1.951850343053173376e+01
1.399166595197255560e+02 1.445690394511149224e+00 1.947328473413379157e+01
1.399305531732418615e+02 1.440823327615780469e+00 1.963910806174957102e+01
1.399181067753001741e+02 1.442474271012006870e+00 1.976093481989708422e+01
1.399863957975986182e+02 1.455521012006861126e+00 1.964924957118353177e+01
1.400434605488850650e+02 1.450889794168096047e+00 1.972221269296741042e+01
1.400431282161235060e+02 1.483855060034305229e+00 1.987092624356775161e+01
1.399325578902229950e+02 1.502540737564322493e+00 1.972972770154374089e+01
1.399588765008576274e+02 1.497255574614065221e+00 1.972015437392795789e+01
1.399082011149228038e+02 1.526382933104631245e+00 1.967551457975986295e+01
1.396798563464837173e+02 1.531067753001715159e+00 1.962332761578044682e+01
1.393423885077187094e+02 1.510034305317324188e+00 1.961932890222984582e+01
1.392110849056603854e+02 1.490930531732418629e+00 1.957811963979416703e+01
1.391304459691252191e+02 1.473927958833619156e+00 1.957156946826758315e+01
1.392238636363636317e+02 1.443010291595197225e+00 1.969989279588336117e+01
1.394811642367066895e+02 1.416402229845626026e+00 1.978979416809605496e+01
1.395697362778730621e+02 1.383286878216123394e+00 1.981403301886792434e+01
1.396071612349914233e+02 1.415158662092624420e+00 1.967515008576329194e+01
1.394984669811320828e+02 1.456110634648370539e+00 1.948412307032590007e+01
1.394269296740994832e+02 1.394725557461406584e+00 1.934219554030874733e+01
1.392132504288164796e+02 1.359573327615780425e+00 1.923656732418524840e+01
1.389839408233276288e+02 1.329920668953687768e+00 1.907493567753001784e+01
1.391095411663807795e+02 1.266091337907375713e+00 1.898527015437392862e+01
1.392421312178387609e+02 1.247244854202401276e+00 1.905320540308747823e+01
1.395793096054888451e+02 1.253666380789022261e+00 1.914101629502572877e+01
1.398052530017152719e+02 1.225782590051458065e+00 1.916293953687821627e+01
1.399606775300171648e+02 1.253977272727272663e+00 1.920711835334476802e+01
1.397247641509434004e+02 1.274753430531732512e+00 1.937696183533447680e+01
1.397240458833619243e+02 1.340405231560891863e+00 1.936265008576329194e+01
1.395810677530017188e+02 1.347920240137221226e+00 1.944758790737564169e+01
1.392549313893653391e+02 1.371901801029159484e+00 1.944715909090908923e+01
1.390434176672384297e+02 1.403301886792452935e+00 1.941014150943396288e+01
1.389752358490566166e+02 1.367624356775300143e+00 1.934603344768439115e+01
1.389044489708404910e+02 1.373466981132075437e+00 1.929441466552315632e+01
1.388758040308747752e+02 1.349153087478559110e+00 1.922739065180103069e+01
1.389096162092624240e+02 1.339483276157804381e+00 1.919364279588336331e+01
1.390396440823327566e+02 1.354695540308747947e+00 1.913061749571183512e+01
1.392041059176672491e+02 1.325643224699828426e+00 1.910812607204116631e+01
1.392697148370497473e+02 1.328194682675814642e+00 1.915926243567752962e+01
1.394202294168096046e+02 1.324999999999999956e+00 1.921925385934819985e+01
1.394358061749571220e+02 1.346923241852487241e+00 1.927669382504288009e+01
1.394621783876500842e+02 1.349260291595197225e+00 1.916392581475128765e+01
1.393066359348198944e+02 1.349656946826758075e+00 1.908049957118353390e+01
1.392397834476844025e+02 1.380799742710119959e+00 1.915278730703258958e+01
1.391743889365351663e+02 1.397352058319039525e+00 1.915695754716981014e+01
1.390204652658662212e+02 1.412735849056603765e+00 1.909235634648370450e+01
1.389129288164665468e+02 1.391177101200686161e+00 1.911156732418524840e+01
1.390870390222984554e+02 1.355392367066895476e+00 1.917853773584905497e+01
1.392945004288164625e+02 1.346998284734133744e+00 1.918975128644940042e+01
1.393176565180102955e+02 1.330735420240137135e+00 1.915049313893653604e+01
1.394365351629502641e+02 1.331925385934819905e+00 1.916806389365351748e+01
1.395121891080617615e+02 1.305671097770154443e+00 1.920474914236706709e+01
1.394916380789022412e+02 1.314740566037735814e+00 1.929865994854202427e+01
1.392848198970840485e+02 1.343825042881646725e+00 1.936032375643224768e+01
1.390749035162950236e+02 1.353934391080617416e+00 1.943264365351629408e+01
1.389158876500857502e+02 1.359369639794168139e+00 1.944603344768439257e+01
1.388306710977701641e+02 1.352262006861063570e+00 1.938253644939965525e+01
1.387526908233276117e+02 1.295990566037735769e+00 1.922056174957118202e+01
1.387746462264150864e+02 1.261717409948541979e+00 1.913924742710119986e+01
1.388564536878216131e+02 1.277015437392795993e+00 1.923785377358490578e+01
1.389734562607204111e+02 1.284391080617495629e+00 1.928786449399656888e+01
1.389254395368782298e+02 1.307043310463121832e+00 1.926125643224699857e+01
1.387403301886792519e+02 1.338957975986277971e+00 1.930766509433962241e+01
1.385868138936535274e+02 1.354749142367067005e+00 1.949883147512864667e+01
1.386028194682675689e+02 1.324517581475128658e+00 1.958759648370497430e+01
1.386961192109777130e+02 1.343524871355060046e+00 1.964950686106346467e+01
1.387369425385934960e+02 1.335452401372212661e+00 1.963776801029159458e+01
1.388270261578044540e+02 1.330735420240137135e+00 1.960182246998284583e+01
1.388824185248713547e+02 1.330756861063464802e+00 1.956212478559176660e+01
1.388573542024013818e+02 1.313593481989708378e+00 1.948376929674099500e+01
1.388082547169811392e+02 1.336578044596912429e+00 1.944654802744425481e+01
1.388801993996569593e+02 1.329191680960548849e+00 1.958712478559176517e+01
1.388249571183533533e+02 1.363947255574614159e+00 1.956307890222984724e+01
1.386543846483704954e+02 1.370658233276157878e+00 1.955329116638078801e+01
1.385414987135505953e+02 1.382246998284734074e+00 1.952285591766723982e+01
1.385958190394511291e+02 1.359080188679245182e+00 1.952793739279588436e+01
1.385553816466552348e+02 1.409412521440823296e+00 1.959250643224699928e+01
1.383240887650085824e+02 1.408190394511149135e+00 1.965117924528301785e+01
1.382868246140651820e+02 1.421129931389365275e+00 1.967569682675814846e+01
1.383475235849056730e+02 1.417774442538593416e+00 1.971859991423670522e+01
1.385862349914236802e+02 1.420926243567752989e+00 1.981894296740994932e+01
1.387144618353344754e+02 1.429502572898799340e+00 1.982563250428816559e+01
1.389773584905660471e+02 1.357182675814751383e+00 1.985289451114922699e+01
1.391866102058318972e+02 1.352808747855917648e+00 1.982200900514579800e+01
1.391913915094339700e+02 1.305413807890222877e+00 1.980671097770154532e+01
1.391383361921097901e+02 1.280317324185248795e+00 1.971646655231560885e+01
1.390292988850771962e+02 1.277712264150943300e+00 1.960375214408233191e+01
1.390996569468267694e+02 1.278752144082332842e+00 1.966396869639794076e+01
1.390953151801029151e+02 1.294125214408233360e+00 1.972374571183533476e+01
1.391189751286449336e+02 1.289837049742710073e+00 1.973475557461406638e+01
1.392402015437392890e+02 1.305681818181818166e+00 1.973006003430531763e+01
1.393539665523155975e+02 1.306121355060034350e+00 1.978689965694682584e+01
1.392338336192109693e+02 1.308801457975986349e+00 1.975705403087478729e+01
1.389458833619210907e+02 1.309937821612349840e+00 1.966566252144082227e+01
1.387886792452830207e+02 1.314794168096054872e+00 1.964111277873070449e+01
1.385940501715265896e+02 1.345936963979416756e+00 1.966108490566037759e+01
1.383501072041166253e+02 1.351018439108061742e+00 1.969987135506003284e+01
1.382535806174957145e+02 1.433404802744425277e+00 1.970644296740994861e+01
1.381728130360205853e+02 1.444446826758147617e+00 1.964254931389365311e+01
1.381828795025728880e+02 1.443117495711835341e+00 1.962287735849056602e+01
1.382552637221269265e+02 1.456132075471698206e+00 1.965659305317324268e+01
1.383382289879931477e+02 1.478880789022298359e+00 1.979202401372212705e+01
1.385207332761578130e+02 1.459401801029159618e+00 1.975671097770154461e+01
1.387270583190394575e+02 1.441745283018867951e+00 1.978465909090909136e+01
1.388877251286449450e+02 1.434208833619210921e+00 1.978259005145797644e+01
1.389548456260720286e+02 1.405060034305317229e+00 1.965596054888507638e+01
1.389058640651801113e+02 1.401265008576329407e+00 1.972353130360205853e+01
1.390449399656946810e+02 1.414644082332761510e+00 1.970859777015437331e+01
1.392644511149228208e+02 1.404298885077186920e+00 1.971729202401372305e+01
1.393756217838765110e+02 1.399228130360205880e+00 1.975855488850771735e+01
1.396282804459691249e+02 1.367549313893653418e+00 1.980001072041166310e+01
1.398362028301886824e+02 1.381646655231560938e+00 1.976660591766723840e+01
1.399118138936535161e+02 1.353880789022298359e+00 1.981900728987993077e+01
1.399692109777015503e+02 1.349367495711835341e+00 1.983851843910806068e+01
1.396797813036020557e+02 1.357890222984562634e+00 1.979013722126929764e+01
1.391285913379073804e+02 1.383758576329330969e+00 1.972780874785591720e+01
1.387398692109777016e+02 1.384423241852487108e+00 1.957956689536878159e+01
1.383363850771869750e+02 1.386342195540308797e+00 1.965349485420239972e+01
1.383583619210977815e+02 1.374120926243567853e+00 1.976258576329330907e+01
1.384409412521440856e+02 1.367056174957118397e+00 1.979018010291595076e+01
