1.625544340332286879e+02 9.678800366300366775e+00 3.181906969518576744e+01
1.625084993131868032e+02 9.763000392464677546e+00 3.191047717163788633e+01
1.624418539050235495e+02 9.801805337519622796e+00 3.195484612114076484e+01
1.624485135400313993e+02 9.829658065149136092e+00 3.199480393118786026e+01
1.626194809654631115e+02 9.838190083725798729e+00 3.188528175693354427e+01
1.626332008765044463e+02 9.845217654369440297e+00 3.175564167974882324e+01
1.626596922422815226e+02 9.863340528519099593e+00 3.141429552590266994e+01
1.626014235020931551e+02 9.865670787545788301e+00 3.132223394165358599e+01
1.625349825026164297e+02 9.864035518053375640e+00 3.116374362244897966e+01
1.625535060177917330e+02 9.853103741496598289e+00 3.107441702642595516e+01
1.626117584052852010e+02 9.838893249607535196e+00 3.111242886577707978e+01
1.627812581763474498e+02 9.874161924385138178e+00 3.122327152014652185e+01
1.629949838108320250e+02 9.828840430402930650e+00 3.131511643118786026e+01
1.630562532705389742e+02 9.799438284929356868e+00 3.127780775771847033e+01
1.630276646716378934e+02 9.758720074568289604e+00 3.124890028126635144e+01
1.630778837977498767e+02 9.764165521978021900e+00 3.137415783621140619e+01
1.632237907182103527e+02 9.790575124280481489e+00 3.144656756933542496e+01
1.632682373430141354e+02 9.902108680010465847e+00 3.155295411433804276e+01
1.632731554160125711e+02 1.002369914311878674e+01 3.164118099162741871e+01
1.630457589285714164e+02 1.005395162872841475e+01 3.160242510465724664e+01
1.627228013801674535e+02 1.005347331240188424e+01 3.146224980376766212e+01
1.624052402210884338e+02 1.004941784406070049e+01 3.139741954474097341e+01
1.622872882326007300e+02 1.004421768707483054e+01 3.132568436028257608e+01
1.621747612506541145e+02 1.004300349947671300e+01 3.123772321428571530e+01
1.621616954474097270e+02 1.007054961407640015e+01 3.126600520015698592e+01
1.623159258895865946e+02 1.014739092752485661e+01 3.137035992281527896e+01
1.624417026425954873e+02 1.015497040162218667e+01 3.142035828754578830e+01
1.626053972069597080e+02 1.014211718341182689e+01 3.150044561093668349e+01
1.627568517791732177e+02 1.012627959837781333e+01 3.159438775510204067e+01
1.629323529892726299e+02 1.010002125850340171e+01 3.161491856357927688e+01
1.630909128074306693e+02 1.008756050497121848e+01 3.159638278388278465e+01
1.632323799712192454e+02 1.003642562794348514e+01 3.157626488095237960e+01
1.633595385269492510e+02 9.934368458922030243e+00 3.144314167974882324e+01
1.633749386773940273e+02 9.871009942438513818e+00 3.143877551020408134e+01
1.634349612441130262e+02 9.876479918890632703e+00 3.144082777341705892e+01
1.635161932561486253e+02 9.890208006279435082e+00 3.147334510727367984e+01
1.636018037022501233e+02 9.965957777341705182e+00 3.167306057038199896e+01
1.632646847200418563e+02 1.014728463500784983e+01 3.177162643903715278e+01
1.629632268772893724e+02 1.022599015567765512e+01 3.181557839481946459e+01
1.628752984366823569e+02 1.025168841575091605e+01 3.183072916666666785e+01
1.628087552328623815e+02 1.030531299058084826e+01 3.181550071951857817e+01
1.624596783424908324e+02 1.029712846677132454e+01 3.172529107796965064e+01
1.622149520866038586e+02 1.019011234301412827e+01 3.156882031658817311e+01
1.621461644754055555e+02 1.015150363029827396e+01 3.149510236787022421e+01
1.621442839154892681e+02 1.012607110151752998e+01 3.144873430141287329e+01
1.621466468799058021e+02 1.012519623233908916e+01 3.144250801282051455e+01
1.621107240973312287e+02 1.015976174123495568e+01 3.148439952904238481e+01
1.622865400968079541e+02 1.014588239141810533e+01 3.168649430926216581e+01
1.624579286041339685e+02 1.013011430533751955e+01 3.181776965593929773e+01
1.625637264521193117e+02 1.010968161302982793e+01 3.182639570251177474e+01
1.626667770473574137e+02 1.011681547619047628e+01 3.194330111852433163e+01
1.626915023220826697e+02 1.012624689298796454e+01 3.197414638932496089e+01
1.625566334706959708e+02 1.015841673207744655e+01 3.191728806907378413e+01
1.626485274398220895e+02 1.019647762951334435e+01 3.185295656724228053e+01
1.627891851452119170e+02 1.026078869047618980e+01 3.191945071297749692e+01
1.627699216705913159e+02 1.029932790423861810e+01 3.196370110544217624e+01
1.627259738029827361e+02 1.027618475274725363e+01 3.192496565934066055e+01
1.627412022501308115e+02 1.023518037022501304e+01 3.197027897697540411e+01
1.627735192634746113e+02 1.020563513867085348e+01 3.203415260334903536e+01
1.627326579670329636e+02 1.019054568942961758e+01 3.208847216771324184e+01
1.626597085949764505e+02 1.021170198848770205e+01 3.225663919413919700e+01
1.625744579081632537e+02 1.027919773678702242e+01 3.231121222527472270e+01
1.624512526164311907e+02 1.033186976713762384e+01 3.216141745159602294e+01
1.622779467556253223e+02 1.035925235478806883e+01 3.204682185374149839e+01
1.621231644099947573e+02 1.034165276687598123e+01 3.192878810177917259e+01
1.620092597135007964e+02 1.030653944270015643e+01 3.186395784275248388e+01
1.620699690934065984e+02 1.031697655023547888e+01 3.181539033882783940e+01
1.620176322933019435e+02 1.036070365646258473e+01 3.179347772762951507e+01
1.619048641091051763e+02 1.039862964416535895e+01 3.170489926739926645e+01
1.618223238814756542e+02 1.040119292909471405e+01 3.167448325484039628e+01
1.618019893053375142e+02 1.042934818158032506e+01 3.171486623495552237e+01
1.617766589809000664e+02 1.041602482339089519e+01 3.169185799319727792e+01
1.618996067176870781e+02 1.034479657247514339e+01 3.167541944662480446e+01
1.620332572933019435e+02 1.031020244636316008e+01 3.169968275771847033e+01
1.621273302590266780e+02 1.028272174254317051e+01 3.173551560047095776e+01
1.622023237179487296e+02 1.028109873757195203e+01 3.171046736002093169e+01
1.623041805664573474e+02 1.033244619963369892e+01 3.179813006933542496e+01
1.623808011185243458e+02 1.036299303375196246e+01 3.194352596807954114e+01
1.623274995094191411e+02 1.031024741627420127e+01 3.197747007456828783e+01
1.623216656855049678e+02 1.032160845107273595e+01 3.196702887885923516e+01
1.624820774463631494e+02 1.032033294086865460e+01 3.201861754317111775e+01
1.625844248757195203e+02 1.033451481554160090e+01 3.203368246336996350e+01
1.624349080978545317e+02 1.033444940476190510e+01 3.196431024332810011e+01
1.621444474424385191e+02 1.035035240057561445e+01 3.185632522239665221e+01
1.618691293825222317e+02 1.036576890371533288e+01 3.181808853349031807e+01
1.617309327577184774e+02 1.038387133699633758e+01 3.177782002223966629e+01
1.616795566784406049e+02 1.038007751177394056e+01 3.174438284929356513e+01
1.616211244113029863e+02 1.037434589220303494e+01 3.184842687074829826e+01
1.616420558608058684e+02 1.034658719256933601e+01 3.188389177786499218e+01
1.616944376308215681e+02 1.038551887100994264e+01 3.199787414965986443e+01
1.618084813252224023e+02 1.040971268315018250e+01 3.213354019492412306e+01
1.618601926347461983e+02 1.040599244505494525e+01 3.218139226844584044e+01
1.618934581043955916e+02 1.040856799450549453e+01 3.213369963369963500e+01
1.618476869113029863e+02 1.038412071559393013e+01 3.207552083333333570e+01
1.618875874869178517e+02 1.035630886970172604e+01 3.199667631475667307e+01
1.619854910714285836e+02 1.037689282443746741e+01 3.199745715593929773e+01
1.619886512297226488e+02 1.036213451726844603e+01 3.192083660387231703e+01
1.618224833202511661e+02 1.036627174908424820e+01 3.190020359105180603e+01
1.615738201530612344e+02 1.035186093668236573e+01 3.189384648090005214e+01
1.613343144950287922e+02 1.030735298927263166e+01 3.174249411302982793e+01
1.611619652668759670e+02 1.023937892464678256e+01 3.159909733124018771e+01
1.611534863945578309e+02 1.022752322082679299e+01 3.157885678309785504e+01
1.612273515175300815e+02 1.027444319073783419e+01 3.159435096153845990e+01
1.610982715201465112e+02 1.034748659079016164e+01 3.159103136446886495e+01
1.608223647632129882e+02 1.037081779827315486e+01 3.149876537153322786e+01
1.605655743066457433e+02 1.037973410518053363e+01 3.144575402276295151e+01
1.605130208333333428e+02 1.037581354657247523e+01 3.142675219126111941e+01
1.607898106357927759e+02 1.036782525510204067e+01 3.152094780219780290e+01
1.609821592098377891e+02 1.029386610413396141e+01 3.156551298403977057e+01
1.611054912349555082e+02 1.027352743982208239e+01 3.156760204081632537e+01
1.611948260073260144e+02 1.025696215986394577e+01 3.163761201596022943e+01
1.612766753335949659e+02 1.026408375850340171e+01 3.167521503793825133e+01
1.612358140371533182e+02 1.025921474358974272e+01 3.155764733778126541e+01
1.611079604918890595e+02 1.024225291077969580e+01 3.149913330716902138e+01
1.608509206567242416e+02 1.024765747645211889e+01 3.137452577184719971e+01
1.606651622187336557e+02 1.019935979199371978e+01 3.122763360151753176e+01
1.606732404500261566e+02 1.021664459052851903e+01 3.128934867216117155e+01
1.609181997318158039e+02 1.026544103218210324e+01 3.154176069466247867e+01
1.611134304683411926e+02 1.025699077708006257e+01 3.164746042647828261e+01
1.612668146585557167e+02 1.020787136970172604e+01 3.164780383307169132e+01
1.615147828362113955e+02 1.014154892726321222e+01 3.168324421114599687e+01
1.614693877551020478e+02 1.010186093668236573e+01 3.157854199372056669e+01
1.612382996467817975e+02 1.012107944139194160e+01 3.152033866431187903e+01
1.608773261708529674e+02 1.014632800235478882e+01 3.140243164573521639e+01
1.604822859432234452e+02 1.013594812925169997e+01 3.132776115253793847e+01
1.600061404369440083e+02 1.013220336211407613e+01 3.121946543040293065e+01
1.597354052197802332e+02 1.013752616431187903e+01 3.116727580455259172e+01
1.596864943092621729e+02 1.013322131737310272e+01 3.115839629120879195e+01
1.597554372710622772e+02 1.018449928048142361e+01 3.119495274071167046e+01
1.597480295002616515e+02 1.012595663265306101e+01 3.109957973574044843e+01
1.596796180010465775e+02 1.010358205782312879e+01 3.104903355572998436e+01
1.598224138212977437e+02 1.008983352956567181e+01 3.104835491889063448e+01
1.598951056384092055e+02 1.009900330324437512e+01 3.107855425824175910e+01
1.598767947082679086e+02 1.009986590790162175e+01 3.109419969911041193e+01
1.597822965724751327e+02 1.008172259288330785e+01 3.107959265436943852e+01
1.596649700745682878e+02 1.002154058738880238e+01 3.102197802197802190e+01
1.596576726844583902e+02 1.004243933150183210e+01 3.105253303244374763e+01
1.596356210753532139e+02 1.008004235347985400e+01 3.100940688775510168e+01
1.595058052066980565e+02 1.006071755625327135e+01 3.087111214678179039e+01
1.593508348050758627e+02 9.995809621925692667e+00 3.074979967948717885e+01
1.593306310504971179e+02 1.003952855180533810e+01 3.071577380952381020e+01
1.594101950876504361e+02 1.004314249738356857e+01 3.074849146389324872e+01
1.594572336145996871e+02 1.000348312401883888e+01 3.067953623757195203e+01
1.594011561355311244e+02 9.996774430926215871e+00 3.060646422030350777e+01
1.590716370682888510e+02 9.982735642333857129e+00 3.053147076138147398e+01
1.588325034340659272e+02 9.946649332810046928e+00 3.038724408032443591e+01
1.587118777799581437e+02 9.946915064102563875e+00 3.036666830193615851e+01
1.587788216248037543e+02 9.938877714547357911e+00 3.052598443223443070e+01
1.588167557888540102e+02 9.929479003139716653e+00 3.059303865777080134e+01
1.588153617216117084e+02 9.923996762166405361e+00 3.068940508895866159e+01
1.588811404369440083e+02 9.884885204081632182e+00 3.071660370879120805e+01
1.589823922357404626e+02 9.824351615646259361e+00 3.068273727760334779e+01
1.589753115188383106e+02 9.795231554160125143e+00 3.049783326792255522e+01
1.589217482666143439e+02 9.807671866823651996e+00 3.043664148351648180e+01
1.588679151949241373e+02 9.832585197540554489e+00 3.041062843406593430e+01
1.587707147762951365e+02 9.812242445054945250e+00 3.042541127027734049e+01
1.586320480115122962e+02 9.750008176347462197e+00 3.028540767268445677e+01
1.587751013867085419e+02 9.716795852956567003e+00 3.018621222527472625e+01
1.588064699437467198e+02 9.705651491365777872e+00 3.012123070381998957e+01
1.589515019950287922e+02 9.672144819466247156e+00 3.015713713369963500e+01
1.591281683346415434e+02 9.669385302197802901e+00 3.024146389324960893e+01
1.593548698325484168e+02 9.675443975667189278e+00 3.026869930664573616e+01
1.592507481357927759e+02 9.696105605703820629e+00 3.038902243589743435e+01
1.589917909471481039e+02 9.716194891418105328e+00 3.040903404631083262e+01
1.586171834118262609e+02 9.728066947933019293e+00 3.037589531004709542e+01
1.581428530546833997e+02 9.714506475667189278e+00 3.032782656331763604e+01
1.579296466182626943e+02 9.771090888278388675e+00 3.040876422684458547e+01
1.578996312467294558e+02 9.850822540554682760e+00 3.042394361590790197e+01
1.579827928767660978e+02 9.871835753532181457e+00 3.048512313579277944e+01
1.580376111983254930e+02 9.891409929356358433e+00 3.047551592752485661e+01
1.579554756998953451e+02 9.878135629251699967e+00 3.035154614730507561e+01
1.579076849489795791e+02 9.824331174777602982e+00 3.033703313055991657e+01
1.578796564298796454e+02 9.836489403453688496e+00 3.029936469780219710e+01
1.578972723704866610e+02 9.844003466771324540e+00 3.032614223574044843e+01
1.579258895866038586e+02 9.859064298796441861e+00 3.036102662218733528e+01
1.579020105638409177e+02 9.864100928833071436e+00 3.034468619178440463e+01
1.579269729526425863e+02 9.866647861067503911e+00 3.038595221742543018e+01
1.580226280416012514e+02 9.869783490319203878e+00 3.040477416928309751e+01
1.580863790227629408e+02 9.908895048403977057e+00 3.044600340136054584e+01
1.580868818681318544e+02 9.917766385400314633e+00 3.041875981161695464e+01
1.580712609563055935e+02 9.920100732600731774e+00 3.039546539769754219e+01
1.578993409863945487e+02 9.925848704866561789e+00 3.026833137100994264e+01
1.577461775575614809e+02 9.914994603610674417e+00 3.026976223181580394e+01
1.576936404369440083e+02 9.928669544740973407e+00 3.023558918759811576e+01
1.577394770408163254e+02 9.933436355311355825e+00 3.028919332155939159e+01
1.575579825680271995e+02 9.948897828362113671e+00 3.021953492935635666e+01
1.572579065279958002e+02 9.947593700941915529e+00 3.011971807953950986e+01
1.570508773220826697e+02 9.929352269754055271e+00 3.009407296572475232e+01
1.570460859824699185e+02 9.969890600470957764e+00 3.016175268184196767e+01
1.571908400379382442e+02 1.000621402407116634e+01 3.026136921114599687e+01
1.573500989338043041e+02 1.009311633307168954e+01 3.042310145211930816e+01
1.573608835361067406e+02 1.016564871140763948e+01 3.051993802328623673e+01
1.573464236656201081e+02 1.016041993720565095e+01 3.059373364730507561e+01
1.573008977629513367e+02 1.011287447671376327e+01 3.052286106750392491e+01
1.572188154107796834e+02 1.007994014913657743e+01 3.043644933935112462e+01
1.570538208071690178e+02 1.006704196101517468e+01 3.034562647174254479e+01
1.569369399201988529e+02 1.002498282967033028e+01 3.025281675170068141e+01
1.569910550758765169e+02 9.993103250915751801e+00 3.025378973704866681e+01
1.571614256279434869e+02 1.007335001308215539e+01 3.043820316588173824e+01
1.574284569597069492e+02 1.011321379513343821e+01 3.059446543040293065e+01
1.576285894165358457e+02 1.010323456305599166e+01 3.068824404761904745e+01
1.577530456894296265e+02 1.008494407378336000e+01 3.071684082286760997e+01
1.578616275837258058e+02 1.007084396258503389e+01 3.071030792124541975e+01
1.577433403649921502e+02 9.863737081371009907e+00 3.046401998299319658e+01
1.576320684523809632e+02 9.769839907116692146e+00 3.032472363945578309e+01
1.575183150183150076e+02 9.680946657509156950e+00 3.013874444008372677e+01
1.573867003532182025e+02 9.576440672422815936e+00 2.992837928440606987e+01
1.573727882980114998e+02 9.493168661695447597e+00 2.981720548796441506e+01
1.572625261643118790e+02 9.498806253270538846e+00 2.980922946101517468e+01
1.571236631671899602e+02 9.538898973050759622e+00 2.988470123626373720e+01
1.570697892137624194e+02 9.564413265306122014e+00 2.997814871140764126e+01
1.570328934458398749e+02 9.601529794610151214e+00 2.997354133961276901e+01
1.569516614338043041e+02 9.608790391156462718e+00 2.995134255625326958e+01
1.569962961145996871e+02 9.623830782312925436e+00 3.002813481161695464e+01
1.570840651164311907e+02 9.632624444008373032e+00 3.008037758372579873e+01
1.571043792517006921e+02 9.656241823652537803e+00 3.013775510204081698e+01
1.571150902668759670e+02 9.618258601517529982e+00 3.014997465332286808e+01
1.570675202773417141e+02 9.613459085557300554e+00 3.001078051412872938e+01
1.570658400379382442e+02 9.625637755102040671e+00 2.988930043171114548e+01
1.571336955455259101e+02 9.635833660387230992e+00 2.985888441915227531e+01
1.571793686224489761e+02 9.638977465986394932e+00 2.979293400052328522e+01
1.570709298142333807e+02 9.563162284144427261e+00 2.966602073521716321e+01
1.571811551543694350e+02 9.505707090528519032e+00 2.972819776949241088e+01
1.573710058542647801e+02 9.551519165358451247e+00 2.992494113029827218e+01
1.576106709510727342e+02 9.583550006541077693e+00 3.008756050497121848e+01
1.576704604918890595e+02 9.599686028257456982e+00 3.017100421899528939e+01
1.577904606554160125e+02 9.651793890633175721e+00 3.034651769361590823e+01
1.580138180272108741e+02 9.719620781004708832e+00 3.046726190476190510e+01
1.581638948848770383e+02 9.750094027995814372e+00 3.054168710753532068e+01
1.583705561551543610e+02 9.806314593144950464e+00 3.068567667451596037e+01
1.583705643315018392e+02 9.847024627158555532e+00 3.069723394165358599e+01
1.581858565541601251e+02 9.784414246467818543e+00 3.055646994374673042e+01
1.580572589612768297e+02 9.792741856357928043e+00 3.048551968864468975e+01
1.579444335426478290e+02 9.795153878859235164e+00 3.040796294479330086e+01
1.577056719322344236e+02 9.759860675039245592e+00 3.025812320120355992e+01
1.573961031527995829e+02 9.692892301151228907e+00 3.012011872056514861e+01
1.571776515894819397e+02 9.670844780219781001e+00 3.003361296441653749e+01
1.569759002158555745e+02 9.727649954212454375e+00 3.003462274332810011e+01
1.569358606423338642e+02 9.770310047095762229e+00 3.006250817634746042e+01
1.569971709837781191e+02 9.817364926739927000e+00 3.012689691261119762e+01
1.570323946886447004e+02 9.822319793301936386e+00 3.019660845107273772e+01
1.568576579670329636e+02 9.769067242281527896e+00 3.001352367870224924e+01
1.567807267137624194e+02 9.754112702773417354e+00 2.996453509288330608e+01
1.568088165554683542e+02 9.761336505756148085e+00 3.000963173731030764e+01
1.568181907378335893e+02 9.781589318419674939e+00 3.003851059654630973e+01
1.567307733189429655e+02 9.801576399790684846e+00 3.003398907639979143e+01
1.567038077250130925e+02 9.804797880690736989e+00 2.999566653584510689e+01
1.566243213631606466e+02 9.754676870748300033e+00 2.986236345499738221e+01
1.566142726321297687e+02 9.732322736787022421e+00 2.978974113683934988e+01
1.566892047684458475e+02 9.734820610936681717e+00 2.985248642726321222e+01
1.567181081567242416e+02 9.657701301674515904e+00 2.975525739141810533e+01
1.567693983843537353e+02 9.569417189952904579e+00 2.956608941653584566e+01
1.567258266287284130e+02 9.379586930926215871e+00 2.935791552197802190e+01
1.567036278453689135e+02 9.272754774986918136e+00 2.919481783097854688e+01
1.566291576726844710e+02 9.181633470695970800e+00 2.901693321559393013e+01
1.565761872056514790e+02 9.062974228152800293e+00 2.875697851255887016e+01
1.564166748430141354e+02 8.906859137885923872e+00 2.850741185897435770e+01
1.562990785256410220e+02 8.794246304290947336e+00 2.825138589089482011e+01
1.562414066588173682e+02 8.754783163265306811e+00 2.825530236132914652e+01
1.561389120552067027e+02 8.688505690737834186e+00 2.810896209445316529e+01
1.557952233778126754e+02 8.578554258241759101e+00 2.778410763343799061e+01
1.554460279304029200e+02 8.496721284667712482e+00 2.759231913919413870e+01
1.552318525968079541e+02 8.461264553898482532e+00 2.738064985609628366e+01
1.551477343341182689e+02 8.448170133437990614e+00 2.727678980245944373e+01
1.551741194073783277e+02 8.437074829931972886e+00 2.725517971611721535e+01
1.551527873168498104e+02 8.317491660125588382e+00 2.705355507587650621e+01
1.551434131344845753e+02 8.222306711145996871e+00 2.688335622710622630e+01
1.553075287807430698e+02 8.201718668236525289e+00 2.685366382129775076e+01
1.553339956174777683e+02 8.199474260858188757e+00 2.684233549188906309e+01
1.552855221415489382e+02 8.163825385923599853e+00 2.681063988095237960e+01
1.552476779173207717e+02 8.133748691784406404e+00 2.677111541732077526e+01
1.552293383699633580e+02 8.100250196232339661e+00 2.666381312140240567e+01
1.550749198717948616e+02 8.088300464416535718e+00 2.656968700941915174e+01
1.550137812336473075e+02 8.104456927001569611e+00 2.648772321428571530e+01
1.550695275706436291e+02 8.084686518838305247e+00 2.633813284929356513e+01
1.550905407836211509e+02 7.981084020146520075e+00 2.618202593537414913e+01
1.552041961015175389e+02 7.973782541862899365e+00 2.622491496598639316e+01
1.555694539835164960e+02 8.030636773940345918e+00 2.644594616692830868e+01
1.558928816718995165e+02 8.062569498953427782e+00 2.673347968995290458e+01
1.560106456043955916e+02 8.079081632653061007e+00 2.683156315410779769e+01
1.560587102629513367e+02 8.081031691522763794e+00 2.687361002093144791e+01
1.561096775248560959e+02 8.107890992935635310e+00 2.695738896520146355e+01
1.558643298665620023e+02 8.189212944793302640e+00 2.674523318942961936e+01
1.557002469256933637e+02 8.291249672946101157e+00 2.661234710230245781e+01
1.555792860413395999e+02 8.398073652537938472e+00 2.663497514390371634e+01
1.552526941064887467e+02 8.395121991104133485e+00 2.654585704474097341e+01
1.548573595303506067e+02 8.363201530612244028e+00 2.634724947671376327e+01
1.547578942634746113e+02 8.371050824175824800e+00 2.642122089220303494e+01
1.548614599686028157e+02 8.384979232077446554e+00 2.658716804029304015e+01
1.549942806449502939e+02 8.336321788330716132e+00 2.664763212977498696e+01
1.550257105245944445e+02 8.320553702250130357e+00 2.667744718079539368e+01
1.551238839285714164e+02 8.360720009157509125e+00 2.677844551282051455e+01
1.552025526556776640e+02 8.421883176347462197e+00 2.694469518576661571e+01
1.551859056122449090e+02 8.426249345892202314e+00 2.700639390371533111e+01
1.552245838239141733e+02 8.435905612244898322e+00 2.710700385923600209e+01
1.552089588239141733e+02 8.482506704604919179e+00 2.719913494243851559e+01
1.551280620421245544e+02 8.534737212192569089e+00 2.725902259942438377e+01
1.550380772501308115e+02 8.520056580324437689e+00 2.724742036237572052e+01
1.550834641548927380e+02 8.518740188383045364e+00 2.725591558738880238e+01
1.551305803571428612e+02 8.575676183935112107e+00 2.735084706959706935e+01
1.553625801282051384e+02 8.737886741234955679e+00 2.770927770146520075e+01
1.554508070054945108e+02 8.918195643642071957e+00 2.796874182365253958e+01
1.554414900575614809e+02 9.028286074045002607e+00 2.793815819597069705e+01
1.554846039377289344e+02 9.123605932757717696e+00 2.800707254055468454e+01
1.554467024790685628e+02 9.075851975405546668e+00 2.782323963239141662e+01
1.554238291470434206e+02 9.048224097331239335e+00 2.769958055337519554e+01
1.555007031658817311e+02 9.075287807430663989e+00 2.774578509288330608e+01
1.554570619113029863e+02 9.152362146781790386e+00 2.791449584641548753e+01
1.551573783359497725e+02 9.171175922291993743e+00 2.792768838304552759e+01
1.547132636708529674e+02 9.144606881214023986e+00 2.779242297880690771e+01
1.544901188840921122e+02 9.170771193092621232e+00 2.779857568027210846e+01
1.545039532639979143e+02 9.200680272108844093e+00 2.781748348377812619e+01
1.549050889586604001e+02 9.172999247776033371e+00 2.789886267006802711e+01
1.553485903976975351e+02 9.162529434850863908e+00 2.801764455782312879e+01
1.555746664050235495e+02 9.157836211407639482e+00 2.804581616300366420e+01
1.557172741692830868e+02 9.156675170068027114e+00 2.806263899790685556e+01
1.558490237441130262e+02 9.186220401622186671e+00 2.813221153846154010e+01
1.557251275510204209e+02 9.266957744636316718e+00 2.826371991104133841e+01
1.555887133699633580e+02 9.308779761904762751e+00 2.841655219780219710e+01
1.554430476517530053e+02 9.392395179225536239e+00 2.850741594714808969e+01
1.551868254513343857e+02 9.407787153322868079e+00 2.850213811486132798e+01
1.549849309916274080e+02 9.405882064364206485e+00 2.838919005102040671e+01
1.548774079343275787e+02 9.323963239141811243e+00 2.841597576530612201e+01
1.548802287742019814e+02 9.299773515175301597e+00 2.844594207875458025e+01
1.549302394034536974e+02 9.345430239403453854e+00 2.854992477760334779e+01
1.550145375457875332e+02 9.454265600470957764e+00 2.872537692961800104e+01
1.553798117804814183e+02 9.816052622972266661e+00 2.930769639586603859e+01
1.554745920002616515e+02 1.000650837257980186e+01 2.957507931057038064e+01
1.554596047553636708e+02 1.003938955389848253e+01 2.954953640109890145e+01
1.553730254120879124e+02 9.975115286499214307e+00 2.935770293694400834e+01
1.553145154696493933e+02 9.931555795395080821e+00 2.922517660910517989e+01
1.551135572017268487e+02 9.972114566980637917e+00 2.915526883830455418e+01
1.549680795395081248e+02 9.928395637100994264e+00 2.915878466771323829e+01
1.548517382914704399e+02 9.881381639194138700e+00 2.908739288984824611e+01
1.547984203296703356e+02 9.806690705128204399e+00 2.900348721219257087e+01
1.549234980049712078e+02 9.797729428309786215e+00 2.901460704474097341e+01
1.550769026360544274e+02 9.822789933281004693e+00 2.904106161695447241e+01
1.551143298665620023e+02 9.849784144427001564e+00 2.912233042255363813e+01
1.551903126635269530e+02 9.867216117216116800e+00 2.920147337781266472e+01
1.553024430926216723e+02 9.821162840136054228e+00 2.922891319989534153e+01
1.553918555402930508e+02 9.796020571690213785e+00 2.921504202642595516e+01
1.554648866758241752e+02 9.822176707221350611e+00 2.928814266091051977e+01
1.553564274267399128e+02 9.882399594453165292e+00 2.928839203950811054e+01
1.552677181449502939e+02 9.965189200680272918e+00 2.929305255756148441e+01
1.552867485936682499e+02 1.017546850470957587e+01 2.954320381998953593e+01
1.553376136512297307e+02 1.040458611329147054e+01 2.982407770800627844e+01
1.552316849816849924e+02 1.045292059131344864e+01 2.991038314364207196e+01
1.552823578950811054e+02 1.035405219780219710e+01 2.986308706174777683e+01
1.553741987179487296e+02 1.023699551936159047e+01 2.975885498430141141e+01
1.555742003532182025e+02 1.021066768053375284e+01 2.978121729461015121e+01
1.557079163396127797e+02 1.024342212846677214e+01 2.979809327577184774e+01
1.558600577250130925e+02 1.025548632914704328e+01 2.987615286499215017e+01
1.558460312009419226e+02 1.024232649790685556e+01 2.978193272501308186e+01
1.557745453950811054e+02 1.017458137100994264e+01 2.965951236263736135e+01
1.555800260007849261e+02 1.015001553506017729e+01 2.952662218733647137e+01
1.552735846742543231e+02 1.017316277472527553e+01 2.944483418367346772e+01
1.550512329931972886e+02 1.020494832548403963e+01 2.943408637493459068e+01
1.550919266745159462e+02 1.022282999738356857e+01 2.955764733778126541e+01
1.551795607666143439e+02 1.024847511119832610e+01 2.960088795133437856e+01
1.551257767530088927e+02 1.017788461538461497e+01 2.957536548273155574e+01
1.552083619505494596e+02 1.008609285060177996e+01 2.944748740842490875e+01
1.553136569531658893e+02 1.013119767137624194e+01 2.947087585034013557e+01
1.553252673665620023e+02 1.024008209052851903e+01 2.961403551805337386e+01
1.552215422226582859e+02 1.032569253663003650e+01 2.974291519492412306e+01
1.552485977564102484e+02 1.036641483516483575e+01 2.983198014782836083e+01
1.553364158163265358e+02 1.042211211407640015e+01 2.990382162480376849e+01
1.554392292974882253e+02 1.051357682496075441e+01 3.009177132391418041e+01
1.552513858908948237e+02 1.054287676609105162e+01 3.013313137755102034e+01
1.549090176936159082e+02 1.054601648351648358e+01 2.999219567634746042e+01
1.547539818812140311e+02 1.052921817765567702e+01 2.989028976975405527e+01
1.546833382391418183e+02 1.056223835688121326e+01 2.995065983124018771e+01
1.545877076792255309e+02 1.054730017006802711e+01 2.983717212846677214e+01
1.548141148286237581e+02 1.041848181580324351e+01 2.977349473443223360e+01
1.550744660845107319e+02 1.034565100078492961e+01 2.978071853741496611e+01
1.553000719518576602e+02 1.036945234824699114e+01 2.989154075091575180e+01
1.555736934196755499e+02 1.044785943223443248e+01 3.005256164965986443e+01
1.557852768511250758e+02 1.047323063840920909e+01 3.016362097723704849e+01
1.555670869309262230e+02 1.055471611721611680e+01 3.017016614338042757e+01
1.552085295656724213e+02 1.061799695839874325e+01 3.018663330716902138e+01
1.549234203296703356e+02 1.064291437728937773e+01 3.015835949764521118e+01
1.548433943288854095e+02 1.071016074699110376e+01 3.023254758634222839e+01
1.548758789573521710e+02 1.076481554160125675e+01 3.033797749869178517e+01
1.549949306645735305e+02 1.081735266221873282e+01 3.040093537414966107e+01
1.550318509615384528e+02 1.076807381606488789e+01 3.038136528649921431e+01
1.549845058215593951e+02 1.064884222919937251e+01 3.015842899659864074e+01
1.550317364926739856e+02 1.060977155285191031e+01 3.019853806907378413e+01
1.551651295133437998e+02 1.065908719256933601e+01 3.021738454997383627e+01
1.550978136446886424e+02 1.075484039769754041e+01 3.034974326268969236e+01
1.549685415031397042e+02 1.089758307169021379e+01 3.041940165489272729e+01
1.549227130756148654e+02 1.099277210884353728e+01 3.046351713762427948e+01
1.548487948063840918e+02 1.096673044217687121e+01 3.043832172291993743e+01
1.547844428636839211e+02 1.098838958660387277e+01 3.043157214809000521e+01
1.547956935177917330e+02 1.104852253401360507e+01 3.062321755625326958e+01
1.547951497906855138e+02 1.110358205782312879e+01 3.084010334903192074e+01
1.547483769950287922e+02 1.117192405808477318e+01 3.094263065803244217e+01
1.547645048403977057e+02 1.120328035060177996e+01 3.105548060570382063e+01
1.547558747056514790e+02 1.121904434850863375e+01 3.112724440737833476e+01
1.549748372906855138e+02 1.106328084118262645e+01 3.100635302197802190e+01
1.551481022697540482e+02 1.096051232993197289e+01 3.088134893380428991e+01
1.552809720041862818e+02 1.102633192700156961e+01 3.096572066326530503e+01
1.552239951268969094e+02 1.101087863029827396e+01 3.093015763997906831e+01
1.550618826857666193e+02 1.089543678048142361e+01 3.075641434458398749e+01
1.547750891221873246e+02 1.089782427394034592e+01 3.054904173207744478e+01
1.546494758961276830e+02 1.089073129251700678e+01 3.037196657509157660e+01
1.546444965005232746e+02 1.098433820643642100e+01 3.046061453427524768e+01
1.546986443615907945e+02 1.108773629644165304e+01 3.055478561616954636e+01
1.547930239403453641e+02 1.123168906985871196e+01 3.075591149921507039e+01
1.549120879120879124e+02 1.129298305860805840e+01 3.091633552459445156e+01
1.549421441653584566e+02 1.130669479330193639e+01 3.096527914050235353e+01
1.549647354133961414e+02 1.132873822605965408e+01 3.098684834510727271e+01
1.549799270669806504e+02 1.129698946886446898e+01 3.101366267660910481e+01
1.550128777472527588e+02 1.125481995682888581e+01 3.090845761381475754e+01
1.550294430272108741e+02 1.125923518445839910e+01 3.097562222004186339e+01
1.550931694793301858e+02 1.121377469256933601e+01 3.096367248822605944e+01
1.549208406920460561e+02 1.100280448717948723e+01 3.071803456959706935e+01
1.547657312925170174e+02 1.080222233124018771e+01 3.039853152799581437e+01
1.547874435832025029e+02 1.075013490973312358e+01 3.027486018445839733e+01
1.549774496336996208e+02 1.081437238356881281e+01 3.036630445447409699e+01
1.550427990907901687e+02 1.083216820381998957e+01 3.029901720303505996e+01
1.550587552328623815e+02 1.074408850078492961e+01 3.015508078231292544e+01
1.551831093014128840e+02 1.067384141156462540e+01 3.009392170329670435e+01
1.550343202184720042e+02 1.068452380952381020e+01 3.009227825745682949e+01
1.545198603479853432e+02 1.070008339874411263e+01 3.003907067634746042e+01
1.541258462519623151e+02 1.074116136839351121e+01 3.000058869701726749e+01
1.537437450941915245e+02 1.066749247776033549e+01 2.985664409994767254e+01
1.535642579147043421e+02 1.056488749345892231e+01 2.961285403584510689e+01
1.535416503139717292e+02 1.049383912218733705e+01 2.945797766221873459e+01
1.536860486983254930e+02 1.038324175824175910e+01 2.939931236917843904e+01
1.538764594780219852e+02 1.035237604657247523e+01 2.944243851386708499e+01
1.540304773351648464e+02 1.031264717425431776e+01 2.945689838435374241e+01
1.541151475013082290e+02 1.031317863683935165e+01 2.946916699372056669e+01
1.541327470892203166e+02 1.035881900837257952e+01 2.945702920591313401e+01
1.539989288984824611e+02 1.036159079016221796e+01 2.939894852171637751e+01
1.537789647108843667e+02 1.036332826399790719e+01 2.929186289900575701e+01
1.536150984432234452e+02 1.030316261119832610e+01 2.925826628728414391e+01
1.535686649659863861e+02 1.031179274594453155e+01 2.924609988226059798e+01
1.537276949241234831e+02 1.038999133307168954e+01 2.938757113422292022e+01
1.538536556449502939e+02 1.045609710230245959e+01 2.952252583725798019e+01
1.538593790881737391e+02 1.049397403192046063e+01 2.955897599424385191e+01
1.538729886185243458e+02 1.050088304552590301e+01 2.958602335164835040e+01
1.539701563317634623e+02 1.050161074045002607e+01 2.955621647697540411e+01
1.540564740319204589e+02 1.051725209314495046e+01 2.954751684327577266e+01
1.542927786499215017e+02 1.041577953296703285e+01 2.959457581109366942e+01
1.542838337257980186e+02 1.043931923731030942e+01 2.966158915489272729e+01
1.541389284079016306e+02 1.053163020015698592e+01 2.980877567373103076e+01
1.540683787938252181e+02 1.065533424908424820e+01 3.002164279173207717e+01
1.539798739207221274e+02 1.065793023940345385e+01 3.006171507064364334e+01
1.537228422619047592e+02 1.060857780612244916e+01 2.991413199895342601e+01
1.536167132718472033e+02 1.066136430533751955e+01 2.985670951072736656e+01
1.537613446821036121e+02 1.072278911564625936e+01 2.997562222004186339e+01
1.538345884026687713e+02 1.079374754709576223e+01 3.003413625065410741e+01
1.538302712912087884e+02 1.074031511643118719e+01 2.994969502223966629e+01
1.538810668498168468e+02 1.070729902537938294e+01 2.993744276556776640e+01
1.538462478741496682e+02 1.068151491365777161e+01 2.998883110936682428e+01
1.537205365319204589e+02 1.070941261119832610e+01 2.987024954212454375e+01
1.536285240057561623e+02 1.073412562140240745e+01 2.986856930272108812e+01
1.534547112114076413e+02 1.078709200026164261e+01 2.983596202904238481e+01
1.535068354264782897e+02 1.083480098770277422e+01 2.993509615384615330e+01
1.536165170395081248e+02 1.083850078492935687e+01 2.997487817242281594e+01
1.536225225667189989e+02 1.085662774725274637e+01 2.999345892203034936e+01
1.536676600928832954e+02 1.086877779958137147e+01 3.002214563710099426e+01
1.536685104330193496e+02 1.092500245290423777e+01 3.010343488356881281e+01
1.539565468014128840e+02 1.088275117739403441e+01 3.019687827053898488e+01
1.540921229068550531e+02 1.085128041601255866e+01 3.023660714285714235e+01
1.540019296180010429e+02 1.079273368001046585e+01 3.021857420852956722e+01
1.538675472592883295e+02 1.078765208006279508e+01 3.016825287807430556e+01
1.537558338239141733e+02 1.084298551151229795e+01 3.026763229330193639e+01
1.533412398613291430e+02 1.090473328754578830e+01 3.026909994767137491e+01
1.530211195054945108e+02 1.092371467817896402e+01 3.019134288330716842e+01
1.528495429421768677e+02 1.095425742412349557e+01 3.012537202380952550e+01
1.527992543171114619e+02 1.097980850994243873e+01 3.013208889324960893e+01
1.529449977106227152e+02 1.106842376373626458e+01 3.026968046834118198e+01
1.531447744963369928e+02 1.114455373495552060e+01 3.037719534929356513e+01
1.532278625392464733e+02 1.106489566980638450e+01 3.022179977760334779e+01
1.531971603545264315e+02 1.096372563448456283e+01 3.007302704735740306e+01
1.530794945381998957e+02 1.087902685112506518e+01 2.989183509942438377e+01
1.529561625130821483e+02 1.078130723443223360e+01 2.968748364730507561e+01
1.525809049581370971e+02 1.073088369963369892e+01 2.969617510465724664e+01
1.525187197475143819e+02 1.075889177786499218e+01 2.977307774071167046e+01
1.525591967556253223e+02 1.079261103479853467e+01 2.989606635923600209e+01
1.526926347462061813e+02 1.081245911826268902e+01 3.002412431318681385e+01
1.526425873233908987e+02 1.091229640894819397e+01 3.013310684850863552e+01
1.526717523547880830e+02 1.097025035975928908e+01 3.009793628990057712e+01
1.526929045656724213e+02 1.101587029042386234e+01 3.002658130559916216e+01
1.527173436682365377e+02 1.102949617346938815e+01 2.992437696232338951e+01
1.526632693942961794e+02 1.103884582679225623e+01 2.986974260858189467e+01
1.525099342621664107e+02 1.107077037545787590e+01 2.985146847200418563e+01
1.522450901033490425e+02 1.114037153322867546e+01 2.997046294479330086e+01
1.521086227760334850e+02 1.121503793825222317e+01 3.001827004840397706e+01
1.521207564756671786e+02 1.123505772501308186e+01 3.012502861721611680e+01
1.520722339416535931e+02 1.122426903453689206e+01 3.016742297880690771e+01
1.520326972135007964e+02 1.117470401622187381e+01 3.009160370879120805e+01
1.522350454604918752e+02 1.114406315410779769e+01 3.004618818681318615e+01
1.524017530088958665e+02 1.112623054029304015e+01 2.998013965201465325e+01
1.525946330455259101e+02 1.115709625196232402e+01 2.996500114468864595e+01
1.527244162087912116e+02 1.129668694400837303e+01 3.019608107666143226e+01
1.527989804094714827e+02 1.141653993328100469e+01 3.041244358320251351e+01
1.527904402145473455e+02 1.147904402145473490e+01 3.051249754709576223e+01
1.526708979264782897e+02 1.147636626766091084e+01 3.056671490711669392e+01
1.527195839874411263e+02 1.154272141548927344e+01 3.069525935374149483e+01
1.527515044479330300e+02 1.156637558869701721e+01 3.080567683804290979e+01
1.527807267137624194e+02 1.155758601517530160e+01 3.075170885661957243e+01
1.528804618001046549e+02 1.148815247252747263e+01 3.075684769099947502e+01
1.529924164377289344e+02 1.145288788592359985e+01 3.079615139324960893e+01
1.530383388932496018e+02 1.143224260858189467e+01 3.085080209968602816e+01
1.529759002158555745e+02 1.143484677524856075e+01 3.081193992019884931e+01
1.527996386054421691e+02 1.147397059785452633e+01 3.084599440737833476e+01
1.525954792974882253e+02 1.148991447540554667e+01 3.074275166797488268e+01
1.523785076530612344e+02 1.156979330193615851e+01 3.078130723443223360e+01
1.523320087650444918e+02 1.161578525641025728e+01 3.086490629905808447e+01
1.523063759157509196e+02 1.160924417844060663e+01 3.079607371794871895e+01
1.523600618131868032e+02 1.161347543825222317e+01 3.076042893118786026e+01
1.523513212977498767e+02 1.162308264652014600e+01 3.082920427786499218e+01
1.522848271520146568e+02 1.158356635923600209e+01 3.089217441784406049e+01
1.522842875130821483e+02 1.155180533751962280e+01 3.087589939822082741e+01
1.523320128532182025e+02 1.159249493066457326e+01 3.100351991758241610e+01
1.525227302459445298e+02 1.170065574306645750e+01 3.113524087519623151e+01
1.526601296768707527e+02 1.169150641025641058e+01 3.103786057692307665e+01
1.526694588893249716e+02 1.167564429618001043e+01 3.101574764521193117e+01
1.525131802721088548e+02 1.163725225667189989e+01 3.088571101517529982e+01
1.524433869701726962e+02 1.165398106357927865e+01 3.087927622972265951e+01
1.523369595434327550e+02 1.164783653846153832e+01 3.086877371140764126e+01
1.521213901425954873e+02 1.162673338566195724e+01 3.065667925824175910e+01
1.518666601255887088e+02 1.161621042647828439e+01 3.046464547357404484e+01
1.517795166143380357e+02 1.158892186682365200e+01 3.037102220695970800e+01
1.519067242281527967e+02 1.160256819073783419e+01 3.046734775641025550e+01
1.520649161106750284e+02 1.162220368916797497e+01 3.049456272893772990e+01
1.521071019754055555e+02 1.160262542517006779e+01 3.051849080978545103e+01
1.519049540489272658e+02 1.154421768707483054e+01 3.045411024986917781e+01
1.517953869047618980e+02 1.151617690345368850e+01 3.040313481161695464e+01
1.517068779434850967e+02 1.147265420591313401e+01 3.038558836996336865e+01
1.516475135727367842e+02 1.142457728283621066e+01 3.031649005756148441e+01
1.514624255952381020e+02 1.143306841967556231e+01 3.026239534275248388e+01
1.512796024659863861e+02 1.144941293825222317e+01 3.020653453689168089e+01
1.511384214743589780e+02 1.143351403061224403e+01 3.014286531920460632e+01
1.510427909144426906e+02 1.145995225013082219e+01 3.015529745552067098e+01
1.510230286826268866e+02 1.145695153061224403e+01 3.013945578231292544e+01
1.510118229984301479e+02 1.150520833333333393e+01 3.023450990973312358e+01
1.510109849228152825e+02 1.151776311486132975e+01 3.029248838958660528e+01
1.511124942765567880e+02 1.158963320905285244e+01 3.040374394950287851e+01
1.514623683608058684e+02 1.164802050627943508e+01 3.069421686944008343e+01
1.515244104853479712e+02 1.171712290685504954e+01 3.080294593799058234e+01
1.515846579016221938e+02 1.167997367216117155e+01 3.077572278911564752e+01
1.515294920852956579e+02 1.165406282705389884e+01 3.075943550497121848e+01
1.514760882718472033e+02 1.161885956305599166e+01 3.067630249215070748e+01
1.513696199633699564e+02 1.156790456567242309e+01 3.056621206174777683e+01
1.513024757980114998e+02 1.153923011512297236e+01 3.052089056776556930e+01
1.509607698848770383e+02 1.160074486525379456e+01 3.049398220826792283e+01
1.506782239338043041e+02 1.168144950287807404e+01 3.051598884746206153e+01
1.504650829081632537e+02 1.182426985217163740e+01 3.067710377420198853e+01
1.504276924712192454e+02 1.190360495159602294e+01 3.078814266091051977e+01
1.502763564560439420e+02 1.193676412872841475e+01 3.084937941522763083e+01
1.501886773940345279e+02 1.183431040685504954e+01 3.071324731815803233e+01
1.501579915620094141e+02 1.175159029958137147e+01 3.057589285714285765e+01
1.502804364534275123e+02 1.174666813840920909e+01 3.052600896127681906e+01
1.504489673273155290e+02 1.176864207221350078e+01 3.059393396781789676e+01
1.506265412414965965e+02 1.178727187990580916e+01 3.065615597200418563e+01
1.507156716051805461e+02 1.181308869701726927e+01 3.071785060177917259e+01
1.506136961996336936e+02 1.180732028388278465e+01 3.070733173076922995e+01
1.504485217163788491e+02 1.179879235347985400e+01 3.070942487571952029e+01
1.503984906462584945e+02 1.182858287545787590e+01 3.071172651753008864e+01
1.503530873888016686e+02 1.187485691391941423e+01 3.075991790947147919e+01
1.502673665620094141e+02 1.186135776425954980e+01 3.077435325091575180e+01
1.502429724293563709e+02 1.188482796964939858e+01 3.083344371402407091e+01
1.503444490777080205e+02 1.193945823521716321e+01 3.088226468472004171e+01
1.504719469518576602e+02 1.195353790554683471e+01 3.092633519754055627e+01
1.505306613029827361e+02 1.194381622841444290e+01 3.092804814233385713e+01
1.506399340986394577e+02 1.189867461407640015e+01 3.094188661041339472e+01
1.506035697933019435e+02 1.191492101648351642e+01 3.100852384222919866e+01
1.503832989926739856e+02 1.194488324175824090e+01 3.102685521323914131e+01
1.501533228676085798e+02 1.192691163003662957e+01 3.093513294740973407e+01
1.499194016548927380e+02 1.191219829277864939e+01 3.095590495813710064e+01
1.499582352171637751e+02 1.190882963762428126e+01 3.100605049712192596e+01
1.499756467490842624e+02 1.191026867477760298e+01 3.092857551674515904e+01
1.500324355703820061e+02 1.192276622187336521e+01 3.089850699895342601e+01
1.499899594453166003e+02 1.189434114992150704e+01 3.087746925693354427e+01
1.500233639128728385e+02 1.190220679618001043e+01 3.086649251046572573e+01
1.499868401687598123e+02 1.193473639455782376e+01 3.085103921376242653e+01
1.499695676347461983e+02 1.195242592229199374e+01 3.090252158555729878e+01
1.499684147697540482e+02 1.200146356619570831e+01 3.096800186420722056e+01
1.499542819531658893e+02 1.204852253401360507e+01 3.096183281004709542e+01
1.499103708791208760e+02 1.203853512558869632e+01 3.097326334379905788e+01
1.498201121794871824e+02 1.202383814102564052e+01 3.083785894165358599e+01
1.495468545591313330e+02 1.199305010465724664e+01 3.071958807561486182e+01
1.494108083137101062e+02 1.202773825876504432e+01 3.068536597331240046e+01
1.494247653388278252e+02 1.206657999738356857e+01 3.068595875850339993e+01
1.494807814952904153e+02 1.211381884484563010e+01 3.077120535714285765e+01
1.495297986983254930e+02 1.210236378205128283e+01 3.077133209052852081e+01
1.496103152799581437e+02 1.212689691261119762e+01 3.078840839220303494e+01
1.496663150837258058e+02 1.218933967817896402e+01 3.084039360936682428e+01
1.495970573325484168e+02 1.225004496991104119e+01 3.093194008372579873e+01
1.493562066653584566e+02 1.224594044348508604e+01 3.088575598508634101e+01
1.489249125130821483e+02 1.226351141418105684e+01 3.092095107273678778e+01
1.487117183411826318e+02 1.230538657770800626e+01 3.107574159471480968e+01
1.485941056711145905e+02 1.237388801674515904e+01 3.114300022893772990e+01
1.486265289769754077e+02 1.241321215986394577e+01 3.130913952119309229e+01
1.487430010465724877e+02 1.246717605311355292e+01 3.141312630821559537e+01
1.487575753859235874e+02 1.243566032182103598e+01 3.141886610413396141e+01
1.486530285190999336e+02 1.241640093537414913e+01 3.132207041470434206e+01
1.485930304814233409e+02 1.237256753663003650e+01 3.125527783228676171e+01
1.485990973312401877e+02 1.232342360020931515e+01 3.115705128205128105e+01
1.485070480115122962e+02 1.230688284929356335e+01 3.105111034798534675e+01
1.485226525706436291e+02 1.226197834903192074e+01 3.095895064756671999e+01
1.484918277407116705e+02 1.221728643380429169e+01 3.088568239795918302e+01
1.485980384942438377e+02 1.221617445054945073e+01 3.087645538984824611e+01
1.487822679552590159e+02 1.232692716509680864e+01 3.101739517922553802e+01
1.488649144754055555e+02 1.236602645866038763e+01 3.115053882129775076e+01
1.487607396323914202e+02 1.234453084118262645e+01 3.111777619701726749e+01
1.487172905219780148e+02 1.230612653715332350e+01 3.101682692307692335e+01
1.486248201203558210e+02 1.230686240842490875e+01 3.102293874280481489e+01
1.487311289900575559e+02 1.233742150706436469e+01 3.107908163265306101e+01
1.487447998430141354e+02 1.237901458660387277e+01 3.109890109890109855e+01
1.483525232208267823e+02 1.243371435112506518e+01 3.110193043563579351e+01
1.480121459641548824e+02 1.248639864599686078e+01 3.110975928833071791e+01
1.477489616038723170e+02 1.245437598116169475e+01 3.098773139063317572e+01
1.475406119178440747e+02 1.242497792386185296e+01 3.090497857796965064e+01
1.475431670264259481e+02 1.245342343668236573e+01 3.095714776295133319e+01
1.476635514782836083e+02 1.249716689560439598e+01 3.105074650052328522e+01
1.477084886839351157e+02 1.249060537676609073e+01 3.110542582417582480e+01
1.477910861459968714e+02 1.246000948456305579e+01 3.122450206043956200e+01
1.478535657051282044e+02 1.248133339874411263e+01 3.128847380298273251e+01
1.478299687663526925e+02 1.248104313840920909e+01 3.124342621664050412e+01
1.478508429814233409e+02 1.244221775248560924e+01 3.112131246729461154e+01
1.478643298665620023e+02 1.248554012951334435e+01 3.100002452904238481e+01
1.478664352760334850e+02 1.249097740057561445e+01 3.097586342229199374e+01
1.479468619178440747e+02 1.253705929487179560e+01 3.094207057823129148e+01
1.479599154565672450e+02 1.254154402145473490e+01 3.087318076268969236e+01
1.479210655416012514e+02 1.249411302982731620e+01 3.089585786237572052e+01
1.479501610740450133e+02 1.251200287807430733e+01 3.103916470434327479e+01
1.479611214678178897e+02 1.251253842883307144e+01 3.107592965070643487e+01
1.480626267333856561e+02 1.251615646258503389e+01 3.112165178571428470e+01
1.481131933542647801e+02 1.253915243982208239e+01 3.119969093406593430e+01
1.482517783555730091e+02 1.248112899005756127e+01 3.107304748822605944e+01
1.483421637885923587e+02 1.242918874280481489e+01 3.099432152668759954e+01
1.483681318681318544e+02 1.244174761250654093e+01 3.096194319073783419e+01
1.480420509549973929e+02 1.239020391810570310e+01 3.085760890894819397e+01
1.477671335361067406e+02 1.237061338958660350e+01 3.073096546310831911e+01
1.473794274921507110e+02 1.243261872056514861e+01 3.080559098639455939e+01
1.472258348050758627e+02 1.246746631344845646e+01 3.098533163265306101e+01
1.472610789508110827e+02 1.248332025117739441e+01 3.114122596153845990e+01
1.473173853676085798e+02 1.250833987441130368e+01 3.121124820120355992e+01
1.473368164573521710e+02 1.247473917451596037e+01 3.119745061486132798e+01
1.474336816457352199e+02 1.245017742673992700e+01 3.115596382783882845e+01
1.475285354526425863e+02 1.243376749738356857e+01 3.113996680402930295e+01
1.475437393707483125e+02 1.242186273547880759e+01 3.109673845499738221e+01
1.474630265567765548e+02 1.241609841051805319e+01 3.109116627420198853e+01
1.474053587781266401e+02 1.243695627289377370e+01 3.111840986394557973e+01
1.474359914638932594e+02 1.241963059262166347e+01 3.106204621271585609e+01
1.475682479722658229e+02 1.239147534013605423e+01 3.100898580586080655e+01
1.476136839351125047e+02 1.236193828492935687e+01 3.094767546441653749e+01
1.476302165096807926e+02 1.234440819597069527e+01 3.081471987833594994e+01
1.475740654434850967e+02 1.226464383830455240e+01 3.079189151622187381e+01
1.475691391941391828e+02 1.221357846023024507e+01 3.077329850209314444e+01
1.476504488814756542e+02 1.220796539769754041e+01 3.074622661564625759e+01
1.476456330128205252e+02 1.216480245944531724e+01 3.069057839481946459e+01
1.476010392137624194e+02 1.203129496991104119e+01 3.056356292517006779e+01
1.474469355049712078e+02 1.191499051543694421e+01 3.038312320120355992e+01
1.471966943027210846e+02 1.177207204997383627e+01 3.004975307430664699e+01
1.467973246991104190e+02 1.145821886446886495e+01 2.956071346807954114e+01
1.463469224228152825e+02 1.127570234824699114e+01 2.917108189429617937e+01
1.460236173796441790e+02 1.121400771847200417e+01 2.904745552066980707e+01
1.458750694989534225e+02 1.123463255494505475e+01 2.899153748037676692e+01
1.457296204539508153e+02 1.134157509157509125e+01 2.898353283621140619e+01
1.458118663330716913e+02 1.143027619701726927e+01 2.907935145211930816e+01
1.458356881214023986e+02 1.137842588958660350e+01 2.899861002093144791e+01
1.458685202446363292e+02 1.130672341051805319e+01 2.886370028780742913e+01
1.459763049450549488e+02 1.134189805729984357e+01 2.894173534798534675e+01
1.460847192242281665e+02 1.140259926085818876e+01 2.907757718472004171e+01
1.461603340855573094e+02 1.146414671637885974e+01 2.920260171376242653e+01
1.461093750000000000e+02 1.145414295525902659e+01 2.928362114076399791e+01
1.459879071821036121e+02 1.146701661433804276e+01 2.927755429094714756e+01
1.458976321297749905e+02 1.150576841313448462e+01 2.928249280481423256e+01
1.458771912611198331e+02 1.152806122448979664e+01 2.928376013867085348e+01
1.458299851190476204e+02 1.147083088042909438e+01 2.913918187467294629e+01
1.458465258699633580e+02 1.144041895604395620e+01 2.907477678571428470e+01
1.459737171310831911e+02 1.149581779827315486e+01 2.915230082417582480e+01
1.460853896847200417e+02 1.155275788199895359e+01 2.927931629382522161e+01
1.465120437598116041e+02 1.152733352956567181e+01 2.937962781266352863e+01
1.468246623168498104e+02 1.152720270800628022e+01 2.955992853872318094e+01
1.469446829212454304e+02 1.153559981684981750e+01 2.964376880559916216e+01
1.470652431645735305e+02 1.156777783228676171e+01 2.974177050627943331e+01
1.470879243524332765e+02 1.157967441784406049e+01 2.982325598508634101e+01
1.466116234955520667e+02 1.164391597985347993e+01 2.973485740450026071e+01
1.460022280546833997e+02 1.165150363029827396e+01 2.961791928309785504e+01
1.455854387428048256e+02 1.165935292386185296e+01 2.954698538069073876e+01
1.454109595761381399e+02 1.168850977891156440e+01 2.955130249215070748e+01
1.453690026491365757e+02 1.170645277341705892e+01 2.953135629251700678e+01
1.454597601059654721e+02 1.161503303244374585e+01 2.938582548403977057e+01
1.454944932299843003e+02 1.150541683019361550e+01 2.927051445578231181e+01
1.455448472658294179e+02 1.137001242804814183e+01 2.901915309392988007e+01
1.455631909013605423e+02 1.113744440083725884e+01 2.866597985347985400e+01
1.455124525771847175e+02 1.094093815410779769e+01 2.836432986656200939e+01
1.451888818027210846e+02 1.076395293694400834e+01 2.799011888409209803e+01
1.450244104853479712e+02 1.071517693615907874e+01 2.789287758372579873e+01
1.449917786826268866e+02 1.080065656070120284e+01 2.801767726321297758e+01
1.449617551347461983e+02 1.084608434720041892e+01 2.806577871533228574e+01
1.449941007653061149e+02 1.091109039769754041e+01 2.819062336473050934e+01
1.448984497645211889e+02 1.097395424515960194e+01 2.831382456828885452e+01
1.448642726321297687e+02 1.101433722527472447e+01 2.836237571951857817e+01
1.449478349031920459e+02 1.104115155677655657e+01 2.838167189952904224e+01
1.449498830782312950e+02 1.100823767006802711e+01 2.833247890502354949e+01
1.450085933411826318e+02 1.097587159863945594e+01 2.831515322475143748e+01
1.454562933346415434e+02 1.088914099293563531e+01 2.832518560308738742e+01
1.456814290620094141e+02 1.076858483778126718e+01 2.825085442830978621e+01
1.458296866823652636e+02 1.073854902537938294e+01 2.818947867608581959e+01
1.460341158097854475e+02 1.077895653453689206e+01 2.823169724620617416e+01
1.459923673796441790e+02 1.080976909994767077e+01 2.832060276033490354e+01
1.456396233974358836e+02 1.087562549058084826e+01 2.838866676478283679e+01
1.453309253990057641e+02 1.091562827053898488e+01 2.851876062925170174e+01
1.451787308673469283e+02 1.095232780612244916e+01 2.858581076661433684e+01
1.452328869047618980e+02 1.101093995290423777e+01 2.878112326661433684e+01
1.454214253008895810e+02 1.111768625719518511e+01 2.897223312401883888e+01
1.457123479199372014e+02 1.119759370094191553e+01 2.898921948587127062e+01
1.459003875588697099e+02 1.127656904107796976e+01 2.896010760073260215e+01
1.459327495421245544e+02 1.129102891156462540e+01 2.894849718733647137e+01
1.459082818223443212e+02 1.127420198848770205e+01 2.890453705520669914e+01
1.459020555337519625e+02 1.124784144427001564e+01 2.883301445578231181e+01
1.458518364076399791e+02 1.127362146781789676e+01 2.879784389717425341e+01
1.458069196428571388e+02 1.132647746598639493e+01 2.888594404107796976e+01
1.458336522108843667e+02 1.139131590136054406e+01 2.902250948456305579e+01
1.458846685308738813e+02 1.145240956959706935e+01 2.913795133437990614e+01
1.459274349162741942e+02 1.148048714678179039e+01 2.918054192830978621e+01
1.461181441326530717e+02 1.152193305206698071e+01 2.930950336865515382e+01
1.461346317373103147e+02 1.152443092621664000e+01 2.936069139194139055e+01
1.461422807103610637e+02 1.148799303375196246e+01 2.939001586211407613e+01
1.462387329931972886e+02 1.148043808869701721e+01 2.937424368785976014e+01
1.462322450614861395e+02 1.141729624542124455e+01 2.926294724620617416e+01
1.461659512362637372e+02 1.137141058346415434e+01 2.914269361590790197e+01
1.462086113291470326e+02 1.141330209968602816e+01 2.919275330324437334e+01
1.462036033163265358e+02 1.141884566326530681e+01 2.927075974620617416e+01
1.459006001439037163e+02 1.140743557038199896e+01 2.915186338958660528e+01
1.455812279238618601e+02 1.140784438775510168e+01 2.908176756279434727e+01
1.454596987833594994e+02 1.143757358712715799e+01 2.915020359105180603e+01
1.454726664704343193e+02 1.143732420852956544e+01 2.924642284798534675e+01
1.455530031724228195e+02 1.142808902407116634e+01 2.925623855311355470e+01
1.457423551151229617e+02 1.143016581632653050e+01 2.934927312271062405e+01
1.458659079016221938e+02 1.143715659340659307e+01 2.938614027341705892e+01
1.459335671768707527e+02 1.141027685112506518e+01 2.935748217556253437e+01
1.459812557234432120e+02 1.140637673338566138e+01 2.933092131083202503e+01
1.460412210557299773e+02 1.138287791077969580e+01 2.930062385531135405e+01
1.461383724162741942e+02 1.140924254317111419e+01 2.929602057169021379e+01
1.461452732535321957e+02 1.139593553767660872e+01 2.932192324045002607e+01
1.461192847331240330e+02 1.146900346677132454e+01 2.935497203689168089e+01
1.461384419152276166e+02 1.152780366954474012e+01 2.941425464416535718e+01
1.462274946036106655e+02 1.156945807169021379e+01 2.951356456043956200e+01
1.462578084118262609e+02 1.157708660387231880e+01 2.955144149005756304e+01
1.463160240057561623e+02 1.156040685504971144e+01 2.958979673600209281e+01
1.464440860478806883e+02 1.156166192438513818e+01 2.955001471742543018e+01
1.465870985413395999e+02 1.157512428048142361e+01 2.956792909471480968e+01
1.466883912218733599e+02 1.157179650706436469e+01 2.956974833202511732e+01
1.466900142268445961e+02 1.148793171114599687e+01 2.943087307038199896e+01
1.466387158228675958e+02 1.141918089351125154e+01 2.932244243851386756e+01
1.465262787807430698e+02 1.135724097331240223e+01 2.923926036760858338e+01
1.461991226779173303e+02 1.131432332548403963e+01 2.905399251046572573e+01
1.458708055337519625e+02 1.126810652145473490e+01 2.890667108189429513e+01
1.457266810570382063e+02 1.128864550627943508e+01 2.885444466248037543e+01
1.457566678113552996e+02 1.129785207352171561e+01 2.887168449110413349e+01
1.457513000392464733e+02 1.132064773024594473e+01 2.889074764521193117e+01
1.458668440934065984e+02 1.135992690345368850e+01 2.895782639979068662e+01
1.460369652668759670e+02 1.140494587257980186e+01 2.905475291077969757e+01
1.461714375654107698e+02 1.142436878597592909e+01 2.918985478806907352e+01
1.462501349097331342e+02 1.143883274463631672e+01 2.922355360413396141e+01
1.461868540685505025e+02 1.147317340397697549e+01 2.926239125457875545e+01
1.461002093144950322e+02 1.151204375981161654e+01 2.923067111459968714e+01
1.460930877158555745e+02 1.154912758372579873e+01 2.924293154761904745e+01
1.461707630167451555e+02 1.156272076138147575e+01 2.932038608712715799e+01
1.462284062663526925e+02 1.159677524856096298e+01 2.932503434065933945e+01
1.463669135923600209e+02 1.156315410779696506e+01 2.933993982208268037e+01
1.464548420329670364e+02 1.157304748822605944e+01 2.934496418759811576e+01
1.465627166732077455e+02 1.157044332155939337e+01 2.935755576268969236e+01
1.466677541208791240e+02 1.157182103610675128e+01 2.940518707482993221e+01
1.467285616169544653e+02 1.158252796310832089e+01 2.946810406855049536e+01
1.467336677459445298e+02 1.160638245682888581e+01 2.955620830062794369e+01
1.467545583137101062e+02 1.157072949372056492e+01 2.961477956567242131e+01
1.467936085491889173e+02 1.158172668105703806e+01 2.964470908555729878e+01
1.466940247252747156e+02 1.155482649790685556e+01 2.964466002747252915e+01
1.464358851713762419e+02 1.152776278780743091e+01 2.954905399659864074e+01
1.463899259222919795e+02 1.150576023678702242e+01 2.955236950549450725e+01
1.463897378663003792e+02 1.149817667451596037e+01 2.952954114338042757e+01
1.465254979395604380e+02 1.149167647828362071e+01 2.958108892595499739e+01
1.467436020081109405e+02 1.146938775510204067e+01 2.961320153061224403e+01
1.467862171310831911e+02 1.149543759811616894e+01 2.966580406200941766e+01
1.467504169937205631e+02 1.160322229853479925e+01 2.971317781920460632e+01
1.466507187009419226e+02 1.164807774071166868e+01 2.965179389063317572e+01
1.466087249803767634e+02 1.163937810701203546e+01 2.962992624934589259e+01
1.465749484890109784e+02 1.168457286760858160e+01 2.958682463369963500e+01
1.465837993851386614e+02 1.173431776556776640e+01 2.963034733124018771e+01
1.468457000588697099e+02 1.177705553375196246e+01 2.969672700811093691e+01
1.470329588566195582e+02 1.180131066849816790e+01 2.974421932234432120e+01
1.471211325876504361e+02 1.179539099293563531e+01 2.975262460753532068e+01
1.471277227237048635e+02 1.175222805468341214e+01 2.967333038984824611e+01
1.472169348508634243e+02 1.177810619440083784e+01 2.972990662611198331e+01
1.471859628466771426e+02 1.179352678571428648e+01 2.989839661826269079e+01
1.471324609170591202e+02 1.181378368655154354e+01 2.998796850470957764e+01
1.470328811813186860e+02 1.178169969911041370e+01 3.004274185635792804e+01
1.470325786564625901e+02 1.180457711930926301e+01 3.009556106096284722e+01
1.471050905939298730e+02 1.181804765175300886e+01 3.014871549581371113e+01
1.473114820447409841e+02 1.179414818812140275e+01 3.008303489665096819e+01
1.472785599816849924e+02 1.173195480115122891e+01 2.986512297226583001e+01
1.471773858581894387e+02 1.169901229722658265e+01 2.977024463631606466e+01
1.472184147697540482e+02 1.170121991104134018e+01 2.976631998953427427e+01
1.472745208660387277e+02 1.170292467948717885e+01 2.981129398874934466e+01
1.470831289246467861e+02 1.172580209968602816e+01 2.992403355572998436e+01
1.470015657705389742e+02 1.177548976321297758e+01 3.002685930141287329e+01
1.469716403388278252e+02 1.183268740188383106e+01 3.009702053898482532e+01
1.468926772632129882e+02 1.180322393380429169e+01 3.010191817111460111e+01
1.468818313383045506e+02 1.183216002747252737e+01 3.010471039377289415e+01
1.470488454997383485e+02 1.181123266614338085e+01 3.012954196101517468e+01
1.470928873953427569e+02 1.179030530481423256e+01 3.006763065803244217e+01
1.471832074175824232e+02 1.182161253924646793e+01 3.012120208660387277e+01
1.471896626439037163e+02 1.182203362114076484e+01 3.017921736002093169e+01
1.472232020211930887e+02 1.183550006541078048e+01 3.015389930010465847e+01
1.474494660845107319e+02 1.181494063971742570e+01 3.018835442830978621e+01
1.476651049843014221e+02 1.180940934065934123e+01 3.027375637755102034e+01
1.477976435766614429e+02 1.178970025510204067e+01 3.026102171637885974e+01
1.479196632980114998e+02 1.177783228676085869e+01 3.026425954997383627e+01
1.479894157182103527e+02 1.179442618393511211e+01 3.030355098770277422e+01
1.479296507064364334e+02 1.180339972527472447e+01 3.030870208660387277e+01
1.478549556841967672e+02 1.182443337912087955e+01 3.023360233516483575e+01
1.477072622318158039e+02 1.182571297749869110e+01 3.023916225143903702e+01
1.473910542582417520e+02 1.184177541208791240e+01 3.019288003663003650e+01
1.471292394361590823e+02 1.184723721219256909e+01 3.018684998037676692e+01
1.469603815083725920e+02 1.190164262820512775e+01 3.022835312009419084e+01
1.469089154892726299e+02 1.191365368262689728e+01 3.026259566326530503e+01
1.470013899790685628e+02 1.194010416666666607e+01 3.036985707744636187e+01
1.470923027864992036e+02 1.196229477367870153e+01 3.041573456305599166e+01
1.472166977367870118e+02 1.198898237179487225e+01 3.053343717294610116e+01
1.473911278453689135e+02 1.198028273809523725e+01 3.054791339612768297e+01
1.475827323717948616e+02 1.195352564102564052e+01 3.056435194270015643e+01
1.476621737637362628e+02 1.196388098508634279e+01 3.055939298796441506e+01
1.477047643576661358e+02 1.197642350209314444e+01 3.055759419152276379e+01
1.476630976909994786e+02 1.197230262297226666e+01 3.050026573129251872e+01
1.474845794086865567e+02 1.194835001308215539e+01 3.042338762428047971e+01
1.473724285387231703e+02 1.193878368655154354e+01 3.032745862768184253e+01
1.473059630102040956e+02 1.192699748168498175e+01 3.026416143380428991e+01
1.473030481423338642e+02 1.191175268184196767e+01 3.026166355965463239e+01
1.474034618655154247e+02 1.192108598246991136e+01 3.034472298534798540e+01
1.474964759942438377e+02 1.194983810832025206e+01 3.032076628728414391e+01
1.476131810897435912e+02 1.194112212192569267e+01 3.034047537284144269e+01
1.476680607339089590e+02 1.194828460230245959e+01 3.029098802982731442e+01
1.478567217752485590e+02 1.193162120617477839e+01 3.031591362506540932e+01
1.476688211342229238e+02 1.193112653715332350e+01 3.027122170983778204e+01
1.472575099751439041e+02 1.195186175431711106e+01 3.017485119047618980e+01
1.469332605638409177e+02 1.195078247645211889e+01 3.007635890894819397e+01
1.468175856881213974e+02 1.193976076007326093e+01 3.003178963893249431e+01
1.468574249411302901e+02 1.192544806384092126e+01 3.000430893511250829e+01
1.468678661368393534e+02 1.196242559523809490e+01 3.005604886185243174e+01
1.470670460491889173e+02 1.189302475798011471e+01 3.009955111852433163e+01
1.472887640633176431e+02 1.186320970695970622e+01 3.018650657378335822e+01
1.475488332352171597e+02 1.183581076661433862e+01 3.024751439037153489e+01
1.476976795525902730e+02 1.182294937205651486e+01 3.030782721742543018e+01
1.477680738160648843e+02 1.183379938513867025e+01 3.033145686159079091e+01
1.477180182169021521e+02 1.193318288854003129e+01 3.035440786891679821e+01
1.477785681580324422e+02 1.202174908424908395e+01 3.035263768969126019e+01
1.477569580716902067e+02 1.204167075484039806e+01 3.038849506148613244e+01
1.476789148351648464e+02 1.201504039115646272e+01 3.032790015044479404e+01
1.475840446755625237e+02 1.200079719387755084e+01 3.019897550366300365e+01
1.474853643380428991e+02 1.192360838566195724e+01 3.022895408163265429e+01
1.473964465593929845e+02 1.184206567242281594e+01 3.017962617739403441e+01
1.473727147108843667e+02 1.180025591967556231e+01 3.019859939167974971e+01
1.474474874084249052e+02 1.178483124018838346e+01 3.021354166666666785e+01
1.475279181384092055e+02 1.175004905808477318e+01 3.024311142726321222e+01
1.475770702511773891e+02 1.175607502616431255e+01 3.025833987441130191e+01
1.474453779107796834e+02 1.174878172422815226e+01 3.020643233254840254e+01
1.472859023417059063e+02 1.177028551805337564e+01 3.023069973181580394e+01
1.472616840005232746e+02 1.175584200026164261e+01 3.024769018184196767e+01
1.472211334052852010e+02 1.171166519492412306e+01 3.017543988749345729e+01
1.471108712715855518e+02 1.166955291732077526e+01 3.002509729853479925e+01
1.470745437598116041e+02 1.165183886054421691e+01 2.996292435243328001e+01
1.470392750850340065e+02 1.162466476975405527e+01 2.989256688252223881e+01
1.470443607731554039e+02 1.161455880429094734e+01 2.980413968472004171e+01
1.470827773417059063e+02 1.162927214154892752e+01 2.984565917713239003e+01
1.471668097527472412e+02 1.162534749476713714e+01 2.991162186028257608e+01
1.471001316391941316e+02 1.160598590397697549e+01 2.990579621271585609e+01
1.469151172488226109e+02 1.141167909471480968e+01 2.970166143380428991e+01
1.466628605769230660e+02 1.106353839612768120e+01 2.923870028780742913e+01
1.465042803178963879e+02 1.090951645081109334e+01 2.896846382783882845e+01
1.466884402799581437e+02 1.095211522108843560e+01 2.895936355311355470e+01
1.469310815672422734e+02 1.104868197278911524e+01 2.909416290554683471e+01
1.470188546572475161e+02 1.111760040554683471e+01 2.909555697278911524e+01
1.470206166601255973e+02 1.116620879120879195e+01 2.911927246860282636e+01
1.470371410583464069e+02 1.119255298273155397e+01 2.917619211145996871e+01
1.471298771912611301e+02 1.118528829801151225e+01 2.939634844322344165e+01
1.469807774071167046e+02 1.120352155285191031e+01 2.947179977760334779e+01
1.467074584641548824e+02 1.112964416535845125e+01 2.943620813710099426e+01
1.464795468668236538e+02 1.105043171114599687e+01 2.934566326530612201e+01
1.464496623168498104e+02 1.103589825353218146e+01 2.935355344060701199e+01
1.464236165620094141e+02 1.103141352694924038e+01 2.923691375588697028e+01
1.465048526622187239e+02 1.105651491365777161e+01 2.916279925431711106e+01
1.465732600732600872e+02 1.106829703035060142e+01 2.915177344976452289e+01
1.465784520538984737e+02 1.103154026033490354e+01 2.904050153715332172e+01
1.466426854395604380e+02 1.098648449764521118e+01 2.895598263343799061e+01
1.468393797422815226e+02 1.095891794217687121e+01 2.893581158424908395e+01
1.468923829147043421e+02 1.095646912611198331e+01 2.893304797880690771e+01
1.468975258372579731e+02 1.096511152537938294e+01 2.897099440737833476e+01
1.469465307757718335e+02 1.100390011773940380e+01 2.900624264128728313e+01
1.469893339547357414e+02 1.101185570381998957e+01 2.903526458660387277e+01
1.468654500261643250e+02 1.100104248430141318e+01 2.899619799843014079e+01
1.466248977956567217e+02 1.097954686682365200e+01 2.893235298927263344e+01
1.465445692700156997e+02 1.099399447278911524e+01 2.895764652014652185e+01
1.465389643838304607e+02 1.094694776949241266e+01 2.890131148613291501e+01
1.466041462257980186e+02 1.098137019230769162e+01 2.893816228414442548e+01
1.467000179879644293e+02 1.102467212846677214e+01 2.900824175824175910e+01
1.467346039377289344e+02 1.107328460230245959e+01 2.906674761250654271e+01
1.466623659079016306e+02 1.111667239010989050e+01 2.908621549581371113e+01
1.465357388147566837e+02 1.113363422291993743e+01 2.913741578362114026e+01
1.464500997514390406e+02 1.115913216248037720e+01 2.915879693223443070e+01
1.466337323390894767e+02 1.113731766745159568e+01 2.909086783751962457e+01
1.466793727106227152e+02 1.106796588827838868e+01 2.902505641679748649e+01
1.467577470892203166e+02 1.107217670722135061e+01 2.897159536891679821e+01
1.467971816130298350e+02 1.105223050758764991e+01 2.892788870355834518e+01
1.468359334118262609e+02 1.103390731292516946e+01 2.893633895866038586e+01
1.467778200222396663e+02 1.101312712585034070e+01 2.897593700941915174e+01
1.467437737114076413e+02 1.104837944793301929e+01 2.901424319727891188e+01
1.466787758372579731e+02 1.103999460361067442e+01 2.899592409079016164e+01
1.466607756083202503e+02 1.106413118131868067e+01 2.905894328885400313e+01
1.467178260727367842e+02 1.105876340920983836e+01 2.910905612244897966e+01
1.467421220892203166e+02 1.107086440345368850e+01 2.909339024071167046e+01
1.468277366234955537e+02 1.110555255756148618e+01 2.920205798665620023e+01
1.469166216967556124e+02 1.117384958791208760e+01 2.926124247776033371e+01
1.468767783555730091e+02 1.117597543825222317e+01 2.925806596677132276e+01
1.467384141156462647e+02 1.110822213500784983e+01 2.918146176739926645e+01
1.466319171899529010e+02 1.102071886446886495e+01 2.908704539508110898e+01
1.464515960230245923e+02 1.093366529304029378e+01 2.893952773417059277e+01
1.461720957613814846e+02 1.082485446101517468e+01 2.878425480769230660e+01
1.459202152014651972e+02 1.082715610282574481e+01 2.870797766221873459e+01
1.457801788984824611e+02 1.089102972919937251e+01 2.872574077708006257e+01
1.456023801347461983e+02 1.091963876896912566e+01 2.870497285452642444e+01
1.453953550170068070e+02 1.084767055860805840e+01 2.846166928309785504e+01
1.452882775706436291e+02 1.074396585557299844e+01 2.820330079147043278e+01
1.454653077577184774e+02 1.072672193877551017e+01 2.814399774332810011e+01
1.457840054290947194e+02 1.080594256933542674e+01 2.830521078623757347e+01
1.459501937794348407e+02 1.089946771978021900e+01 2.851756279434851038e+01
1.460650264913657850e+02 1.099519639586603859e+01 2.863203165881737178e+01
1.460848377812663443e+02 1.102983140371533288e+01 2.863931678440606987e+01
1.459303048142333807e+02 1.100965626635269423e+01 2.857797373757195203e+01
1.457727588631606466e+02 1.097838991365777161e+01 2.843783114207221274e+01
1.456272771127681835e+02 1.089717016614338085e+01 2.836916617608581959e+01
1.456048902734170554e+02 1.089394868524332871e+01 2.839608680010465847e+01
1.457111868785976014e+02 1.094574993458921952e+01 2.855477743982208239e+01
1.458444613422292093e+02 1.098846317373103076e+01 2.864649561747776119e+01
1.458950238749345942e+02 1.098217147435897445e+01 2.868696036106750569e+01
1.458747587977498767e+02 1.096733549188906309e+01 2.865565721480900052e+01
1.457717245552067027e+02 1.091818746729460976e+01 2.856033326792255522e+01
1.457093717294610258e+02 1.092611034798534853e+01 2.858069237310308708e+01
1.455763997906855138e+02 1.094062336473050756e+01 2.856070529173207717e+01
1.452955913134484547e+02 1.093062369178440640e+01 2.852599669675562666e+01
1.452622686093668278e+02 1.096572066326530681e+01 2.855302770146520075e+01
1.453008200876504361e+02 1.099352842098377891e+01 2.860059360282574659e+01
1.453715618458922165e+02 1.100796376242804797e+01 2.861984890109890145e+01
1.453722772762951365e+02 1.100526556776556752e+01 2.860910518053375284e+01
1.453591337977498767e+02 1.096268723835688164e+01 2.855229183019361727e+01
1.454315108254840538e+02 1.092835066718995307e+01 2.847069597069597080e+01
1.455117453231292473e+02 1.092315459837781333e+01 2.847930975274725185e+01
1.455101877289377228e+02 1.091908277734170518e+01 2.844249983647305058e+01
1.454980008830455347e+02 1.093872645211930994e+01 2.839072311616954636e+01
1.455091534209837789e+02 1.095557381606488789e+01 2.845269574175824090e+01
1.454803563252224023e+02 1.100471775248560924e+01 2.849087928440606987e+01
1.454502714547357414e+02 1.101274283751962280e+01 2.847060603087388841e+01
1.454404353087388699e+02 1.103938955389848253e+01 2.849062581763474711e+01
1.455142186682365377e+02 1.105551739926739963e+01 2.849264537545787590e+01
1.455362212192569302e+02 1.106029647435897445e+01 2.848768642072213453e+01
1.455639553898482461e+02 1.104958545918367285e+01 2.849291110675039107e+01
1.456304822409733220e+02 1.105704228806907352e+01 2.850150035975928731e+01
1.457002428375196246e+02 1.109654631083202503e+01 2.854502714547357556e+01
1.455863708464154911e+02 1.109446543040293065e+01 2.855042353479853645e+01
1.452662709314494975e+02 1.105228365384615330e+01 2.845138343799058234e+01
1.449418906985871160e+02 1.102948390894819397e+01 2.843176429225536239e+01
1.447338108320251138e+02 1.104993704212454197e+01 2.843951546964939681e+01
1.446554282770800626e+02 1.104447933019361550e+01 2.846885220434327479e+01
1.446565688775510239e+02 1.106056220565149140e+01 2.846292435243328001e+01
1.446834772370486633e+02 1.104985527864992179e+01 2.850344224228152967e+01
1.446681874672946151e+02 1.110154614730507561e+01 2.852449224882260737e+01
1.446700312336473075e+02 1.117456093014128804e+01 2.851751373626373720e+01
1.446785141941391828e+02 1.119294135923600209e+01 2.846554895996860424e+01
1.447019312532705442e+02 1.120865221088435426e+01 2.842346121140764126e+01
1.446302696559392871e+02 1.120543481815803233e+01 2.842811355311355470e+01
1.445616292189952787e+02 1.120312500000000000e+01 2.835158294086865638e+01
1.445492665816326507e+02 1.119919217687074742e+01 2.826486459968602816e+01
1.445460001308215681e+02 1.122543416405023464e+01 2.829150722789115591e+01
1.445537881017791619e+02 1.122980850994243873e+01 2.832207041470434206e+01
1.444812598116169511e+02 1.121211080586080655e+01 2.823014782836211367e+01
1.443842474489795791e+02 1.119384075745682949e+01 2.817127403846154010e+01
1.443348214285714164e+02 1.117927459445316529e+01 2.812061747776033371e+01
1.443345761381475540e+02 1.116863716640502346e+01 2.812168857927786547e+01
1.443730008830455347e+02 1.117414802459445333e+01 2.816402570643641923e+01
1.442894222592883295e+02 1.119112212192569267e+01 2.819011643118786026e+01
1.441177026098901024e+02 1.118895947802197810e+01 2.810638654500261779e+01
1.439619309262166382e+02 1.117569335426478361e+01 2.811193419675562666e+01
1.439840234170591202e+02 1.118424581371009907e+01 2.811651703950811054e+01
1.439589424712192454e+02 1.121534455128205110e+01 2.809511545002616373e+01
1.439233958006279295e+02 1.123302999084249088e+01 2.810516009288330608e+01
1.439095287153323000e+02 1.121659144427001564e+01 2.809530759419152446e+01
1.439010375784929465e+02 1.119541470434327657e+01 2.809365188383045364e+01
1.439129873103087505e+02 1.118061960361067442e+01 2.808856619570905266e+01
1.438338443550497061e+02 1.118183379120879195e+01 2.805973639455782376e+01
1.437833186159078878e+02 1.119207875457875545e+01 2.808114207221350256e+01
1.438675595238095184e+02 1.124000850340136104e+01 2.814225209314495046e+01
1.438582589285714164e+02 1.126940656070120284e+01 2.819853398090005214e+01
1.438442896389325085e+02 1.126227269754055449e+01 2.819776131606488789e+01
1.438295926543694350e+02 1.126296359890109855e+01 2.824946444924123412e+01
1.438312197475143819e+02 1.128114779565672343e+01 2.828226386708529461e+01
1.438979755363683921e+02 1.127964743589743613e+01 2.825202773417059277e+01
1.439483173076923208e+02 1.127461080586080655e+01 2.824899022108843383e+01
1.440029966313448426e+02 1.125804961407640015e+01 2.823562598116169653e+01
1.440549000850340065e+02 1.127072295264259516e+01 2.824572785845107248e+01
1.440567274986917710e+02 1.129454882914704328e+01 2.826246892987964543e+01
1.439152031004709613e+02 1.129795427786499218e+01 2.827064936551543539e+01
1.436275591967556124e+02 1.130288461538461497e+01 2.824324224882260737e+01
1.434393642072213595e+02 1.131485069989534331e+01 2.823690557953950986e+01
1.433436396193092719e+02 1.130214465593929951e+01 2.820330487964416477e+01
1.433555934392987865e+02 1.130854673600209281e+01 2.821672226582940723e+01
1.432580209968602958e+02 1.133739288984824611e+01 2.826653666274201981e+01
1.431820095826792283e+02 1.136190149136577787e+01 2.829025624672945938e+01
1.431339408359497725e+02 1.138414115646258473e+01 2.831363651229722578e+01
1.432132922880690842e+02 1.142305239403453676e+01 2.841640093537414913e+01
1.432721865188383106e+02 1.143139635661957065e+01 2.848742068942961936e+01
1.433731071755625237e+02 1.146337405154369371e+01 2.840284046310831911e+01
1.433274300104657186e+02 1.149092834249084305e+01 2.827192487571952029e+01
1.432425840528518961e+02 1.144032901622187381e+01 2.820574143118786026e+01
1.432095761381475540e+02 1.143190737833594994e+01 2.803523596938775597e+01
1.430778265633176431e+02 1.144044348508634279e+01 2.799092016614337908e+01
1.431755747972265738e+02 1.139140992935635843e+01 2.806817847331240046e+01
1.433089514652014600e+02 1.135744129382522161e+01 2.804764357666143226e+01
1.433491995355834661e+02 1.133235625981161654e+01 2.807197229853479925e+01
1.433308681645735305e+02 1.132311698717948723e+01 2.808260563840920909e+01
1.433609121533228574e+02 1.132004268053375284e+01 2.806329310570382063e+01
1.434868156397174346e+02 1.130109399529042413e+01 2.814210083071690249e+01
1.433746402407116705e+02 1.126377305729984357e+01 2.816418514521193117e+01
1.431383356227106276e+02 1.126292680533751955e+01 2.813618524332810011e+01
1.429549851190476204e+02 1.121845156331763427e+01 2.810117821166928209e+01
1.429826129971219189e+02 1.126482371794871717e+01 2.813200712977498696e+01
1.429009639913657850e+02 1.137473835688121326e+01 2.828356799450549275e+01
1.428899463631606466e+02 1.144460524594453155e+01 2.843759402799581437e+01
1.427782288396127797e+02 1.148709363553113505e+01 2.848493916797488268e+01
1.427424777603349071e+02 1.149128401360544238e+01 2.854596742543171217e+01
1.427706534536891638e+02 1.149726501177394056e+01 2.853740270146520075e+01
1.427932937598116041e+02 1.146068812140240745e+01 2.849226517530088998e+01
1.427762746925693307e+02 1.143751635269492439e+01 2.845494014913657921e+01
1.427572728610674915e+02 1.143283539377289415e+01 2.842158065149136448e+01
1.428354755363683921e+02 1.143448701596022943e+01 2.845705782312925081e+01
1.428992019884877038e+02 1.143000228937729013e+01 2.847278911564625759e+01
1.429408563906331722e+02 1.146659553244374585e+01 2.844900820905285244e+01
1.429412447671376185e+02 1.151558003008895881e+01 2.842517006802721014e+01
1.429521724555206674e+02 1.150342180141287329e+01 2.844760596546310794e+01
1.429872735151753034e+02 1.155317078754578830e+01 2.843243066457352342e+01
1.429472952642595374e+02 1.158738062532705371e+01 2.841938939037153489e+01
1.428235258045525882e+02 1.154131917189952894e+01 2.839867461407639837e+01
1.426515690410779769e+02 1.153374378597592909e+01 2.841204294217687121e+01
1.424469027995813803e+02 1.151427181449502868e+01 2.846591280743066577e+01
1.421906805991627323e+02 1.152555517399267337e+01 2.848457123233908916e+01
1.420918326465201460e+02 1.152421016483516425e+01 2.842329768445839733e+01
1.420937704408686670e+02 1.151051887100994264e+01 2.828682626896912566e+01
1.421103520735217103e+02 1.146686944008372500e+01 2.818469960099424299e+01
1.422032108516483504e+02 1.142989599686028335e+01 2.817062810701203546e+01
1.422126831501831532e+02 1.137762460753532245e+01 2.808861525379382584e+01
1.422765322475143819e+02 1.132609317765567702e+01 2.800510612899005736e+01
1.422407566391941316e+02 1.131971971480900052e+01 2.804015404238618459e+01
1.421552443092621729e+02 1.128084118262689728e+01 2.800287807430664699e+01
1.419976901818419606e+02 1.119972772762951330e+01 2.798079784798534675e+01
1.418789982339089590e+02 1.121453918105703806e+01 2.799423976321297758e+01
1.418432635073260144e+02 1.125919021454735791e+01 2.804917255363683992e+01
1.419227008110936765e+02 1.123018462192569267e+01 2.782660419937205631e+01
1.419474710557299773e+02 1.119932708660387277e+01 2.755050121009942288e+01
1.421121549581370971e+02 1.120931449502878152e+01 2.752513818027210846e+01
1.423346987833594994e+02 1.126951694139194160e+01 2.762958284275248388e+01
1.425939584968602958e+02 1.132281446232339128e+01 2.770996042647828261e+01
1.427667001896912495e+02 1.133256066849816790e+01 2.781342801543694421e+01
1.428513826203558210e+02 1.136791110675039285e+01 2.791619652668759954e+01
1.426644059065934016e+02 1.136530694008372500e+01 2.790717392726321222e+01
1.423926200287807546e+02 1.133724571559393013e+01 2.785161564625850517e+01
1.420434654631083333e+02 1.130810112506541110e+01 2.778094338697017207e+01
1.416750964809000664e+02 1.129368213631606466e+01 2.771777701465201460e+01
1.414836023351648464e+02 1.133347233124018771e+01 2.777735397043432641e+01
1.413986909667713121e+02 1.134651769361590823e+01 2.785690574306645573e+01
1.414616651949241373e+02 1.139417762297226666e+01 2.795364010989010950e+01
1.415542623299319587e+02 1.140701040031397184e+01 2.804974898613291501e+01
1.417494930664573474e+02 1.141898057299843039e+01 2.800044969911041193e+01
1.418506426609105233e+02 1.143314200680272030e+01 2.798129251700680342e+01
1.419348099816849924e+02 1.142471219256933601e+01 2.795817798273155574e+01
1.420365728021978100e+02 1.143840757456828960e+01 2.796932234432234310e+01
1.419881974424385191e+02 1.147817324045002607e+01 2.792559932626896924e+01
1.420316588173731134e+02 1.148911728152799583e+01 2.806013294740973407e+01
1.420120028780742985e+02 1.147527063710099426e+01 2.813920640371533111e+01
1.420364092752485590e+02 1.147629268053375284e+01 2.810896209445316529e+01
1.421414630756148654e+02 1.151676968864468797e+01 2.820772419544740828e+01
1.421640911172161168e+02 1.156218521062270987e+01 2.833164491758241610e+01
1.421470556972789154e+02 1.160012755102040849e+01 2.824416208791208760e+01
1.422307365253793705e+02 1.165577986002093169e+01 2.825979935243328001e+01
1.422566228414442833e+02 1.170139570251177474e+01 2.824350389194139055e+01
1.421034716771324042e+02 1.174613667582417520e+01 2.825527783228676171e+01
1.418141720630559917e+02 1.170384451857666086e+01 2.816943436028257608e+01
1.416421539769754077e+02 1.165400559262166347e+01 2.818756541077969757e+01
1.416195913461538396e+02 1.163749754709576223e+01 2.823893740188383106e+01
1.416907582744636329e+02 1.163975421899529117e+01 2.835347576530612201e+01
1.418117559523809632e+02 1.164362163134484618e+01 2.845778551805337386e+01
1.418318411499215017e+02 1.160518053375196246e+01 2.845300644296180081e+01
1.418098753924646758e+02 1.163714187598116112e+01 2.827850274725274815e+01
1.417277562467294558e+02 1.162216280743066399e+01 2.808906086473050934e+01
1.416382088893249716e+02 1.154210410125588737e+01 2.792830569727891188e+01
1.414525199502878081e+02 1.146941228414442726e+01 2.778773793171114548e+01
1.412828239468864524e+02 1.139582515698587173e+01 2.761820545525902659e+01
1.413683608058608172e+02 1.130291732077446376e+01 2.753885809131344686e+01
1.415701775902668658e+02 1.130528437336472969e+01 2.765117657639979143e+01
1.418328263997906902e+02 1.133331698063840953e+01 2.771074126766091084e+01
1.420136463239141733e+02 1.134065934065934123e+01 2.778666683019361727e+01
1.422235944858712742e+02 1.134085966117216060e+01 2.786796834118262822e+01
1.421292026425954873e+02 1.144231995682888581e+01 2.804623315672422734e+01
1.420108213958660315e+02 1.150379791339612723e+01 2.804920117085295672e+01
1.417957957221350114e+02 1.151952511773940380e+01 2.807701710491889102e+01
1.414755445447409841e+02 1.152078836342229273e+01 2.801884648090005214e+01
1.411695774463631494e+02 1.152055124934589259e+01 2.794942111459968714e+01
1.410391360871271615e+02 1.143134729853479925e+01 2.782716427917320701e+01
1.409928334314494975e+02 1.138542075484039806e+01 2.772518069727891188e+01
1.410253017072213595e+02 1.134821837388801669e+01 2.765878466771323829e+01
1.411040889913657850e+02 1.133448211015175389e+01 2.765673649267399270e+01
1.413005257391418183e+02 1.132946592098377891e+01 2.765158130559916216e+01
1.414807038199895430e+02 1.130220189037153311e+01 2.766934442046049014e+01
1.415881941718995165e+02 1.130913134484563010e+01 2.774525363029827218e+01
1.416805501046572431e+02 1.132960083071690249e+01 2.779783163265306101e+01
1.417279647435897516e+02 1.137370813710099426e+01 2.786809916274201981e+01
1.417291707548403963e+02 1.135749444008372500e+01 2.784086374934589259e+01
1.416036719976452218e+02 1.142064037153322786e+01 2.772478823260073355e+01
1.415175055599162874e+02 1.144578263997906831e+01 2.774678260727367984e+01
1.413702699829931930e+02 1.144774496336996350e+01 2.770607666143380499e+01
1.412331853414442833e+02 1.145275297619047628e+01 2.766921359890109855e+01
1.412073889652014600e+02 1.144946608451072656e+01 2.768028028519099948e+01
1.413943329735740519e+02 1.142029287676609073e+01 2.774690116431187903e+01
1.416469412284144482e+02 1.138618933150183210e+01 2.781152701465201460e+01
1.418027660583464069e+02 1.143038248953427605e+01 2.784822246206174867e+01
1.419192176870748199e+02 1.145499738356881281e+01 2.790160174646781854e+01
1.419644982993197289e+02 1.144592163788592387e+01 2.790637673338566316e+01
1.418289099293563709e+02 1.146853332679225623e+01 2.797366807299842861e+01
1.415760768249607509e+02 1.149571150575614809e+01 2.800441931580324351e+01
1.414052197802197668e+02 1.153382963762428126e+01 2.809645637100994264e+01
1.413369431907378271e+02 1.154077544479330264e+01 2.818346088435374241e+01
1.413032689037153204e+02 1.155627779958137147e+01 2.820182087257980186e+01
1.412341992085295601e+02 1.147031985871271509e+01 2.800148400706436291e+01
1.412698767006802711e+02 1.144350143903715278e+01 2.790543236525379456e+01
1.414039115646258438e+02 1.150385923600209281e+01 2.801864616038723099e+01
1.416286630036630072e+02 1.156473623103087434e+01 2.814553898482470018e+01
1.416918661695447383e+02 1.163901425954997393e+01 2.819335835295656878e+01
1.415930427459445298e+02 1.168938055991627500e+01 2.829533375850339993e+01
1.415264463958660315e+02 1.171548354918890666e+01 2.842284798534798540e+01
1.416056506737310201e+02 1.171440835949764470e+01 2.851140600470957764e+01
1.416065337192569302e+02 1.174333218864468797e+01 2.857801870748299322e+01
1.416393617543171217e+02 1.171460868001046585e+01 2.856155972004186339e+01
1.417084191849816932e+02 1.171139537545787590e+01 2.858943697671376327e+01
1.417249108778126754e+02 1.170390584118262645e+01 2.853694482600732485e+01
1.416962854853479712e+02 1.169003466771323829e+01 2.845529582025117676e+01
1.417265052655677664e+02 1.170659585949764470e+01 2.846001766091051977e+01
1.417899373691784319e+02 1.174961571166928387e+01 2.856675170068027114e+01
1.417069229133961414e+02 1.175865466378859203e+01 2.855778224751438898e+01
1.414664115646258438e+02 1.172780530481423256e+01 2.847460426478283679e+01
1.413338484432234452e+02 1.171164475405546845e+01 2.843457695578231181e+01
1.413858990711669321e+02 1.175049466902145490e+01 2.849706469126111941e+01
1.413967082025117747e+02 1.180411515567765512e+01 2.857926968864468975e+01
1.412839236656201081e+02 1.183687777995813661e+01 2.863282476452119241e+01
1.412443992019885002e+02 1.188664311878597601e+01 2.865541192438513818e+01
1.413265306122449090e+02 1.189210900706436469e+01 2.870586816457352342e+01
1.415226280416012514e+02 1.192647828362114026e+01 2.877521994374673042e+01
1.416243418040293136e+02 1.198103905023547888e+01 2.882662464024071269e+01
1.417918097527472412e+02 1.195059442046049192e+01 2.889907934327577266e+01
1.419271364795918373e+02 1.198242902930402920e+01 2.889961489403453854e+01
1.419654917255363671e+02 1.195887706043956022e+01 2.890859661172161310e+01
1.419687867935635666e+02 1.191200614861329221e+01 2.885899071166928209e+01
1.419348304225536310e+02 1.189492575876504432e+01 2.879818730376766212e+01
1.419064871140764126e+02 1.187375310701203546e+01 2.878490073914181124e+01
1.419079138867085419e+02 1.185377420198848775e+01 2.880729575484039628e+01
1.419113520408163254e+02 1.179853071036106726e+01 2.877568190737833476e+01
1.419798575680271995e+02 1.181995682888540067e+01 2.877266483516483575e+01
1.420774422749869075e+02 1.186742870225013036e+01 2.887094861983255001e+01
1.419482314560439420e+02 1.189125049058084826e+01 2.879009680795395099e+01
1.416490302851910030e+02 1.189182692307692335e+01 2.867353479853479925e+01
1.413491055075876375e+02 1.193010040554683471e+01 2.863587045395081176e+01
1.411732976844583902e+02 1.201284913003662957e+01 2.867786417451596037e+01
1.410165203100470990e+02 1.210502109497645229e+01 2.879634353741496611e+01
1.409549115319204589e+02 1.214746042647828439e+01 2.883800611590790197e+01
1.410029271323914202e+02 1.218524332810047106e+01 2.882616676478283679e+01
1.410756393903715207e+02 1.218519835818942987e+01 2.880843226713762562e+01
1.411781421703296644e+02 1.218354264782836260e+01 2.883561044610151924e+01
1.412594191522763083e+02 1.219052933673469319e+01 2.890137689691261258e+01
1.413814266091051763e+02 1.216452855180533810e+01 2.886209772370486704e+01
1.415542827708006257e+02 1.215346595368916738e+01 2.887721170198848597e+01
1.416376774267399128e+02 1.210331632653061185e+01 2.885151344191522682e+01
1.415399087519623151e+02 1.199344665750915695e+01 2.868568893903715278e+01
1.413688513867085419e+02 1.192263948848770205e+01 2.858716804029304015e+01
1.413642194858712742e+02 1.185371696755625415e+01 2.849845875850339993e+01
1.415023915816326507e+02 1.182330504317111419e+01 2.852437777995813661e+01
1.416955128205128176e+02 1.182915113160648879e+01 2.858221726190476275e+01
1.418665742739403584e+02 1.182671458006279508e+01 2.858728659733123934e+01
1.419546866823652636e+02 1.182753221480900052e+01 2.858482960491889102e+01
1.420538984824699185e+02 1.182751995028780811e+01 2.863211342229199374e+01
1.420713958660387277e+02 1.183568403322867546e+01 2.861998381083202503e+01
1.418431490384615472e+02 1.183261381475667129e+01 2.857135907247514339e+01
1.414690198194662401e+02 1.180902505232862332e+01 2.849777603349031807e+01
1.411114681449502939e+02 1.179654385792778726e+01 2.839768936420722056e+01
1.408478463500784983e+02 1.178391957744636365e+01 2.843765943877551194e+01
1.407917647828362249e+02 1.172092899659863896e+01 2.852561240842490875e+01
1.407496565934065984e+02 1.167970794086865460e+01 2.853914426347462197e+01
