3.498294450624958785e+01 0.000000000000000000e+00 0.000000000000000000e+00
3.517581473725541485e+01 0.000000000000000000e+00 0.000000000000000000e+00
3.519263300831097752e+01 0.000000000000000000e+00 0.000000000000000000e+00
3.500126791440350615e+01 0.000000000000000000e+00 0.000000000000000000e+00
3.460842713173221341e+01 0.000000000000000000e+00 0.000000000000000000e+00
3.428664681630783662e+01 0.000000000000000000e+00 0.000000000000000000e+00
3.379944048164387027e+01 0.000000000000000000e+00 0.000000000000000000e+00
3.356023820430600324e+01 0.000000000000000000e+00 0.000000000000000000e+00
3.340210882795628322e+01 0.000000000000000000e+00 0.000000000000000000e+00
3.318444473529219607e+01 0.000000000000000000e+00 0.000000000000000000e+00
3.304980858582553793e+01 0.000000000000000000e+00 0.000000000000000000e+00
3.302379589032131690e+01 0.000000000000000000e+00 0.000000000000000000e+00
3.294729566127870868e+01 0.000000000000000000e+00 0.000000000000000000e+00
3.295941855899482675e+01 0.000000000000000000e+00 0.000000000000000000e+00
3.295823244552057929e+01 0.000000000000000000e+00 0.000000000000000000e+00
3.293734048818794236e+01 0.000000000000000000e+00 0.000000000000000000e+00
3.292690268961455757e+01 0.000000000000000000e+00 0.000000000000000000e+00
3.290091453438910918e+01 0.000000000000000000e+00 0.000000000000000000e+00
3.281764936849682357e+01 0.000000000000000000e+00 0.000000000000000000e+00
3.279722367646096615e+01 0.000000000000000000e+00 0.000000000000000000e+00
3.276102676526405588e+01 0.000000000000000000e+00 0.000000000000000000e+00
3.272471533276618061e+01 0.000000000000000000e+00 0.000000000000000000e+00
3.266513153589424689e+01 0.000000000000000000e+00 0.000000000000000000e+00
3.260059060270924647e+01 0.000000000000000000e+00 0.000000000000000000e+00
3.244910346181532645e+01 0.000000000000000000e+00 0.000000000000000000e+00
3.233432039787972201e+01 0.000000000000000000e+00 0.000000000000000000e+00
3.227328872455991160e+01 0.000000000000000000e+00 0.000000000000000000e+00
3.226120672730841932e+01 0.000000000000000000e+00 0.000000000000000000e+00
3.227795955762057645e+01 0.000000000000000000e+00 0.000000000000000000e+00
3.225048262548262556e+01 0.000000000000000000e+00 0.000000000000000000e+00
3.222702211897127000e+01 0.000000000000000000e+00 0.000000000000000000e+00
3.218779039329886871e+01 0.000000000000000000e+00 0.000000000000000000e+00
3.213537235782998636e+01 0.000000000000000000e+00 0.000000000000000000e+00
3.210288920882140928e+01 0.000000000000000000e+00 0.000000000000000000e+00
3.207254106406648475e+01 0.000000000000000000e+00 0.000000000000000000e+00
3.203676133760879452e+01 0.000000000000000000e+00 0.000000000000000000e+00
3.200715758131012478e+01 0.000000000000000000e+00 0.000000000000000000e+00
3.199731692952031992e+01 0.000000000000000000e+00 0.000000000000000000e+00
3.198983214449316037e+01 0.000000000000000000e+00 0.000000000000000000e+00
3.197752110463974873e+01 0.000000000000000000e+00 0.000000000000000000e+00
3.199212257051240016e+01 0.000000000000000000e+00 0.000000000000000000e+00
3.193329134218964782e+01 0.000000000000000000e+00 0.000000000000000000e+00
3.190858746155356229e+01 0.000000000000000000e+00 0.000000000000000000e+00
3.188601040507820272e+01 0.000000000000000000e+00 0.000000000000000000e+00
3.182417708265165857e+01 0.000000000000000000e+00 0.000000000000000000e+00
3.177580001308814772e+01 0.000000000000000000e+00 0.000000000000000000e+00
3.175431090897192732e+01 0.000000000000000000e+00 0.000000000000000000e+00
3.167798246188076661e+01 0.000000000000000000e+00 0.000000000000000000e+00
3.163956056540802209e+01 0.000000000000000000e+00 0.000000000000000000e+00
3.158196453111707314e+01 0.000000000000000000e+00 0.000000000000000000e+00
3.160056606243047028e+01 0.000000000000000000e+00 0.000000000000000000e+00
3.157945324258883701e+01 0.000000000000000000e+00 0.000000000000000000e+00
3.155952653622145121e+01 0.000000000000000000e+00 0.000000000000000000e+00
3.153583698710817274e+01 0.000000000000000000e+00 0.000000000000000000e+00
3.149669524245795316e+01 0.000000000000000000e+00 0.000000000000000000e+00
3.150449087101629431e+01 0.000000000000000000e+00 0.000000000000000000e+00
3.144013807996858745e+01 0.000000000000000000e+00 0.000000000000000000e+00
3.147226948498135002e+01 0.000000000000000000e+00 0.000000000000000000e+00
3.148624108369871166e+01 0.000000000000000000e+00 0.000000000000000000e+00
3.144749198350893238e+01 0.000000000000000000e+00 0.000000000000000000e+00
3.138891433806687914e+01 0.000000000000000000e+00 0.000000000000000000e+00
3.133299522282572980e+01 0.000000000000000000e+00 0.000000000000000000e+00
3.136679536679536540e+01 0.000000000000000000e+00 0.000000000000000000e+00
3.140521726326810992e+01 0.000000000000000000e+00 0.000000000000000000e+00
3.139239087756036994e+01 0.000000000000000000e+00 0.000000000000000000e+00
3.140435017341797064e+01 0.000000000000000000e+00 0.000000000000000000e+00
3.135896701786532148e+01 0.000000000000000000e+00 0.000000000000000000e+00
3.126382435704469742e+01 0.000000000000000000e+00 0.000000000000000000e+00
3.123635560499967312e+01 0.000000000000000000e+00 0.000000000000000000e+00
3.120456776388979847e+01 0.000000000000000000e+00 0.000000000000000000e+00
3.122491165499640076e+01 0.000000000000000000e+00 0.000000000000000000e+00
3.121145540213336744e+01 0.000000000000000000e+00 0.000000000000000000e+00
3.122593416661213439e+01 0.000000000000000000e+00 0.000000000000000000e+00
3.120482952686342415e+01 0.000000000000000000e+00 0.000000000000000000e+00
3.119152869576598519e+01 0.000000000000000000e+00 0.000000000000000000e+00
3.116046070283358560e+01 0.000000000000000000e+00 0.000000000000000000e+00
3.113753190236241153e+01 0.000000000000000000e+00 0.000000000000000000e+00
3.115461193639159632e+01 0.000000000000000000e+00 0.000000000000000000e+00
3.114473856423008868e+01 0.000000000000000000e+00 0.000000000000000000e+00
3.115676330083109846e+01 0.000000000000000000e+00 0.000000000000000000e+00
3.121347588508605497e+01 0.000000000000000000e+00 0.000000000000000000e+00
3.124705516654669069e+01 0.000000000000000000e+00 0.000000000000000000e+00
3.124257247562332296e+01 0.000000000000000000e+00 0.000000000000000000e+00
3.120863327007394972e+01 0.000000000000000000e+00 0.000000000000000000e+00
3.116074700608598746e+01 0.000000000000000000e+00 0.000000000000000000e+00
3.113542143838753873e+01 0.000000000000000000e+00 0.000000000000000000e+00
3.115996171716510688e+01 0.000000000000000000e+00 0.000000000000000000e+00
3.116626856881094199e+01 0.000000000000000000e+00 0.000000000000000000e+00
3.110827989005955274e+01 0.000000000000000000e+00 0.000000000000000000e+00
3.113115142988024431e+01 0.000000000000000000e+00 0.000000000000000000e+00
3.109469275570970481e+01 0.000000000000000000e+00 0.000000000000000000e+00
3.104927687978535289e+01 0.000000000000000000e+00 0.000000000000000000e+00
3.098802434395654615e+01 0.000000000000000000e+00 0.000000000000000000e+00
3.088863621490740030e+01 0.000000000000000000e+00 0.000000000000000000e+00
3.078765296773771354e+01 0.000000000000000000e+00 0.000000000000000000e+00
3.069912800209410264e+01 0.000000000000000000e+00 0.000000000000000000e+00
3.063137229238924064e+01 0.000000000000000000e+00 0.000000000000000000e+00
3.063682023427786305e+01 0.000000000000000000e+00 0.000000000000000000e+00
3.065957725279759316e+01 0.000000000000000000e+00 0.000000000000000000e+00
3.068122995877233095e+01 0.000000000000000000e+00 0.000000000000000000e+00
3.063956056540802209e+01 0.000000000000000000e+00 0.000000000000000000e+00
3.065169164321706674e+01 0.000000000000000000e+00 0.000000000000000000e+00
3.067358157188665757e+01 0.000000000000000000e+00 0.000000000000000000e+00
3.066468163078332410e+01 0.000000000000000000e+00 0.000000000000000000e+00
3.067368791309469245e+01 0.000000000000000000e+00 0.000000000000000000e+00
3.065614161376873170e+01 0.000000000000000000e+00 0.000000000000000000e+00
3.064462404292912723e+01 0.000000000000000000e+00 0.000000000000000000e+00
3.067547935344545351e+01 0.000000000000000000e+00 0.000000000000000000e+00
3.073316536875858773e+01 0.000000000000000000e+00 0.000000000000000000e+00
3.075684673777893963e+01 0.000000000000000000e+00 0.000000000000000000e+00
3.078365290229697138e+01 0.000000000000000000e+00 0.000000000000000000e+00
3.074702244617498792e+01 0.000000000000000000e+00 0.000000000000000000e+00
3.073287906550618587e+01 0.000000000000000000e+00 0.000000000000000000e+00
3.075062168706236676e+01 0.000000000000000000e+00 0.000000000000000000e+00
3.075615142988024431e+01 0.000000000000000000e+00 0.000000000000000000e+00
3.076819252666710369e+01 0.000000000000000000e+00 0.000000000000000000e+00
3.076106766572868167e+01 0.000000000000000000e+00 0.000000000000000000e+00
3.073702637261959225e+01 0.000000000000000000e+00 0.000000000000000000e+00
3.077872030626268085e+01 0.000000000000000000e+00 0.000000000000000000e+00
3.076400431908906441e+01 0.000000000000000000e+00 0.000000000000000000e+00
3.090026830704796978e+01 0.000000000000000000e+00 0.000000000000000000e+00
3.083445945945945965e+01 0.000000000000000000e+00 0.000000000000000000e+00
3.078793109089719238e+01 0.000000000000000000e+00 0.000000000000000000e+00
3.073646194620770800e+01 0.000000000000000000e+00 0.000000000000000000e+00
3.068801943590079162e+01 0.000000000000000000e+00 0.000000000000000000e+00
3.066335645572933544e+01 0.000000000000000000e+00 0.000000000000000000e+00
3.063843171258425357e+01 0.000000000000000000e+00 0.000000000000000000e+00
3.072563968326680239e+01 0.000000000000000000e+00 0.000000000000000000e+00
3.083346966821543234e+01 0.000000000000000000e+00 0.000000000000000000e+00
3.082325273215103678e+01 0.000000000000000000e+00 0.000000000000000000e+00
3.082077416399450343e+01 0.000000000000000000e+00 0.000000000000000000e+00
3.082999312872194153e+01 0.000000000000000000e+00 0.000000000000000000e+00
3.080357142857142705e+01 0.000000000000000000e+00 0.000000000000000000e+00
3.077019664943393806e+01 0.000000000000000000e+00 0.000000000000000000e+00
3.074251521497284045e+01 0.000000000000000000e+00 0.000000000000000000e+00
3.077847490347490478e+01 0.000000000000000000e+00 0.000000000000000000e+00
3.079710097506707811e+01 0.000000000000000000e+00 0.000000000000000000e+00
3.076526405339964754e+01 0.000000000000000000e+00 0.000000000000000000e+00
3.072538610038609974e+01 0.000000000000000000e+00 0.000000000000000000e+00
3.062597343105817771e+01 0.000000000000000000e+00 0.000000000000000000e+00
3.058163732740003837e+01 0.000000000000000000e+00 0.000000000000000000e+00
3.057403802107192092e+01 0.000000000000000000e+00 0.000000000000000000e+00
3.055756331391924618e+01 0.000000000000000000e+00 0.000000000000000000e+00
3.053065898828610614e+01 0.000000000000000000e+00 0.000000000000000000e+00
3.050365650153785779e+01 0.000000000000000000e+00 0.000000000000000000e+00
3.053411916759374378e+01 0.000000000000000000e+00 0.000000000000000000e+00
3.052090013742555996e+01 0.000000000000000000e+00 0.000000000000000000e+00
3.055048753353838009e+01 0.000000000000000000e+00 0.000000000000000000e+00
3.055851220469864415e+01 0.000000000000000000e+00 0.000000000000000000e+00
3.055479844251030741e+01 0.000000000000000000e+00 0.000000000000000000e+00
3.051928865911916589e+01 0.000000000000000000e+00 0.000000000000000000e+00
3.047438812904914585e+01 0.000000000000000000e+00 0.000000000000000000e+00
3.049627805771873668e+01 0.000000000000000000e+00 0.000000000000000000e+00
3.052849126366075438e+01 0.000000000000000000e+00 0.000000000000000000e+00
3.050536614095936017e+01 0.000000000000000000e+00 0.000000000000000000e+00
3.043629343629343609e+01 0.000000000000000000e+00 0.000000000000000000e+00
3.039477946469471803e+01 0.000000000000000000e+00 0.000000000000000000e+00
3.038382632026699781e+01 0.000000000000000000e+00 0.000000000000000000e+00
3.040079183299522114e+01 0.000000000000000000e+00 0.000000000000000000e+00
3.040035828807015150e+01 0.000000000000000000e+00 0.000000000000000000e+00
3.042673090766311006e+01 0.000000000000000000e+00 0.000000000000000000e+00
3.042478404554675819e+01 0.000000000000000000e+00 0.000000000000000000e+00
3.046728780838950357e+01 0.000000000000000000e+00 0.000000000000000000e+00
3.050407368627707783e+01 0.000000000000000000e+00 0.000000000000000000e+00
3.056161245991754427e+01 0.000000000000000000e+00 0.000000000000000000e+00
3.060300373012237429e+01 0.000000000000000000e+00 0.000000000000000000e+00
3.060250474445389557e+01 0.000000000000000000e+00 0.000000000000000000e+00
3.059825927622537733e+01 0.000000000000000000e+00 0.000000000000000000e+00
3.062055002944833504e+01 0.000000000000000000e+00 0.000000000000000000e+00
3.065337674235979293e+01 0.000000000000000000e+00 0.000000000000000000e+00
3.064810058242261803e+01 0.000000000000000000e+00 0.000000000000000000e+00
3.063604312544990549e+01 0.000000000000000000e+00 0.000000000000000000e+00
3.063956056540802209e+01 0.000000000000000000e+00 0.000000000000000000e+00
3.067453864275898212e+01 0.000000000000000000e+00 0.000000000000000000e+00
3.076582847981153179e+01 0.000000000000000000e+00 0.000000000000000000e+00
3.076390615797395611e+01 0.000000000000000000e+00 0.000000000000000000e+00
3.075939074667888207e+01 0.000000000000000000e+00 0.000000000000000000e+00
3.078123159479091697e+01 0.000000000000000000e+00 0.000000000000000000e+00
3.074686702440939712e+01 0.000000000000000000e+00 0.000000000000000000e+00
3.069116877167724766e+01 0.000000000000000000e+00 0.000000000000000000e+00
3.052624173810614394e+01 0.000000000000000000e+00 0.000000000000000000e+00
3.047561514298802265e+01 0.000000000000000000e+00 0.000000000000000000e+00
3.047480531378836588e+01 0.000000000000000000e+00 0.000000000000000000e+00
3.048139846868660285e+01 0.000000000000000000e+00 0.000000000000000000e+00
3.045371703422550880e+01 0.000000000000000000e+00 0.000000000000000000e+00
3.047364374059289460e+01 0.000000000000000000e+00 0.000000000000000000e+00
3.048398337805117464e+01 0.000000000000000000e+00 0.000000000000000000e+00
3.048455598455598548e+01 0.000000000000000000e+00 0.000000000000000000e+00
3.045389699626987934e+01 0.000000000000000000e+00 0.000000000000000000e+00
3.042844872717753901e+01 0.000000000000000000e+00 0.000000000000000000e+00
3.040827661802238069e+01 0.000000000000000000e+00 0.000000000000000000e+00
3.042757345723447315e+01 0.000000000000000000e+00 0.000000000000000000e+00
3.044971696878476664e+01 0.000000000000000000e+00 0.000000000000000000e+00
3.047306295399515719e+01 0.000000000000000000e+00 0.000000000000000000e+00
3.050274851122308917e+01 0.000000000000000000e+00 0.000000000000000000e+00
3.048613474249067323e+01 0.000000000000000000e+00 0.000000000000000000e+00
3.047239218637523805e+01 0.000000000000000000e+00 0.000000000000000000e+00
3.045182743275963588e+01 0.000000000000000000e+00 0.000000000000000000e+00
3.049294057980498707e+01 0.000000000000000000e+00 0.000000000000000000e+00
3.052632353903540263e+01 0.000000000000000000e+00 0.000000000000000000e+00
3.050255218899286547e+01 0.000000000000000000e+00 0.000000000000000000e+00
3.051200019632223004e+01 0.000000000000000000e+00 0.000000000000000000e+00
3.053902722334925812e+01 0.000000000000000000e+00 0.000000000000000000e+00
3.057632844709116071e+01 0.000000000000000000e+00 0.000000000000000000e+00
3.057345723447418351e+01 0.000000000000000000e+00 0.000000000000000000e+00
3.057839801060140061e+01 0.000000000000000000e+00 0.000000000000000000e+00
3.059596067011321097e+01 0.000000000000000000e+00 0.000000000000000000e+00
3.045800340291865638e+01 0.000000000000000000e+00 0.000000000000000000e+00
3.036427589817420269e+01 0.000000000000000000e+00 0.000000000000000000e+00
3.032227930109285907e+01 0.000000000000000000e+00 0.000000000000000000e+00
3.030719520973758208e+01 0.000000000000000000e+00 0.000000000000000000e+00
3.026947680125646301e+01 0.000000000000000000e+00 0.000000000000000000e+00
3.027781231594790867e+01 0.000000000000000000e+00 0.000000000000000000e+00
3.025267489038675350e+01 0.000000000000000000e+00 0.000000000000000000e+00
3.021587265231332964e+01 0.000000000000000000e+00 0.000000000000000000e+00
3.022025718212158907e+01 0.000000000000000000e+00 0.000000000000000000e+00
3.018943459197696555e+01 0.000000000000000000e+00 0.000000000000000000e+00
3.022588508605457847e+01 0.000000000000000000e+00 0.000000000000000000e+00
3.021551272822459211e+01 0.000000000000000000e+00 0.000000000000000000e+00
3.027674890386754925e+01 0.000000000000000000e+00 0.000000000000000000e+00
3.033510568680060260e+01 0.000000000000000000e+00 0.000000000000000000e+00
3.033997284209148759e+01 0.000000000000000000e+00 0.000000000000000000e+00
3.034401380799685910e+01 0.000000000000000000e+00 0.000000000000000000e+00
3.035661115110267616e+01 0.000000000000000000e+00 0.000000000000000000e+00
3.031344480073293468e+01 0.000000000000000000e+00 0.000000000000000000e+00
3.026959132255742446e+01 0.000000000000000000e+00 0.000000000000000000e+00
3.028694129965316506e+01 0.000000000000000000e+00 0.000000000000000000e+00
3.033354328905176445e+01 0.000000000000000000e+00 0.000000000000000000e+00
3.039314344610954777e+01 0.000000000000000000e+00 0.000000000000000000e+00
3.045145114848504520e+01 0.000000000000000000e+00 0.000000000000000000e+00
3.043408481120345499e+01 0.000000000000000000e+00 0.000000000000000000e+00
3.036574013480793255e+01 0.000000000000000000e+00 0.000000000000000000e+00
3.036969111969111879e+01 0.000000000000000000e+00 0.000000000000000000e+00
3.033167822786466772e+01 0.000000000000000000e+00 0.000000000000000000e+00
3.025602872848635627e+01 0.000000000000000000e+00 0.000000000000000000e+00
3.016995779072050254e+01 0.000000000000000000e+00 0.000000000000000000e+00
3.010299555002944771e+01 0.000000000000000000e+00 0.000000000000000000e+00
3.003344021988089807e+01 0.000000000000000000e+00 0.000000000000000000e+00
3.001988580590275646e+01 0.000000000000000000e+00 0.000000000000000000e+00
3.004351809436555243e+01 0.000000000000000000e+00 0.000000000000000000e+00
3.009848831882730025e+01 0.000000000000000000e+00 0.000000000000000000e+00
3.002036025129245544e+01 0.000000000000000000e+00 0.000000000000000000e+00
3.000088345003599244e+01 0.000000000000000000e+00 0.000000000000000000e+00
2.999486290164256275e+01 0.000000000000000000e+00 0.000000000000000000e+00
3.001091224396309087e+01 0.000000000000000000e+00 0.000000000000000000e+00
3.000497349649891987e+01 0.000000000000000000e+00 0.000000000000000000e+00
3.000234768666972229e+01 0.000000000000000000e+00 0.000000000000000000e+00
2.995222007722007618e+01 0.000000000000000000e+00 0.000000000000000000e+00
2.989868954911327847e+01 0.000000000000000000e+00 0.000000000000000000e+00
2.984443917282900216e+01 0.000000000000000000e+00 0.000000000000000000e+00
2.984569072704665871e+01 0.000000000000000000e+00 0.000000000000000000e+00
2.986128198416334101e+01 0.000000000000000000e+00 0.000000000000000000e+00
2.985869707479876922e+01 0.000000000000000000e+00 0.000000000000000000e+00
2.982574766049342330e+01 0.000000000000000000e+00 0.000000000000000000e+00
2.979463876709639436e+01 0.000000000000000000e+00 0.000000000000000000e+00
2.981210326549309642e+01 0.000000000000000000e+00 0.000000000000000000e+00
2.981366566324193457e+01 0.000000000000000000e+00 0.000000000000000000e+00
2.972122243308684020e+01 0.000000000000000000e+00 0.000000000000000000e+00
2.966659577252797675e+01 0.000000000000000000e+00 0.000000000000000000e+00
2.958969471893200875e+01 0.000000000000000000e+00 0.000000000000000000e+00
2.956348570119756403e+01 0.000000000000000000e+00 0.000000000000000000e+00
2.955915025194686052e+01 0.000000000000000000e+00 0.000000000000000000e+00
2.957412800209410264e+01 0.000000000000000000e+00 0.000000000000000000e+00
2.955557555133826497e+01 0.000000000000000000e+00 0.000000000000000000e+00
2.951228649957463546e+01 0.000000000000000000e+00 0.000000000000000000e+00
2.948658464760159603e+01 0.000000000000000000e+00 0.000000000000000000e+00
2.945999116549964114e+01 0.000000000000000000e+00 0.000000000000000000e+00
2.947073162751128805e+01 0.000000000000000000e+00 0.000000000000000000e+00
2.947214678358746198e+01 0.000000000000000000e+00 0.000000000000000000e+00
2.949375040900464739e+01 0.000000000000000000e+00 0.000000000000000000e+00
2.952391859171520139e+01 0.000000000000000000e+00 0.000000000000000000e+00
2.952314148288724382e+01 0.000000000000000000e+00 0.000000000000000000e+00
2.952688796544728689e+01 0.000000000000000000e+00 0.000000000000000000e+00
2.950734572344741835e+01 0.000000000000000000e+00 0.000000000000000000e+00
2.944434264773247989e+01 0.000000000000000000e+00 0.000000000000000000e+00
2.943356128525620008e+01 0.000000000000000000e+00 0.000000000000000000e+00
2.943052647078070905e+01 0.000000000000000000e+00 0.000000000000000000e+00
2.941751194293567195e+01 0.000000000000000000e+00 0.000000000000000000e+00
2.947460081146521915e+01 0.000000000000000000e+00 0.000000000000000000e+00
2.944910346181532645e+01 0.000000000000000000e+00 0.000000000000000000e+00
2.937663601858517026e+01 0.000000000000000000e+00 0.000000000000000000e+00
2.935042700085072909e+01 0.000000000000000000e+00 0.000000000000000000e+00
2.938656665139716040e+01 0.000000000000000000e+00 0.000000000000000000e+00
2.939855866762646386e+01 0.000000000000000000e+00 0.000000000000000000e+00
2.935483607093776470e+01 0.000000000000000000e+00 0.000000000000000000e+00
2.935706923630652554e+01 0.000000000000000000e+00 0.000000000000000000e+00
2.935939238269746809e+01 0.000000000000000000e+00 0.000000000000000000e+00
2.928269583142464327e+01 0.000000000000000000e+00 0.000000000000000000e+00
2.920735717557751343e+01 0.000000000000000000e+00 0.000000000000000000e+00
2.917314802696158793e+01 0.000000000000000000e+00 0.000000000000000000e+00
2.911781787841109903e+01 0.000000000000000000e+00 0.000000000000000000e+00
2.910806720764347943e+01 0.000000000000000000e+00 0.000000000000000000e+00
2.913007983770695475e+01 0.000000000000000000e+00 0.000000000000000000e+00
2.918105817682088698e+01 0.000000000000000000e+00 0.000000000000000000e+00
2.918559812839473722e+01 0.000000000000000000e+00 0.000000000000000000e+00
2.919291113147045280e+01 0.000000000000000000e+00 0.000000000000000000e+00
2.924334958445128052e+01 0.000000000000000000e+00 0.000000000000000000e+00
2.920053497807734999e+01 0.000000000000000000e+00 0.000000000000000000e+00
2.913243570446960362e+01 0.000000000000000000e+00 0.000000000000000000e+00
2.906917904587396251e+01 0.000000000000000000e+00 0.000000000000000000e+00
2.903926444604410761e+01 0.000000000000000000e+00 0.000000000000000000e+00
2.903376742359793283e+01 0.000000000000000000e+00 0.000000000000000000e+00
2.906618513186309727e+01 0.000000000000000000e+00 0.000000000000000000e+00
2.909691774098553907e+01 0.000000000000000000e+00 0.000000000000000000e+00
2.909731038544597936e+01 0.000000000000000000e+00 0.000000000000000000e+00
2.906597244944702396e+01 0.000000000000000000e+00 0.000000000000000000e+00
2.904810712649695859e+01 0.000000000000000000e+00 0.000000000000000000e+00
2.899958281526077997e+01 0.000000000000000000e+00 0.000000000000000000e+00
2.897138603494535758e+01 0.000000000000000000e+00 0.000000000000000000e+00
2.894323833518748756e+01 0.000000000000000000e+00 0.000000000000000000e+00
2.896921831032000583e+01 0.000000000000000000e+00 0.000000000000000000e+00
2.898270728355474191e+01 0.000000000000000000e+00 0.000000000000000000e+00
2.893479647928800347e+01 0.000000000000000000e+00 0.000000000000000000e+00
2.892072671945553353e+01 0.000000000000000000e+00 0.000000000000000000e+00
2.890716412538446534e+01 0.000000000000000000e+00 0.000000000000000000e+00
2.892600287939270842e+01 0.000000000000000000e+00 0.000000000000000000e+00
2.890130717884955303e+01 0.000000000000000000e+00 0.000000000000000000e+00
2.890144624042929067e+01 0.000000000000000000e+00 0.000000000000000000e+00
2.890610889339702894e+01 0.000000000000000000e+00 0.000000000000000000e+00
2.891063248478502601e+01 0.000000000000000000e+00 0.000000000000000000e+00
2.893519730384137034e+01 0.000000000000000000e+00 0.000000000000000000e+00
2.894671487468097482e+01 0.000000000000000000e+00 0.000000000000000000e+00
2.893097637589163185e+01 0.000000000000000000e+00 0.000000000000000000e+00
2.893277599633531949e+01 0.000000000000000000e+00 0.000000000000000000e+00
2.889618644067796538e+01 0.000000000000000000e+00 0.000000000000000000e+00
2.885265198612656334e+01 0.000000000000000000e+00 0.000000000000000000e+00
2.878073260912243825e+01 0.000000000000000000e+00 0.000000000000000000e+00
2.874163176493684801e+01 0.000000000000000000e+00 0.000000000000000000e+00
2.872290753222956639e+01 0.000000000000000000e+00 0.000000000000000000e+00
2.866458346966821580e+01 0.000000000000000000e+00 0.000000000000000000e+00
2.865920096852300247e+01 0.000000000000000000e+00 0.000000000000000000e+00
2.865775309207512578e+01 0.000000000000000000e+00 0.000000000000000000e+00
2.865844021988089807e+01 0.000000000000000000e+00 0.000000000000000000e+00
2.863111052941561496e+01 0.000000000000000000e+00 0.000000000000000000e+00
2.861633728159151957e+01 0.000000000000000000e+00 0.000000000000000000e+00
2.859943720960670177e+01 0.000000000000000000e+00 0.000000000000000000e+00
2.862637425561154458e+01 0.000000000000000000e+00 0.000000000000000000e+00
2.855091289837052670e+01 0.000000000000000000e+00 0.000000000000000000e+00
2.849259701590209914e+01 0.000000000000000000e+00 0.000000000000000000e+00
2.841370819972514994e+01 0.000000000000000000e+00 0.000000000000000000e+00
2.835906517898043333e+01 0.000000000000000000e+00 0.000000000000000000e+00
2.828795563117596856e+01 0.000000000000000000e+00 0.000000000000000000e+00
2.830010306917086638e+01 0.000000000000000000e+00 0.000000000000000000e+00
2.838715561808782084e+01 0.000000000000000000e+00 0.000000000000000000e+00
2.844016262024736719e+01 0.000000000000000000e+00 0.000000000000000000e+00
2.852527648714089281e+01 0.000000000000000000e+00 0.000000000000000000e+00
2.853478993521366291e+01 0.000000000000000000e+00 0.000000000000000000e+00
2.851745631830377548e+01 0.000000000000000000e+00 0.000000000000000000e+00
2.845465774491198374e+01 0.000000000000000000e+00 0.000000000000000000e+00
2.842174105097834058e+01 0.000000000000000000e+00 0.000000000000000000e+00
2.846206890910280762e+01 0.000000000000000000e+00 0.000000000000000000e+00
2.848595478044630624e+01 0.000000000000000000e+00 0.000000000000000000e+00
2.848996302597997499e+01 0.000000000000000000e+00 0.000000000000000000e+00
2.850441725017996220e+01 0.000000000000000000e+00 0.000000000000000000e+00
2.855435671749231119e+01 0.000000000000000000e+00 0.000000000000000000e+00
2.857248380341600580e+01 0.000000000000000000e+00 0.000000000000000000e+00
2.856667593743864941e+01 0.000000000000000000e+00 0.000000000000000000e+00
2.862132713827628905e+01 0.000000000000000000e+00 0.000000000000000000e+00
2.865898010601400259e+01 0.000000000000000000e+00 0.000000000000000000e+00
2.870527943197434695e+01 0.000000000000000000e+00 0.000000000000000000e+00
2.888751554217655837e+01 0.000000000000000000e+00 0.000000000000000000e+00
2.883462306131797703e+01 0.000000000000000000e+00 0.000000000000000000e+00
2.871263333551469188e+01 0.000000000000000000e+00 0.000000000000000000e+00
2.859486453766114877e+01 0.000000000000000000e+00 0.000000000000000000e+00
2.849249067469406427e+01 0.000000000000000000e+00 0.000000000000000000e+00
2.841931156337935960e+01 0.000000000000000000e+00 0.000000000000000000e+00
2.838789182645114906e+01 0.000000000000000000e+00 0.000000000000000000e+00
2.838443164714351141e+01 0.000000000000000000e+00 0.000000000000000000e+00
2.841653033178456766e+01 0.000000000000000000e+00 0.000000000000000000e+00
2.838996957005431554e+01 0.000000000000000000e+00 0.000000000000000000e+00
2.836830050389372460e+01 0.000000000000000000e+00 0.000000000000000000e+00
2.829476964858320898e+01 0.000000000000000000e+00 0.000000000000000000e+00
2.818111543747136949e+01 0.000000000000000000e+00 0.000000000000000000e+00
2.812129441790458628e+01 0.000000000000000000e+00 0.000000000000000000e+00
2.803254858975197905e+01 0.000000000000000000e+00 0.000000000000000000e+00
2.799931287219422771e+01 0.000000000000000000e+00 0.000000000000000000e+00
2.794116877167724766e+01 0.000000000000000000e+00 0.000000000000000000e+00
2.792970028139519556e+01 0.000000000000000000e+00 0.000000000000000000e+00
2.795826516589228561e+01 0.000000000000000000e+00 0.000000000000000000e+00
2.799807767816242432e+01 0.000000000000000000e+00 0.000000000000000000e+00
2.801163209214056593e+01 0.000000000000000000e+00 0.000000000000000000e+00
2.802588999411033299e+01 0.000000000000000000e+00 0.000000000000000000e+00
2.799604083502388718e+01 0.000000000000000000e+00 0.000000000000000000e+00
2.795945945945945965e+01 0.000000000000000000e+00 0.000000000000000000e+00
2.790267325436817103e+01 0.000000000000000000e+00 0.000000000000000000e+00
2.783636542111118217e+01 0.000000000000000000e+00 0.000000000000000000e+00
2.780227897388914471e+01 0.000000000000000000e+00 0.000000000000000000e+00
2.781986617367973125e+01 0.000000000000000000e+00 0.000000000000000000e+00
2.785515509456187289e+01 0.000000000000000000e+00 0.000000000000000000e+00
2.785793632615666482e+01 0.000000000000000000e+00 0.000000000000000000e+00
2.784121621621621756e+01 0.000000000000000000e+00 0.000000000000000000e+00
2.787097539428047810e+01 0.000000000000000000e+00 0.000000000000000000e+00
2.785072966428898766e+01 0.000000000000000000e+00 0.000000000000000000e+00
2.779427066291473025e+01 0.000000000000000000e+00 0.000000000000000000e+00
2.777023754989856741e+01 0.000000000000000000e+00 0.000000000000000000e+00
2.774185262744584790e+01 0.000000000000000000e+00 0.000000000000000000e+00
2.771829395981938404e+01 0.000000000000000000e+00 0.000000000000000000e+00
2.772501799620443563e+01 0.000000000000000000e+00 0.000000000000000000e+00
2.777384497087886928e+01 0.000000000000000000e+00 0.000000000000000000e+00
2.780263071788495566e+01 0.000000000000000000e+00 0.000000000000000000e+00
2.780992736077481808e+01 0.000000000000000000e+00 0.000000000000000000e+00
2.782589490216608752e+01 0.000000000000000000e+00 0.000000000000000000e+00
2.780600909626333461e+01 0.000000000000000000e+00 0.000000000000000000e+00
2.778717034225508797e+01 0.000000000000000000e+00 0.000000000000000000e+00
2.780142006413192846e+01 0.000000000000000000e+00 0.000000000000000000e+00
2.777267521759047142e+01 0.000000000000000000e+00 0.000000000000000000e+00
2.774154996400759288e+01 0.000000000000000000e+00 0.000000000000000000e+00
2.773288724559910889e+01 0.000000000000000000e+00 0.000000000000000000e+00
2.774257247562332296e+01 0.000000000000000000e+00 0.000000000000000000e+00
2.775070348799162190e+01 0.000000000000000000e+00 0.000000000000000000e+00
2.776110856619331102e+01 0.000000000000000000e+00 0.000000000000000000e+00
2.778006184150251912e+01 0.000000000000000000e+00 0.000000000000000000e+00
2.779350173417969927e+01 0.000000000000000000e+00 0.000000000000000000e+00
2.778302303514167804e+01 0.000000000000000000e+00 0.000000000000000000e+00
2.776905143642431639e+01 0.000000000000000000e+00 0.000000000000000000e+00
2.775785288920882010e+01 0.000000000000000000e+00 0.000000000000000000e+00
2.774546004842614977e+01 0.000000000000000000e+00 0.000000000000000000e+00
2.771417119298475384e+01 0.000000000000000000e+00 0.000000000000000000e+00
2.770667822786466772e+01 0.000000000000000000e+00 0.000000000000000000e+00
2.766095968850206077e+01 0.000000000000000000e+00 0.000000000000000000e+00
2.763016163863621344e+01 0.000000000000000000e+00 0.000000000000000000e+00
2.757064328250768881e+01 0.000000000000000000e+00 0.000000000000000000e+00
2.749344774556638882e+01 0.000000000000000000e+00 0.000000000000000000e+00
2.746935737189974347e+01 0.000000000000000000e+00 0.000000000000000000e+00
2.745932857797264504e+01 0.000000000000000000e+00 0.000000000000000000e+00
2.749119822001177837e+01 0.000000000000000000e+00 0.000000000000000000e+00
2.751164027223349251e+01 0.000000000000000000e+00 0.000000000000000000e+00
2.754334631241410847e+01 0.000000000000000000e+00 0.000000000000000000e+00
2.750988155225443421e+01 0.000000000000000000e+00 0.000000000000000000e+00
2.751819252666710369e+01 0.000000000000000000e+00 0.000000000000000000e+00
2.750933348602839956e+01 0.000000000000000000e+00 0.000000000000000000e+00
2.746624893658792033e+01 0.000000000000000000e+00 0.000000000000000000e+00
2.741864897585236704e+01 0.000000000000000000e+00 0.000000000000000000e+00
2.737859106079445226e+01 0.000000000000000000e+00 0.000000000000000000e+00
2.734812839473856272e+01 0.000000000000000000e+00 0.000000000000000000e+00
2.734958445127936599e+01 0.000000000000000000e+00 0.000000000000000000e+00
2.736386689352790924e+01 0.000000000000000000e+00 0.000000000000000000e+00
2.739827236437405844e+01 0.000000000000000000e+00 0.000000000000000000e+00
2.741341371637981794e+01 0.000000000000000000e+00 0.000000000000000000e+00
2.741639945029775660e+01 0.000000000000000000e+00 0.000000000000000000e+00
2.743955729337085359e+01 0.000000000000000000e+00 0.000000000000000000e+00
2.742685360905699810e+01 0.000000000000000000e+00 0.000000000000000000e+00
2.745118938551141952e+01 0.000000000000000000e+00 0.000000000000000000e+00
2.752580819318107430e+01 0.000000000000000000e+00 0.000000000000000000e+00
2.758031215234604971e+01 0.000000000000000000e+00 0.000000000000000000e+00
2.760714285714285765e+01 0.000000000000000000e+00 0.000000000000000000e+00
2.768114815784307225e+01 0.000000000000000000e+00 0.000000000000000000e+00
2.763894705843858546e+01 0.000000000000000000e+00 0.000000000000000000e+00
2.757879883515476749e+01 0.000000000000000000e+00 0.000000000000000000e+00
2.755158366599044584e+01 0.000000000000000000e+00 0.000000000000000000e+00
2.749201622930436528e+01 0.000000000000000000e+00 0.000000000000000000e+00
2.747406910542503766e+01 0.000000000000000000e+00 0.000000000000000000e+00
2.744281297035534450e+01 0.000000000000000000e+00 0.000000000000000000e+00
2.739470584385838592e+01 0.000000000000000000e+00 0.000000000000000000e+00
2.736479942412145760e+01 0.000000000000000000e+00 0.000000000000000000e+00
2.728348112034552742e+01 0.000000000000000000e+00 0.000000000000000000e+00
2.724215529088410293e+01 0.000000000000000000e+00 0.000000000000000000e+00
2.722501799620443563e+01 0.000000000000000000e+00 0.000000000000000000e+00
2.718908284798115460e+01 0.000000000000000000e+00 0.000000000000000000e+00
2.709553530528106791e+01 0.000000000000000000e+00 0.000000000000000000e+00
2.701350533342058924e+01 0.000000000000000000e+00 0.000000000000000000e+00
2.700062168706236676e+01 0.000000000000000000e+00 0.000000000000000000e+00
2.694887441921340354e+01 0.000000000000000000e+00 0.000000000000000000e+00
2.692294352463844120e+01 0.000000000000000000e+00 0.000000000000000000e+00
2.694278024998363819e+01 0.000000000000000000e+00 0.000000000000000000e+00
2.694346737778941048e+01 0.000000000000000000e+00 0.000000000000000000e+00
2.693217066945880589e+01 0.000000000000000000e+00 0.000000000000000000e+00
2.695449414305346636e+01 0.000000000000000000e+00 0.000000000000000000e+00
2.701598390157712259e+01 0.000000000000000000e+00 0.000000000000000000e+00
2.704638930698252608e+01 0.000000000000000000e+00 0.000000000000000000e+00
2.702554643020744862e+01 0.000000000000000000e+00 0.000000000000000000e+00
2.699327596361494841e+01 0.000000000000000000e+00 0.000000000000000000e+00
2.697997513251750590e+01 0.000000000000000000e+00 0.000000000000000000e+00
2.694696845756167747e+01 0.000000000000000000e+00 0.000000000000000000e+00
2.687618611347424746e+01 0.000000000000000000e+00 0.000000000000000000e+00
2.687053366926248188e+01 0.000000000000000000e+00 0.000000000000000000e+00
2.686758883580917612e+01 0.000000000000000000e+00 0.000000000000000000e+00
2.683152280609907692e+01 0.000000000000000000e+00 0.000000000000000000e+00
2.682211569923434169e+01 0.000000000000000000e+00 0.000000000000000000e+00
2.686807964138472471e+01 0.000000000000000000e+00 0.000000000000000000e+00
2.691163045612197990e+01 0.000000000000000000e+00 0.000000000000000000e+00
2.690403932988678903e+01 0.000000000000000000e+00 0.000000000000000000e+00
2.686560107322819135e+01 0.000000000000000000e+00 0.000000000000000000e+00
2.678562430469210298e+01 0.000000000000000000e+00 0.000000000000000000e+00
2.674825764020679131e+01 0.000000000000000000e+00 0.000000000000000000e+00
2.672116517243635769e+01 0.000000000000000000e+00 0.000000000000000000e+00
2.670761893855114266e+01 0.000000000000000000e+00 0.000000000000000000e+00
2.663866893527910307e+01 0.000000000000000000e+00 0.000000000000000000e+00
2.657537955631175919e+01 0.000000000000000000e+00 0.000000000000000000e+00
2.646261697532883872e+01 0.000000000000000000e+00 0.000000000000000000e+00
2.637985079510503184e+01 0.000000000000000000e+00 0.000000000000000000e+00
2.634097899352136807e+01 0.000000000000000000e+00 0.000000000000000000e+00
2.632252470388063514e+01 0.000000000000000000e+00 0.000000000000000000e+00
2.630319514429683991e+01 0.000000000000000000e+00 0.000000000000000000e+00
2.624963189581833589e+01 0.000000000000000000e+00 0.000000000000000000e+00
2.623116124599175336e+01 0.000000000000000000e+00 0.000000000000000000e+00
2.619485799358680822e+01 0.000000000000000000e+00 0.000000000000000000e+00
2.622474805313788337e+01 0.000000000000000000e+00 0.000000000000000000e+00
2.623302630717885009e+01 0.000000000000000000e+00 0.000000000000000000e+00
2.627338688567501990e+01 0.000000000000000000e+00 0.000000000000000000e+00
2.629837706956351084e+01 0.000000000000000000e+00 0.000000000000000000e+00
2.630663896341862440e+01 0.000000000000000000e+00 0.000000000000000000e+00
2.632712191610496788e+01 0.000000000000000000e+00 0.000000000000000000e+00
2.635423892415417768e+01 0.000000000000000000e+00 0.000000000000000000e+00
2.637989169556966118e+01 0.000000000000000000e+00 0.000000000000000000e+00
2.635113866893527756e+01 0.000000000000000000e+00 0.000000000000000000e+00
2.634501177933381300e+01 0.000000000000000000e+00 0.000000000000000000e+00
2.636865224788953554e+01 0.000000000000000000e+00 0.000000000000000000e+00
2.636543747136967397e+01 0.000000000000000000e+00 0.000000000000000000e+00
2.636789149924743114e+01 0.000000000000000000e+00 0.000000000000000000e+00
2.633429585760094227e+01 0.000000000000000000e+00 0.000000000000000000e+00
2.630735063150317288e+01 0.000000000000000000e+00 0.000000000000000000e+00
2.628534618153262059e+01 0.000000000000000000e+00 0.000000000000000000e+00
2.625310025521890012e+01 0.000000000000000000e+00 0.000000000000000000e+00
2.624006936718800986e+01 0.000000000000000000e+00 0.000000000000000000e+00
2.622011812054184787e+01 0.000000000000000000e+00 0.000000000000000000e+00
2.623520221189712842e+01 0.000000000000000000e+00 0.000000000000000000e+00
2.630404587396112959e+01 0.000000000000000000e+00 0.000000000000000000e+00
2.625200412276683437e+01 0.000000000000000000e+00 0.000000000000000000e+00
2.625260944964334797e+01 0.000000000000000000e+00 0.000000000000000000e+00
2.626312904914599855e+01 0.000000000000000000e+00 0.000000000000000000e+00
2.629216837903278758e+01 0.000000000000000000e+00 0.000000000000000000e+00
2.627323146390942910e+01 0.000000000000000000e+00 0.000000000000000000e+00
2.624292421961913391e+01 0.000000000000000000e+00 0.000000000000000000e+00
2.617513578954256914e+01 0.000000000000000000e+00 0.000000000000000000e+00
2.615096361494666510e+01 0.000000000000000000e+00 0.000000000000000000e+00
2.612910640664878059e+01 0.000000000000000000e+00 0.000000000000000000e+00
2.609016916432170774e+01 0.000000000000000000e+00 0.000000000000000000e+00
2.602276519861265669e+01 0.000000000000000000e+00 0.000000000000000000e+00
2.598442510306917086e+01 0.000000000000000000e+00 0.000000000000000000e+00
2.595285812446829254e+01 0.000000000000000000e+00 0.000000000000000000e+00
2.593986813690203519e+01 0.000000000000000000e+00 0.000000000000000000e+00
2.601143576991034578e+01 0.000000000000000000e+00 0.000000000000000000e+00
2.608382141221124328e+01 0.000000000000000000e+00 0.000000000000000000e+00
2.618010110594856243e+01 0.000000000000000000e+00 0.000000000000000000e+00
2.624541096786859384e+01 0.000000000000000000e+00 0.000000000000000000e+00
2.627048295268634348e+01 0.000000000000000000e+00 0.000000000000000000e+00
2.623074406125253688e+01 0.000000000000000000e+00 0.000000000000000000e+00
2.619412996531640658e+01 0.000000000000000000e+00 0.000000000000000000e+00
2.612413291014986072e+01 0.000000000000000000e+00 0.000000000000000000e+00
2.612121261697532759e+01 0.000000000000000000e+00 0.000000000000000000e+00
2.609005464302074628e+01 0.000000000000000000e+00 0.000000000000000000e+00
2.608890124991819803e+01 0.000000000000000000e+00 0.000000000000000000e+00
2.609097899352136807e+01 0.000000000000000000e+00 0.000000000000000000e+00
2.608254531771481055e+01 0.000000000000000000e+00 0.000000000000000000e+00
2.612661965839932066e+01 0.000000000000000000e+00 0.000000000000000000e+00
2.613915974085465521e+01 0.000000000000000000e+00 0.000000000000000000e+00
2.613458706890910221e+01 0.000000000000000000e+00 0.000000000000000000e+00
2.615509456187422188e+01 0.000000000000000000e+00 0.000000000000000000e+00
2.616671029382893821e+01 0.000000000000000000e+00 0.000000000000000000e+00
2.617658366599044584e+01 0.000000000000000000e+00 0.000000000000000000e+00
2.621856390288593630e+01 0.000000000000000000e+00 0.000000000000000000e+00
2.618042830966559720e+01 0.000000000000000000e+00 0.000000000000000000e+00
2.616289837052548961e+01 0.000000000000000000e+00 0.000000000000000000e+00
2.615203520711995111e+01 0.000000000000000000e+00 0.000000000000000000e+00
2.610452522740658310e+01 0.000000000000000000e+00 0.000000000000000000e+00
2.610216936064393778e+01 0.000000000000000000e+00 0.000000000000000000e+00
2.607173123486682798e+01 0.000000000000000000e+00 0.000000000000000000e+00
2.607893789673450513e+01 0.000000000000000000e+00 0.000000000000000000e+00
2.606688861985472272e+01 0.000000000000000000e+00 0.000000000000000000e+00
2.602049931287219309e+01 0.000000000000000000e+00 0.000000000000000000e+00
2.600941528695765825e+01 0.000000000000000000e+00 0.000000000000000000e+00
2.591194947974609164e+01 0.000000000000000000e+00 0.000000000000000000e+00
2.583426313722923950e+01 0.000000000000000000e+00 0.000000000000000000e+00
2.576159937176886316e+01 0.000000000000000000e+00 0.000000000000000000e+00
2.568595805248347475e+01 0.000000000000000000e+00 0.000000000000000000e+00
2.565767947123879367e+01 0.000000000000000000e+00 0.000000000000000000e+00
2.569651855245075467e+01 0.000000000000000000e+00 0.000000000000000000e+00
2.574725966886983741e+01 0.000000000000000000e+00 0.000000000000000000e+00
2.575147241672665288e+01 0.000000000000000000e+00 0.000000000000000000e+00
2.573867057129768909e+01 0.000000000000000000e+00 0.000000000000000000e+00
2.572635135135135087e+01 0.000000000000000000e+00 0.000000000000000000e+00
2.579313362999803516e+01 0.000000000000000000e+00 0.000000000000000000e+00
2.585733917937307780e+01 0.000000000000000000e+00 0.000000000000000000e+00
2.589411687716772548e+01 0.000000000000000000e+00 0.000000000000000000e+00
2.590859564164648887e+01 0.000000000000000000e+00 0.000000000000000000e+00
2.592655912571166965e+01 0.000000000000000000e+00 0.000000000000000000e+00
2.588475885086054618e+01 0.000000000000000000e+00 0.000000000000000000e+00
2.581603789019043305e+01 0.000000000000000000e+00 0.000000000000000000e+00
2.572098521039199071e+01 0.000000000000000000e+00 0.000000000000000000e+00
2.567970028139519556e+01 0.000000000000000000e+00 0.000000000000000000e+00
2.565746678882272036e+01 0.000000000000000000e+00 0.000000000000000000e+00
2.563818630979648105e+01 0.000000000000000000e+00 0.000000000000000000e+00
2.564552385315097283e+01 0.000000000000000000e+00 0.000000000000000000e+00
2.566749558274981879e+01 0.000000000000000000e+00 0.000000000000000000e+00
2.565278777566913249e+01 0.000000000000000000e+00 0.000000000000000000e+00
2.565935639028859327e+01 0.000000000000000000e+00 0.000000000000000000e+00
2.567537301223741864e+01 0.000000000000000000e+00 0.000000000000000000e+00
2.567110300373012066e+01 0.000000000000000000e+00 0.000000000000000000e+00
2.564774065833387695e+01 0.000000000000000000e+00 0.000000000000000000e+00
2.565694326287546545e+01 0.000000000000000000e+00 0.000000000000000000e+00
2.571773771350042637e+01 0.000000000000000000e+00 0.000000000000000000e+00
2.573398337805117464e+01 0.000000000000000000e+00 0.000000000000000000e+00
2.572759472547608084e+01 0.000000000000000000e+00 0.000000000000000000e+00
2.565124173810614394e+01 0.000000000000000000e+00 0.000000000000000000e+00
2.561213271382763068e+01 0.000000000000000000e+00 0.000000000000000000e+00
2.555207447156599798e+01 0.000000000000000000e+00 0.000000000000000000e+00
2.553210686473398283e+01 0.000000000000000000e+00 0.000000000000000000e+00
2.548573391793730636e+01 0.000000000000000000e+00 0.000000000000000000e+00
2.556216870623650195e+01 0.000000000000000000e+00 0.000000000000000000e+00
2.593768405209083028e+01 0.000000000000000000e+00 0.000000000000000000e+00
2.600967704993128748e+01 0.000000000000000000e+00 0.000000000000000000e+00
2.611470944309927233e+01 0.000000000000000000e+00 0.000000000000000000e+00
2.618099273607748145e+01 0.000000000000000000e+00 0.000000000000000000e+00
2.630810320005235425e+01 0.000000000000000000e+00 0.000000000000000000e+00
2.638414534389110599e+01 0.000000000000000000e+00 0.000000000000000000e+00
2.636177278973889315e+01 0.000000000000000000e+00 0.000000000000000000e+00
2.638412080361232981e+01 0.000000000000000000e+00 0.000000000000000000e+00
2.630213991230940351e+01 0.000000000000000000e+00 0.000000000000000000e+00
2.622056802565277067e+01 0.000000000000000000e+00 0.000000000000000000e+00
2.613953602512924590e+01 0.000000000000000000e+00 0.000000000000000000e+00
2.610062332308094923e+01 0.000000000000000000e+00 0.000000000000000000e+00
2.606357568221974930e+01 0.000000000000000000e+00 0.000000000000000000e+00
2.605456121981545792e+01 0.000000000000000000e+00 0.000000000000000000e+00
2.598075224134546346e+01 0.000000000000000000e+00 0.000000000000000000e+00
2.593144264118840425e+01 0.000000000000000000e+00 0.000000000000000000e+00
2.587873830246711648e+01 0.000000000000000000e+00 0.000000000000000000e+00
2.582326091224396336e+01 0.000000000000000000e+00 0.000000000000000000e+00
2.576236830050389415e+01 0.000000000000000000e+00 0.000000000000000000e+00
2.568170440416202993e+01 0.000000000000000000e+00 0.000000000000000000e+00
2.567592925855637631e+01 0.000000000000000000e+00 0.000000000000000000e+00
2.562762580982920113e+01 0.000000000000000000e+00 0.000000000000000000e+00
2.549555820954126162e+01 0.000000000000000000e+00 0.000000000000000000e+00
2.544207676199201629e+01 0.000000000000000000e+00 0.000000000000000000e+00
2.540461193639159632e+01 0.000000000000000000e+00 0.000000000000000000e+00
2.536096296053923282e+01 0.000000000000000000e+00 0.000000000000000000e+00
2.523673188927426381e+01 0.000000000000000000e+00 0.000000000000000000e+00
2.520037955631175919e+01 0.000000000000000000e+00 0.000000000000000000e+00
2.517797428178784003e+01 0.000000000000000000e+00 0.000000000000000000e+00
2.511160100778744919e+01 0.000000000000000000e+00 0.000000000000000000e+00
2.504982494601138754e+01 0.000000000000000000e+00 0.000000000000000000e+00
2.500272397094430943e+01 0.000000000000000000e+00 0.000000000000000000e+00
2.490151986126562278e+01 0.000000000000000000e+00 0.000000000000000000e+00
2.480065931548982405e+01 0.000000000000000000e+00 0.000000000000000000e+00
2.474767685360905745e+01 0.000000000000000000e+00 0.000000000000000000e+00
2.471834304037693997e+01 0.000000000000000000e+00 0.000000000000000000e+00
2.463484065178980487e+01 0.000000000000000000e+00 0.000000000000000000e+00
2.456881094169229840e+01 0.000000000000000000e+00 0.000000000000000000e+00
2.451992670636738580e+01 0.000000000000000000e+00 0.000000000000000000e+00
2.447419998691185228e+01 0.000000000000000000e+00 0.000000000000000000e+00
2.442700085072966587e+01 0.000000000000000000e+00 0.000000000000000000e+00
2.440515182252470439e+01 0.000000000000000000e+00 0.000000000000000000e+00
2.438025979975132529e+01 0.000000000000000000e+00 0.000000000000000000e+00
2.439023133302794477e+01 0.000000000000000000e+00 0.000000000000000000e+00
2.441141777370591015e+01 0.000000000000000000e+00 0.000000000000000000e+00
2.441268568810941630e+01 0.000000000000000000e+00 0.000000000000000000e+00
2.447941070610562164e+01 0.000000000000000000e+00 0.000000000000000000e+00
2.448065408023035161e+01 0.000000000000000000e+00 0.000000000000000000e+00
2.449029022969700975e+01 0.000000000000000000e+00 0.000000000000000000e+00
2.449310418166350445e+01 0.000000000000000000e+00 0.000000000000000000e+00
2.449653164059943578e+01 0.000000000000000000e+00 0.000000000000000000e+00
2.449575453177148177e+01 0.000000000000000000e+00 0.000000000000000000e+00
2.447648223283816549e+01 0.000000000000000000e+00 0.000000000000000000e+00
2.445252274065833475e+01 0.000000000000000000e+00 0.000000000000000000e+00
2.444463713107780833e+01 0.000000000000000000e+00 0.000000000000000000e+00
2.440677148092402504e+01 0.000000000000000000e+00 0.000000000000000000e+00
2.437107355539558995e+01 0.000000000000000000e+00 0.000000000000000000e+00
2.439287350304299551e+01 0.000000000000000000e+00 0.000000000000000000e+00
2.439230089653818467e+01 0.000000000000000000e+00 0.000000000000000000e+00
2.442961030037301384e+01 0.000000000000000000e+00 0.000000000000000000e+00
2.458389503304757540e+01 0.000000000000000000e+00 0.000000000000000000e+00
2.457852889208821523e+01 0.000000000000000000e+00 0.000000000000000000e+00
2.461681990707414514e+01 0.000000000000000000e+00 0.000000000000000000e+00
2.467010503239316677e+01 0.000000000000000000e+00 0.000000000000000000e+00
2.477453209868464157e+01 0.000000000000000000e+00 0.000000000000000000e+00
2.481788659119167662e+01 0.000000000000000000e+00 0.000000000000000000e+00
2.485382991950788423e+01 0.000000000000000000e+00 0.000000000000000000e+00
2.480922387278319619e+01 0.000000000000000000e+00 0.000000000000000000e+00
2.478254040965905247e+01 0.000000000000000000e+00 0.000000000000000000e+00
2.475321477651986157e+01 0.000000000000000000e+00 0.000000000000000000e+00
2.472611412865650138e+01 0.000000000000000000e+00 0.000000000000000000e+00
2.465648517767161962e+01 0.000000000000000000e+00 0.000000000000000000e+00
2.464333158824684133e+01 0.000000000000000000e+00 0.000000000000000000e+00
2.461303252404947273e+01 0.000000000000000000e+00 0.000000000000000000e+00
2.462624337412472997e+01 0.000000000000000000e+00 0.000000000000000000e+00
2.464025587330672096e+01 0.000000000000000000e+00 0.000000000000000000e+00
2.466666121327138228e+01 0.000000000000000000e+00 0.000000000000000000e+00
2.466272658857404565e+01 0.000000000000000000e+00 0.000000000000000000e+00
2.466611314704535118e+01 0.000000000000000000e+00 0.000000000000000000e+00
2.464321706694587988e+01 0.000000000000000000e+00 0.000000000000000000e+00
2.461660722465807183e+01 0.000000000000000000e+00 0.000000000000000000e+00
2.462711864406779583e+01 0.000000000000000000e+00 0.000000000000000000e+00
2.464158104836070962e+01 0.000000000000000000e+00 0.000000000000000000e+00
2.466059976441332324e+01 0.000000000000000000e+00 0.000000000000000000e+00
2.465981447549244265e+01 0.000000000000000000e+00 0.000000000000000000e+00
2.471623257640206717e+01 0.000000000000000000e+00 0.000000000000000000e+00
2.471420391335645661e+01 0.000000000000000000e+00 0.000000000000000000e+00
2.468893560630848683e+01 0.000000000000000000e+00 0.000000000000000000e+00
2.468869020352071075e+01 0.000000000000000000e+00 0.000000000000000000e+00
2.467333616909888150e+01 0.000000000000000000e+00 0.000000000000000000e+00
2.470276814344611083e+01 0.000000000000000000e+00 0.000000000000000000e+00
2.475908808324062704e+01 0.000000000000000000e+00 0.000000000000000000e+00
2.486477488384268142e+01 0.000000000000000000e+00 0.000000000000000000e+00
2.499150906354296353e+01 0.000000000000000000e+00 0.000000000000000000e+00
2.508539199005300802e+01 0.000000000000000000e+00 0.000000000000000000e+00
2.508733885216935988e+01 0.000000000000000000e+00 0.000000000000000000e+00
2.508844316471435221e+01 0.000000000000000000e+00 0.000000000000000000e+00
2.506912178522348000e+01 0.000000000000000000e+00 0.000000000000000000e+00
2.502533374779137532e+01 0.000000000000000000e+00 0.000000000000000000e+00
2.499958281526077997e+01 0.000000000000000000e+00 0.000000000000000000e+00
2.504132582946142094e+01 0.000000000000000000e+00 0.000000000000000000e+00
2.504307636934755621e+01 0.000000000000000000e+00 0.000000000000000000e+00
2.505389863228846181e+01 0.000000000000000000e+00 0.000000000000000000e+00
2.504256102349322788e+01 0.000000000000000000e+00 0.000000000000000000e+00
2.502832766180223700e+01 0.000000000000000000e+00 0.000000000000000000e+00
2.502015574896930872e+01 0.000000000000000000e+00 0.000000000000000000e+00
2.497051894509521475e+01 0.000000000000000000e+00 0.000000000000000000e+00
2.493933643086185370e+01 0.000000000000000000e+00 0.000000000000000000e+00
2.488668935279104844e+01 0.000000000000000000e+00 0.000000000000000000e+00
2.482934690138079858e+01 0.000000000000000000e+00 0.000000000000000000e+00
2.486276258098292047e+01 0.000000000000000000e+00 0.000000000000000000e+00
2.486502028663045749e+01 0.000000000000000000e+00 0.000000000000000000e+00
2.482564949937831145e+01 0.000000000000000000e+00 0.000000000000000000e+00
2.479805804593940266e+01 0.000000000000000000e+00 0.000000000000000000e+00
2.475997153327661948e+01 0.000000000000000000e+00 0.000000000000000000e+00
2.474488744192133893e+01 0.000000000000000000e+00 0.000000000000000000e+00
2.465151168117269975e+01 0.000000000000000000e+00 0.000000000000000000e+00
2.461022675217590461e+01 0.000000000000000000e+00 0.000000000000000000e+00
2.458238171585629317e+01 0.000000000000000000e+00 0.000000000000000000e+00
2.448967672272756957e+01 0.000000000000000000e+00 0.000000000000000000e+00
2.431255317060401921e+01 0.000000000000000000e+00 0.000000000000000000e+00
2.429184117531575282e+01 0.000000000000000000e+00 0.000000000000000000e+00
2.425968523002421406e+01 0.000000000000000000e+00 0.000000000000000000e+00
2.422151691643217220e+01 0.000000000000000000e+00 0.000000000000000000e+00
2.419126693279235596e+01 0.000000000000000000e+00 0.000000000000000000e+00
2.412316765918460959e+01 0.000000000000000000e+00 0.000000000000000000e+00
2.412333126104312697e+01 0.000000000000000000e+00 0.000000000000000000e+00
2.417329526863425215e+01 0.000000000000000000e+00 0.000000000000000000e+00
2.420899319416268725e+01 0.000000000000000000e+00 0.000000000000000000e+00
2.429490053007002004e+01 0.000000000000000000e+00 0.000000000000000000e+00
2.432081506445913277e+01 0.000000000000000000e+00 0.000000000000000000e+00
2.432699103461815326e+01 0.000000000000000000e+00 0.000000000000000000e+00
2.427727242981480416e+01 0.000000000000000000e+00 0.000000000000000000e+00
2.423691185131863080e+01 0.000000000000000000e+00 0.000000000000000000e+00
2.418812577710882650e+01 0.000000000000000000e+00 0.000000000000000000e+00
2.414458314246449788e+01 0.000000000000000000e+00 0.000000000000000000e+00
2.412113081604606890e+01 0.000000000000000000e+00 0.000000000000000000e+00
2.413177311694260752e+01 0.000000000000000000e+00 0.000000000000000000e+00
2.417161834958445255e+01 0.000000000000000000e+00 0.000000000000000000e+00
2.416411720437144339e+01 0.000000000000000000e+00 0.000000000000000000e+00
2.415925822917348498e+01 0.000000000000000000e+00 0.000000000000000000e+00
2.415229697009358034e+01 0.000000000000000000e+00 0.000000000000000000e+00
2.415296773771349947e+01 0.000000000000000000e+00 0.000000000000000000e+00
2.416643217066945937e+01 0.000000000000000000e+00 0.000000000000000000e+00
2.417059583796871891e+01 0.000000000000000000e+00 0.000000000000000000e+00
2.413430894574962338e+01 0.000000000000000000e+00 0.000000000000000000e+00
2.413080786597735639e+01 0.000000000000000000e+00 0.000000000000000000e+00
2.409875008180092948e+01 0.000000000000000000e+00 0.000000000000000000e+00
2.408693802761599301e+01 0.000000000000000000e+00 0.000000000000000000e+00
2.407561677900660868e+01 0.000000000000000000e+00 0.000000000000000000e+00
2.407337543354492482e+01 0.000000000000000000e+00 0.000000000000000000e+00
2.406814835416530229e+01 0.000000000000000000e+00 0.000000000000000000e+00
2.403736666448530812e+01 0.000000000000000000e+00 0.000000000000000000e+00
2.397188502061383275e+01 0.000000000000000000e+00 0.000000000000000000e+00
2.393407663111052841e+01 0.000000000000000000e+00 0.000000000000000000e+00
2.392766343825665842e+01 0.000000000000000000e+00 0.000000000000000000e+00
2.391772462535174526e+01 0.000000000000000000e+00 0.000000000000000000e+00
2.382152673254368125e+01 0.000000000000000000e+00 0.000000000000000000e+00
2.366667757345723544e+01 0.000000000000000000e+00 0.000000000000000000e+00
2.356776388979778858e+01 0.000000000000000000e+00 0.000000000000000000e+00
2.344358189909037193e+01 0.000000000000000000e+00 0.000000000000000000e+00
2.338697565604345385e+01 0.000000000000000000e+00 0.000000000000000000e+00
2.337794483345330931e+01 0.000000000000000000e+00 0.000000000000000000e+00
2.347682579674104986e+01 0.000000000000000000e+00 0.000000000000000000e+00
2.356872914076303971e+01 0.000000000000000000e+00 0.000000000000000000e+00
2.358897487075453014e+01 0.000000000000000000e+00 0.000000000000000000e+00
2.358553105163274566e+01 0.000000000000000000e+00 0.000000000000000000e+00
2.357154309272953441e+01 0.000000000000000000e+00 0.000000000000000000e+00
2.360947418362672678e+01 0.000000000000000000e+00 0.000000000000000000e+00
2.361969929978404537e+01 0.000000000000000000e+00 0.000000000000000000e+00
2.363417806426280876e+01 0.000000000000000000e+00 0.000000000000000000e+00
2.365243603167332154e+01 0.000000000000000000e+00 0.000000000000000000e+00
2.361250081800929124e+01 0.000000000000000000e+00 0.000000000000000000e+00
2.357114226817616753e+01 0.000000000000000000e+00 0.000000000000000000e+00
2.352800863817812882e+01 0.000000000000000000e+00 0.000000000000000000e+00
2.349690792487402646e+01 0.000000000000000000e+00 0.000000000000000000e+00
2.348456416464891205e+01 0.000000000000000000e+00 0.000000000000000000e+00
2.351890419475165217e+01 0.000000000000000000e+00 0.000000000000000000e+00
2.351834794843269449e+01 0.000000000000000000e+00 0.000000000000000000e+00
2.351360349453569754e+01 0.000000000000000000e+00 0.000000000000000000e+00
2.350713304103134504e+01 0.000000000000000000e+00 0.000000000000000000e+00
2.350291211308160300e+01 0.000000000000000000e+00 0.000000000000000000e+00
2.347424906746940820e+01 0.000000000000000000e+00 0.000000000000000000e+00
2.342138930698252608e+01 0.000000000000000000e+00 0.000000000000000000e+00
2.342898861331064708e+01 0.000000000000000000e+00 0.000000000000000000e+00
2.342963484065179003e+01 0.000000000000000000e+00 0.000000000000000000e+00
2.342521759047182783e+01 0.000000000000000000e+00 0.000000000000000000e+00
2.344880897846999446e+01 0.000000000000000000e+00 0.000000000000000000e+00
2.346880930567371237e+01 0.000000000000000000e+00 0.000000000000000000e+00
2.349371768863294463e+01 0.000000000000000000e+00 0.000000000000000000e+00
2.349540278777567082e+01 0.000000000000000000e+00 0.000000000000000000e+00
2.347519795824880617e+01 0.000000000000000000e+00 0.000000000000000000e+00
2.347393822393822305e+01 0.000000000000000000e+00 0.000000000000000000e+00
2.344044074340684602e+01 0.000000000000000000e+00 0.000000000000000000e+00
2.341464891041162133e+01 0.000000000000000000e+00 0.000000000000000000e+00
2.346275603690857992e+01 0.000000000000000000e+00 0.000000000000000000e+00
2.345869053072442867e+01 0.000000000000000000e+00 0.000000000000000000e+00
2.340832569857993661e+01 0.000000000000000000e+00 0.000000000000000000e+00
2.326324357044696001e+01 0.000000000000000000e+00 0.000000000000000000e+00
2.317078398010601248e+01 0.000000000000000000e+00 0.000000000000000000e+00
2.309353936260716011e+01 0.000000000000000000e+00 0.000000000000000000e+00
2.303902722334925812e+01 0.000000000000000000e+00 0.000000000000000000e+00
2.303718670244094113e+01 0.000000000000000000e+00 0.000000000000000000e+00
2.302840128263856911e+01 0.000000000000000000e+00 0.000000000000000000e+00
2.303869183953929678e+01 0.000000000000000000e+00 0.000000000000000000e+00
2.305305608271709872e+01 0.000000000000000000e+00 0.000000000000000000e+00
2.303793927099011896e+01 0.000000000000000000e+00 0.000000000000000000e+00
2.307430796413847318e+01 0.000000000000000000e+00 0.000000000000000000e+00
2.314861592827694636e+01 0.000000000000000000e+00 0.000000000000000000e+00
2.319198678096983102e+01 0.000000000000000000e+00 0.000000000000000000e+00
2.321454747725934098e+01 0.000000000000000000e+00 0.000000000000000000e+00
2.319957790720502544e+01 0.000000000000000000e+00 0.000000000000000000e+00
2.317260814082847986e+01 0.000000000000000000e+00 0.000000000000000000e+00
2.317819514429683991e+01 0.000000000000000000e+00 0.000000000000000000e+00
2.317372881355932179e+01 0.000000000000000000e+00 0.000000000000000000e+00
2.316954878607420909e+01 0.000000000000000000e+00 0.000000000000000000e+00
2.311085661933119439e+01 0.000000000000000000e+00 0.000000000000000000e+00
2.310425528434003084e+01 0.000000000000000000e+00 0.000000000000000000e+00
2.305739153196780222e+01 0.000000000000000000e+00 0.000000000000000000e+00
2.304618480465937935e+01 0.000000000000000000e+00 0.000000000000000000e+00
2.303008638178129530e+01 0.000000000000000000e+00 0.000000000000000000e+00
2.304607846345134448e+01 0.000000000000000000e+00 0.000000000000000000e+00
2.304568581899090418e+01 0.000000000000000000e+00 0.000000000000000000e+00
2.306987435377265783e+01 0.000000000000000000e+00 0.000000000000000000e+00
2.309418558994830306e+01 0.000000000000000000e+00 0.000000000000000000e+00
2.308333060663569114e+01 0.000000000000000000e+00 0.000000000000000000e+00
2.305950199594267502e+01 0.000000000000000000e+00 0.000000000000000000e+00
2.302620083764151460e+01 0.000000000000000000e+00 0.000000000000000000e+00
2.295667822786466772e+01 0.000000000000000000e+00 0.000000000000000000e+00
2.290160166219488147e+01 0.000000000000000000e+00 0.000000000000000000e+00
2.289842778613964924e+01 0.000000000000000000e+00 0.000000000000000000e+00
2.289986748249460291e+01 0.000000000000000000e+00 0.000000000000000000e+00
2.283145736535567139e+01 0.000000000000000000e+00 0.000000000000000000e+00
2.278153425822917200e+01 0.000000000000000000e+00 0.000000000000000000e+00
2.275685491787186621e+01 0.000000000000000000e+00 0.000000000000000000e+00
2.273629834434919061e+01 0.000000000000000000e+00 0.000000000000000000e+00
2.268370852692886430e+01 0.000000000000000000e+00 0.000000000000000000e+00
2.265800667495582843e+01 0.000000000000000000e+00 0.000000000000000000e+00
2.265915188796544655e+01 0.000000000000000000e+00 0.000000000000000000e+00
2.267906223414697919e+01 0.000000000000000000e+00 0.000000000000000000e+00
2.284861102022118828e+01 0.000000000000000000e+00 0.000000000000000000e+00
2.285667659184608169e+01 0.000000000000000000e+00 0.000000000000000000e+00
2.288168313592042580e+01 0.000000000000000000e+00 0.000000000000000000e+00
2.291223578299849351e+01 0.000000000000000000e+00 0.000000000000000000e+00
2.294258392775341804e+01 0.000000000000000000e+00 0.000000000000000000e+00
2.298252732151037137e+01 0.000000000000000000e+00 0.000000000000000000e+00
2.299851122308749396e+01 0.000000000000000000e+00 0.000000000000000000e+00
2.305618905830770160e+01 0.000000000000000000e+00 0.000000000000000000e+00
2.309621425299391362e+01 0.000000000000000000e+00 0.000000000000000000e+00
2.312272593416661337e+01 0.000000000000000000e+00 0.000000000000000000e+00
2.313944604410706063e+01 0.000000000000000000e+00 0.000000000000000000e+00
2.315411295072312114e+01 0.000000000000000000e+00 0.000000000000000000e+00
2.318289869772920753e+01 0.000000000000000000e+00 0.000000000000000000e+00
2.318319318107453597e+01 0.000000000000000000e+00 0.000000000000000000e+00
2.317057947778286930e+01 0.000000000000000000e+00 0.000000000000000000e+00
2.314745435508147509e+01 0.000000000000000000e+00 0.000000000000000000e+00
2.313667299260519528e+01 0.000000000000000000e+00 0.000000000000000000e+00
2.311086479942412097e+01 0.000000000000000000e+00 0.000000000000000000e+00
2.307160035338001336e+01 0.000000000000000000e+00 0.000000000000000000e+00
2.304148125122701529e+01 0.000000000000000000e+00 0.000000000000000000e+00
2.300520253910084278e+01 0.000000000000000000e+00 0.000000000000000000e+00
2.298712453373470410e+01 0.000000000000000000e+00 0.000000000000000000e+00
2.292775341927884369e+01 0.000000000000000000e+00 0.000000000000000000e+00
2.285654571035927063e+01 0.000000000000000000e+00 0.000000000000000000e+00
2.282730187814933487e+01 0.000000000000000000e+00 0.000000000000000000e+00
2.281762482821804738e+01 0.000000000000000000e+00 0.000000000000000000e+00
2.279162849289967951e+01 0.000000000000000000e+00 0.000000000000000000e+00
2.275031902362410818e+01 0.000000000000000000e+00 0.000000000000000000e+00
2.273571755775145675e+01 0.000000000000000000e+00 0.000000000000000000e+00
2.272316929520319206e+01 0.000000000000000000e+00 0.000000000000000000e+00
2.267686178914992468e+01 0.000000000000000000e+00 0.000000000000000000e+00
2.263123323080950300e+01 0.000000000000000000e+00 0.000000000000000000e+00
2.260927786139650664e+01 0.000000000000000000e+00 0.000000000000000000e+00
2.256988253386558441e+01 0.000000000000000000e+00 0.000000000000000000e+00
2.255165728682677795e+01 0.000000000000000000e+00 0.000000000000000000e+00
2.251469962698776328e+01 0.000000000000000000e+00 0.000000000000000000e+00
2.251149303056082829e+01 0.000000000000000000e+00 0.000000000000000000e+00
2.254027059747398809e+01 0.000000000000000000e+00 0.000000000000000000e+00
2.262003468359400671e+01 0.000000000000000000e+00 0.000000000000000000e+00
2.267060401806164549e+01 0.000000000000000000e+00 0.000000000000000000e+00
2.268131175970158964e+01 0.000000000000000000e+00 0.000000000000000000e+00
2.271613441528695887e+01 0.000000000000000000e+00 0.000000000000000000e+00
2.265709868464105625e+01 0.000000000000000000e+00 0.000000000000000000e+00
2.260771546364766849e+01 0.000000000000000000e+00 0.000000000000000000e+00
2.254571853936260695e+01 0.000000000000000000e+00 0.000000000000000000e+00
2.248347621228977289e+01 0.000000000000000000e+00 0.000000000000000000e+00
2.244967606832013729e+01 0.000000000000000000e+00 0.000000000000000000e+00
2.245049407761272064e+01 0.000000000000000000e+00 0.000000000000000000e+00
2.246085825534978042e+01 0.000000000000000000e+00 0.000000000000000000e+00
2.242246089915581564e+01 0.000000000000000000e+00 0.000000000000000000e+00
2.241877985733917811e+01 0.000000000000000000e+00 0.000000000000000000e+00
2.243154898239643913e+01 0.000000000000000000e+00 0.000000000000000000e+00
2.241396996269877562e+01 0.000000000000000000e+00 0.000000000000000000e+00
2.239838688567501990e+01 0.000000000000000000e+00 0.000000000000000000e+00
2.233060663569138171e+01 0.000000000000000000e+00 0.000000000000000000e+00
2.223903049538642662e+01 0.000000000000000000e+00 0.000000000000000000e+00
2.221092369609318595e+01 0.000000000000000000e+00 0.000000000000000000e+00
2.211798148026961641e+01 0.000000000000000000e+00 0.000000000000000000e+00
2.199507558405863605e+01 0.000000000000000000e+00 0.000000000000000000e+00
2.190062005104378073e+01 0.000000000000000000e+00 0.000000000000000000e+00
2.188468523002421406e+01 0.000000000000000000e+00 0.000000000000000000e+00
2.183839408415679628e+01 0.000000000000000000e+00 0.000000000000000000e+00
2.181735488515149513e+01 0.000000000000000000e+00 0.000000000000000000e+00
2.181613605130554134e+01 0.000000000000000000e+00 0.000000000000000000e+00
2.183804234016098533e+01 0.000000000000000000e+00 0.000000000000000000e+00
2.184622243308684020e+01 0.000000000000000000e+00 0.000000000000000000e+00
2.183106472089523109e+01 0.000000000000000000e+00 0.000000000000000000e+00
2.184627151364439612e+01 0.000000000000000000e+00 0.000000000000000000e+00
2.185190759767030855e+01 0.000000000000000000e+00 0.000000000000000000e+00
2.183387049276879921e+01 0.000000000000000000e+00 0.000000000000000000e+00
2.185157221386035076e+01 0.000000000000000000e+00 0.000000000000000000e+00
2.187742948759897743e+01 0.000000000000000000e+00 0.000000000000000000e+00
2.186900399188534649e+01 0.000000000000000000e+00 0.000000000000000000e+00
2.181095805248347475e+01 0.000000000000000000e+00 0.000000000000000000e+00
2.174649074013480643e+01 0.000000000000000000e+00 0.000000000000000000e+00
2.174325960342909525e+01 0.000000000000000000e+00 0.000000000000000000e+00
2.173414697990969202e+01 0.000000000000000000e+00 0.000000000000000000e+00
2.179150579150579148e+01 0.000000000000000000e+00 0.000000000000000000e+00
2.181813199397945269e+01 0.000000000000000000e+00 0.000000000000000000e+00
2.184550258490936514e+01 0.000000000000000000e+00 0.000000000000000000e+00
2.187175250310843566e+01 0.000000000000000000e+00 0.000000000000000000e+00
2.187133531836921563e+01 0.000000000000000000e+00 0.000000000000000000e+00
2.190206792749165743e+01 0.000000000000000000e+00 0.000000000000000000e+00
2.187602251161573363e+01 0.000000000000000000e+00 0.000000000000000000e+00
2.186506936718800986e+01 0.000000000000000000e+00 0.000000000000000000e+00
2.188244388456253020e+01 0.000000000000000000e+00 0.000000000000000000e+00
2.188553595968850374e+01 0.000000000000000000e+00 0.000000000000000000e+00
2.184397290753222975e+01 0.000000000000000000e+00 0.000000000000000000e+00
2.183819776192657613e+01 0.000000000000000000e+00 0.000000000000000000e+00
2.180443851842156988e+01 0.000000000000000000e+00 0.000000000000000000e+00
2.177380407041423993e+01 0.000000000000000000e+00 0.000000000000000000e+00
2.177592271448203576e+01 0.000000000000000000e+00 0.000000000000000000e+00
2.179517865322950243e+01 0.000000000000000000e+00 0.000000000000000000e+00
2.183165368758589153e+01 0.000000000000000000e+00 0.000000000000000000e+00
2.183338786728617364e+01 0.000000000000000000e+00 0.000000000000000000e+00
2.180162456645507518e+01 0.000000000000000000e+00 0.000000000000000000e+00
2.175777108827956141e+01 0.000000000000000000e+00 0.000000000000000000e+00
2.173417970028139479e+01 0.000000000000000000e+00 0.000000000000000000e+00
2.169372096067011313e+01 0.000000000000000000e+00 0.000000000000000000e+00
2.169300111249263807e+01 0.000000000000000000e+00 0.000000000000000000e+00
2.165188796544728689e+01 0.000000000000000000e+00 0.000000000000000000e+00
2.164406779661016955e+01 0.000000000000000000e+00 0.000000000000000000e+00
2.165172436358876951e+01 0.000000000000000000e+00 0.000000000000000000e+00
2.167822786466854268e+01 0.000000000000000000e+00 0.000000000000000000e+00
2.171168444473529391e+01 0.000000000000000000e+00 0.000000000000000000e+00
2.170028957528957392e+01 0.000000000000000000e+00 0.000000000000000000e+00
2.167950395916497541e+01 0.000000000000000000e+00 0.000000000000000000e+00
2.167444866173679685e+01 0.000000000000000000e+00 0.000000000000000000e+00
2.162711864406779583e+01 0.000000000000000000e+00 0.000000000000000000e+00
2.158207087232510801e+01 0.000000000000000000e+00 0.000000000000000000e+00
2.153430730973103735e+01 0.000000000000000000e+00 0.000000000000000000e+00
2.150562790393298940e+01 0.000000000000000000e+00 0.000000000000000000e+00
2.147104247104246966e+01 0.000000000000000000e+00 0.000000000000000000e+00
2.145454322361101873e+01 0.000000000000000000e+00 0.000000000000000000e+00
2.145154930960015704e+01 0.000000000000000000e+00 0.000000000000000000e+00
2.145415875924350502e+01 0.000000000000000000e+00 0.000000000000000000e+00
2.145458412407564808e+01 0.000000000000000000e+00 0.000000000000000000e+00
2.144424448661736804e+01 0.000000000000000000e+00 0.000000000000000000e+00
2.144544696027746866e+01 0.000000000000000000e+00 0.000000000000000000e+00
2.143668608075387638e+01 0.000000000000000000e+00 0.000000000000000000e+00
2.149639257901969813e+01 0.000000000000000000e+00 0.000000000000000000e+00
2.147544336103658225e+01 0.000000000000000000e+00 0.000000000000000000e+00
2.151291636672992524e+01 0.000000000000000000e+00 0.000000000000000000e+00
2.156391106602971064e+01 0.000000000000000000e+00 0.000000000000000000e+00
2.173208559649237515e+01 0.000000000000000000e+00 0.000000000000000000e+00
2.191338917610104176e+01 0.000000000000000000e+00 0.000000000000000000e+00
2.210387900006544015e+01 0.000000000000000000e+00 0.000000000000000000e+00
2.217026045415875757e+01 0.000000000000000000e+00 0.000000000000000000e+00
2.219165139715987323e+01 0.000000000000000000e+00 0.000000000000000000e+00
2.220782344087428939e+01 0.000000000000000000e+00 0.000000000000000000e+00
2.217308258621817885e+01 0.000000000000000000e+00 0.000000000000000000e+00
2.209326123944768128e+01 0.000000000000000000e+00 0.000000000000000000e+00
2.201143576991034578e+01 0.000000000000000000e+00 0.000000000000000000e+00
2.199827400039264447e+01 0.000000000000000000e+00 0.000000000000000000e+00
2.196361494666579262e+01 0.000000000000000000e+00 0.000000000000000000e+00
2.197253124795497570e+01 0.000000000000000000e+00 0.000000000000000000e+00
2.194597866631765015e+01 0.000000000000000000e+00 0.000000000000000000e+00
2.194932432432432279e+01 0.000000000000000000e+00 0.000000000000000000e+00
2.195801976310450954e+01 0.000000000000000000e+00 0.000000000000000000e+00
2.195687455009488787e+01 0.000000000000000000e+00 0.000000000000000000e+00
2.196961913487337270e+01 0.000000000000000000e+00 0.000000000000000000e+00
2.197539428047902632e+01 0.000000000000000000e+00 0.000000000000000000e+00
2.199185262744584790e+01 0.000000000000000000e+00 0.000000000000000000e+00
2.201171389306982462e+01 0.000000000000000000e+00 0.000000000000000000e+00
2.204194751652378770e+01 0.000000000000000000e+00 0.000000000000000000e+00
2.205320332438976649e+01 0.000000000000000000e+00 0.000000000000000000e+00
2.207243472285845343e+01 0.000000000000000000e+00 0.000000000000000000e+00
2.208076205745697251e+01 0.000000000000000000e+00 0.000000000000000000e+00
2.204315817027681490e+01 0.000000000000000000e+00 0.000000000000000000e+00
2.203007820168837227e+01 0.000000000000000000e+00 0.000000000000000000e+00
2.204668379032785808e+01 0.000000000000000000e+00 0.000000000000000000e+00
2.206563706563706617e+01 0.000000000000000000e+00 0.000000000000000000e+00
2.208858222629408985e+01 0.000000000000000000e+00 0.000000000000000000e+00
2.212523722269484949e+01 0.000000000000000000e+00 0.000000000000000000e+00
2.217222367646096615e+01 0.000000000000000000e+00 0.000000000000000000e+00
2.227741967148746838e+01 0.000000000000000000e+00 0.000000000000000000e+00
2.236300798377069654e+01 0.000000000000000000e+00 0.000000000000000000e+00
2.235420620378247492e+01 0.000000000000000000e+00 0.000000000000000000e+00
2.237064819056344334e+01 0.000000000000000000e+00 0.000000000000000000e+00
2.237195700543158239e+01 0.000000000000000000e+00 0.000000000000000000e+00
2.238942150382828444e+01 0.000000000000000000e+00 0.000000000000000000e+00
2.238689385511419516e+01 0.000000000000000000e+00 0.000000000000000000e+00
2.235443524638439783e+01 0.000000000000000000e+00 0.000000000000000000e+00
2.231544074340684602e+01 0.000000000000000000e+00 0.000000000000000000e+00
2.230130554283096700e+01 0.000000000000000000e+00 0.000000000000000000e+00
2.232395622014266223e+01 0.000000000000000000e+00 0.000000000000000000e+00
2.231993979451606691e+01 0.000000000000000000e+00 0.000000000000000000e+00
2.239218637523722322e+01 0.000000000000000000e+00 0.000000000000000000e+00
2.243386394869445866e+01 0.000000000000000000e+00 0.000000000000000000e+00
2.243410935148223118e+01 0.000000000000000000e+00 0.000000000000000000e+00
2.239009227144820358e+01 0.000000000000000000e+00 0.000000000000000000e+00
2.235409986257444004e+01 0.000000000000000000e+00 0.000000000000000000e+00
2.223347621228977289e+01 0.000000000000000000e+00 0.000000000000000000e+00
2.210836169098880788e+01 0.000000000000000000e+00 0.000000000000000000e+00
2.205128100255218726e+01 0.000000000000000000e+00 0.000000000000000000e+00
2.202674072377462267e+01 0.000000000000000000e+00 0.000000000000000000e+00
2.198680551011059592e+01 0.000000000000000000e+00 0.000000000000000000e+00
2.203416824815129971e+01 0.000000000000000000e+00 0.000000000000000000e+00
2.210084418558994912e+01 0.000000000000000000e+00 0.000000000000000000e+00
2.213664027223349251e+01 0.000000000000000000e+00 0.000000000000000000e+00
2.220118120541849294e+01 0.000000000000000000e+00 0.000000000000000000e+00
2.218586807146129303e+01 0.000000000000000000e+00 0.000000000000000000e+00
2.208755971467835977e+01 0.000000000000000000e+00 0.000000000000000000e+00
2.196885838623126830e+01 0.000000000000000000e+00 0.000000000000000000e+00
2.183939205549375018e+01 0.000000000000000000e+00 0.000000000000000000e+00
2.175047444538969899e+01 0.000000000000000000e+00 0.000000000000000000e+00
2.169691937700412154e+01 0.000000000000000000e+00 0.000000000000000000e+00
2.169201132124861076e+01 0.000000000000000000e+00 0.000000000000000000e+00
2.170891957332635158e+01 0.000000000000000000e+00 0.000000000000000000e+00
2.180328512531902518e+01 0.000000000000000000e+00 0.000000000000000000e+00
2.199282605850402561e+01 0.000000000000000000e+00 0.000000000000000000e+00
2.214818238335187317e+01 0.000000000000000000e+00 0.000000000000000000e+00
2.231400922714481894e+01 0.000000000000000000e+00 0.000000000000000000e+00
2.233397683397683409e+01 0.000000000000000000e+00 0.000000000000000000e+00
2.234196878476539538e+01 0.000000000000000000e+00 0.000000000000000000e+00
2.232525685491787115e+01 0.000000000000000000e+00 0.000000000000000000e+00
2.228739938485701089e+01 0.000000000000000000e+00 0.000000000000000000e+00
2.217692722989333021e+01 0.000000000000000000e+00 0.000000000000000000e+00
2.211259079903147651e+01 0.000000000000000000e+00 0.000000000000000000e+00
2.207991950788560942e+01 0.000000000000000000e+00 0.000000000000000000e+00
2.210909789935213610e+01 0.000000000000000000e+00 0.000000000000000000e+00
2.216014167920947742e+01 0.000000000000000000e+00 0.000000000000000000e+00
2.216619494797460987e+01 0.000000000000000000e+00 0.000000000000000000e+00
2.214383875400824664e+01 0.000000000000000000e+00 0.000000000000000000e+00
2.212086905307244322e+01 0.000000000000000000e+00 0.000000000000000000e+00
2.207470878869184006e+01 0.000000000000000000e+00 0.000000000000000000e+00
2.203050356652051534e+01 0.000000000000000000e+00 0.000000000000000000e+00
2.199067469406452346e+01 0.000000000000000000e+00 0.000000000000000000e+00
2.197884627969373739e+01 0.000000000000000000e+00 0.000000000000000000e+00
2.196614259537988190e+01 0.000000000000000000e+00 0.000000000000000000e+00
2.196951279366533427e+01 0.000000000000000000e+00 0.000000000000000000e+00
2.206436097114063344e+01 0.000000000000000000e+00 0.000000000000000000e+00
2.225194686211635187e+01 0.000000000000000000e+00 0.000000000000000000e+00
2.230798867875138924e+01 0.000000000000000000e+00 0.000000000000000000e+00
2.232172305477390140e+01 0.000000000000000000e+00 0.000000000000000000e+00
2.228452817224003724e+01 0.000000000000000000e+00 0.000000000000000000e+00
2.224305510110594852e+01 0.000000000000000000e+00 0.000000000000000000e+00
2.220410967868594909e+01 0.000000000000000000e+00 0.000000000000000000e+00
2.218126267914403371e+01 0.000000000000000000e+00 0.000000000000000000e+00
2.224099371768863165e+01 0.000000000000000000e+00 0.000000000000000000e+00
2.232627936653360479e+01 0.000000000000000000e+00 0.000000000000000000e+00
2.237403474903474887e+01 0.000000000000000000e+00 0.000000000000000000e+00
2.246413029252012450e+01 0.000000000000000000e+00 0.000000000000000000e+00
2.257196027746875089e+01 0.000000000000000000e+00 0.000000000000000000e+00
2.264886951115764546e+01 0.000000000000000000e+00 0.000000000000000000e+00
2.262706956351023990e+01 0.000000000000000000e+00 0.000000000000000000e+00
2.257735095870689079e+01 0.000000000000000000e+00 0.000000000000000000e+00
2.254377985733917811e+01 0.000000000000000000e+00 0.000000000000000000e+00
2.249811857862705367e+01 0.000000000000000000e+00 0.000000000000000000e+00
2.249002028663045749e+01 0.000000000000000000e+00 0.000000000000000000e+00
2.244935704469602911e+01 0.000000000000000000e+00 0.000000000000000000e+00
2.243303775930894517e+01 0.000000000000000000e+00 0.000000000000000000e+00
2.231557980498658367e+01 0.000000000000000000e+00 0.000000000000000000e+00
2.228119069432628763e+01 0.000000000000000000e+00 0.000000000000000000e+00
2.224651528041358617e+01 0.000000000000000000e+00 0.000000000000000000e+00
2.223501406975983130e+01 0.000000000000000000e+00 0.000000000000000000e+00
2.218007656566978625e+01 0.000000000000000000e+00 0.000000000000000000e+00
2.212589981022184560e+01 0.000000000000000000e+00 0.000000000000000000e+00
2.203480629539951607e+01 0.000000000000000000e+00 0.000000000000000000e+00
2.194167593743864941e+01 0.000000000000000000e+00 0.000000000000000000e+00
2.183068843662064040e+01 0.000000000000000000e+00 0.000000000000000000e+00
2.177053203324389941e+01 0.000000000000000000e+00 0.000000000000000000e+00
2.177385315097179586e+01 0.000000000000000000e+00 0.000000000000000000e+00
2.179697827367319007e+01 0.000000000000000000e+00 0.000000000000000000e+00
2.184084811203455345e+01 0.000000000000000000e+00 0.000000000000000000e+00
2.185922060074602413e+01 0.000000000000000000e+00 0.000000000000000000e+00
2.185264380603363676e+01 0.000000000000000000e+00 0.000000000000000000e+00
2.185405078201688411e+01 0.000000000000000000e+00 0.000000000000000000e+00
2.186424317780249993e+01 0.000000000000000000e+00 0.000000000000000000e+00
2.184273771350042637e+01 0.000000000000000000e+00 0.000000000000000000e+00
2.183550651135396947e+01 0.000000000000000000e+00 0.000000000000000000e+00
2.180573097310385577e+01 0.000000000000000000e+00 0.000000000000000000e+00
2.166657123224919701e+01 0.000000000000000000e+00 0.000000000000000000e+00
2.158471304234016230e+01 0.000000000000000000e+00 0.000000000000000000e+00
2.158764151560761846e+01 0.000000000000000000e+00 0.000000000000000000e+00
2.157498691185131889e+01 0.000000000000000000e+00 0.000000000000000000e+00
2.155963287742948609e+01 0.000000000000000000e+00 0.000000000000000000e+00
2.148656010732281985e+01 0.000000000000000000e+00 0.000000000000000000e+00
2.143825665859564111e+01 0.000000000000000000e+00 0.000000000000000000e+00
2.141628492899679514e+01 0.000000000000000000e+00 0.000000000000000000e+00
2.136908579281460518e+01 0.000000000000000000e+00 0.000000000000000000e+00
2.131226686735161380e+01 0.000000000000000000e+00 0.000000000000000000e+00
2.133244715659969870e+01 0.000000000000000000e+00 0.000000000000000000e+00
2.134830835678293326e+01 0.000000000000000000e+00 0.000000000000000000e+00
2.133498298540671456e+01 0.000000000000000000e+00 0.000000000000000000e+00
2.133347784830835536e+01 0.000000000000000000e+00 0.000000000000000000e+00
2.136342516850991302e+01 0.000000000000000000e+00 0.000000000000000000e+00
2.137282409528172167e+01 0.000000000000000000e+00 0.000000000000000000e+00
2.132791538511877505e+01 0.000000000000000000e+00 0.000000000000000000e+00
2.126844610954780279e+01 0.000000000000000000e+00 0.000000000000000000e+00
2.122284209148616085e+01 0.000000000000000000e+00 0.000000000000000000e+00
2.118629343629343609e+01 0.000000000000000000e+00 0.000000000000000000e+00
2.118271873568483699e+01 0.000000000000000000e+00 0.000000000000000000e+00
2.119734474183626816e+01 0.000000000000000000e+00 0.000000000000000000e+00
2.118545906681499957e+01 0.000000000000000000e+00 0.000000000000000000e+00
2.123784438191217916e+01 0.000000000000000000e+00 0.000000000000000000e+00
2.125702669982331017e+01 0.000000000000000000e+00 0.000000000000000000e+00
2.127345232641842898e+01 0.000000000000000000e+00 0.000000000000000000e+00
2.125014724167266422e+01 0.000000000000000000e+00 0.000000000000000000e+00
2.122699757869249382e+01 0.000000000000000000e+00 0.000000000000000000e+00
2.116914796152084222e+01 0.000000000000000000e+00 0.000000000000000000e+00
2.115347490347490478e+01 0.000000000000000000e+00 0.000000000000000000e+00
2.115579804986584733e+01 0.000000000000000000e+00 0.000000000000000000e+00
2.115329494143053424e+01 0.000000000000000000e+00 0.000000000000000000e+00
2.114239087756036994e+01 0.000000000000000000e+00 0.000000000000000000e+00
2.112986715529088499e+01 0.000000000000000000e+00 0.000000000000000000e+00
2.112329854067142065e+01 0.000000000000000000e+00 0.000000000000000000e+00
2.108570283358418962e+01 0.000000000000000000e+00 0.000000000000000000e+00
2.102792683724887013e+01 0.000000000000000000e+00 0.000000000000000000e+00
2.094627314966297860e+01 0.000000000000000000e+00 0.000000000000000000e+00
2.085787088541325929e+01 0.000000000000000000e+00 0.000000000000000000e+00
2.079297820823244436e+01 0.000000000000000000e+00 0.000000000000000000e+00
2.063861985472155069e+01 0.000000000000000000e+00 0.000000000000000000e+00
2.058095019959426608e+01 0.000000000000000000e+00 0.000000000000000000e+00
2.051823342713173304e+01 0.000000000000000000e+00 0.000000000000000000e+00
2.050642955303972315e+01 0.000000000000000000e+00 0.000000000000000000e+00
2.053982887245599187e+01 0.000000000000000000e+00 0.000000000000000000e+00
2.057834893004384469e+01 0.000000000000000000e+00 0.000000000000000000e+00
2.060221026110856712e+01 0.000000000000000000e+00 0.000000000000000000e+00
2.055832406256135059e+01 0.000000000000000000e+00 0.000000000000000000e+00
2.070509128983705338e+01 0.000000000000000000e+00 0.000000000000000000e+00
2.065166710293829055e+01 0.000000000000000000e+00 0.000000000000000000e+00
2.063537235782998636e+01 0.000000000000000000e+00 0.000000000000000000e+00
2.066293927099011896e+01 0.000000000000000000e+00 0.000000000000000000e+00
2.069956972711209886e+01 0.000000000000000000e+00 0.000000000000000000e+00
2.072730024213074884e+01 0.000000000000000000e+00 0.000000000000000000e+00
2.076397159871736164e+01 0.000000000000000000e+00 0.000000000000000000e+00
2.076216379818074742e+01 0.000000000000000000e+00 0.000000000000000000e+00
2.079553039722531338e+01 0.000000000000000000e+00 0.000000000000000000e+00
2.079804986584647608e+01 0.000000000000000000e+00 0.000000000000000000e+00
2.082971500556246269e+01 0.000000000000000000e+00 0.000000000000000000e+00
2.085021431843465578e+01 0.000000000000000000e+00 0.000000000000000000e+00
2.083370689091028183e+01 0.000000000000000000e+00 0.000000000000000000e+00
2.075071166808454848e+01 0.000000000000000000e+00 0.000000000000000000e+00
2.069137327400039439e+01 0.000000000000000000e+00 0.000000000000000000e+00
2.067978208232445425e+01 0.000000000000000000e+00 0.000000000000000000e+00
2.069622406910542622e+01 0.000000000000000000e+00 0.000000000000000000e+00
2.072798736993652113e+01 0.000000000000000000e+00 0.000000000000000000e+00
2.077421307506053338e+01 0.000000000000000000e+00 0.000000000000000000e+00
2.084708134284405645e+01 0.000000000000000000e+00 0.000000000000000000e+00
2.096076009423467212e+01 0.000000000000000000e+00 0.000000000000000000e+00
2.103706400104705310e+01 0.000000000000000000e+00 0.000000000000000000e+00
2.113470159021006367e+01 0.000000000000000000e+00 0.000000000000000000e+00
2.118343040376938546e+01 0.000000000000000000e+00 0.000000000000000000e+00
2.133599731692952162e+01 0.000000000000000000e+00 0.000000000000000000e+00
2.136707348995484423e+01 0.000000000000000000e+00 0.000000000000000000e+00
2.138319645311170802e+01 0.000000000000000000e+00 0.000000000000000000e+00
2.138013709835743725e+01 0.000000000000000000e+00 0.000000000000000000e+00
2.137167070217917697e+01 0.000000000000000000e+00 0.000000000000000000e+00
2.133074569727111935e+01 0.000000000000000000e+00 0.000000000000000000e+00
2.126892055493750533e+01 0.000000000000000000e+00 0.000000000000000000e+00
2.117970028139519556e+01 0.000000000000000000e+00 0.000000000000000000e+00
2.116929520319350999e+01 0.000000000000000000e+00 0.000000000000000000e+00
2.115478371834304028e+01 0.000000000000000000e+00 0.000000000000000000e+00
2.116917250179962195e+01 0.000000000000000000e+00 0.000000000000000000e+00
2.124019206858189790e+01 0.000000000000000000e+00 0.000000000000000000e+00
2.132075780380865027e+01 0.000000000000000000e+00 0.000000000000000000e+00
2.143632615666513885e+01 0.000000000000000000e+00 0.000000000000000000e+00
2.144037530266343694e+01 0.000000000000000000e+00 0.000000000000000000e+00
2.138386722073162716e+01 0.000000000000000000e+00 0.000000000000000000e+00
2.138044794188861886e+01 0.000000000000000000e+00 0.000000000000000000e+00
2.140875924350500625e+01 0.000000000000000000e+00 0.000000000000000000e+00
2.128721942281264390e+01 0.000000000000000000e+00 0.000000000000000000e+00
2.126243374124729968e+01 0.000000000000000000e+00 0.000000000000000000e+00
2.126627020482952801e+01 0.000000000000000000e+00 0.000000000000000000e+00
2.128286761337608723e+01 0.000000000000000000e+00 0.000000000000000000e+00
2.130167364701263111e+01 0.000000000000000000e+00 0.000000000000000000e+00
2.129085956416464853e+01 0.000000000000000000e+00 0.000000000000000000e+00
2.129316635036974148e+01 0.000000000000000000e+00 0.000000000000000000e+00
2.123353347294025184e+01 0.000000000000000000e+00 0.000000000000000000e+00
2.119143053465087334e+01 0.000000000000000000e+00 0.000000000000000000e+00
2.109157614030495509e+01 0.000000000000000000e+00 0.000000000000000000e+00
2.111445586021857324e+01 0.000000000000000000e+00 0.000000000000000000e+00
2.110089326614750505e+01 0.000000000000000000e+00 0.000000000000000000e+00
2.108628362018192703e+01 0.000000000000000000e+00 0.000000000000000000e+00
2.109537988351547710e+01 0.000000000000000000e+00 0.000000000000000000e+00
2.115175708396047227e+01 0.000000000000000000e+00 0.000000000000000000e+00
2.120520581113801484e+01 0.000000000000000000e+00 0.000000000000000000e+00
