1.227264016327152802e+02 3.515905847881408142e-01 1.174779291276236215e+01
1.224778846683123703e+02 3.550393570760169704e-01 1.174080433245402766e+01
1.224319581997789754e+02 3.560471014646167665e-01 1.172335722844887762e+01
1.222455021996773468e+02 3.534578758611345295e-01 1.163475828954443969e+01
1.219976648276037281e+02 3.467656909612102933e-01 1.127911979032142042e+01
1.216935398503626544e+02 3.385026103967040956e-01 1.104161391534100289e+01
1.213839040356351973e+02 3.317765517358185479e-01 1.070570476476790134e+01
1.210389527079954775e+02 3.229566712255103056e-01 1.049864293245148694e+01
1.207904230409322111e+02 3.193851065541493117e-01 1.036060735653403597e+01
1.207588018850748028e+02 3.229714909959309210e-01 1.028455229473559385e+01
1.206839345220200670e+02 3.149815176291754781e-01 1.026248353946928304e+01
1.206398457050188142e+02 3.183032633134466050e-01 1.023644308573025441e+01
1.206998107303606247e+02 3.307857442276994075e-01 1.025521126641289626e+01
1.206681451151919617e+02 3.347023978388540266e-01 1.023193787552239620e+01
1.206551862845141869e+02 3.344610472920045430e-01 1.025109560445609347e+01
1.206832443441404763e+02 3.359006821328613390e-01 1.026437200164287766e+01
1.207019003179899244e+02 3.407594497207531714e-01 1.024497292216233113e+01
1.207231751569837144e+02 3.336501941389924952e-01 1.028987682653670355e+01
1.207297466666102110e+02 3.203441574113671808e-01 1.029640811107206133e+01
1.208196370426512942e+02 3.156505244081618811e-01 1.034620889101540797e+01
1.210017529671297467e+02 3.112490525932480878e-01 1.038004030977554315e+01
1.211833078574422728e+02 3.252600869708812681e-01 1.042116728980272811e+01
1.214468901770327420e+02 3.263207591109831274e-01 1.045523794199965195e+01
1.216889372530920355e+02 3.485271265311998268e-01 1.048822675095587442e+01
1.219893784588285541e+02 3.396416156090290572e-01 1.059271460086124073e+01
1.221895935572106708e+02 3.613314081745853668e-01 1.062002320352625873e+01
1.223489865394142413e+02 3.763141960697968802e-01 1.067644206951742625e+01
1.225451304351507957e+02 3.701830453357948247e-01 1.072978900881141229e+01
1.229277663218600054e+02 3.913012181851285853e-01 1.092533799662109217e+01
1.234417942931181216e+02 4.242011085188274744e-01 1.108850790317185364e+01
1.238613081199639225e+02 4.386440333487176546e-01 1.120745138056746981e+01
1.240483209200113492e+02 4.532012821218524001e-01 1.130493583039407923e+01
1.242005855926426250e+02 4.520157004882056073e-01 1.136454941546591257e+01
1.243429654784033573e+02 4.405515495128529690e-01 1.138910365794276203e+01
1.243040233559581793e+02 4.238814248997548328e-01 1.139156373983257886e+01
1.242320691363461265e+02 4.187029736927904144e-01 1.137687734734577916e+01
1.242078197577179282e+02 4.106706581248332766e-01 1.137645392533376310e+01
1.241718373551367449e+02 4.427279386546189022e-01 1.147487413780692833e+01
1.241152597058910771e+02 4.584919401620012880e-01 1.156241028746120314e+01
1.240726740370324848e+02 4.605053118291407288e-01 1.160692040936440073e+01
1.241711852852382378e+02 4.702863603067268805e-01 1.167403703248917068e+01
1.242522176727879355e+02 4.755113879350131856e-01 1.169310795991040308e+01
1.244031400976411135e+02 4.783102074344436905e-01 1.165014967968124715e+01
1.246170592494421356e+02 4.716540134055409172e-01 1.165766542039454379e+01
1.248312832650918125e+02 4.566479372996684605e-01 1.167115564569739661e+01
1.249326399092183237e+02 4.587396420390310592e-01 1.165839582336527336e+01
1.249845683847720466e+02 4.753335506899661889e-01 1.165523074382544877e+01
1.249542704227021943e+02 4.649512429553162574e-01 1.168062547899615033e+01
1.248925990066519631e+02 4.558603723573173561e-01 1.170140068001575173e+01
1.248347510913702365e+02 4.567707296831532982e-01 1.172021332000965366e+01
1.248259799043913034e+02 4.650549813482603434e-01 1.170228139780074628e+01
1.248017919219548588e+02 4.644113798899949797e-01 1.170527922564582468e+01
1.246121369685524485e+02 4.558857776780383952e-01 1.165556736432500173e+01
1.244531652912508264e+02 4.603063034834928846e-01 1.166421575892044338e+01
1.243748682098987643e+02 4.766948524585999380e-01 1.166342819397809194e+01
1.243047939840200513e+02 4.742030139178815551e-01 1.162793696093085138e+01
1.242314276519979188e+02 4.689737520694750583e-01 1.159918025498473604e+01
1.242183862540278056e+02 4.715185183616955600e-01 1.150862087216466101e+01
1.242167708990519515e+02 4.697930736627274340e-01 1.147738291322812643e+01
1.241731817200248997e+02 4.722213989016432745e-01 1.142048346325332098e+01
1.243345287948139202e+02 4.683873125828319495e-01 1.139634840856836817e+01
1.242571463050078080e+02 4.745692739582759723e-01 1.134030215394777485e+01
1.241359227000774865e+02 4.632723746776700180e-01 1.144638630483844288e+01
1.239131434426750076e+02 4.573741060502771183e-01 1.144805882178591006e+01
1.238159596224769388e+02 4.461915307129156183e-01 1.145182092636267868e+01
1.237749935428143147e+02 4.419721303631690690e-01 1.146385034572407235e+01
1.237277184751726509e+02 4.427787492960609250e-01 1.149264092543115012e+01
1.236682361509245425e+02 4.401429472712568569e-01 1.149559217685490609e+01
1.235875425009844548e+02 4.410024939556507761e-01 1.147710345470019533e+01
1.234796905631936141e+02 4.407844316194621803e-01 1.146971685770056482e+01
1.234232611116521525e+02 4.401916408026387839e-01 1.146932730944950940e+01
1.233342937955972616e+02 4.337513919998645107e-01 1.149598172510596150e+01
1.232704269364147223e+02 4.311473466259617138e-01 1.146376142710154866e+01
1.232717480130922070e+02 4.267458748110479205e-01 1.140434261615524392e+01
1.232775573630970740e+02 4.256619144602851179e-01 1.140807084697105012e+01
1.232773054269999307e+02 4.257783555135897235e-01 1.139120594823242527e+01
1.232813702783152934e+02 4.221496288706064748e-01 1.138580096624903071e+01
1.232443039153833411e+02 4.190184230917428643e-01 1.138108827925528566e+01
1.232383971783157079e+02 4.276054214954418398e-01 1.135090675823873418e+01
1.232826087877004397e+02 4.330082863687751416e-01 1.133546244035042427e+01
1.232617912444796389e+02 4.330252232492558528e-01 1.135197378170901672e+01
1.232534942901541655e+02 4.299194227911132260e-01 1.134240232712737750e+01
1.231808033162411959e+02 4.232780485326310127e-01 1.134454060828806199e+01
1.230618132624242662e+02 4.333936003997103659e-01 1.134547425382455899e+01
1.229528434905217011e+02 4.371726418569595873e-01 1.132196162949727025e+01
1.227909311473466261e+02 4.286512738651231391e-01 1.130633100592367413e+01
1.226893331526732709e+02 4.226746721655071926e-01 1.121749071647238694e+01
1.228216250089977137e+02 4.105796223922497101e-01 1.124577742398516378e+01
1.230746111927374642e+02 4.297415855460661738e-01 1.129476735077549776e+01
1.231478780205867736e+02 4.356292686231586497e-01 1.125460365582565103e+01
1.231349636492202677e+02 4.364231848956899862e-01 1.124175068065088468e+01
1.230578563837219690e+02 4.336857615880019279e-01 1.120997920997920971e+01
1.230101134347570166e+02 4.119324557206430759e-01 1.119159422621744326e+01
1.228982093483111839e+02 3.778427495331772579e-01 1.117398833895778942e+01
1.226434956027623997e+02 3.632241045683000658e-01 1.105939128851552411e+01
1.224664776793086389e+02 3.475871296645227648e-01 1.104360611590754182e+01
1.223659678792061669e+02 3.397580566623336629e-01 1.100486300180801180e+01
1.222453497677530265e+02 3.561148489865393896e-01 1.096014116889880619e+01
1.219576662672385652e+02 3.688577344381824830e-01 1.087654707817640620e+01
1.217264270380359932e+02 3.690715625542509426e-01 1.076647429193254091e+01
1.215624293414517467e+02 3.749888851721845384e-01 1.070671039204644082e+01
1.215424099487235878e+02 3.733121340045983394e-01 1.072425276600429278e+01
1.215734573677547132e+02 3.762358629975737778e-01 1.080957018431560179e+01
1.215351779007583559e+02 3.731215940991908231e-01 1.082965309034555546e+01
1.214713576179971284e+02 3.706953859703350784e-01 1.084563515418912516e+01
1.215791947360175413e+02 3.784588285606615421e-01 1.089357711149971841e+01
1.216026417299329694e+02 3.723530831473805258e-01 1.092887780464155156e+01
1.216363821129605185e+02 3.866414589428845971e-01 1.088692091747081570e+01
1.216572483497127024e+02 3.865080810090993357e-01 1.084371916958474991e+01
1.216429705594674999e+02 3.813931431039374043e-01 1.081291310110047377e+01
1.215930681582412802e+02 3.881446070855439356e-01 1.076875018524713035e+01
1.215108967654792451e+02 3.833408843592143178e-01 1.075781742889685866e+01
1.214655546193224467e+02 3.861566407391254785e-01 1.071223604930325912e+01
1.213709769616083207e+02 3.908142828713093708e-01 1.069212985506264602e+01
1.212440837359370960e+02 3.861778118397263260e-01 1.065148557612916136e+01
1.212439588264435457e+02 3.878757341079133170e-01 1.062380224498350856e+01
1.213320242536128433e+02 3.917077033166646016e-01 1.066160536221635979e+01
1.212911132188117875e+02 3.806648572432686506e-01 1.070110640171740002e+01
1.211957606988156897e+02 3.573258359409072216e-01 1.070082694318946892e+01
1.211806508843168757e+02 3.494163127564349769e-01 1.071102294523883103e+01
1.214226746721655132e+02 3.586490297284594675e-01 1.075416329693315376e+01
1.215405511260908469e+02 3.594768197619521710e-01 1.079615617497491264e+01
1.216622659005551128e+02 3.678711611501835343e-01 1.074325171168348270e+01
1.216972045678766676e+02 3.587188943604422420e-01 1.070878304279526283e+01
1.215320911542907538e+02 3.572834937397055266e-01 1.065772681658628684e+01
1.213883647865317954e+02 3.491156831279030870e-01 1.059823390678787902e+01
1.212872537271722564e+02 3.452540743783106270e-01 1.057908888051454177e+01
1.212008205918592836e+02 3.572030435574223839e-01 1.059371175969953960e+01
1.212287876157529922e+02 3.501975263686057938e-01 1.062468084565844251e+01
1.212530327601610765e+02 3.458807389560953904e-01 1.062612048049929925e+01
1.212204567876665635e+02 3.510845954837807925e-01 1.065076364159867239e+01
1.211612602732765680e+02 3.560428672444965748e-01 1.063986899322948254e+01
1.209601813939899415e+02 3.529010759153325405e-01 1.060883851107883658e+01
1.208028885849659844e+02 3.575502496072761049e-01 1.055654589259477305e+01
1.207769624551701924e+02 3.673164783144416412e-01 1.056550338525898525e+01
1.207297720719309382e+02 3.833366501390941261e-01 1.058418264731910341e+01
1.207795029872422958e+02 3.798645896405570266e-01 1.055750917767211128e+01
1.208031511066134271e+02 3.706657464294939031e-01 1.050392088783127420e+01
1.208633977075932222e+02 3.561190832066595813e-01 1.045452871012952478e+01
1.209692701474778858e+02 3.558883182101104659e-01 1.045657807266768557e+01
1.210114429798747580e+02 3.574719165350530026e-01 1.046322156403622827e+01
1.210544436023051134e+02 3.573110161704866616e-01 1.044216478737863696e+01
1.210398927048621545e+02 3.521897269351444426e-01 1.047684093305274544e+01
1.210663883372641010e+02 3.640518946017927693e-01 1.049672694784710991e+01
1.211198792400421667e+02 3.773028864678559247e-01 1.050723204796524612e+01
1.211783241803608462e+02 3.687963382464400919e-01 1.050489475845891363e+01
1.211792027810357695e+02 3.642826595983418847e-01 1.052419856798675468e+01
1.211630936905885960e+02 3.720376337484280205e-01 1.054163932066172471e+01
1.211786650350805132e+02 3.776585609579499736e-01 1.055446900762582985e+01
1.212085268724779894e+02 3.818610244272158671e-01 1.061168390699958941e+01
1.212364875450415127e+02 3.786684224566098100e-01 1.061222588717497040e+01
1.213170372314975225e+02 3.878482116771322374e-01 1.063264753081453762e+01
1.213488828010212899e+02 3.728569553416803961e-01 1.060268830635429360e+01
1.213160570095397048e+02 3.649156755063068802e-01 1.053618776225700948e+01
1.211939865605853441e+02 3.520648174415995091e-01 1.048747729399460482e+01
1.210728518742775321e+02 3.435540350000635401e-01 1.040253883838405180e+01
1.211348980188083999e+02 3.478242459912521123e-01 1.042545020345427709e+01
1.211831596597380667e+02 3.530852644905598248e-01 1.053375520279797328e+01
1.212508923618903225e+02 3.652713499964009292e-01 1.059846678889448768e+01
1.212336823742119094e+02 3.635670763980336506e-01 1.062162162162162105e+01
1.212228914642356585e+02 3.791024300189269614e-01 1.065586375973341404e+01
1.212026921171523952e+02 3.790918444686265376e-01 1.067840039632300275e+01
1.211200613115073423e+02 4.055917110906927525e-01 1.065127386512315155e+01
1.210299528731300569e+02 4.273492511781717407e-01 1.062100765970419758e+01
1.209307959063559821e+02 4.328960795355907276e-01 1.061796537254785733e+01
1.208291089930601174e+02 4.364803468673122411e-01 1.055404346850375319e+01
1.208289777322363818e+02 4.326229723378399727e-01 1.055988457515952383e+01
1.210500696529209819e+02 4.168250970694962754e-01 1.066761795478699781e+01
1.212583784630627832e+02 4.025134330633312052e-01 1.072414902761135025e+01
1.214550918614055064e+02 4.027103242989190091e-01 1.081934276435294784e+01
1.216431166400616490e+02 4.125548860783076477e-01 1.087684770780493793e+01
1.217590347671814044e+02 4.090976453501911636e-01 1.093862286224811697e+01
1.216955553391398581e+02 4.412883038137620506e-01 1.092700627934843816e+01
1.216043333008709766e+02 4.351423333093394352e-01 1.095540942791451933e+01
1.215977935478953782e+02 4.341007151597782721e-01 1.094166938362457664e+01
1.215891515046301237e+02 4.426453713622756636e-01 1.095973256665721074e+01
1.215519369439939652e+02 4.480207138048278304e-01 1.094313654089621579e+01
1.216077672533884311e+02 4.356525568338195376e-01 1.091819910149849093e+01
1.218281562935330697e+02 4.328622057746294161e-01 1.091342290120294223e+01
1.219590847309788302e+02 4.390928606814553659e-01 1.091508059837998701e+01
1.220721934530488539e+02 4.185928839696660408e-01 1.093752408212693261e+01
1.220037134110453820e+02 4.210021552180411852e-01 1.088447353824135888e+01
1.218355598274131921e+02 3.932214370096243639e-01 1.084007350606128561e+01
1.217073815159354808e+02 3.741780320191725462e-01 1.084487299456749554e+01
1.216448632558612246e+02 3.699035868078637823e-01 1.083136583238416151e+01
1.216785189544863641e+02 3.738498799598595768e-01 1.083574825020853538e+01
1.217520356013227740e+02 3.798899949612780658e-01 1.083239263076330339e+01
1.218069724902718747e+02 3.886992899212858288e-01 1.085199495280961735e+01
1.218455102446955749e+02 3.969856586964529699e-01 1.083972841712149204e+01
1.218830783627117569e+02 3.938989122288511502e-01 1.083938332818169847e+01
1.219351275135389159e+02 3.941550825461212493e-01 1.081281359692765065e+01
1.219000152431924278e+02 3.906152745256614711e-01 1.078854304719885171e+01
1.219504363363833903e+02 3.871051060460429238e-01 1.077996240012533313e+01
1.220322202980044182e+02 3.926709883940026624e-01 1.080304101689030460e+01
1.221120416985997394e+02 3.958889956853297032e-01 1.079640811107206133e+01
1.221386685918254216e+02 3.911191467199613969e-01 1.078360594653873683e+01
1.223694208857141632e+02 3.981119612484174675e-01 1.081574156014074539e+01
1.224646654330972098e+02 4.171723031193499409e-01 1.088397178315711855e+01
1.223865885311913786e+02 4.186352261708677358e-01 1.086828188050183996e+01
1.222503567330451233e+02 4.132979917093970168e-01 1.084099233182736199e+01
1.220840979629167009e+02 4.190777021734252150e-01 1.079612018410389140e+01
1.220437119714105449e+02 4.135520449166070200e-01 1.080485326310173555e+01
1.221111122872833619e+02 4.177164004047914658e-01 1.076323299643055265e+01
1.221108984591673021e+02 4.112909713724377525e-01 1.073070995168754926e+01
1.220745095714545840e+02 4.159549648348018769e-01 1.066641331916281032e+01
1.221396149400222697e+02 4.147630318709748520e-01 1.067141181601466648e+01
1.223334935279945483e+02 4.137192966113536485e-01 1.069911843537098051e+01
1.224962040216622654e+02 3.996151093910768060e-01 1.075363401941813279e+01
1.225260044628680021e+02 3.846598439266463720e-01 1.075634392029504127e+01
1.225272683775738756e+02 3.721667774620931457e-01 1.074942732172874749e+01
1.223153604803299288e+02 3.650638732105127016e-01 1.068688153922369821e+01
1.221222546375295934e+02 3.629404118202488871e-01 1.064841364943197988e+01
1.218812915218210549e+02 3.756578919511709969e-01 1.058769493290878216e+01
1.216764907630488040e+02 3.906872562677043415e-01 1.057276930698519379e+01
1.214730428376049503e+02 3.997971808562439944e-01 1.050461529993098253e+01
1.212884054350449503e+02 3.997019109035402362e-01 1.050024346765690986e+01
1.212207701199554606e+02 3.945530992374169377e-01 1.047995943617124937e+01
1.212442785100626281e+02 3.974895308907528957e-01 1.047256013651125706e+01
1.212860893166392202e+02 4.018274894038641465e-01 1.046091179696067641e+01
1.213582425445969193e+02 4.011246088639163765e-01 1.044296082076122723e+01
1.213668295430006197e+02 4.014061845019075148e-01 1.047590940462630904e+01
1.214008091594649699e+02 4.060934661749325825e-01 1.045836914777851590e+01
1.214607170228351549e+02 3.731745218506929418e-01 1.052579063475193877e+01
1.215084218638190094e+02 3.646849105097577648e-01 1.054879303555474657e+01
1.217011783834594496e+02 3.689000766393841779e-01 1.060228182122275875e+01
1.217870970610278079e+02 3.650638732105127016e-01 1.064051471179780783e+01
1.218351512251715860e+02 3.720143455377671327e-01 1.066792070152559013e+01
1.218728082618102917e+02 3.797333288168318610e-01 1.064390843922412166e+01
1.218325217744769731e+02 3.978473224909069850e-01 1.060331497093207886e+01
1.218414284564997416e+02 3.940238217223960837e-01 1.058313467783936268e+01
1.217773308323206436e+02 3.889660457888564071e-01 1.053591042083913720e+01
1.218172849333745518e+02 4.001210986954367721e-01 1.056391343560386353e+01
1.219669307408614998e+02 3.893958191310533667e-01 1.066341337420767132e+01
1.220492587997679692e+02 3.791998170816908154e-01 1.069515943955862447e+01
1.221046466331598737e+02 3.689339504003454895e-01 1.074034491957098858e+01
1.222068437699802246e+02 3.796592299647289503e-01 1.077552917165951740e+01
1.221143429972350560e+02 3.771462203234097199e-01 1.074883453091192465e+01
1.219397131739290643e+02 3.744214996760821812e-01 1.069941271366933222e+01
1.218506759932421915e+02 3.704730894140262909e-01 1.071586054172612279e+01
1.216084426114976083e+02 3.717729949909175935e-01 1.065954964834801899e+01
1.213287512014599656e+02 3.594958737524929226e-01 1.062470201675904313e+01
1.211273399358939145e+02 3.675197208802096771e-01 1.058620660453654416e+01
1.210328236743715422e+02 3.614414978977096848e-01 1.058176914185060902e+01
1.209992674799192116e+02 3.759161793785011918e-01 1.060072786243865650e+01
1.209222216106126524e+02 3.706636293194338072e-01 1.059910403902257237e+01
1.207724254883114412e+02 3.714215547209437362e-01 1.056622320267941362e+01
1.207302187821536137e+02 3.724843439711056914e-01 1.053929567982521220e+01
1.207931731669002602e+02 3.673567034055832403e-01 1.058819457088296190e+01
1.208860825418870206e+02 3.701555229050137452e-01 1.062941893797290938e+01
1.209447180221111040e+02 3.764708622142430849e-01 1.065661321669468364e+01
1.210683170245288380e+02 3.673270638647420649e-01 1.067829242370993903e+01
1.212835487845671167e+02 3.715888064156903092e-01 1.075378010001227835e+01
1.214112295751806982e+02 3.971677301616201583e-01 1.074392071846246921e+01
1.215029449000935813e+02 4.188130634159147325e-01 1.074745205804268977e+01
1.214894483234605502e+02 4.308107261264084165e-01 1.071965016873367205e+01
1.213042604722849092e+02 4.368698951183676016e-01 1.064761549893932724e+01
1.211482569832875384e+02 4.396729488379182982e-01 1.060487528104636112e+01
1.211217147744642659e+02 4.036503211655961265e-01 1.064404181715790720e+01
1.211912787768184927e+02 3.770890583517874650e-01 1.067334050327940353e+01
1.212421529315623019e+02 3.806140466018266277e-01 1.068661478335612713e+01
1.212634679956472183e+02 3.769662659683026273e-01 1.071156492541421201e+01
1.212213269199012586e+02 3.786006749346871314e-01 1.071884354980078058e+01
1.212407027111711386e+02 3.793289607953558851e-01 1.075939679300168095e+01
1.213723234436065326e+02 3.928318887585690034e-01 1.081651642242273681e+01
1.216036621769819277e+02 3.993843443945276905e-01 1.088010170596728621e+01
1.216868264943621369e+02 3.995918211804158626e-01 1.091567127208675103e+01
1.216467368982643933e+02 4.067095452024168667e-01 1.090929877080589883e+01
1.213539744507157963e+02 3.922835572530073422e-01 1.081663286347604114e+01
1.210151817962408529e+02 3.841771428329472937e-01 1.067737148083380205e+01
1.207832396864983480e+02 3.713665098593815772e-01 1.056308987979049085e+01
1.206497410774396570e+02 3.795554915717848643e-01 1.054010018164804308e+01
1.206145462398008164e+02 3.823712479516960250e-01 1.052589013892476189e+01
1.206305960511663216e+02 3.857543898277095984e-01 1.052345334524560627e+01
1.205794212667939718e+02 3.910408136477382945e-01 1.049468393663913091e+01
1.206724936592553661e+02 3.962806610464451595e-01 1.051778160739464241e+01
1.208015929136092126e+02 3.971253879604185189e-01 1.054401895236925846e+01
1.209037836990993782e+02 4.147587976508546603e-01 1.057266768570230830e+01
1.210290213447036223e+02 3.971423248408991746e-01 1.065660474825444304e+01
1.211672199380956982e+02 4.042981568439816820e-01 1.074951624035127118e+01
1.212468232763548457e+02 3.999813694314712786e-01 1.077525394735170750e+01
1.212511866401886778e+02 3.933505807232894891e-01 1.080404876127890468e+01
1.213161607479326420e+02 3.996659200325188288e-01 1.080741920049455729e+01
1.213409753949468808e+02 4.108379098195799051e-01 1.081811484051809913e+01
1.213888432534053692e+02 4.107934505083181143e-01 1.083676022881725487e+01
1.214244339906254311e+02 4.143946547205202835e-01 1.082347112897011066e+01
1.214947686210415299e+02 4.262674079374690339e-01 1.082989020667228353e+01
1.215239995596411120e+02 4.184997311270223785e-01 1.082399405515495161e+01
1.215542403597393388e+02 4.184446862654602195e-01 1.084678474495175138e+01
1.214762227369152043e+02 4.165181161107841534e-01 1.080799082021077950e+01
1.213236807228660581e+02 4.020243806394518948e-01 1.079779481816141740e+01
1.210928966723264040e+02 3.940979205744989944e-01 1.072905013740044211e+01
1.209772834090553033e+02 3.848334469515732326e-01 1.068133471086627928e+01
1.207894343505341510e+02 4.021831638939581954e-01 1.059064618433253813e+01
1.206911326962243436e+02 3.963716967790287815e-01 1.057075170109793305e+01
1.206214776581375361e+02 4.048888305507450380e-01 1.052977715299507544e+01
1.206365917068564784e+02 4.043701385860245523e-01 1.051067023470282180e+01
1.206821667351198926e+02 3.944514779545329475e-01 1.050663714003836269e+01
1.208066422211025071e+02 3.948113866647471326e-01 1.049654911060206430e+01
1.208919067116623154e+02 3.975615126327957105e-01 1.048623878460945669e+01
1.209585194625927755e+02 4.051873430692167766e-01 1.047129833891544770e+01
1.210486871800517434e+02 4.072853991387596073e-01 1.046173111855392968e+01
1.207928301950705219e+02 4.173818970152982644e-01 1.041308628070338926e+01
1.207200672394155134e+02 3.879159591990549161e-01 1.041064525280411246e+01
1.207515105580278743e+02 3.971402077308390788e-01 1.043746480304525193e+01
1.209355953948621902e+02 4.098111114404393573e-01 1.051841250619254708e+01
1.210759089812042930e+02 4.086932773287151877e-01 1.055501522202133202e+01
1.212180411650880103e+02 4.121970944781535584e-01 1.063243581980852781e+01
1.212031832866863397e+02 4.196472047795876681e-01 1.066035203306079104e+01
1.212117999246308813e+02 4.173226179336159136e-01 1.068633532482819604e+01
1.212089608800403084e+02 4.194926557452015592e-01 1.071574410067281846e+01
1.212054422431204443e+02 4.337238695690834311e-01 1.072919833510464827e+01
1.212492748898044255e+02 4.330442772397966045e-01 1.075090718166074666e+01
1.211955108798286034e+02 4.152055078735323312e-01 1.074019672186678243e+01
1.211925786823953786e+02 4.157284340583729532e-01 1.071631995460916009e+01
1.211723264075606181e+02 4.238030918275317305e-01 1.068374186500459366e+01
1.211261077778389392e+02 4.184912626867820507e-01 1.065537047308941432e+01
1.209971164960981724e+02 4.073722006512230376e-01 1.061773460755130749e+01
1.209522252943841494e+02 4.084730978824664960e-01 1.062627291242362482e+01
1.210254328431517905e+02 4.103848482667220021e-01 1.066428774066248586e+01
1.210220031248544501e+02 4.086763404482345319e-01 1.062481422359222805e+01
1.210120759957827232e+02 4.072494082677381999e-01 1.064495852581392299e+01
1.210124867151343722e+02 3.955714291763171575e-01 1.063664675171803431e+01
1.209233987238060593e+02 4.240423252643211738e-01 1.056472217164681560e+01
1.207669633443564265e+02 4.168970788115390902e-01 1.048231577966812189e+01
1.206113917458113036e+02 4.291043354179810421e-01 1.045883067777161379e+01
1.204316702728108055e+02 4.140834395416880254e-01 1.040999318290560716e+01
1.203720842101697457e+02 4.202421127064711603e-01 1.039289963628049129e+01
1.204459353603956515e+02 3.875708702592612909e-01 1.047121577162310402e+01
1.204956874468076080e+02 3.851044370392639471e-01 1.051852894724585141e+01
1.205006372501280794e+02 3.706551608791934793e-01 1.057636415986721445e+01
1.205212473165630058e+02 3.608042477696245531e-01 1.061021674972795203e+01
1.205821036452400961e+02 3.619093792209882032e-01 1.064348501721210560e+01
1.206005690791841545e+02 3.802901287626338500e-01 1.057616515152156644e+01
1.205422596339093246e+02 3.912419391034462346e-01 1.055162784592519820e+01
1.205029449000935813e+02 3.935072468677356938e-01 1.052236938489484253e+01
1.204007181237323749e+02 4.005021785062518047e-01 1.044671869111787643e+01
1.204219230980941830e+02 4.102916954240783398e-01 1.044225794022128007e+01
1.205898416825097001e+02 3.772033822950319748e-01 1.046196611777059893e+01
1.207149057250890252e+02 3.467974476121115646e-01 1.052445685541408515e+01
1.208377256310046590e+02 3.419111575934386527e-01 1.053403254421584379e+01
1.208994436234762162e+02 3.485673516223414259e-01 1.054238666051293372e+01
1.209412756011534071e+02 3.403699014696978109e-01 1.054744020222635292e+01
1.208923894127560175e+02 3.533117952669887485e-01 1.053831122364727335e+01
1.207985569777830506e+02 3.608317702004056327e-01 1.048404757569726975e+01
1.207009836093339175e+02 3.581112837731982301e-01 1.045714122394366719e+01
1.206508144522401125e+02 3.687095367339766616e-01 1.045872693937867126e+01
1.206371612094626329e+02 3.696389480503533553e-01 1.047278031595750569e+01
1.206395641293808296e+02 3.753022174610769479e-01 1.045772978054037061e+01
1.207061112498994362e+02 3.866626300434854446e-01 1.046628502229316915e+01
1.206226208975699876e+02 3.827269224417900739e-01 1.042548831143535892e+01
1.203064347443166184e+02 3.651019811915942048e-01 1.038505997772800171e+01
1.200294214785049860e+02 3.615219480799928831e-01 1.033570590800733413e+01
1.198371900021594456e+02 3.426627316647683497e-01 1.031747970750007326e+01
1.197008354116297113e+02 3.355915840640891767e-01 1.027015594632702644e+01
1.197285462652061483e+02 3.349035232945619667e-01 1.031677259274000669e+01
1.197126192462241363e+02 3.300553412569705580e-01 1.030364227614736805e+01
1.196945264236506574e+02 3.254040504549669532e-01 1.027056666567868248e+01
1.195443809781895368e+02 3.487303690969678627e-01 1.029199181948672859e+01
1.194848033839887194e+02 3.770530674807660576e-01 1.035333084925752978e+01
1.195200680862595277e+02 3.860783076669023761e-01 1.036878998691626030e+01
1.196296602885197586e+02 3.882525796986082134e-01 1.040218739811407822e+01
1.195910653721244330e+02 3.863175411036918194e-01 1.042486588107769307e+01
1.196448611387511534e+02 3.819139521787179858e-01 1.044666788047643458e+01
1.197578618882081258e+02 3.848038074107320572e-01 1.046910077867308075e+01
1.198432131802803866e+02 3.755181626872054479e-01 1.048877508246143719e+01
1.199475930575726892e+02 3.839781344872994495e-01 1.052976868455483483e+01
1.200713339063644582e+02 3.859470468431772106e-01 1.050912897857907957e+01
1.202268441087178417e+02 3.896181156873620988e-01 1.055525022123800127e+01
1.202598096294633905e+02 3.882038861672262864e-01 1.059743152207510697e+01
1.202957369871830196e+02 3.948981881772105629e-01 1.052517878994457412e+01
1.202516778097226222e+02 4.064322037845459201e-01 1.050212557850032447e+01
1.201322579825634875e+02 3.972291263533626049e-01 1.048320073167323763e+01
1.200539736038717678e+02 3.799640938133809764e-01 1.051583386613936533e+01
1.201541150268237885e+02 3.958254823835272163e-01 1.054612971109916053e+01
1.203577704290535308e+02 4.028585220031248304e-01 1.057044048591910013e+01
1.204390124104991742e+02 3.893958191310533667e-01 1.058823479597410433e+01
1.204528837156128418e+02 3.878037523658705021e-01 1.059855359040695078e+01
1.203116640061650315e+02 3.801165257377069895e-01 1.059784435853682361e+01
1.201080954054477417e+02 3.798645896405570266e-01 1.056411456105957036e+01
1.199176190133420334e+02 3.888580731757921294e-01 1.050843244936931242e+01
1.198198678076478529e+02 3.860253799154002574e-01 1.051610062200693640e+01
1.198046140296649469e+02 3.764264029029812941e-01 1.052338771483374380e+01
1.197182952182952249e+02 3.749126692100215319e-01 1.044542725398122585e+01
1.197588548128263000e+02 3.666919308467169736e-01 1.045627109170897384e+01
1.198915446858420353e+02 3.657498168699798158e-01 1.045912283895990669e+01
1.199869247282689173e+02 3.733735301963407860e-01 1.046797871034123517e+01
1.199967311820672364e+02 3.709155654165837701e-01 1.046158080373966293e+01
1.200247934759136399e+02 3.523908523908523827e-01 1.048072159579287899e+01
1.200128910831558500e+02 3.413818800784177432e-01 1.049295849194016128e+01
1.200740099334803972e+02 3.403889554602385625e-01 1.051001604769425590e+01
1.201262284531123612e+02 3.494904116085378876e-01 1.054554327161251770e+01
1.201819698438843034e+02 3.504452282456355650e-01 1.054753547217905663e+01
1.201804243535404453e+02 3.548297631800687024e-01 1.050321589018126645e+01
1.202476256610676160e+02 3.586574981686997954e-01 1.048630229791125856e+01
1.202760245754135724e+02 3.542115670425242668e-01 1.047965245521253586e+01
1.202804959118604700e+02 3.499371218312155030e-01 1.047797146982482985e+01
1.203679516113324723e+02 3.660335096180309944e-01 1.048232001388824131e+01
1.204319454971186190e+02 3.879900580511578267e-01 1.048760432059821035e+01
1.207040153109399512e+02 4.076897671602355833e-01 1.056184925329528213e+01
1.209821167713224810e+02 4.130291187317663981e-01 1.064898526914820209e+01
1.210468262403089312e+02 4.332856277866461436e-01 1.063579779058394159e+01
1.210614152457329595e+02 4.158152355708363834e-01 1.065264786955214582e+01
1.210061586731647765e+02 4.131307400146503883e-01 1.058292508394341347e+01
1.208843867367288993e+02 4.009785282697706510e-01 1.052224235829123877e+01
1.207030223863217770e+02 3.767143298711526644e-01 1.044462486926845379e+01
1.203928699967396483e+02 3.613123541840446151e-01 1.036462986564819566e+01
1.201305791142858368e+02 3.543131883254082570e-01 1.030285894542513603e+01
1.199175068065088396e+02 3.632791494298622803e-01 1.033001723327588905e+01
1.198480444254375072e+02 3.657836906309411273e-01 1.035074797498422683e+01
1.197948583865080820e+02 3.765132044154447244e-01 1.035692570213955221e+01
1.197483645324785897e+02 3.763650067112389030e-01 1.036259955710057490e+01
1.197597651701521357e+02 3.868150619678114577e-01 1.035414170241054066e+01
1.198525602211956596e+02 3.690313374631093435e-01 1.035676480177498426e+01
1.199883072011381557e+02 3.631013121848152281e-01 1.035019117503842523e+01
1.201420834903523343e+02 3.592460547654030556e-01 1.035500971753517518e+01
1.204024626224218935e+02 3.799365713825998969e-01 1.039225603482222660e+01
1.207477251652404391e+02 3.796571128546688545e-01 1.046740920773507355e+01
1.208891523514741380e+02 3.927090963750841657e-01 1.047452058042689416e+01
1.210084345664793659e+02 3.934056255848516481e-01 1.050890244780265093e+01
1.211688839866029213e+02 3.907444182393265963e-01 1.055146482845057143e+01
1.213817128267230032e+02 3.962743097162649275e-01 1.054877398156420476e+01
1.213065300142693275e+02 3.911000927294206453e-01 1.051842520885290710e+01
1.212494315559488740e+02 4.079162979366645625e-01 1.060049498033204785e+01
1.211854651925934974e+02 4.190755850633651192e-01 1.060209974975759017e+01
1.210893992065071529e+02 4.136176753284696028e-01 1.060806364879684693e+01
1.209991933810671014e+02 4.061358083761342219e-01 1.061942617848931469e+01
1.209162111351520679e+02 4.161328020798489291e-01 1.063367644630373832e+01
1.209405515495128469e+02 3.922814401429472464e-01 1.057294714423023940e+01
1.210896828992551946e+02 3.925990066519597921e-01 1.060507217228194854e+01
1.211692375439829590e+02 3.984866897290522680e-01 1.060786040623107773e+01
1.212225866003870038e+02 3.787531068590132000e-01 1.061652362059693999e+01
1.211993640201379492e+02 3.817149438330700861e-01 1.057754127306062131e+01
1.211628227005009109e+02 3.876195637906432179e-01 1.062273310440316543e+01
1.211348069830758192e+02 3.948960710671505225e-01 1.066155666868497853e+01
1.210029025578923694e+02 3.866859182541463325e-01 1.061735141063043386e+01
1.209710887450195003e+02 3.830487231709227558e-01 1.061260061565560520e+01
1.208712458345859631e+02 3.852674545138903839e-01 1.061755677030626188e+01
1.207766702939819083e+02 3.774172104111004344e-01 1.058306057898725960e+01
1.207135550088706850e+02 3.866880353642064283e-01 1.055090802850476983e+01
1.206695995698032391e+02 3.865715943109018227e-01 1.053755329824576314e+01
1.207638024990367143e+02 3.855130392808600592e-01 1.060707495839878689e+01
1.208228317617319618e+02 3.972439461237831648e-01 1.062734840433414796e+01
1.208913435603863320e+02 4.141363672931900886e-01 1.059632215640362318e+01
1.208801461652785463e+02 4.188109463058546367e-01 1.052453942270642884e+01
1.208170202946170377e+02 4.336942300282422558e-01 1.050060337636712404e+01
1.207780379470807191e+02 4.357266556859225037e-01 1.046487079277303245e+01
1.207414712221229536e+02 4.282405545134669311e-01 1.046752141456825846e+01
1.206750955875192091e+02 4.154362728700814467e-01 1.044159316766241474e+01
1.206030397466242619e+02 4.011669510651180715e-01 1.039247621426847523e+01
1.205367276253223281e+02 4.062967087407006184e-01 1.034166768993652852e+01
1.206167522684834239e+02 4.043383819351232811e-01 1.041539393066888053e+01
1.207316859394252475e+02 4.089325107655046310e-01 1.043847254743385022e+01
1.207155366238869334e+02 4.267183523802668410e-01 1.038983406091348982e+01
1.207274009086636397e+02 4.283569955667715368e-01 1.037676090629247483e+01
1.207745193101608550e+02 4.388028166032239552e-01 1.038617569472966551e+01
1.208571098907147814e+02 4.520813309000681901e-01 1.037719491385479209e+01
1.208514296844235787e+02 4.424251919160269719e-01 1.039789813313234923e+01
1.208223046013270050e+02 4.179365798510401575e-01 1.037431987839319802e+01
1.207859601729255559e+02 3.957196268805230344e-01 1.037300515304588622e+01
1.207948647378382674e+02 3.943858475426703647e-01 1.036405612882191285e+01
1.208890930723924555e+02 4.004301967642089899e-01 1.038678965664709075e+01
1.209503368322105530e+02 4.012177617065600943e-01 1.039469282850138221e+01
1.208385258986073580e+02 4.236062005919439821e-01 1.043359684296547840e+01
1.207578851764187817e+02 4.255475905170406081e-01 1.047018897324396391e+01
1.205252444203564437e+02 4.074378310630856204e-01 1.045673897303225175e+01
1.203045272281524802e+02 4.166811335854105902e-01 1.044447878867430823e+01
1.202233974535400165e+02 4.090002582874273096e-01 1.043156230019773822e+01
1.202137878909773008e+02 4.000766393841750368e-01 1.037904526804730487e+01
1.201181029847017641e+02 3.983342578047262550e-01 1.029154299215399071e+01
1.200862341269673266e+02 3.919638736339347562e-01 1.027135211351097333e+01
1.201389755727841333e+02 3.974979993309932236e-01 1.027413823035004370e+01
1.201912554886078368e+02 3.996595687023385413e-01 1.030180250750515469e+01
1.202334473749952366e+02 3.949341790482320258e-01 1.037939035698709844e+01
1.202339427787492951e+02 3.913626143768709764e-01 1.041510388659064823e+01
1.201992560475248837e+02 3.940195875022758920e-01 1.045775942008121184e+01
1.200897972231984454e+02 3.843634485182346738e-01 1.045837761621875650e+01
1.199312553192390283e+02 3.835420098149222579e-01 1.043774002735306183e+01
1.199969534786235386e+02 3.761130706140889401e-01 1.045300862510638495e+01
1.201169999703604532e+02 3.642551371675608052e-01 1.042410160434600286e+01
1.202426737406370876e+02 3.695987229592117562e-01 1.045845594929097899e+01
1.205674384238539005e+02 3.610265443259333407e-01 1.047556643279657607e+01
1.205090167717458911e+02 3.712564201362572036e-01 1.045685541408555608e+01
1.204025219015035759e+02 3.791045471289870572e-01 1.045677708101333359e+01
1.202808028928191817e+02 3.790367996070643786e-01 1.044743427431818539e+01
1.201797172387803698e+02 3.865652429807215906e-01 1.040347671814066999e+01
1.201093445003832016e+02 3.897451422909671281e-01 1.038085751425873582e+01
1.200177117427626570e+02 3.812089545287101200e-01 1.039050095058241752e+01
1.199704493777813497e+02 3.907655893399274438e-01 1.037142578894106393e+01
1.201418252029250056e+02 4.008917267573072207e-01 1.042854118414199860e+01
1.202019680655118492e+02 4.111957014197339944e-01 1.043066464553226247e+01
1.202464739531949363e+02 4.205406252249429544e-01 1.044241248925566623e+01
1.203120514373060246e+02 4.109501166527643190e-01 1.044770738151593470e+01
1.204138696114256248e+02 4.059579711310872252e-01 1.047728764327542272e+01
1.202907279047808515e+02 3.847466454391098023e-01 1.044561567677657266e+01
1.200794551405549413e+02 3.606729869458993876e-01 1.039285305985917063e+01
1.197071634535992928e+02 3.383501784723780825e-01 1.030030359358261549e+01
1.194719567601441383e+02 3.319903798518870075e-01 1.026319065422935140e+01
1.193226073480656027e+02 3.385343670476053113e-01 1.022727388206003241e+01
1.192296598650977444e+02 3.566949371430023219e-01 1.019251940331370143e+01
1.192475134542344364e+02 3.547323761173048484e-01 1.021786121073290055e+01
1.192450216156937159e+02 3.676869725749563056e-01 1.022043349945590229e+01
1.194264283083020359e+02 3.770022568393240348e-01 1.025650482065960745e+01
1.196263448941656691e+02 3.806500374728480907e-01 1.027172260777148693e+01
1.197204885443174618e+02 3.845561055337022860e-01 1.027079319645511113e+01
1.197217207023724370e+02 3.973307476362465951e-01 1.025648576666906564e+01
1.196953605650143260e+02 3.893577111499718635e-01 1.024950565480096998e+01
1.196528828687688133e+02 3.873189341621113280e-01 1.021788026472344235e+01
1.196279136727201831e+02 3.823670137315758333e-01 1.028720079942075927e+01
1.195465700699916596e+02 3.986497072036787048e-01 1.025754008747898816e+01
1.194209386419162371e+02 3.973582700670277301e-01 1.027509516409720014e+01
1.193754694691558171e+02 4.024012262301467913e-01 1.025030803951374203e+01
1.194225455284518489e+02 4.002481252990418015e-01 1.028775759936656087e+01
1.194268115052229149e+02 3.785223418624640845e-01 1.026111800348052938e+01
1.194541328105482876e+02 3.645303614753716559e-01 1.026156259659314607e+01
1.194953000156666150e+02 3.595445672838747941e-01 1.029017745616523705e+01
1.196600725745328617e+02 3.600103314970932167e-01 1.033429167848719743e+01
1.196124862917123579e+02 3.593010996269652146e-01 1.028441044836156770e+01
1.194705848728251993e+02 3.795089151504630332e-01 1.024520157004882037e+01
1.194677902875458813e+02 4.015946072972549352e-01 1.023630547357634946e+01
1.195160752166862181e+02 4.192682420788327313e-01 1.021511320187491201e+01
1.195561965694348601e+02 4.203183286686341669e-01 1.021299820892488874e+01
1.196872732045848124e+02 4.430687933742923357e-01 1.024280500146080541e+01
1.198811369727866634e+02 4.243895313141748948e-01 1.026790122411303763e+01
1.200824106261988078e+02 4.173861312354184006e-01 1.028611472195993493e+01
1.202195654843312695e+02 4.232505261018499332e-01 1.029722108133513458e+01
1.203161607479326420e+02 4.088795830140025678e-01 1.030093025816040075e+01
1.204822353294858317e+02 4.190734679533050233e-01 1.031872668532546378e+01
1.206398986327703255e+02 4.145894288460479915e-01 1.040300248548721029e+01
1.206752818932044988e+02 4.102557045530568769e-01 1.040784008197450206e+01
1.206899704028013645e+02 4.060638266340914071e-01 1.041163394320217073e+01
1.206392275088812767e+02 4.022339745354002183e-01 1.040261082012609428e+01
1.204428380283777500e+02 4.079078294964241791e-01 1.036330455475058265e+01
1.202711806275961095e+02 3.804954884384619818e-01 1.035418827883186310e+01
1.201033107367119612e+02 3.774807237129029214e-01 1.034412353760622594e+01
1.199085895389357717e+02 3.744596076571636845e-01 1.032336739057716635e+01
1.197606522392673156e+02 3.737419073467953545e-01 1.030538042350669592e+01
1.196675290361644670e+02 3.644922534942901526e-01 1.030361051949646622e+01
1.195865622790266372e+02 3.948558459760089234e-01 1.024402869107553471e+01
1.195406273420529999e+02 4.069297246486655584e-01 1.022151110847648603e+01
1.195087902409694607e+02 4.126332191505307501e-01 1.020616417765093864e+01
1.195111423502462173e+02 4.071499040949143056e-01 1.021222334664289910e+01
1.194613436874129349e+02 4.087525564103975384e-01 1.018610032561152678e+01
1.194832917674058166e+02 4.148794729242794577e-01 1.019921793954380540e+01
1.194177968505870808e+02 4.094236802994440372e-01 1.021193541967472740e+01
1.192146622574321100e+02 4.077913884431196290e-01 1.015647137032065750e+01
1.190564400370917753e+02 3.909074357139530331e-01 1.011250111148278208e+01
1.189110644405960073e+02 3.995706500798150707e-01 1.012198364744189583e+01
1.189105055235401522e+02 4.106389014739320054e-01 1.014228038158791811e+01
1.187909396157868684e+02 4.145449695347862562e-01 1.011317435248188801e+01
1.186503465709168381e+02 4.087737275109983859e-01 1.006119718339677682e+01
1.184485648110902645e+02 3.987852022475240621e-01 1.001473296890812215e+01
1.183533880112291570e+02 3.893513598197915759e-01 9.990362915006500089e+00
1.183554416079874301e+02 3.800932375270461017e-01 1.003118079696491094e+01
1.184380829991827966e+02 3.840289451287414724e-01 1.007064584559492992e+01
1.184842232958322512e+02 3.686312036617535592e-01 1.005848304829974893e+01
1.184429184785600313e+02 3.775971647662075270e-01 1.009027992429214393e+01
1.184470002667558646e+02 3.784397745701207905e-01 1.010459370540836943e+01
1.185344199753568404e+02 3.851192568096845070e-01 1.009821061857721780e+01
1.185578415639515413e+02 3.800530124359045026e-01 1.011026967747945271e+01
1.185595098466788926e+02 3.927472043561656689e-01 1.012276274394400666e+01
1.186308606899238214e+02 3.932256712297445556e-01 1.012554039234283643e+01
1.186139703858644765e+02 3.964690838417925800e-01 1.013034411506916577e+01
1.185915523074382492e+02 3.915023436408365254e-01 1.007262746061116765e+01
1.186401569201976542e+02 3.743601034843397346e-01 1.007422587870652997e+01
1.187238272268822215e+02 3.892052792256458504e-01 1.004888830550745027e+01
1.187969522083575100e+02 3.961748055434409777e-01 1.004588624344225245e+01
1.189381803862455627e+02 3.984210593171896853e-01 1.007048282812030315e+01
1.189210296776488178e+02 4.003709176825266391e-01 1.009943219108188472e+01
1.188528375626135301e+02 4.032755926849613259e-01 1.011962518683496270e+01
1.188533668401285439e+02 4.191475668054079340e-01 1.011527240855143184e+01
1.188353735217279024e+02 4.161073967591279454e-01 1.014226344470743690e+01
1.188130189566034716e+02 4.149599231065626004e-01 1.014650189904772404e+01
1.188770594188109442e+02 3.943646764420695172e-01 1.018776225700869276e+01
1.190045412010788795e+02 3.898975742152931412e-01 1.024944002438910751e+01
1.190708046288494302e+02 3.823818335019964487e-01 1.025187046673808311e+01
1.190297326936838118e+02 3.880916793340418725e-01 1.024769975991971904e+01
1.189904751218396797e+02 3.782280635641124267e-01 1.023622290628400577e+01
1.189452367140758184e+02 3.507183354433863753e-01 1.021742085184040327e+01
1.189320195959707149e+02 3.305507450110301559e-01 1.021654860249564933e+01
1.189932358333580282e+02 3.213624873502674006e-01 1.021282460589996255e+01
1.190293876047440165e+02 3.217541527113828570e-01 1.019995681095477380e+01
1.191043184811005631e+02 3.064601496373390299e-01 1.021676454772177856e+01
1.190706225573842687e+02 3.324497927349251425e-01 1.023622078917394518e+01
1.190976474673012291e+02 3.626186110911162053e-01 1.023359768980950157e+01
1.190565543610350119e+02 3.645896405570540066e-01 1.019998009916543502e+01
1.189342510299740496e+02 3.679791337632478121e-01 1.017830936059042024e+01
1.187834704514948925e+02 3.592947482967849826e-01 1.016115230066350250e+01
1.186932603918347269e+02 3.686375549919337913e-01 1.004947686210415370e+01
1.186880099588857291e+02 3.972693514445042040e-01 1.000579029601432879e+01
1.186933239051365376e+02 4.036799607064373019e-01 9.993136329185208666e+00
1.187696944163339339e+02 4.116275918719910498e-01 1.000053986306532217e+01
1.189311515808460769e+02 4.183345965423358459e-01 1.002847089608800424e+01
1.191166400616502443e+02 4.081597655935741420e-01 1.012968992806059987e+01
1.192812114950607878e+02 3.961578686629603219e-01 1.023286728683877378e+01
1.193834933162835341e+02 3.969157940644702509e-01 1.027991794081407129e+01
1.194185907668596087e+02 3.962764268263249678e-01 1.030844599887369739e+01
1.194362686358613104e+02 3.849816446557790539e-01 1.033093394193190484e+01
1.194501378238649067e+02 3.920231527156170515e-01 1.031742889685863140e+01
1.195288308047982184e+02 4.011817708355386314e-01 1.037332271955489915e+01
1.195178726431272196e+02 4.012474012474012697e-01 1.033945319281368214e+01
1.194240994872359494e+02 3.899229795360141804e-01 1.034074039573021331e+01
1.194258355174852113e+02 3.997675413154028190e-01 1.031301048816323807e+01
1.194115746641204936e+02 4.030702330091331942e-01 1.029847441049070333e+01
1.193222770788962208e+02 4.103234520749795555e-01 1.027795961400849301e+01
1.191492054485944436e+02 4.056213506315339279e-01 1.022043773367602348e+01
1.189447518958720593e+02 3.966448039767795364e-01 1.015292521097001810e+01
1.187837456758027059e+02 3.857607411578898304e-01 1.011875082038014817e+01
1.187034690965444526e+02 3.963822823293291497e-01 1.007566763065744730e+01
1.187181512548111328e+02 3.961599857730204177e-01 1.005868629086551636e+01
1.187881937240389334e+02 3.943583251118892852e-01 1.003517366653822940e+01
1.188101608580223711e+02 4.046919393151572342e-01 1.008117211681366499e+01
1.188227618970999799e+02 4.077278751413170865e-01 1.003151530035440508e+01
1.188346579385275987e+02 4.128364617162987860e-01 1.009415846992221688e+01
1.187113426288579063e+02 4.159570819448619727e-01 1.007977270706394890e+01
1.184738558078680342e+02 4.026637478775971779e-01 1.004284183917585160e+01
1.182863137303055794e+02 4.050031544939895478e-01 1.000225260510392822e+01
1.182694594171172611e+02 4.069635984096269254e-01 1.001551206541023298e+01
1.184113756557748474e+02 3.958868785752696073e-01 1.008202531216787889e+01
1.185246410439893197e+02 3.862497935817691408e-01 1.010788369444173895e+01
1.185758010085912275e+02 3.935517061789974291e-01 1.011880586524171122e+01
1.186181410926828477e+02 3.835780006859436653e-01 1.014268051538927295e+01
1.186486041893373908e+02 3.777982902219154671e-01 1.013311964635793494e+01
1.184989986069415835e+02 3.998966850290679442e-01 1.014128110563955865e+01
1.184198335104648692e+02 4.144899246732240417e-01 1.013855426788217073e+01
1.184729052254510435e+02 4.230112926650604899e-01 1.019537538478475369e+01
1.185320403436492995e+02 4.433524861223435698e-01 1.022114273132603124e+01
1.184962633007439479e+02 4.338381935123279409e-01 1.021073290116060051e+01
1.184819558709579042e+02 4.335396809938561469e-01 1.018116534206147250e+01
1.185593066041131181e+02 4.218659361225552407e-01 1.019276498808067011e+01
1.185620800182918373e+02 4.206655347184878879e-01 1.018538897663133902e+01
1.184702249641149905e+02 4.140728539913876016e-01 1.014081745853640015e+01
1.182494040335180898e+02 4.053461263237230772e-01 1.008393706255213296e+01
1.181454645151182774e+02 4.178222559077956477e-01 1.005151140487189387e+01
1.180327453412993179e+02 4.221432775404262427e-01 1.002323104868929704e+01
1.177726414335375580e+02 4.191983774468499568e-01 9.951784935491655659e+00
1.174670450648047364e+02 4.054138738456457558e-01 9.850129778846683948e+00
1.172001261797595788e+02 4.085196743037883826e-01 9.805534972541082084e+00
1.171394646252080065e+02 4.019756871080700233e-01 9.787666563633976580e+00
1.170774968137493630e+02 3.990456067849142974e-01 9.777972316668854802e+00
1.170126095075178512e+02 3.994838485673516404e-01 9.769872253578974153e+00
1.170466949794852098e+02 3.959101667859305507e-01 9.771064186542801622e+00
1.170615676776572940e+02 4.015374453256326803e-01 9.784537474965173232e+00
1.170031629624297693e+02 3.949765212494336653e-01 9.798967697134703059e+00
1.170086547459256252e+02 3.939666597507738288e-01 9.786671521905738302e+00
1.170417176537339401e+02 3.884113629531144585e-01 9.772838324773152507e+00
1.170976093593201597e+02 3.919469367534540449e-01 9.793412400337043522e+00
1.171637499947072314e+02 3.857586240478297346e-01 9.811054278467720380e+00
1.173008879159591942e+02 3.929970233432555360e-01 9.816251783665226327e+00
1.174417498338068668e+02 3.892793780777487611e-01 9.812597651701521428e+00
1.174880743190315542e+02 3.932087343492638998e-01 9.810652027556304944e+00
1.175714291763171531e+02 3.960075538486944047e-01 9.829191560352455781e+00
1.175536454518124572e+02 4.078930097260036192e-01 9.804099571920346534e+00
1.175801834264156014e+02 3.732380351524954287e-01 9.857181872456822092e+00
1.175416308522214877e+02 3.722789842952775596e-01 9.885311913825152175e+00
1.176240880548416214e+02 3.659170685647263888e-01 9.906891616667584444e+00
1.176322219916924610e+02 3.677822425276600637e-01 9.924205342738947166e+00
1.176669552993381984e+02 3.569553416803926127e-01 9.928778300468728446e+00
1.176055400536052247e+02 3.729268199736631706e-01 9.950976199448705373e+00
1.175627532592909432e+02 3.873146999419911918e-01 9.969846001414229164e+00
1.175590440824656753e+02 4.106685410147731807e-01 9.965338674096312133e+00
1.176543309720499195e+02 4.091272848910323390e-01 9.985588831821010203e+00
1.177189155315428195e+02 4.162323062526728790e-01 1.000300629628531901e+01
1.177954702313154485e+02 4.247642597948096954e-01 1.000916285234004199e+01
1.177008735196107949e+02 4.131603795554915637e-01 9.971065456808837268e+00
1.174655461508822043e+02 3.975170533215339752e-01 9.893348463613229171e+00
1.171065520322139406e+02 3.865440718801207431e-01 9.811837609189950626e+00
1.169594150001481978e+02 3.780968027403872611e-01 9.781194558180301257e+00
1.171189942880370580e+02 3.480042003463592049e-01 9.775455072807414325e+00
1.174200854465620267e+02 3.445871847093843199e-01 9.860046322368114957e+00
1.175627553764010003e+02 3.440536729742432187e-01 9.849816446557790428e+00
1.176913105334693910e+02 3.348654153134804634e-01 9.896505074712813155e+00
1.178275804395967299e+02 3.386592765411502448e-01 9.948746882555436599e+00
1.176905907160489591e+02 3.509596859902359145e-01 9.912451147685363395e+00
1.175124316702728038e+02 3.633278429612442073e-01 9.821889647755227770e+00
1.173529624721070803e+02 3.714850680227462232e-01 9.804349390907436401e+00
1.172098394807152459e+02 3.752260014989139414e-01 9.757370718674181376e+00
1.169622074683174446e+02 3.653645028390445915e-01 9.712117491139894199e+00
1.169674600183765136e+02 3.525898607365002269e-01 9.638937464803044364e+00
1.170390098699671029e+02 3.656820693480571371e-01 9.603027043963907161e+00
1.170504401471814901e+02 3.576222313493189198e-01 9.582840399541010967e+00
1.169723547768354308e+02 3.522024295955049622e-01 9.558065977617912878e+00
1.168900627087999737e+02 3.654809438923491971e-01 9.538232890575049083e+00
1.168606581671754725e+02 3.545545388722577962e-01 9.587089439431597526e+00
1.168083380262606283e+02 3.532313450847055503e-01 9.621475541027475487e+00
1.168296149823644754e+02 3.494946458286580238e-01 9.652597058910703964e+00
1.169115556101299518e+02 3.349437483857035658e-01 9.691198326636207838e+00
1.169532266874425801e+02 3.546201692841203790e-01 9.736239843164486985e+00
1.170187321898116153e+02 3.313531297238018203e-01 9.723452498401581323e+00
1.170775073992996624e+02 3.338449682645202032e-01 9.710334884469304484e+00
1.170490449716518953e+02 3.310652027556304500e-01 9.709018042011932081e+00
1.169615448128686381e+02 3.281689961934360911e-01 9.678264901279158394e+00
1.169649533600653797e+02 3.227089693484805344e-01 9.652347239923614097e+00
1.169312320310283582e+02 3.560788581155179822e-01 9.648057974941885107e+00
1.168470260954986060e+02 3.639672101993894349e-01 9.633441447087069065e+00
1.166864517658815004e+02 3.654216648106668464e-01 9.570340981746277009e+00
1.165799971207303116e+02 3.576306997895592477e-01 9.531233724716413391e+00
1.166416113748089316e+02 3.483937485974145654e-01 9.543498143294478098e+00
1.170328448454721411e+02 3.432830449123728256e-01 9.582014726617577693e+00
1.173747708228359983e+02 3.250504930749330001e-01 9.618778342810928805e+00
1.176336806805238524e+02 3.399231912470201400e-01 9.631904425183448026e+00
1.176312883461559693e+02 3.286178235261738578e-01 9.615177138598726359e+00
1.176108815222868174e+02 3.249658086725296657e-01 9.583812153058588024e+00
1.175818495920328957e+02 3.296022797041127106e-01 9.594910043993547077e+00
1.174362559332009397e+02 3.279064745459857599e-01 9.599436425302005915e+00
1.172399469028796943e+02 3.395590483166858187e-01 9.549910869666470958e+00
1.170914697401459108e+02 3.349183430649825821e-01 9.540176397610206749e+00
1.169648644414428560e+02 3.316156513712522069e-01 9.483003840437648435e+00
1.167104746137332683e+02 3.302141245114768586e-01 9.466238445871846707e+00
1.164827773096612162e+02 3.419979591059020829e-01 9.416770052207933617e+00
1.163625847373301525e+02 3.336438428088122632e-01 9.422492600700339338e+00
1.163033331780785886e+02 3.501615354975843863e-01 9.426936414716456270e+00
1.162224384026827977e+02 3.617717670670827501e-01 9.424827773096613015e+00
1.162054210720198455e+02 3.494268983067354006e-01 9.402670099207776744e+00
1.162406010898882585e+02 3.476929851675269467e-01 9.365584682285293283e+00
1.162634806983075890e+02 3.467021776594078064e-01 9.375035461593506980e+00
1.162762913312811435e+02 3.432682251419522101e-01 9.358306057898726493e+00
1.162727176494997252e+02 3.328372238759204071e-01 9.348533477861380447e+00
1.163843803853987140e+02 3.266679651608368484e-01 9.426906775175615039e+00
1.164666957416448270e+02 3.214387033124304072e-01 9.478348315415525249e+00
1.164781577755101125e+02 3.251372945873964304e-01 9.525125862193071669e+00
1.166620330184484970e+02 3.086132505684440752e-01 9.555980624208730845e+00
1.166405422342285902e+02 3.198445194371874467e-01 9.557394853728865769e+00
1.164401429472712550e+02 3.436450707326471066e-01 9.422187736851688200e+00
1.161412832227496210e+02 3.534070652196925066e-01 9.355975119722574007e+00
1.157986755359464155e+02 3.531614804527228313e-01 9.271483374334698269e+00
1.156385669705425272e+02 3.455885777678038284e-01 9.256767342307057334e+00
1.155922297826574834e+02 3.446337611307061510e-01 9.269177841479267599e+00
1.156109577382489846e+02 3.436704760533680902e-01 9.217738418349416207e+00
1.156156704252427261e+02 3.343086153676785299e-01 9.191920261166696804e+00
1.156238975149362176e+02 3.206469041499591666e-01 9.182331869704578153e+00
1.155868629086551636e+02 3.123944091357533370e-01 9.170819025197843644e+00
1.156364054011711886e+02 3.248768900500061396e-01 9.194272370443449915e+00
1.156248925566644488e+02 3.352973057657375189e-01 9.236455788390614430e+00
1.156418421398054761e+02 3.291343983808342477e-01 9.261384759348098683e+00
1.156739629336370712e+02 3.319903798518870075e-01 9.324176126620118410e+00
1.157544554581214413e+02 3.268458024058838451e-01 9.366677111076295859e+00
1.158319522718708043e+02 3.351237027408106584e-01 9.397155027501259639e+00
1.158800339584453667e+02 3.423832731368373072e-01 9.409029897828268929e+00
1.158793882398770450e+02 3.521664387244835548e-01 9.387132628476823726e+00
1.158690863823246673e+02 3.652713499964009292e-01 9.364924143946547375e+00
1.158415110237920800e+02 3.640772999225137529e-01 9.363133068835717054e+00
1.156883042371840702e+02 3.691858864974954524e-01 9.340977512056941379e+00
1.155351694323181135e+02 3.558205706881877872e-01 9.265305647179374660e+00
1.154774146698790247e+02 3.574316914439114035e-01 9.245584766969695778e+00
1.154009086636377930e+02 3.461940712449877444e-01 9.236288536695868245e+00
1.153337581667520624e+02 3.538749465429709695e-01 9.212553615812272056e+00
1.152765220962777022e+02 3.568621888377488949e-01 9.207345525064466685e+00
1.152565429286406840e+02 3.496618975234046522e-01 9.264922450258499254e+00
1.153114671149294423e+02 3.489547827633367461e-01 9.321658882758679709e+00
1.154159232081838979e+02 3.443712394832557644e-01 9.375643072180750437e+00
1.155243065405998237e+02 3.389704917199825585e-01 9.398675112524399466e+00
1.154683640243721641e+02 3.380855397148676000e-01 9.372977630615105582e+00
1.153771186978926266e+02 3.328478094262208309e-01 9.351533422816517671e+00
1.152647890723247173e+02 3.324328558544444312e-01 9.351285720939488399e+00
1.151743440134478789e+02 3.403677843596377151e-01 9.337331848533477086e+00
1.150751235333720075e+02 3.396077418480676902e-01 9.322482438572052388e+00
1.150513949638185949e+02 3.409669265066413990e-01 9.304688128517049961e+00
1.151417595725131378e+02 3.191374046771195405e-01 9.332127992005792905e+00
1.151382938633447850e+02 3.024397576332403248e-01 9.332892268737483121e+00
1.150307764289434402e+02 3.009133212799200430e-01 9.310228605544287106e+00
1.149401027221801144e+02 3.017855706246744818e-01 9.300024135054684393e+00
1.148010001227923880e+02 2.931943380008553146e-01 9.312750083625846997e+00
1.145608647971173468e+02 3.068242925676734068e-01 9.244081618827037161e+00
1.144343081919456608e+02 3.291216957204737281e-01 9.200263791913485534e+00
1.143952242231264620e+02 3.231959046622997489e-01 9.219550664560847153e+00
1.143666220662147310e+02 3.310313289946691384e-01 9.191765712132310640e+00
1.143745781658205232e+02 3.318781730187025381e-01 9.188412209797139241e+00
1.145355992056603043e+02 2.987813914494159007e-01 9.214442077985866675e+00
1.147948054587565849e+02 2.971194600522502616e-01 9.267304199076093596e+00
1.149270338017792170e+02 2.864788648902701906e-01 9.265233665437332178e+00
1.150125100033450281e+02 2.822531132103433538e-01 9.271305537089650883e+00
1.150731038103746897e+02 2.762341693095257122e-01 9.264016327152782893e+00
1.151259934538956884e+02 3.091975729450271437e-01 9.263838489907735507e+00
1.151897713944557182e+02 3.089752763887183562e-01 9.274921561072273946e+00
1.152063187266853248e+02 3.045039399418217885e-01 9.250418129236866349e+00
1.151417447527427100e+02 3.036211050467669814e-01 9.198121276532681634e+00
1.151557282646895715e+02 3.067565450457507281e-01 9.173497169423850295e+00
1.150700467034479288e+02 3.286284090764742261e-01 9.207951018541649546e+00
1.150352668193808654e+02 3.397411197818530071e-01 9.253136498554013656e+00
1.149596267111542005e+02 3.571162420449589536e-01 9.245243912250021623e+00
1.148312663282113419e+02 3.422689491935927975e-01 9.234088859343442479e+00
1.147977016653187690e+02 3.428024609287338431e-01 9.236881327512692863e+00
1.148946483691901221e+02 3.357122593375139186e-01 9.222628942588208645e+00
1.148255056717378579e+02 3.188494777089481702e-01 9.199745099948765770e+00
1.147073412908443402e+02 3.127183269749461147e-01 9.157887716950853019e+00
1.145764170876187222e+02 3.132560729302073521e-01 9.117211681366468312e+00
1.144470045009759929e+02 3.073048765513123892e-01 9.098278366099140868e+00
1.143801863903696869e+02 2.997912529480757371e-01 9.058991154714169269e+00
1.143248239622985096e+02 3.019570565395412465e-01 9.088660335096180987e+00
1.142889452981102636e+02 3.010403478835250723e-01 9.071486338288782036e+00
1.142709308086090232e+02 2.911979032141964741e-01 9.052559374351634602e+00
1.142214835860457072e+02 2.981674295319916568e-01 9.033410113858179713e+00
1.142061091327893791e+02 2.955782039285094198e-01 9.052578428342176409e+00
1.141516126027327687e+02 2.849122034458083097e-01 9.083115623848820874e+00
1.141017631292580319e+02 2.853165714672842856e-01 9.087565789195117816e+00
1.140458862434422542e+02 2.793823119688700340e-01 9.080820676543691405e+00
1.140083350623065428e+02 2.752010196002049325e-01 9.102624793052491725e+00
1.138877423561741296e+02 2.959465810789639884e-01 9.112501111482782079e+00
1.137736745832468870e+02 3.018533181465971604e-01 9.084790257906346866e+00
1.137134216309369066e+02 3.117042312561660866e-01 9.092682844210338899e+00
1.136658565192170016e+02 3.067480766055104002e-01 9.079336582391572819e+00
1.136514665221386196e+02 3.112172959423468721e-01 9.055815489624043479e+00
1.137213861989829411e+02 3.062209162005495866e-01 9.049030151881476414e+00
1.137848126992729902e+02 2.902727261179399720e-01 9.045026696757858531e+00
1.138346494700873563e+02 2.894915125057690997e-01 9.036515914316321840e+00
1.139231446705988446e+02 2.887166502237785148e-01 9.038637258596525115e+00
1.139961129859296847e+02 2.750062454746772245e-01 9.040629459163064041e+00
1.140799738325196557e+02 2.848105821629243195e-01 9.058330616375423361e+00
1.141516824673647506e+02 2.859580558154896091e-01 9.049906635446349767e+00
1.142159028839273276e+02 2.897370972727388305e-01 9.052993381913951865e+00
1.141459535675421648e+02 2.815184760194943681e-01 9.036937219218279083e+00
1.141237747225527244e+02 2.815396471200951600e-01 9.018420974632787690e+00
1.139854956789783671e+02 2.875353028102519137e-01 8.997757980446371207e+00
1.138803748131650337e+02 2.964398677229634349e-01 8.968103619834780105e+00
1.137195167907998865e+02 2.930292034161687820e-01 8.955030465213765112e+00
1.136271642157589241e+02 2.992789123135355389e-01 8.959300676204954073e+00
1.135512404147842034e+02 2.895677284679321062e-01 8.926364795000232277e+00
1.134225709337725618e+02 2.831041914544969451e-01 8.967517180348137273e+00
1.132406476663095845e+02 2.685829335523836625e-01 8.979512725948570306e+00
1.131799522379970426e+02 2.618378209009573632e-01 9.027621934953909744e+00
1.132292745510668084e+02 2.637792108260539892e-01 9.033418582298418542e+00
1.133184175872566897e+02 2.687967616684521222e-01 9.028373509025239940e+00
1.134013680765208250e+02 2.703210809117122526e-01 9.026029868188727434e+00
1.134774760660707642e+02 2.830237412722138024e-01 8.993890020366599458e+00
1.135673325683508921e+02 2.784084413412315495e-01 8.982125239762714486e+00
1.136376777843172903e+02 2.808367665801474455e-01 8.989598638274809872e+00
1.136995164520622836e+02 2.759907016526161327e-01 8.976210034254840764e+00
1.136264909747598182e+02 2.867202154371197298e-01 9.007060562050378749e+00
1.135670700467034493e+02 2.991603541501708374e-01 8.998452392546079537e+00
1.135628654661241228e+02 2.997616134072345617e-01 9.032688179327690747e+00
1.135113879350131896e+02 2.963149582294185014e-01 9.010270100901465185e+00
1.134452049574249202e+02 2.951484305863124602e-01 9.017267149650042057e+00
1.135513610900576253e+02 2.762045297686845369e-01 8.993121509414788051e+00
1.136054278467720451e+02 2.763273221521694301e-01 8.989937375884423432e+00
1.135598210618577184e+02 2.732765665555889623e-01 8.981261458858199376e+00
1.135055701165680802e+02 2.725482806949202086e-01 8.967862269287930843e+00
1.134218489992420729e+02 2.657714113925926380e-01 8.923911064440595453e+00
1.133347659111406500e+02 2.798607788424489207e-01 8.963244852246889494e+00
1.132130341997959135e+02 2.814634311579321535e-01 8.960568825130943438e+00
1.132649033962679539e+02 2.934166345571641021e-01 8.973531890028835889e+00
1.132591681451151970e+02 2.940729386757899855e-01 8.956268974598913246e+00
1.132230629501505206e+02 2.949727104513255038e-01 8.959702927116369509e+00
1.133429845323938991e+02 2.822171223393219464e-01 8.931985722209754286e+00
1.134545901063212625e+02 2.845840513864953958e-01 8.912734840433413908e+00
1.135353896117643586e+02 2.849926536280915079e-01 8.919490538635141519e+00
1.135348645684694588e+02 2.879566077122085455e-01 8.926870784304592021e+00
1.135755490724940842e+02 2.827252287537420083e-01 8.915163165672330692e+00
1.136029127200206688e+02 2.958153202552387673e-01 8.963598409626923669e+00
1.136013566441264970e+02 3.062907808325323611e-01 8.993199842487012319e+00
1.135671399113354312e+02 3.154917411536556360e-01 9.021321415415101796e+00
1.134557164088732293e+02 3.064093389958970626e-01 8.998670454882267578e+00
1.133411955743931259e+02 3.096485173878249508e-01 9.000950582416978207e+00
1.131106867481612852e+02 3.109293689741755018e-01 8.901198707716019953e+00
1.128575079074060739e+02 3.054333512581984822e-01 8.834988207696964579e+00
1.127216995312718382e+02 3.064897891781802053e-01 8.794458252706725432e+00
1.126846839789813259e+02 3.065046089486008207e-01 8.781800051657485895e+00
1.126868878905538764e+02 3.136625580617434239e-01 8.791379974679363940e+00
1.127925634392029508e+02 2.866884587862184586e-01 8.821110551253116938e+00
1.128462173594556504e+02 2.854245440803485634e-01 8.834698163618734057e+00
1.129178116703574943e+02 2.943905051848025312e-01 8.844000745222741600e+00
1.130255005906737011e+02 2.831592363160591042e-01 8.888597668638402283e+00
1.131162928556003919e+02 2.840886476324357979e-01 8.918497614016962061e+00
1.130553327885303503e+02 3.024312891929999969e-01 8.880101705967286208e+00
1.129623450804713514e+02 2.980679253591677069e-01 8.849388790325653176e+00
1.129664459226577407e+02 3.195333042583551886e-01 8.849560276240520551e+00
1.129588243264414302e+02 3.138086386558891494e-01 8.857217863327843332e+00
1.129376320547399928e+02 3.071884354980077836e-01 8.850197526368605239e+00
1.130236587049214307e+02 3.075377586579216005e-01 8.864344055790084553e+00
1.131605806809472767e+02 3.115602677720804015e-01 8.869774443094199157e+00
1.132619182710832462e+02 3.180576785464769296e-01 8.899579118520055232e+00
1.132908147062933182e+02 3.067142028445490887e-01 8.905816124757061303e+00
1.132796490678364449e+02 3.078637936071744741e-01 8.892300494133488442e+00
1.132534413624026683e+02 2.994355784579817437e-01 8.892224278171324769e+00
1.132573834213345378e+02 2.938633447798417175e-01 8.920648597838006566e+00
1.132943883880747364e+02 2.933298330447006719e-01 8.955599967819926732e+00
1.133951882322554354e+02 2.910285344093898052e-01 8.969907397605972221e+00
1.134107616938574239e+02 2.970241900995465034e-01 8.980065291674252492e+00
1.133907761748902345e+02 2.994059389171405683e-01 8.931077481993979106e+00
1.134016157783978542e+02 2.829051831088491009e-01 8.925321059740610963e+00
1.134736186915413043e+02 2.935838862519106751e-01 8.885604075013443293e+00
1.134856354082423309e+02 3.001808011991311531e-01 8.871341104538661426e+00
1.134852416257711525e+02 3.041588510020282188e-01 8.857139530255619064e+00
1.133454001549724524e+02 3.066104644516050026e-01 8.822929148794729670e+00
1.131737850963920238e+02 3.172701136041258252e-01 8.804453129300378933e+00
1.129201404914235809e+02 3.079929373208395438e-01 8.794773702105677771e+00
1.128346240647666292e+02 3.039640768765005108e-01 8.806007088084481182e+00
1.128106308564557025e+02 3.096781569286660707e-01 8.805257631123211581e+00
1.128480613623179778e+02 2.911682636733552987e-01 8.865159143163216626e+00
1.128390170681413025e+02 2.894893953957090593e-01 8.880929496000778300e+00
1.128152715617074051e+02 2.936346968933526980e-01 8.867809764958440866e+00
1.127733231429769063e+02 2.813702783152884912e-01 8.906760355843859500e+00
1.128392584186881606e+02 2.754381359269342799e-01 8.939393490309987200e+00
1.128438356106380525e+02 2.936283455631724659e-01 8.874965596961523318e+00
1.127970305414297201e+02 3.035702944053249586e-01 8.806280195282232270e+00
1.128461242066129984e+02 2.991010750684884867e-01 8.799562605061586495e+00
1.129160544690076193e+02 3.134656668261556201e-01 8.794619153071291606e+00
1.130065037621045718e+02 3.117254023567669341e-01 8.787082241257394344e+00
1.130319069657155211e+02 3.226539244869183753e-01 8.804921010623658617e+00
1.130460429095867028e+02 3.322761897099982820e-01 8.832894385847541940e+00
1.130222338898509946e+02 3.326911432817746261e-01 8.849469240507936263e+00
1.130467394387964646e+02 3.413204838866753521e-01 8.824508512899551960e+00
1.129436128906597361e+02 3.467953305020514687e-01 8.817454302179353220e+00
1.130410867549360461e+02 3.168636284725897534e-01 8.786982737084569450e+00
1.131939082275131199e+02 2.928725372717226327e-01 8.767198343573088692e+00
1.132520715921937864e+02 2.926269525047529019e-01 8.763144077808028953e+00
1.132283557253007302e+02 2.858966596237472180e-01 8.717494950692506350e+00
1.132488175940314363e+02 2.799327605844917355e-01 8.709253041228601333e+00
1.132312731029635273e+02 2.932451486422973375e-01 8.793823119688699563e+00
1.132742377345228704e+02 3.081474863552256527e-01 8.826985531669850005e+00
1.132939099212011627e+02 3.132476044899670242e-01 8.876801131383615484e+00
1.132684347358481745e+02 3.082046483268479076e-01 8.899132408297377950e+00
1.132886086776107106e+02 3.146089062586007734e-01 8.905752611455259427e+00
1.133251372945873925e+02 3.145771496076995022e-01 8.903133746310935237e+00
1.133493337454640937e+02 3.140605747530391123e-01 8.881695889842529112e+00
1.132172027895042135e+02 3.117719787780887652e-01 8.819311007702046012e+00
1.131311761393227755e+02 3.123478327144315059e-01 8.783013155721913989e+00
1.129970169919253493e+02 3.114459438288358917e-01 8.785299634586802853e+00
1.129596859902358830e+02 3.002760711518349113e-01 8.783248154938583241e+00
1.129196069796884530e+02 2.956311316800115385e-01 8.829509126861468715e+00
1.128646870276198229e+02 2.959317613085433729e-01 8.856368902193748838e+00
1.128748301019176807e+02 2.950341066430679504e-01 8.888561677767381042e+00
1.128663150852560193e+02 2.977249535294341776e-01 8.898687815184759486e+00
1.127050484606492802e+02 3.018427325962967367e-01 8.861151453819477553e+00
1.126323871262771519e+02 2.990587328672868472e-01 8.826011661042210577e+00
1.125103336142032617e+02 3.059478090027988317e-01 8.793899335650863236e+00
1.123318104254967835e+02 2.988258507606776360e-01 8.764206867058190298e+00
1.121606950048905276e+02 3.080966757137836298e-01 8.745686388252579491e+00
1.120507365425899025e+02 3.046479034259074736e-01 8.740529108146215975e+00
1.119383582234906100e+02 2.990904895181881185e-01 8.720291653081877925e+00
1.118598388455822317e+02 3.098051835322711001e-01 8.720126518497190560e+00
1.118951882322554354e+02 3.032548450063725087e-01 8.744991976152872937e+00
1.120194583585622325e+02 2.979620698561635250e-01 8.744441527537251346e+00
1.122460801707237579e+02 2.891527748961557620e-01 8.770064910594442154e+00
1.124348755774417725e+02 2.915535777042905230e-01 8.787651743863555964e+00
1.125232077604786411e+02 2.831507678758187763e-01 8.815807190552607864e+00
1.126073311287160550e+02 2.809023969920100283e-01 8.828776606780680325e+00
1.126493303580879939e+02 2.774642102544342959e-01 8.851810764234389950e+00
1.125853364723018473e+02 2.933891121263830226e-01 8.813982241680816898e+00
1.124876572483497057e+02 3.014044908138594492e-01 8.778285648957746545e+00
1.124768218790622001e+02 3.117613932277883415e-01 8.778399972900992054e+00
1.125811467114929485e+02 3.125616608304999100e-01 8.779992039666174364e+00
1.126936160663248216e+02 3.157584970212261588e-01 8.798305041685896555e+00
1.126552646175864112e+02 3.208459124956070108e-01 8.774059897277819431e+00
1.126056586117685896e+02 3.294159740188253305e-01 8.766916767935096999e+00
1.125841148997971857e+02 3.289840835665682750e-01 8.747742102120920293e+00
1.126820375914062282e+02 3.360869878181487191e-01 8.771134051174783508e+00
1.125403584690753718e+02 3.288485885227229177e-01 8.727845501776254622e+00
1.123394955350148763e+02 3.049718212651003069e-01 8.726003616023982445e+00
1.121121560225429903e+02 2.945768108700899113e-01 8.692940708215656898e+00
1.120202670946051740e+02 2.885959749503537730e-01 8.666627147278878951e+00
1.120020345427677455e+02 2.752857040026082669e-01 8.688844100249395908e+00
1.120506984346088188e+02 2.821027983960774366e-01 8.734431831173175453e+00
1.119340710756189310e+02 2.808007757091260381e-01 8.702512162797294337e+00
1.118065088431687144e+02 2.726964783991260299e-01 8.686036812309724908e+00
1.117400527583827028e+02 2.780654695114980202e-01 8.627452142727092266e+00
1.116816353404948075e+02 2.798692472826892486e-01 8.615143264837765713e+00
1.116333250060337576e+02 2.797887971004060503e-01 8.618420551210775216e+00
1.115566348112172932e+02 2.894872782856489635e-01 8.589104928208797674e+00
1.114642864703964449e+02 2.998357122593375279e-01 8.547139572597821200e+00
1.114430878473648363e+02 3.045166426021823081e-01 8.544903904374372416e+00
1.115947554949591591e+02 3.072244263690292465e-01 8.551509287761833278e+00
1.116507149480672894e+02 3.044277239796587819e-01 8.532402369469579639e+00
1.116806911094080164e+02 3.095003196836190740e-01 8.586240478297504808e+00
1.117607517434401387e+02 3.058080797388332828e-01 8.602288172552938761e+00
1.118016839493417933e+02 3.068793374292356213e-01 8.593432301171608501e+00
1.118201091581946969e+02 3.131840911881644818e-01 8.608777114887095294e+00
1.117744282744282742e+02 3.146872393308238758e-01 8.605209784435853493e+00
1.116704739362580483e+02 3.057911428583526270e-01 8.606190006393672931e+00
1.116471433833959281e+02 3.043049315961739443e-01 8.625440888170011533e+00
1.116688797523828072e+02 3.007227813745125267e-01 8.661118426902540079e+00
1.117751607945090626e+02 2.994038218070804724e-01 8.674672165507196553e+00
1.119021831638939517e+02 3.043938502186974704e-01 8.702884774167870319e+00
1.120926934297606437e+02 2.928979425924436164e-01 8.694492549889698552e+00
1.122658158707038609e+02 2.919050179742644358e-01 8.711918482794246188e+00
1.124504299850532050e+02 2.856044984354556560e-01 8.676615672542352442e+00
1.125991844892048590e+02 2.733951247189536637e-01 8.679598680617010231e+00
1.126964932188964781e+02 2.822827527511845291e-01 8.699349200367530344e+00
1.126633922031070654e+02 2.876475096434363277e-01 8.705533278853033963e+00
1.126287414627536805e+02 2.850985091310956898e-01 8.733445257885176005e+00
1.124545964576514478e+02 2.762214666491652482e-01 8.729765720600751067e+00
1.122745616523620527e+02 2.795474465535565112e-01 8.702090857895338871e+00
1.119571920345851055e+02 2.708545926468533538e-01 8.650894902422397337e+00
1.117725927400061749e+02 2.518069534362813444e-01 8.619301268995769760e+00
1.116591833883076248e+02 2.498930859419657702e-01 8.646029783504324939e+00
1.116188249192322530e+02 2.499184912626867816e-01 8.671231861659560280e+00
1.116633096358147270e+02 2.506150204724542641e-01 8.678749719482917513e+00
1.116866401886768472e+02 2.509389383116470418e-01 8.666677957920320807e+00
1.116195934301840680e+02 2.630318709748444839e-01 8.644342446786438927e+00
1.115656833396140968e+02 2.724466594120362184e-01 8.634406849274466111e+00
1.115729386757899988e+02 2.726837757387655659e-01 8.601316419035359928e+00
1.115855206608770800e+02 2.728362076630915789e-01 8.617237086687188352e+00
1.115355462779088072e+02 2.730436844489797510e-01 8.604528074996506959e+00
1.115096010941224733e+02 2.659725368483005781e-01 8.590307446722924567e+00
1.114903332754656589e+02 2.672428028843507608e-01 8.591772486884503124e+00
1.115536539202526995e+02 2.589437314488231001e-01 8.606776445880315762e+00
1.115689267522261474e+02 2.648483514063962319e-01 8.593821849422663917e+00
1.115714164736567966e+02 2.616684520961506943e-01 8.599646019197953350e+00
1.115185289472458550e+02 2.581773376070728432e-01 8.623188283066083315e+00
1.115550977893136775e+02 2.551075280199516238e-01 8.626728091086542705e+00
1.114914553437974973e+02 2.553255903561402751e-01 8.639585300481430252e+00
1.114921772783279863e+02 2.535747403364511099e-01 8.649982427986500966e+00
1.115210207857865754e+02 2.559522549339249831e-01 8.651709989795529410e+00
1.115755024960727582e+02 2.785037112939353077e-01 8.652920976749896909e+00
1.116350186940818361e+02 2.758721434892514313e-01 8.653175029957107967e+00
1.117678758187923194e+02 2.939564976224853798e-01 8.647173022936771147e+00
1.118364807702893273e+02 3.027954321233343737e-01 8.617315419759410844e+00
1.118943096315805121e+02 3.037100236692904520e-01 8.655486914142718646e+00
1.120439554390674601e+02 2.815269444597346959e-01 8.689805268216673539e+00
1.122277015382921661e+02 2.673655952678355985e-01 8.732746611565348260e+00
1.123661711217719414e+02 2.615139030617645854e-01 8.770255450499849559e+00
1.124013426712001120e+02 2.567694594171172628e-01 8.788790749075880981e+00
1.123080903243835991e+02 2.605590864246668525e-01 8.760197060604392405e+00
1.120580702118380287e+02 2.873447629048443974e-01 8.733949130079476930e+00
1.117299414407357432e+02 2.764755198563752514e-01 8.676171079429735755e+00
1.112807266768570287e+02 2.778241189646484810e-01 8.567321982800597979e+00
1.109227635907880369e+02 2.707445029237289802e-01 8.508129702630720104e+00
1.107946085675209957e+02 2.678885214526762204e-01 8.481176774455796874e+00
1.107526453290200692e+02 2.603346727582980247e-01 8.458081220810344192e+00
1.107675307298525240e+02 2.660169961595623689e-01 8.466170698349923640e+00
1.107149734726109500e+02 2.673698294879557347e-01 8.446248692684537929e+00
1.108494184298664891e+02 2.567334685460958554e-01 8.455663481121730385e+00
1.108548721053812756e+02 2.596910713000326054e-01 8.450506201015366869e+00
1.108889046495971087e+02 2.604193571607013591e-01 8.465217998822886614e+00
1.109252977715299551e+02 2.593332796998784606e-01 8.507136778012542422e+00
1.109596182427139723e+02 2.587828310842567592e-01 8.503126971558742753e+00
1.109286914989562689e+02 2.587912995244970871e-01 8.513346261818766081e+00
1.108670835962078343e+02 2.623607470857979851e-01 8.473625042871478996e+00
1.108424891286398406e+02 2.614292186593612510e-01 8.474406256483650424e+00
1.109129719567601455e+02 2.595598104763074399e-01 8.483323524056721965e+00
1.108929462127018155e+02 2.511951086289171964e-01 8.466884164440172000e+00
1.109016750574795367e+02 2.619013342027598501e-01 8.422534942901542365e+00
1.110451812457922500e+02 2.580926532046695088e-01 8.470265189206125811e+00
1.111568482159113529e+02 2.647679012241130336e-01 8.432900313755711252e+00
1.112440011686447576e+02 2.702660360501500936e-01 8.421211749113989953e+00
1.113692303458087594e+02 2.671708211423078905e-01 8.418590766859605168e+00
1.114752806229384703e+02 2.770788962234990715e-01 8.408983321406946487e+00
1.115077253346092476e+02 2.724847673931177217e-01 8.409861922081882213e+00
1.115277066193563087e+02 2.751375062984024455e-01 8.404099148498334060e+00
1.115475799314903185e+02 2.746865618556046384e-01 8.423280165642690775e+00
1.114704599633316491e+02 2.811416304287994716e-01 8.401922759356567738e+00
1.113280885460111591e+02 2.759970529827963648e-01 8.397108451079937197e+00
1.112007930694285136e+02 2.775446604367174386e-01 8.351759953592948094e+00
1.112494866008104282e+02 2.713076541997112012e-01 8.398092907257876050e+00
1.113340101028492057e+02 2.670819025197844199e-01 8.412906326348281283e+00
1.112782644778571495e+02 2.546587006872139125e-01 8.404041986526712193e+00
1.112202704819812737e+02 2.606225997264693950e-01 8.387617446680582844e+00
1.111239779651184989e+02 2.511442979874751735e-01 8.387841860346952672e+00
1.109945209191645006e+02 2.556749135160540365e-01 8.424338720672732705e+00
1.109141787094943936e+02 2.566424328135122335e-01 8.418745315893991332e+00
1.108942249471781025e+02 2.629620063428617649e-01 8.430613834890820613e+00
1.108823035004297708e+02 2.655935741475456413e-01 8.427692223007905881e+00
1.108752831634705416e+02 2.694403631267174859e-01 8.454295828022916126e+00
1.109012368156971036e+02 2.552345546235566531e-01 8.501736030249269049e+00
1.108842004310436096e+02 2.651976745663099932e-01 8.540640044713365242e+00
1.108551854376701584e+02 2.640502009137447037e-01 8.526290272726118502e+00
1.108525665725258449e+02 2.592951717187969574e-01 8.560405384234304194e+00
1.108988084904581797e+02 2.552705454945780605e-01 8.582764183578847295e+00
1.108689593557210600e+02 2.629429523523210133e-01 8.571247104851993370e+00
1.108169207904442146e+02 2.646874510418298354e-01 8.531801110212516193e+00
1.108049802897053411e+02 2.696774794534468889e-01 8.531106698112807862e+00
1.107198343573088977e+02 2.666034356462054777e-01 8.523241634239598241e+00
1.106108751709566320e+02 2.595047656147452253e-01 8.490873138530979247e+00
1.106063868976292639e+02 2.535281639151292787e-01 8.471757751798485003e+00
1.106314683005110737e+02 2.504435345575874994e-01 8.467481189477116033e+00
1.106089126099309397e+02 2.478310207434443746e-01 8.446881708592503202e+00
1.106972130363169100e+02 2.466941326411794810e-01 8.461549047088761100e+00
1.108473500133377883e+02 2.460103060917724904e-01 8.469676632609422384e+00
1.109560149213916986e+02 2.584758501255446372e-01 8.454981771682382075e+00
1.110709570607737646e+02 2.658836182257771075e-01 8.478513450000210838e+00
1.109889804421372617e+02 2.614948490712238338e-01 8.465660474825444481e+00
1.109243493062230357e+02 2.800301476472555895e-01 8.466060608626799322e+00
1.109036206816247585e+02 2.705751341189223114e-01 8.453806775599035817e+00
1.108455335329062450e+02 2.701750003175665271e-01 8.440426640019307314e+00
1.107669823983469541e+02 2.728362076630915789e-01 8.414225285915714281e+00
1.106807652082601123e+02 2.711128800741835487e-01 8.391150903370862224e+00
1.105678279721049648e+02 2.651087559437864671e-01 8.364039191941431639e+00
1.103585156517946757e+02 2.518387100871826156e-01 8.327866249454844549e+00
1.102952564031993745e+02 2.395023097670755385e-01 8.358619390187618237e+00
1.103660949058097742e+02 2.351241261628226886e-01 8.412923263228762494e+00
1.104153304173670733e+02 2.253219065846357172e-01 8.436918588649749751e+00
1.106308479872634649e+02 2.070703007566551401e-01 8.490104627579169616e+00
1.106023093436535447e+02 2.151491927459340814e-01 8.481883889215865224e+00
1.105509016771745934e+02 2.355179086339982408e-01 8.417331086373856408e+00
1.105167992683267641e+02 2.363097077964695092e-01 8.378854728141897468e+00
1.104862557214899397e+02 2.451825160582798147e-01 8.374260599311515563e+00
1.105040055722336803e+02 2.374952894301163020e-01 8.370301603499159526e+00
1.104843524395459156e+02 2.336146266899831181e-01 8.354427512268653544e+00
1.104101413806098151e+02 2.427944159105055177e-01 8.324923466471327416e+00
1.103865737114209651e+02 2.516312333012943880e-01 8.333722175881035810e+00
1.103728230815807194e+02 2.591321542441705206e-01 8.326483776585609675e+00
1.103542263868129396e+02 2.465480520470337278e-01 8.325588239030194515e+00
1.103460924499621001e+02 2.599176020764615291e-01 8.350239868569808266e+00
1.103277985019329179e+02 2.470349873608529423e-01 8.288318633532483659e+00
1.103049167764035445e+02 2.502043011207980561e-01 8.199073976059718660e+00
1.103658620237031585e+02 2.541400087224934268e-01 8.184260556969315203e+00
1.104071541383150361e+02 2.461203958148968363e-01 8.186521630513484027e+00
1.105350741623654045e+02 2.532973989185801633e-01 8.204665263728399438e+00
1.106838244322969445e+02 2.386618170732223709e-01 8.264524433567203232e+00
1.108259926070516741e+02 2.289527503376790618e-01 8.350407120264554450e+00
1.108522426546866484e+02 2.303309889867934668e-01 8.360751320018122712e+00
1.108580520046915154e+02 2.298694589936952359e-01 8.359417540680269099e+00
1.108857903806987366e+02 2.209521914206231952e-01 8.364422388862307045e+00
1.107358714660140322e+02 2.307459425585698387e-01 8.354956789783674509e+00
1.104216542251165407e+02 2.353824135901529113e-01 8.309786129541731015e+00
1.101549830419484124e+02 2.441133754779375997e-01 8.267547666733003453e+00
1.100213658747263565e+02 2.376583069047427388e-01 8.221873134296759034e+00
1.098814503050755604e+02 2.434888280102129321e-01 8.226384695834797256e+00
1.097909120933560843e+02 2.471429599739171923e-01 8.226009967354162455e+00
1.096891468469879811e+02 2.461585037959783395e-01 8.245970081000631779e+00
1.095780006859436639e+02 2.377493426373263330e-01 8.242872748982728481e+00
1.094942922712780131e+02 2.360260150484183028e-01 8.230032476468322145e+00
1.094833256411667861e+02 2.309915273255395418e-01 8.240152262555520579e+00
1.095570539990091987e+02 2.317176960761482274e-01 8.223954253485821653e+00
1.096105576044476209e+02 2.302971152258321275e-01 8.221917593608020880e+00
1.096237450830118831e+02 2.318447226797532290e-01 8.217154095972833971e+00
1.095870259261297974e+02 2.260671293257851266e-01 8.223084121251126533e+00
1.096529125083096545e+02 2.282392842474308958e-01 8.223357228448877621e+00
1.097279280690685965e+02 2.267467216550719533e-01 8.233131925596284262e+00
1.097202450766605608e+02 2.275342865974230577e-01 8.214499239957488541e+00
1.097738714744824762e+02 2.311545448001659786e-01 8.206939039932930058e+00
1.098196433939814796e+02 2.369681290251554884e-01 8.223926731055041017e+00
1.098632558612192014e+02 2.346837672703253053e-01 8.211175377163156597e+00
1.098445893018194397e+02 2.270600539439643351e-01 8.245796477975703809e+00
1.097992767952034825e+02 2.280614470023838714e-01 8.243410494937990052e+00
1.097851683737630850e+02 2.330641780743613611e-01 8.264515965126962627e+00
1.097473229143290183e+02 2.351495314835437001e-01 8.258067247883948525e+00
1.097605146271134089e+02 2.387888436768273726e-01 8.251707449263458116e+00
1.097632689873015721e+02 2.280847352130447869e-01 8.206958093923470088e+00
1.098266467940602382e+02 2.245703325133060480e-01 8.182446193647823662e+00
1.099079205321567798e+02 2.202217884498943457e-01 8.171200105008658454e+00
1.099409940255154083e+02 2.328016564269110023e-01 8.169862091450685426e+00
1.099035529341028337e+02 2.299774316067595137e-01 8.162217207023724441e+00
1.097324925583581319e+02 2.466348535594971303e-01 8.141022818212228174e+00
1.095576086818449397e+02 2.435946835132171140e-01 8.117484788564217624e+00
1.094232420576616107e+02 2.447506256060227592e-01 8.133312303373402941e+00
1.093292825960850365e+02 2.489043955439067535e-01 8.094336307167264266e+00
1.092579317528401077e+02 2.432326576929428330e-01 8.074539210995423488e+00
1.092521986187973937e+02 2.184667042100850720e-01 8.096055400536052105e+00
1.092031049536141154e+02 2.063039069149048832e-01 8.098428680913405842e+00
1.092181724259117317e+02 1.994995151817962331e-01 8.113301379085493537e+00
1.091832274072599915e+02 1.938298944408924085e-01 8.138253638253639011e+00
1.090057013773918015e+02 1.920239995596411120e-01 8.092284827519042878e+00
1.088155234978045627e+02 2.138852780400641862e-01 8.021139343949934997e+00
1.087015700488205567e+02 2.338602114569527934e-01 7.949261340300036949e+00
1.086061434299723487e+02 2.348298478644710863e-01 7.919827159134694483e+00
1.085225175825990505e+02 2.440795017169762604e-01 7.912292364430856928e+00
1.085628040699323833e+02 2.434020264977495018e-01 7.907776568672699291e+00
1.086918440452045331e+02 2.405121712657354305e-01 7.908991789847187093e+00
1.088215509101456178e+02 2.357910158317490235e-01 7.920371256420136064e+00
1.089049502267424856e+02 2.277078896223499183e-01 7.948727828564895681e+00
1.089823517705391396e+02 2.273987915535777005e-01 7.941362402665864906e+00
1.089206231925172830e+02 2.294439198716184403e-01 7.953451101108941934e+00
1.088850959685990176e+02 2.216868286114722086e-01 7.968859428126230604e+00
1.088814270168649045e+02 2.252689788331336262e-01 8.003544042240580580e+00
1.088599298813148124e+02 2.182126510028750410e-01 8.015899496551227799e+00
1.088395018863450616e+02 2.079425501014095790e-01 8.047404211355331682e+00
1.088350750092094330e+02 2.095155628760516642e-01 8.040934323011716955e+00
1.088283553018787302e+02 2.343344441104115161e-01 8.052891760631068152e+00
1.088987873193575808e+02 2.370803358583399301e-01 8.077376138475933942e+00
1.089659822755545804e+02 2.443293207040661275e-01 8.061008760601428236e+00
1.090518924846827105e+02 2.515444317888309578e-01 8.061057454132811273e+00
1.090750303805293555e+02 2.600785024410279256e-01 8.080697884160205291e+00
1.091995841995841943e+02 2.405142883757954986e-01 8.084396475435172036e+00
1.093248768900500068e+02 2.382108726304245638e-01 8.061908532376964587e+00
1.094059770251216293e+02 2.283493739705552417e-01 8.072843405837295094e+00
1.093702571441879030e+02 2.248900161323786617e-01 8.062736322410456680e+00
1.091894368910662223e+02 2.222436285572741699e-01 8.030350889821358251e+00
1.089460327474584034e+02 2.253790685562579721e-01 8.007685109518103417e+00
1.087714516176837947e+02 2.367712377895677400e-01 7.986638918410812416e+00
1.086671860643347429e+02 2.433342789758268510e-01 7.963528544994940006e+00
1.085954202675180227e+02 2.450449039043743615e-01 7.969884109395311000e+00
1.085177032743224146e+02 2.365531754533791164e-01 7.954058711696186279e+00
1.086945920540625252e+02 2.214221898539617539e-01 8.006010475460577425e+00
1.088800530124359085e+02 2.040237793801948640e-01 8.042924406468195286e+00
1.090103780735145307e+02 1.951403855680841348e-01 8.066430679465302234e+00
1.090421685981767439e+02 1.984960050133166287e-01 8.077935055531796138e+00
1.090547209437229839e+02 1.992115882136248628e-01 8.083128326509182671e+00
1.088544994940106960e+02 2.102311460763599260e-01 8.068408060261420545e+00
1.086266307040237820e+02 2.149628870606467290e-01 8.051756989638862549e+00
1.085701377391805096e+02 2.234143904205004028e-01 8.077115733938544651e+00
1.086185454607043255e+02 2.262216783601712355e-01 8.096377201265184453e+00
1.086197246910077894e+02 2.381685304292228966e-01 8.090563617040196220e+00
1.085384615384615330e+02 2.281101405337657984e-01 8.054695538402258492e+00
1.085014036439698373e+02 2.365235359125379411e-01 8.030659987890130580e+00
1.084565823068878103e+02 2.345398037862396201e-01 8.001126302551964997e+00
1.084270443873295164e+02 2.363414644473707527e-01 8.024052487392609123e+00
1.083956434109183533e+02 2.447908506971643305e-01 8.000338737609613560e+00
1.082229930855185387e+02 2.484428655508085226e-01 7.968658302670522886e+00
1.080893526300858269e+02 2.505155162996303697e-01 7.929307577983749411e+00
1.080616396593993329e+02 2.565556313010488032e-01 7.941650329634036609e+00
1.080613517324311630e+02 2.565408115306282433e-01 7.932832566233788185e+00
1.080368080755046094e+02 2.569218913414432759e-01 7.920860308844015485e+00
1.081524636809769220e+02 2.562931096535984721e-01 7.896761245030083920e+00
1.083029690351482657e+02 2.530158232805890806e-01 7.898698400735060687e+00
1.085074225878706500e+02 2.486228199059156152e-01 7.891495992310656682e+00
1.086753962171477497e+02 2.475282740048524166e-01 7.889512260184358361e+00
1.088086344216690406e+02 2.472191759360802266e-01 7.934968730284412963e+00
1.089004386652044474e+02 2.474922831338310092e-01 7.948054587565788864e+00
