1.911935462298590096e+02 1.139292626510574102e+01 5.101091429065962046e+01
1.918912799754531591e+02 1.146132301107754259e+01 5.144356983257804927e+01
1.921190678499496585e+02 1.151882710221550887e+01 5.157225775742698914e+01
1.924597573640483290e+02 1.158600044058408862e+01 5.178751455501006973e+01
1.926529200497230647e+02 1.167466405463242651e+01 5.186712455941591315e+01
1.928410671576032200e+02 1.187478364174219614e+01 5.197537646336858330e+01
1.929120641364552000e+02 1.205290746160624415e+01 5.205608202731621503e+01
1.928267993139476459e+02 1.204878485334843852e+01 5.201188396903323508e+01
1.927100110932779558e+02 1.196179703235146086e+01 5.190763862663645511e+01
1.926210701472809603e+02 1.191156061178247683e+01 5.178967027001510814e+01
1.926859068164652626e+02 1.195486373363544885e+01 5.188670694864048016e+01
1.927454958144511465e+02 1.198946728663142025e+01 5.196702503461732192e+01
1.927900479135196292e+02 1.210857644133937505e+01 5.200413637651057286e+01
1.929458691307905269e+02 1.225602656092648601e+01 5.213314687185297203e+01
1.930451815049093796e+02 1.229311036631419896e+01 5.216898366691842881e+01
1.930223576756042405e+02 1.229547653889728132e+01 5.214630932150050313e+01
1.930184868296827858e+02 1.232186634566968841e+01 5.220990488104229854e+01
1.931412347369083591e+02 1.241146030022658664e+01 5.229109430073010856e+01
1.932731345984390714e+02 1.248312012210473299e+01 5.236245122104732985e+01
1.933229245342396894e+02 1.248695163016112808e+01 5.241476861467774739e+01
1.931914436209717962e+02 1.234931237411883131e+01 5.228583679506545678e+01
1.930983564639979875e+02 1.217370421072507547e+01 5.214727899987411774e+01
1.930261734485146121e+02 1.204313396903323330e+01 5.204200497230614531e+01
1.931348364331570906e+02 1.215068959277442140e+01 5.215486924093655574e+01
1.932787166414904334e+02 1.224400097557905376e+01 5.227616558094159416e+01
1.931889810706193487e+02 1.219955902253272839e+01 5.218851491691842881e+01
1.930181858950151081e+02 1.210497112600704916e+01 5.204464257615810396e+01
1.928706118611530655e+02 1.208588046009566952e+01 5.196803601774924175e+01
1.928860382049345503e+02 1.214442700465760261e+01 5.199592853096676492e+01
1.929828388563695967e+02 1.219961409554380616e+01 5.206361326158106806e+01
1.930353195021399699e+02 1.223553153323262777e+01 5.210397587802114572e+01
1.931045423432779558e+02 1.229464650994461294e+01 5.214397265231621503e+01
1.932306123332074606e+02 1.236257120153575073e+01 5.216151340634441169e+01
1.932705756703172142e+02 1.232937987789526701e+01 5.218576126636455115e+01
1.932646376195871198e+02 1.229519330626888163e+01 5.214821327416918706e+01
1.934319061555891324e+02 1.242841098627895313e+01 5.224982888028701211e+01
1.936493953770140877e+02 1.263356778700906347e+01 5.242882796764853737e+01
1.937545376227341478e+02 1.271399798590130992e+01 5.260055151686807307e+01
1.937066103348439015e+02 1.267263028700906347e+01 5.259748709718026305e+01
1.936370511549597211e+02 1.262460268756294113e+01 5.256643378650554155e+01
1.937201248583836843e+02 1.271135054758308236e+01 5.266822444612286347e+01
1.938574690804380793e+02 1.285139531407351399e+01 5.279805316905840584e+01
1.939324450843403724e+02 1.286260660561429958e+01 5.284198569675226764e+01
1.939853427114803708e+02 1.296192881419939624e+01 5.291364158484390856e+01
1.941780726806394739e+02 1.312232895896273988e+01 5.306496648413897077e+01
1.942364894102467190e+02 1.315187366251258894e+01 5.307207680324773236e+01
1.940651671072507440e+02 1.290753241440080501e+01 5.290153929065962046e+01
1.937205457735397829e+02 1.264199789149043340e+01 5.261160152316213612e+01
1.936362702983383599e+02 1.254164503084088622e+01 5.244496435989425720e+01
1.935107018661883274e+02 1.250533421450151117e+01 5.234934581130412568e+01
1.934764661222306188e+02 1.254140113607754259e+01 5.229964635259315031e+01
1.934532548149546756e+02 1.254095071752265866e+01 5.228581712613293320e+01
1.934727152567975850e+02 1.251543421135448142e+01 5.231578864551863006e+01
1.935746888374874004e+02 1.263486003587613205e+01 5.243354851145518580e+01
1.937032784176737152e+02 1.270973966200906347e+01 5.254178074647532526e+01
1.936966283515860994e+02 1.269634905274420866e+01 5.249288574710473654e+01
1.935857388437814564e+02 1.264201756042296054e+01 5.239579792925478330e+01
1.933972337613293178e+02 1.255059439514098685e+01 5.231637871349445845e+01
1.933632419121349528e+02 1.251993052933031159e+01 5.227402560108257745e+01
1.934467837361530655e+02 1.257131364866565981e+01 5.234429482943101419e+01
1.936145105582829729e+02 1.267661127895266837e+01 5.247998686115307265e+01
1.936215205658358514e+02 1.268789927933031159e+01 5.245021596487915616e+01
1.935041108068982965e+02 1.260126353222557860e+01 5.238249386329304969e+01
1.932977305985649537e+02 1.245472998489425898e+01 5.224614488922457411e+01
1.931506246852970889e+02 1.237049188066465177e+01 5.214409066591137787e+01
1.930874559415911449e+02 1.242471519385699885e+01 5.211586378084088267e+01
1.932212499213242722e+02 1.256456327102215553e+01 5.225670710599194280e+01
1.932414833522155106e+02 1.253660191654078560e+01 5.231563719473816576e+01
1.930705229575780493e+02 1.242245129972306117e+01 5.220516860208962839e+01
1.929316858635448000e+02 1.228498906407351399e+01 5.209476098313192693e+01
1.928166835819486380e+02 1.216794318038771472e+01 5.199132403386203549e+01
1.928983902945619207e+02 1.210302193479355459e+01 5.199277756797582839e+01
1.929544841232376768e+02 1.205972668051359520e+01 5.200669137084592109e+01
1.929680792894008050e+02 1.196765837424471357e+01 5.202604166666666430e+01
1.928731550541289153e+02 1.188017882993454144e+01 5.188259810863544885e+01
1.927628084088620426e+02 1.180589123867069468e+01 5.179902481432527850e+01
1.928113080626888234e+02 1.180143622545317150e+01 5.181358572507552651e+01
1.928642312594410839e+02 1.183051280840886221e+01 5.193331051737160209e+01
1.930028736310422914e+02 1.188381561555891253e+01 5.202353387776938831e+01
1.931425328864552000e+02 1.198921552429506576e+01 5.222059494587109896e+01
1.932609969001762238e+02 1.209091373992950658e+01 5.222831303499496158e+01
1.932841019952165027e+02 1.204189285939073528e+01 5.227455272847431900e+01
1.932031013972809603e+02 1.197411568479355459e+01 5.219425431143000793e+01
1.930969304663897219e+02 1.188215949144008121e+01 5.211035057905337453e+01
1.930730366471550781e+02 1.183045380161127902e+01 5.204748277001510814e+01
1.930649527158861929e+02 1.180826724572004061e+01 5.202317000251762380e+01
1.930269798747482355e+02 1.182521596487915438e+01 5.202042225264350606e+01
1.929189876007049236e+02 1.182146313255286962e+01 5.188504689073514697e+01
1.928071598848187307e+02 1.177476318605236649e+01 5.176572924534239917e+01
1.927344438412638397e+02 1.180299203801611263e+01 5.167421560297079708e+01
1.927626589249748292e+02 1.185196768001006973e+01 5.170016875944109103e+01
1.927668621758560050e+02 1.185108257804632359e+01 5.166508725138469060e+01
1.927085319895518580e+02 1.177503068353474269e+01 5.164036537009063466e+01
1.926559982376636526e+02 1.168864079808660605e+01 5.156590862600705094e+01
1.926410380475830948e+02 1.170809337235649572e+01 5.157191158421450439e+01
1.927781934478852008e+02 1.177927523917422015e+01 5.167725445304632359e+01
1.929486109799848919e+02 1.193088140420443111e+01 5.185665675352467474e+01
1.929885054758308058e+02 1.194229331885699885e+01 5.181016923149547182e+01
1.928301430324773378e+02 1.175947255790533674e+01 5.156438821752265511e+01
1.924933794373111766e+02 1.153163551107754259e+01 5.131191386581067349e+01
1.923392163110523541e+02 1.136883772343907317e+01 5.113348517749244593e+01
1.922560973690835908e+02 1.127412984642497484e+01 5.106239182087109896e+01
1.922990090791792568e+02 1.131735822633434019e+01 5.120120531218529436e+01
1.923895510762839933e+02 1.137304490810674729e+01 5.135528976271400126e+01
1.924682700780463165e+02 1.144308204305136023e+01 5.143413464564451232e+01
1.924849434321500610e+02 1.141251848879657516e+01 5.143849918177240710e+01
1.924122706602467190e+02 1.136063774546827787e+01 5.141798055135951984e+01
1.923504512053121971e+02 1.136715406281470209e+01 5.141628705626888518e+01
1.924190564419687917e+02 1.137654204431017035e+01 5.146711944549345219e+01
1.925097931615055415e+02 1.145171080375125960e+01 5.154096251888217495e+01
1.925516860208962839e+02 1.147130302744209551e+01 5.154796072507552651e+01
1.925022520927744267e+02 1.138649059038267808e+01 5.154897760888721336e+01
1.923952629342900309e+02 1.135380672520141054e+01 5.138687413456696618e+01
1.922747100799345503e+02 1.132148870216515668e+01 5.122075819801107599e+01
1.922998863135699992e+02 1.139923015798086681e+01 5.124026191150554155e+01
1.923434766018378639e+02 1.145336299408358549e+01 5.127003870845921796e+01
1.923576697035498455e+02 1.148538991691842881e+01 5.131483470229103716e+01
1.924149456350704952e+02 1.150371939514098685e+01 5.134059313632930355e+01
1.923791658799093796e+02 1.151280644196878100e+01 5.133224957515106013e+01
1.923263095575277077e+02 1.147623009504028246e+01 5.129130475830815783e+01
1.923582617384189462e+02 1.147184195619335334e+01 5.137806245279455908e+01
1.924880943951409904e+02 1.153838195493454144e+01 5.144025561744712860e+01
1.925265156879405879e+02 1.155817480173715950e+01 5.143056080060422630e+01
1.924900947255790413e+02 1.148443990747734134e+01 5.139237356810171065e+01
1.924748296670443040e+02 1.145318990747734134e+01 5.138779660750251566e+01
1.924684825025176167e+02 1.142150129028197370e+01 5.140641915281973695e+01
1.925078990433031265e+02 1.145771179506545856e+01 5.138075316276434990e+01
1.925574863890986990e+02 1.153651537323766441e+01 5.138177594725578956e+01
1.925015872828549846e+02 1.148207766868076618e+01 5.120948396588620000e+01
1.922706071406092576e+02 1.121100830815709948e+01 5.090533342774421044e+01
1.920144173275427875e+02 1.099753351586102745e+01 5.069403992006545678e+01
1.919066453455438079e+02 1.088821948955186336e+01 5.055255932150050313e+01
1.919475468907351399e+02 1.089937964186807662e+01 5.077261337172708977e+01
1.920362931143000935e+02 1.095686996475327213e+01 5.088748387147532526e+01
1.920923613733635307e+02 1.094568227593152088e+01 5.095767639098691149e+01
1.920856582011581111e+02 1.094034412764350428e+01 5.091062043680765470e+01
1.920183334120090706e+02 1.094125283232628476e+01 5.087535600767875366e+01
1.919751345354984835e+02 1.091605102907855063e+01 5.086591885385196576e+01
1.919707896683031265e+02 1.091689482628398800e+01 5.091856471865558831e+01
1.919515475516112701e+02 1.093539935800604290e+01 5.084560281344410981e+01
1.919870106369587006e+02 1.101103033736153058e+01 5.091315182842397036e+01
1.919426099886706822e+02 1.099290738293051284e+01 5.085403881860523967e+01
1.918462184510322288e+02 1.090323278575025157e+01 5.081579847998489186e+01
1.916988017686304033e+02 1.082232463179758319e+01 5.079679435737663340e+01
1.916117569077291023e+02 1.078310871412386795e+01 5.079017379468781712e+01
1.915533342774421044e+02 1.076897265231621326e+01 5.080165651749748434e+01
1.916156159522910514e+02 1.078962109768378674e+01 5.082533594536756993e+01
1.916548141679254798e+02 1.088082003713494395e+01 5.076655140672205135e+01
1.917067106463997845e+02 1.091515412575528643e+01 5.081375487789526346e+01
1.916393150490936534e+02 1.091500267497482390e+01 5.071976098313192693e+01
1.916264948388721052e+02 1.089811492950654603e+01 5.067974650679758497e+01
1.916211409554380793e+02 1.090347864740684791e+01 5.069025955123363758e+01
1.916557464753273052e+02 1.096782949395770324e+01 5.076476153386203549e+01
1.916995295191339324e+02 1.103994563507049342e+01 5.077413771399798748e+01
1.917331102876384819e+02 1.108689734390735104e+01 5.076330603285498455e+01
1.916913806803877094e+02 1.103609445808157119e+01 5.074704572633434196e+01
1.916563621129154171e+02 1.106215185989425898e+01 5.070686996475327390e+01
1.915320465917673687e+02 1.105072814388217495e+01 5.061730157980866096e+01
1.914823353316968735e+02 1.104325788330815783e+01 5.056373324206948894e+01
1.914207460032729102e+02 1.101751518441591138e+01 5.053075630979355282e+01
1.914220598879657587e+02 1.106144967900302056e+01 5.052417508496979082e+01
1.915012332420694747e+02 1.110086031910876159e+01 5.059613780840886221e+01
1.915193502958207432e+02 1.107258819549345397e+01 5.062249614488922589e+01
1.914474367447130021e+02 1.091739835095669697e+01 5.050485232565458205e+01
1.913236778543554806e+02 1.079701268252769353e+01 5.039128980991943507e+01
1.912219973407603106e+02 1.069388453549848883e+01 5.033752478285498455e+01
1.911098647564199382e+02 1.063348124370594228e+01 5.029668814514099040e+01
1.911510101963746138e+02 1.065654503398791597e+01 5.033453117132427224e+01
1.911608643315709912e+02 1.069503123426485480e+01 5.032910451283987641e+01
1.911608623646777403e+02 1.071368918366062495e+01 5.044362883937562714e+01
1.911319234642497520e+02 1.069735216830312119e+01 5.037814702920442755e+01
1.911407233446626321e+02 1.069969867195367641e+01 5.036865480236656367e+01
1.911277103789023215e+02 1.072406651246223497e+01 5.039904920380161002e+01
1.911233674786002155e+02 1.074012422897784447e+01 5.041515215886203549e+01
1.911168354261077411e+02 1.073123190458207432e+01 5.043771045757804927e+01
1.910878394857754188e+02 1.069681717333836879e+01 5.040693841263846764e+01
1.909993194549345503e+02 1.062480331067472328e+01 5.031254523854481420e+01
1.909901202951913319e+02 1.056046819926988967e+01 5.029141490433030981e+01
1.910726314671450154e+02 1.059754807087109718e+01 5.031668554884189604e+01
1.911980189451158196e+02 1.071670836480362610e+01 5.037423094473816576e+01
1.913496349446122906e+02 1.079398563381168152e+01 5.038543240181268601e+01
1.914176461795065336e+02 1.079809644070996910e+01 5.042649523225075825e+01
1.914602982596928484e+02 1.087173102341389708e+01 5.052007804632427224e+01
1.915419321972557896e+02 1.090856896714501545e+01 5.063324521651561128e+01
1.916740661190835908e+02 1.100097164526686733e+01 5.078115165533736075e+01
1.917828903889728167e+02 1.107131364866565981e+01 5.085900129028197370e+01
1.918393126888217637e+02 1.115578384629909436e+01 5.089462959466263925e+01
1.918399145581570906e+02 1.121061886329305146e+01 5.083672622419435783e+01
1.918416788614048301e+02 1.120431497041792568e+01 5.075423472117321211e+01
1.917691300037764393e+02 1.122136596802618413e+01 5.071830941591137787e+01
1.917420498174722923e+02 1.123966004217019155e+01 5.065606511203424134e+01
1.917177763878398764e+02 1.125601672646022067e+01 5.070997372230614531e+01
1.916886230960473370e+02 1.127106149295065407e+01 5.077402560108257745e+01
1.916265105740181127e+02 1.129515593529708006e+01 5.078516805135951984e+01
1.915069018284239633e+02 1.125372136203423956e+01 5.078722345480866096e+01
1.914156556835347374e+02 1.123625338305639509e+01 5.075329651309164092e+01
1.913870118170946739e+02 1.121730039967270898e+01 5.070355968340886221e+01
1.913052972369083591e+02 1.108872655463242651e+01 5.053359847054380793e+01
1.910852117163897219e+02 1.089135865118328361e+01 5.028393284239677996e+01
1.908936540156092576e+02 1.073714831948640480e+01 5.011706948640483716e+01
1.908032831382175232e+02 1.074221306961228528e+01 5.002323687688821963e+01
1.908303692252014230e+02 1.076982628398791597e+01 5.007613450402819666e+01
1.909261569266112701e+02 1.082170112663645511e+01 5.020029660750251566e+01
1.909833109107502480e+02 1.082875243894763351e+01 5.026976727719033278e+01
1.909227876384692877e+02 1.079716610020141054e+01 5.031859540219033278e+01
1.908373910341138071e+02 1.078955225641993998e+01 5.025275955123363758e+01
1.908300014161631282e+02 1.080025215571500574e+01 5.022973509881671816e+01
1.908676064482628476e+02 1.085476656910876159e+01 5.026440159239677996e+01
1.909275317849949545e+02 1.093801532603222526e+01 5.031146541414904050e+01
1.908977589218278013e+02 1.094555049408358549e+01 5.028230818856999207e+01
1.908534880884944585e+02 1.092988222243202401e+01 5.023383803814199666e+01
1.908161839910624451e+02 1.087288362286001941e+01 5.019149279330311941e+01
1.907834588211228493e+02 1.086477215508559979e+01 5.011142843655589019e+01
1.906749079493957595e+02 1.086842074206948716e+01 5.006064718655589019e+01
1.906945729481369654e+02 1.088319604418428987e+01 5.007566638343404009e+01
1.907180320839627257e+02 1.095250739551863006e+01 5.012630011644007766e+01
1.908528252454682672e+02 1.104183581948640480e+01 5.020057197255790271e+01
1.909710355299597211e+02 1.104378894448640480e+01 5.034165722557905553e+01
1.910084871443856969e+02 1.104756341263846942e+01 5.032727726900805720e+01
1.910070867163897219e+02 1.100044255098187307e+01 5.025689002706445052e+01
1.909211964218278013e+02 1.100704737852467296e+01 5.020524531092648601e+01
1.909161552744209587e+02 1.096660608635448142e+01 5.018828872419435783e+01
1.909303975484642422e+02 1.096112435485901315e+01 5.022057921072507725e+01
1.909449604261077411e+02 1.095376424030714979e+01 5.029020723187311148e+01
1.909585201881923524e+02 1.096268803499496514e+01 5.029845834906848268e+01
1.909702409050856033e+02 1.095031037575528643e+01 5.032123103914904050e+01
1.910058495405337453e+02 1.100575512965760261e+01 5.032845543806646305e+01
1.910349418586354489e+02 1.105707727530211493e+01 5.032628792170191190e+01
1.910238112097180192e+02 1.108476523162134875e+01 5.031449049597180334e+01
1.910012588116817653e+02 1.107405353096676670e+01 5.023800981873111482e+01
1.909477298118076476e+02 1.106997222746727161e+01 5.020369539904330480e+01
1.908977648225075541e+02 1.098788787134944656e+01 5.011240598250251566e+01
1.907629441244964710e+02 1.075845174030714979e+01 5.015494791666666430e+01
1.905939250534995040e+02 1.055305694549345397e+01 5.006088911442598288e+01
1.905323750629405879e+02 1.050865039652567923e+01 5.002724737223061169e+01
1.905531257867573061e+02 1.053600201409869008e+01 5.014935210536253862e+01
1.906342680010070580e+02 1.063157335725075470e+01 5.022225303688318121e+01
1.906456917170191332e+02 1.068638477152567923e+01 5.020685029582074321e+01
1.906082696059919499e+02 1.066106102089627328e+01 5.018287583396273988e+01
1.905688628996726948e+02 1.063114850830815783e+01 5.011632010007552651e+01
1.905381439608509595e+02 1.063870924597180334e+01 5.003071697192849854e+01
1.906444801107754188e+02 1.067311020896273988e+01 5.008499929191842881e+01
1.906574360366314238e+02 1.067720921450151117e+01 5.007519826283987641e+01
1.905940450339879249e+02 1.065606314514098685e+01 5.000621734957200459e+01
1.904915856306646447e+02 1.056931725201409833e+01 4.990443652442094447e+01
1.904284286883182347e+02 1.050213407917925501e+01 4.983817189073514697e+01
1.903492022280966864e+02 1.042650900050352547e+01 4.974479166666666430e+01
1.902767359799848919e+02 1.039965894070996910e+01 4.978833474949647808e+01
1.902241648571248618e+02 1.038732848690835908e+01 4.984411190835850647e+01
1.902317236278952635e+02 1.042260275050352547e+01 4.988632733824270105e+01
1.902814604575780493e+02 1.044310171198388737e+01 4.992766553373615324e+01
1.902632332578046430e+02 1.045792618643000971e+01 4.993409924156595991e+01
1.902332224005538706e+02 1.045799306080060376e+01 4.985549235271903257e+01
1.902458419876636526e+02 1.051028488481873069e+01 4.980927626195870772e+01
1.903203105331067491e+02 1.058142741377139906e+01 4.985916257552869979e+01
1.903819391993957595e+02 1.063340060108257745e+01 4.988786151497986054e+01
1.903644515514853879e+02 1.064791037260825846e+01 4.989901970040281753e+01
1.903421214123867173e+02 1.062769070996978904e+01 4.984272918240181127e+01
1.902948117289778338e+02 1.059555560800604290e+01 4.974476806394763173e+01
1.902251266679254798e+02 1.058759952479858946e+01 4.971923582263343633e+01
1.902258898225075541e+02 1.062088329242195428e+01 4.972871821500503842e+01
1.902942098596425069e+02 1.067447523288016065e+01 4.977233013909869186e+01
1.902961413488167182e+02 1.068343443164652484e+01 4.977785120845921796e+01
1.903015385039023215e+02 1.064819360523665637e+01 4.975077692283484510e+01
1.902900833175981745e+02 1.066411167233131962e+01 4.976572727844914112e+01
1.902685792736656651e+02 1.061809423778952599e+01 4.973809046135448142e+01
1.901593399893000935e+02 1.049058841578549917e+01 4.961723667233131607e+01
1.900500948042547975e+02 1.029568306268882161e+01 4.950212227781973695e+01
1.899599383182275858e+02 1.022336236467774384e+01 4.944577275302114572e+01
1.899661045285750163e+02 1.023919388846928413e+01 4.944291682401812693e+01
1.899439415754028175e+02 1.024619012776938654e+01 4.946864968844410981e+01
1.898948597211732192e+02 1.023344072570493424e+01 4.944262375692346723e+01
1.898943758654330338e+02 1.030021675163645511e+01 4.940868698074017829e+01
1.898974402851208367e+02 1.029681009252265866e+01 4.938328062059415657e+01
1.898591468403826923e+02 1.030859375000000000e+01 4.939610476460221378e+01
1.899025129028197512e+02 1.033015286694360491e+01 4.942767930198892401e+01
1.898794845166163157e+02 1.028264452731621326e+01 4.937411883182276284e+01
1.897585540187562856e+02 1.025036387525176274e+01 4.923790163960221378e+01
1.896767646966263783e+02 1.020980850327291023e+01 4.909847644448640835e+01
1.896210327763091641e+02 1.018938428373615324e+01 4.903268189828801837e+01
1.895458699175478330e+02 1.017907776309164092e+01 4.901473203046324301e+01
1.895170096928499390e+02 1.012351106180765292e+01 4.901645306205941921e+01
1.894558157099697837e+02 1.009271344725579134e+01 4.897862773791541002e+01
1.894878623017371524e+02 1.008293208710976785e+01 4.899177248552366848e+01
1.895774444549345503e+02 1.014099477593152088e+01 4.908726908673212819e+01
1.895763587298590096e+02 1.015157076095166211e+01 4.913071185800604468e+01
1.895893107219285127e+02 1.013853025868580104e+01 4.910149169184290230e+01
1.895242124559415799e+02 1.011550974005538706e+01 4.909659609453675699e+01
1.894998288802869979e+02 1.007563097935548768e+01 4.904600169939577370e+01
1.894695741282729102e+02 1.003192464438570042e+01 4.900261596802618413e+01
1.894911548810422914e+02 1.007186241188318299e+01 4.903023508308157119e+01
1.894732777882678647e+02 1.005703006986404802e+01 4.902089824081067349e+01
1.894490731998992885e+02 1.007202173023665637e+01 4.906572767182779415e+01
1.894131754311430029e+02 1.004950473627895313e+01 4.903763453549849061e+01
1.893579234327794438e+02 1.001137651057401889e+01 4.899071429695367641e+01
1.892574171544561921e+02 9.937079084843906784e+00 4.893208907666163299e+01
1.891173428845669662e+02 9.901478316968781002e+00 4.884400176233635449e+01
1.891273032319989795e+02 9.899182952542799896e+00 4.883896848250251566e+01
1.891283496192094731e+02 9.871825434290030898e+00 4.886524027567975992e+01
1.890528740244209587e+02 9.747309290030210960e+00 4.878494185863544885e+01
1.889135235712487315e+02 9.583846692472306472e+00 4.856152048716012359e+01
1.888736959497734063e+02 9.545439167925477975e+00 4.857894716137965929e+01
1.888944683094159132e+02 9.621052445241691231e+00 4.856892190647029395e+01
1.889558157099697837e+02 9.696791603726081732e+00 4.860502816591137787e+01
1.890130346015860994e+02 9.750814293806646660e+00 4.865193266931017035e+01
1.890706508056394739e+02 9.793425069234642066e+00 4.871380326346928769e+01
1.890787347369083591e+02 9.793348360397784447e+00 4.870102632489929562e+01
1.890687901246223532e+02 9.818558031218529436e+00 4.869839658862034071e+01
1.890636683345921369e+02 9.830626888217523174e+00 4.875398295883685762e+01
1.890553523099194422e+02 9.888420112663645511e+00 4.875690576221047223e+01
1.890739394511581111e+02 9.846389570745216702e+00 4.877204100579053403e+01
1.890119469096173077e+02 9.815080563947633507e+00 4.874017733509567307e+01
1.889298763217522605e+02 9.752745782980866807e+00 4.864369532036756993e+01
1.887635853316968735e+02 9.685322649169183507e+00 4.848878477467270898e+01
1.887265585662134981e+02 9.646368328298086325e+00 4.844662048401308851e+01
1.887171607502517645e+02 9.668222479229607202e+00 4.843881781847935741e+01
1.887250184887965645e+02 9.673192818479355637e+00 4.841799431961228350e+01
1.888151907099697837e+02 9.722514633685801044e+00 4.857530054128902464e+01
1.888719808188569971e+02 9.760426501132929644e+00 4.866647194423464384e+01
1.888954202857502480e+02 9.741758717270895929e+00 4.870616975075528643e+01
1.888031631577291023e+02 9.685621616943604906e+00 4.864944848313192693e+01
1.886855114709214547e+02 9.606454163519638101e+00 4.853456618202417161e+01
1.885977211574773378e+02 9.578913724194361379e+00 4.847136990181268601e+01
1.886164322129909294e+02 9.607768048212486534e+00 4.845893323577542589e+01
1.886663185265609286e+02 9.621321909617321921e+00 4.844499779707955867e+01
1.885861125534995040e+02 9.588586905211480271e+00 4.838835520518630062e+01
1.885802099068479265e+02 9.593112726586102923e+00 4.839866959340382380e+01
1.885200190395266873e+02 9.576374465005034864e+00 4.839985563003524760e+01
1.885486570052869979e+02 9.569401828423968581e+00 4.833830760636958956e+01
1.885350736404833754e+02 9.574730142245719833e+00 4.834725697066969019e+01
1.883755094253524760e+02 9.494925415407854175e+00 4.827137029519133904e+01
1.882900125094410839e+02 9.354467601334340188e+00 4.813293641427492275e+01
1.880875287166414864e+02 9.196624417799597495e+00 4.792041163141993820e+01
1.880978883434038380e+02 9.128713494461228706e+00 4.787752352404330480e+01
1.881538798936304033e+02 9.149833994209465970e+00 4.788858926548338246e+01
1.882555171355740242e+02 9.195469851460220667e+00 4.794498796261328977e+01
1.882496774295065336e+02 9.232844757049345930e+00 4.795587078298086681e+01
1.882118894763343349e+02 9.197196783736153236e+00 4.799379248489425720e+01
1.881736334025679866e+02 9.180680781092648957e+00 4.799802917296072735e+01
1.881349269102467190e+02 9.185599981117825052e+00 4.799485854103726012e+01
1.881296143315709912e+02 9.197362002769386535e+00 4.804723297457200459e+01
1.881237293869587006e+02 9.198494933282981734e+00 4.803721558723565010e+01
1.880620436807653562e+02 9.127759551233635804e+00 4.803358470229103716e+01
1.879979662323766263e+02 9.056750771022155533e+00 4.799229567912890104e+01
1.879015078203675841e+02 8.994644149672708977e+00 4.792977601019637746e+01
1.878971491849194422e+02 9.017587959466263570e+00 4.795784161002013946e+01
1.879585477246978940e+02 9.034536678625377348e+00 4.805486255349949687e+01
1.880013433880916409e+02 9.066123017371602089e+00 4.802256026560926472e+01
1.880161088557401854e+02 9.069527709592145825e+00 4.807583750314702797e+01
1.880725409900553871e+02 9.127352404330311586e+00 4.808332349886706680e+01
1.880310336417421979e+02 9.096989473187310438e+00 4.805796041037260835e+01
1.879099654613544885e+02 9.011797425730110334e+00 4.797588392182779415e+01
1.878806292484894129e+02 8.960475280085599792e+00 4.794134134252265511e+01
1.878652048716012075e+02 8.950872907225578601e+00 4.796156100516112986e+01
1.879163244272406814e+02 8.956209088620342484e+00 4.796358297142497662e+01
1.878817130066717027e+02 8.963034208207451670e+00 4.796257985586606054e+01
1.877589710001258823e+02 8.876168334592145825e+00 4.787508654330311941e+01
1.877379842491188242e+02 8.940409035120845616e+00 4.785170805010070438e+01
1.876318349540533745e+02 8.875289133308157830e+00 4.777751093592648601e+01
1.876393858572507440e+02 8.880257505664651774e+00 4.778318738985397829e+01
1.876168039558156977e+02 8.860777394889224112e+00 4.767450473627895491e+01
1.876037319832578021e+02 8.762597951283987996e+00 4.759363198640483716e+01
1.873626931489174297e+02 8.587872922960725575e+00 4.737942354292547975e+01
1.872277347683786388e+02 8.506886093277945093e+00 4.728448750629405595e+01
1.872404271305387624e+02 8.501894118202416806e+00 4.728242226837865303e+01
1.872494040313443975e+02 8.504728411379657516e+00 4.729982927366565804e+01
1.873133182275931574e+02 8.568363308786505428e+00 4.736472298275428017e+01
1.873344465949143967e+02 8.673808456067472861e+00 4.738333175981873069e+01
1.873878929852718898e+02 8.708122875755286429e+00 4.743828675730110689e+01
1.874813971236152952e+02 8.772410781722054907e+00 4.747180065143504635e+01
1.875266553373615181e+02 8.831183519008057203e+00 4.753594497419435783e+01
1.875612077511329403e+02 8.821978458585094884e+00 4.752332538708458998e+01
1.874563507049345503e+02 8.729971126007049165e+00 4.758456067472306472e+01
1.875438695871097821e+02 8.743001793806646660e+00 4.772047496538267808e+01
1.877314895675981745e+02 8.847439891742196139e+00 4.788856959655085888e+01
1.879052527851208367e+02 8.922710929632426513e+00 4.800145353411380000e+01
1.879416953833081436e+02 8.934842727215508873e+00 4.803458781784994613e+01
1.878733694454934664e+02 8.936597195996979437e+00 4.794825890609264718e+01
1.878392576158106806e+02 8.960093702794562631e+00 4.786964611656595991e+01
1.878215064042044276e+02 8.975226979481369938e+00 4.785937303310674906e+01
1.878434431646525695e+02 9.028366534491439666e+00 4.786614898036253862e+01
1.878808613418932509e+02 9.028173778952668371e+00 4.786635550415407891e+01
1.878510275050352334e+02 9.005375519259818162e+00 4.783311304128902464e+01
1.877707625251762238e+02 8.948038614048337891e+00 4.771862018504531733e+01
1.876802303625377704e+02 8.874653826787513466e+00 4.765058928121852944e+01
1.876965005035246747e+02 8.870259787260826201e+00 4.764022965445619207e+01
1.877648480771651691e+02 8.918918759441087474e+00 4.769126463368579749e+01
1.877896230645770288e+02 8.938597526435044571e+00 4.768994484831318914e+01
1.877811457546576150e+02 8.941056143001006262e+00 4.762073970921450439e+01
1.877605858194864084e+02 8.891997891490433403e+00 4.757810533106746931e+01
1.876959399389476459e+02 8.781564702920443111e+00 4.749444942724068142e+01
1.875926131356999065e+02 8.689040077416917640e+00 4.737495869524169478e+01
1.875493277158861929e+02 8.583071736530715867e+00 4.739969041100201252e+01
1.875137820210221662e+02 8.549009079179255011e+00 4.738998379279959750e+01
1.874215071909617336e+02 8.520853002265861065e+00 4.734176540470795658e+01
1.874130593844410839e+02 8.525636486656596347e+00 4.738986184541792568e+01
1.873695556394763457e+02 8.552872057527693528e+00 4.735501833144511608e+01
1.874038621915911449e+02 8.586132222432024008e+00 4.736120617761832818e+01
1.873993167012839933e+02 8.570188585725075470e+00 4.734712715571500752e+01
1.874402615181268743e+02 8.611157005287008559e+00 4.737808998930010063e+01
1.873845709025679866e+02 8.564195461983887370e+00 4.734419845166163299e+01
1.873348183377391649e+02 8.530315725704934238e+00 4.728955225641993820e+01
1.872890172614552000e+02 8.446569344788519729e+00 4.725301918114300292e+01
1.872072967805891324e+02 8.363951960599194990e+00 4.722960528386203549e+01
1.871754154078549846e+02 8.322924534239676930e+00 4.719515121475327390e+01
1.871479870814451090e+02 8.337448074018126931e+00 4.718711842270896284e+01
1.871805962046827858e+02 8.357115039652567745e+00 4.717726232061933445e+01
1.871826496412386689e+02 8.367612348942598643e+00 4.719790093152064259e+01
1.870538535372608351e+02 8.312954352341389352e+00 4.713356188632930355e+01
1.870609107502517645e+02 8.287443746852970250e+00 4.710677673401308851e+01
1.871130747262084526e+02 8.292457357754280167e+00 4.712061776183283257e+01
1.872349886706948610e+02 8.395866770518630062e+00 4.722712306457703590e+01
1.873128835441843023e+02 8.494250771022155533e+00 4.723416650931520877e+01
1.873006002958207432e+02 8.533354575780462525e+00 4.722666477844914112e+01
1.872139291446374614e+02 8.457460032729104071e+00 4.713216735901308851e+01
1.870680230362537770e+02 8.356823939451158978e+00 4.699575151057401712e+01
1.870026199018126931e+02 8.354186335599194990e+00 4.697295521777441962e+01
1.869917351145518580e+02 8.327487726586102923e+00 4.696386423716012359e+01
1.868765597463494430e+02 8.210668035624371086e+00 4.683357919498993027e+01
1.865927036127895349e+02 8.026619933282981734e+00 4.662990936555890897e+01
1.864836098785246747e+02 7.875942141868076618e+00 4.650654188695870772e+01
1.864593344819989795e+02 7.849066512462235856e+00 4.642132033610271691e+01
1.863859634629909294e+02 7.822961905211480271e+00 4.644715154519133904e+01
1.863411930387713937e+02 7.837308424597180689e+00 4.644460441842900167e+01
1.863490311083836843e+02 7.828248914274924530e+00 4.653415313444109103e+01
1.863237348942598146e+02 7.803112018504531733e+00 4.648531910876133111e+01
1.863148307685045211e+02 7.825985020140986848e+00 4.648187507867572776e+01
1.863476306803877094e+02 7.855441213494461117e+00 4.652525294247230647e+01
1.863146871852970889e+02 7.862378445996978549e+00 4.644968490370090564e+01
1.862324671135448000e+02 7.812024011832829906e+00 4.640582908484390856e+01
1.862384641710725077e+02 7.785872199144008299e+00 4.640578581319234530e+01
1.861928637179003090e+02 7.740202904707955689e+00 4.635780935297079708e+01
1.861458746380916409e+02 7.684555560800604646e+00 4.634188538519637746e+01
1.860691323640483290e+02 7.650512572381671816e+00 4.632591027819738372e+01
1.859477239111278948e+02 7.600999968529707829e+00 4.627902150994461294e+01
1.859587758843152017e+02 7.619370751510573747e+00 4.628136998048842088e+01
1.860292496695619207e+02 7.654568306268882516e+00 4.635846432842397036e+01
1.860553188727341478e+02 7.685297079556898225e+00 4.640217459718026305e+01
1.860679187909113921e+02 7.665413755664652662e+00 4.643708695241691942e+01
1.860452188758811758e+02 7.646077228096676670e+00 4.647726074710473654e+01
1.860841004217019190e+02 7.646340791792547442e+00 4.652789448011077411e+01
1.860611172740433119e+02 7.694283814828801304e+00 4.652693266931017035e+01
1.861631124905589161e+02 7.721068967145015449e+00 4.645776293429003090e+01
1.861286938255286998e+02 7.706545427366566337e+00 4.632825678184793361e+01
1.860290510133434054e+02 7.682883701535749843e+00 4.619329840130916409e+01
1.859715941276434990e+02 7.636714816213494572e+00 4.609518189828801837e+01
1.858651301296576150e+02 7.526570760951661221e+00 4.599895361278952777e+01
1.857021140168680802e+02 7.355858194864048016e+00 4.591667256734642422e+01
1.855531218529708042e+02 7.183168901057402245e+00 4.581432134315206639e+01
1.854521966263847048e+02 7.110159790407855063e+00 4.576507623678247683e+01
1.854604359422205562e+02 7.125745452542799896e+00 4.582425218718529436e+01
1.854474623143252643e+02 7.147534695996978549e+00 4.580514578612789478e+01
1.854554734705438079e+02 7.159786474068479123e+00 4.579993155211480627e+01
1.854792394417170271e+02 7.191658012336354489e+00 4.583294782225578956e+01
1.855313247419435925e+02 7.215252863796576044e+00 4.587299573577542589e+01
1.856121738890986990e+02 7.260546481621349635e+00 4.594077684415911733e+01
1.856352435800604326e+02 7.274173118076535438e+00 4.596269393567472150e+01
1.856022745153574931e+02 7.250275365055387944e+00 4.590896824647532526e+01
1.855453545915156042e+02 7.249783641742195250e+00 4.583168507678751524e+01
1.855012155400302163e+02 7.229697727844914823e+00 4.574981511203424134e+01
1.854676583742447065e+02 7.219800320996978549e+00 4.574156006105236827e+01
1.855087841452668727e+02 7.223295490307149791e+00 4.572869461228599874e+01
1.855007710221550781e+02 7.143520266868076618e+00 4.583669672079557245e+01
1.854775970858509595e+02 7.122393866440080323e+00 4.588957271210976785e+01
1.854138205721299073e+02 7.122480409743202401e+00 4.592127313066465177e+01
1.854664310328549846e+02 7.143705154833837057e+00 4.597925124307653277e+01
1.855445993045065336e+02 7.173989410246726983e+00 4.607957066654078204e+01
1.855608635448136852e+02 7.240425163645518580e+00 4.592035852530211315e+01
1.855745157508811758e+02 7.263957074521651514e+00 4.585913110523665637e+01
1.855798597998489470e+02 7.284695996978851618e+00 4.583802830752769353e+01
1.856248859201913319e+02 7.317932559164148643e+00 4.583989882301107599e+01
1.856959773099194422e+02 7.366182417547834760e+00 4.588285970543806513e+01
1.856809817157603106e+02 7.393252769385699530e+00 4.579649735649547182e+01
1.856345748363544885e+02 7.363007851837864770e+00 4.575451402001510814e+01
1.855653893661883274e+02 7.355604465634440814e+00 4.568859949332829729e+01
1.855953235146022280e+02 7.343700827668680375e+00 4.568423889098691149e+01
1.855330025018882054e+02 7.322236121601208403e+00 4.563332979292547975e+01
1.854472498898539641e+02 7.234609060297079175e+00 4.567628280777945804e+01
1.853034837613293178e+02 7.091021919058408507e+00 4.559961134189325094e+01
1.852045155935297203e+02 6.921554396399798748e+00 4.547904668617825052e+01
1.850101354009315173e+02 6.830327920443101775e+00 4.538101672646022422e+01
1.850394775144763457e+02 6.809893866440080323e+00 4.537714981432527850e+01
1.850328353159617336e+02 6.807545395896274165e+00 4.536261840697381587e+01
1.850422547677492560e+02 6.812675053499496869e+00 4.538376841012084384e+01
1.850874185706193487e+02 6.852811477215508873e+00 4.546419860901308851e+01
1.850950835536253862e+02 6.817000251762336482e+00 4.545499158169688059e+01
1.850525121160624451e+02 6.798332467900301879e+00 4.541882434856495365e+01
1.850457440363796593e+02 6.835162544058408507e+00 4.544143772029204342e+01
1.850494437625881119e+02 6.826876022784491127e+00 4.543334985523665637e+01
1.850387497639728167e+02 6.782278685171198696e+00 4.538844174848942714e+01
1.850178082515105871e+02 6.757779062814702975e+00 4.540430867635951984e+01
1.849599540533736217e+02 6.728450717522658664e+00 4.538759795128398622e+01
1.850031194926988860e+02 6.719629201283987996e+00 4.533044790093151732e+01
1.850079049439828793e+02 6.722166493580060020e+00 4.530931756671702004e+01
1.850076118768882054e+02 6.715748520896274165e+00 4.529905038393756200e+01
1.850062940584088551e+02 6.720168130035246712e+00 4.531087731306646305e+01
1.849740075056646447e+02 6.703262682527693528e+00 4.529578730803121545e+01
1.849343805073011140e+02 6.730417610775427661e+00 4.521899192787009270e+01
1.849846838022406814e+02 6.749437468529707829e+00 4.520711385951661754e+01
1.850205717365307123e+02 6.744132757426989144e+00 4.523583050100705094e+01
1.849902894480110831e+02 6.775614850830815605e+00 4.520921253461732192e+01
1.849603257961983900e+02 6.740525475201409655e+00 4.518849721487915616e+01
1.849415439325277077e+02 6.702883072129909081e+00 4.523675297394260042e+01
1.849555895172457269e+02 6.679998269133937683e+00 4.523855464816213612e+01
1.849520058377391649e+02 6.677608493831822756e+00 4.528514838242698914e+01
1.849803900742698772e+02 6.684014665156092327e+00 4.527431670128398622e+01
1.849325827668680802e+02 6.649167217396777296e+00 4.525796001699395532e+01
1.849309148413897219e+02 6.619439592774420511e+00 4.530388107376636242e+01
1.848937641616314238e+02 6.586454792925477975e+00 4.538629193416414864e+01
1.849241801988922589e+02 6.594058802240684969e+00 4.542299809604732985e+01
1.849039526686807733e+02 6.572238088494461117e+00 4.542206578864551858e+01
1.849219182716515490e+02 6.586454792925477975e+00 4.539609886392245386e+01
1.849645054443605261e+02 6.608053247734138935e+00 4.535774247860020125e+01
1.849623025239174297e+02 6.603651340634440814e+00 4.529517560422960543e+01
1.849548283295569036e+02 6.612191591137965396e+00 4.525666186744712860e+01
1.849695347904078631e+02 6.619270439954682672e+00 4.526905329493957453e+01
1.850087762776938689e+02 6.631984437940584343e+00 4.526224587739174154e+01
1.849950689986152952e+02 6.598199112537764144e+00 4.523552956633937328e+01
1.849632131954934664e+02 6.527931851082578341e+00 4.524028551422457411e+01
1.848981286977593186e+02 6.509555167421953392e+00 4.525424062185297203e+01
1.849013189986152952e+02 6.474625110146021711e+00 4.521400191968781712e+01
1.847988969662638397e+02 6.356593812940584343e+00 4.507814663582578163e+01
1.845696870279456334e+02 6.162597164526686377e+00 4.481525955123363758e+01
1.843762135731369654e+02 6.047256577291037161e+00 4.459488489740684969e+01
1.843065835850956660e+02 5.990193070241692119e+00 4.453416690269385469e+01
1.842393355047834973e+02 5.968643787764350783e+00 4.448493949836354489e+01
1.842267886927240568e+02 5.995135872985901671e+00 4.445656903008559624e+01
1.842180714218278013e+02 6.020801863041288726e+00 4.444903386203424134e+01
1.842152784334088551e+02 6.003107691339375940e+00 4.442971503650554155e+01
1.841844926202165027e+02 5.977132899043303027e+00 4.439900986593655574e+01
1.841110075213997845e+02 5.923527190332325887e+00 4.435672362789526346e+01
1.841141171796324159e+02 5.919412449647532881e+00 4.436351531029708184e+01
1.840582849477593186e+02 5.915813034994965136e+00 4.429005971487915616e+01
1.840280439639979875e+02 5.935458364803625209e+00 4.429426886644007766e+01
1.840478269763343349e+02 5.909497340760322182e+00 4.429395809730614531e+01
1.840281659113796593e+02 5.895184258559919677e+00 4.430719528889728309e+01
1.840095040281973695e+02 5.896431268882174948e+00 4.429027804003020918e+01
1.840005822004028175e+02 5.903708773917421659e+00 4.426674022847431900e+01
1.839524818259063466e+02 5.877714312688821607e+00 4.421013697444612234e+01
1.839570843561178322e+02 5.861646761706948539e+00 4.422978820493454322e+01
1.839836334812437144e+02 5.858735759692850209e+00 4.424964005853474447e+01
1.840474709686556025e+02 5.861749040156092327e+00 4.423560824206948894e+01
1.840497643661883274e+02 5.840128949521651514e+00 4.428491628902316535e+01
1.840976306803877094e+02 5.835963069612286169e+00 4.433440725704934238e+01
1.840694962393000935e+02 5.835559856495468267e+00 4.433950347746726806e+01
1.840399653040030330e+02 5.813347730991943685e+00 4.431464194675226764e+01
1.839974764759566881e+02 5.802319360523665814e+00 4.428036096424974488e+01
1.839468860146022280e+02 5.806388862663645511e+00 4.419809958773917202e+01
1.838589049125125996e+02 5.803796497356495721e+00 4.413860893441591315e+01
1.837827369712991015e+02 5.785781722054380793e+00 4.406051147092144760e+01
1.837470889979859123e+02 5.803418853851963988e+00 4.402450355614300292e+01
1.837460347432024150e+02 5.775585347432024008e+00 4.405385747104732985e+01
1.837315466075025086e+02 5.784636990181269312e+00 4.408890160813192693e+01
1.837371837235649537e+02 5.793332625251762735e+00 4.408841381860523967e+01
1.837141435360020125e+02 5.813373300604229854e+00 4.409967821626384676e+01
1.837261533862034355e+02 5.810422960725075470e+00 4.405702416918428810e+01
1.836647391112789478e+02 5.775121160624370198e+00 4.401832161064954363e+01
1.836259775459466255e+02 5.726314671450150939e+00 4.405457145329808810e+01
1.836250098344662547e+02 5.644611892623363936e+00 4.399149121978852151e+01
1.835331873898539641e+02 5.501638422079556889e+00 4.384712125503524760e+01
1.833725059793554806e+02 5.405783846299093476e+00 4.376099886706948894e+01
1.833181213809164092e+02 5.352746569738167537e+00 4.369232478914904050e+01
1.833006297992195357e+02 5.353562830438066023e+00 4.376330996664149353e+01
1.833101141584843958e+02 5.344107974572003705e+00 4.384364968844410981e+01
1.832622576787512685e+02 5.343655589123867067e+00 4.384442464438569687e+01
1.832803432622104651e+02 5.343687059415911378e+00 4.383442299219536409e+01
1.832488985397784518e+02 5.341745735775427661e+00 4.385734516616314238e+01
1.833019141805135916e+02 5.346928499496475418e+00 4.381891600579053403e+01
1.833107376636455115e+02 5.334405290156092327e+00 4.377003280777945804e+01
1.832884193259063466e+02 5.346489882301107777e+00 4.372156659113796451e+01
1.832524291131671816e+02 5.318076142371601200e+00 4.368135542547835115e+01
1.832453817346425069e+02 5.301550305261832463e+00 4.365004445178751524e+01
1.831910246727089486e+02 5.270776293429003445e+00 4.365713116817723716e+01
1.831270868737411774e+02 5.232880161127895668e+00 4.367398744335347516e+01
1.831089344159113921e+02 5.242313381168177244e+00 4.370020809730614531e+01
1.830700213997985770e+02 5.231511203423967693e+00 4.369333773917421837e+01
1.830878611216012075e+02 5.267696138595166389e+00 4.370601239929506221e+01
1.830691972715256668e+02 5.271486341893252714e+00 4.365389366188318121e+01
1.830774405211480484e+02 5.260162937437059760e+00 4.364877383874622296e+01
1.830554801579808668e+02 5.264100657729104071e+00 4.362699639665156326e+01
1.830117521871852944e+02 5.237655777945619207e+00 4.361491770518630062e+01
1.830563770613041186e+02 5.225958663771399948e+00 4.360518945115810396e+01
1.830493827888972760e+02 5.236088164023161795e+00 4.354122214879154029e+01
1.830417945147281102e+02 5.242852309919435960e+00 4.356960638532225261e+01
1.830103694612286063e+02 5.221692472306142641e+00 4.353787056268882338e+01
1.830591464470040250e+02 5.212573955186304175e+00 4.355687468529708184e+01
1.830914507017875223e+02 5.266673354103725835e+00 4.355951032225578956e+01
1.831273189671450154e+02 5.276932669310171242e+00 4.362030895959214405e+01
1.831010943794058505e+02 5.256868391238670668e+00 4.359070721613796451e+01
1.830606452196626321e+02 5.233305010070493424e+00 4.353120672834843674e+01
1.830423806489174297e+02 5.221908830563947390e+00 4.351144928562437286e+01
1.830216672960725077e+02 5.228094709843907673e+00 4.356187649483887014e+01
1.830157154770896284e+02 5.263947240055387944e+00 4.356951000755287140e+01
1.829636793491943649e+02 5.261116880664652662e+00 4.352686972872608351e+01
1.830271922992195357e+02 5.276360303373615501e+00 4.354919200025176451e+01
1.830199816685548910e+02 5.272552398036253862e+00 4.359385424534239917e+01
1.829696469033232518e+02 5.260086228600201252e+00 4.356060588179758497e+01
1.829559455249244593e+02 5.214859485146021711e+00 4.350727750503524760e+01
1.828065049093655716e+02 5.100445304632427401e+00 4.334221582326284050e+01
1.826041312625881119e+02 4.926813868957704123e+00 4.316955603285498455e+01
1.823704879468781428e+02 4.802364599068479123e+00 4.295680112348942714e+01
1.823628800037764393e+02 4.763496821500503131e+00 4.291973108635448142e+01
1.823765971173212392e+02 4.803442456570996555e+00 4.290967632804632359e+01
1.823310537040533745e+02 4.781611908358509133e+00 4.294580028952668727e+01
1.823256172111027240e+02 4.815047126762336482e+00 4.292108627580564217e+01
1.823229442031721987e+02 4.809299864677743841e+00 4.291662536190835908e+01
1.822843124527945520e+02 4.803831901435045459e+00 4.288271415533736075e+01
1.822838364646273988e+02 4.805617840508560334e+00 4.288714556583585136e+01
1.822596023728600301e+02 4.814927146273917380e+00 4.285841908987915616e+01
1.822314207263343349e+02 4.786064954682779593e+00 4.281882159491440376e+01
1.822259763658106806e+02 4.782727136832829906e+00 4.283020007238167182e+01
1.822135869052114856e+02 4.773002816591137787e+00 4.278735326976334363e+01
1.821845830973061311e+02 4.738432700780463414e+00 4.281355622167673403e+01
1.821217270896273988e+02 4.710933566213494572e+00 4.281742116691842881e+01
1.820755975421701862e+02 4.675505884944612056e+00 4.278978828361027098e+01
1.819958321531973695e+02 4.678448357250755585e+00 4.273181213809164092e+01
1.819522969379405879e+02 4.636073609013092067e+00 4.271217664274924175e+01
1.819609807716515490e+02 4.634016238670694676e+00 4.277226326472809603e+01
1.820425852058156977e+02 4.641765798086606054e+00 4.285731959655085888e+01
1.820880676453927549e+02 4.654491597432024008e+00 4.289641356684290230e+01
1.820508658264098756e+02 4.629612364677743841e+00 4.284761887902819666e+01
1.820008005255538706e+02 4.593262210473313623e+00 4.280219544624873862e+01
1.819208620499748292e+02 4.580530510448136639e+00 4.263979890483383883e+01
1.818410494555639616e+02 4.549904015609264718e+00 4.258947004028197370e+01
1.818818231526938689e+02 4.573388721047331629e+00 4.255236853285498455e+01
1.818965630507301228e+02 4.580040754028197547e+00 4.256758835284491482e+01
1.819312924848942714e+02 4.585551988922457411e+00 4.254378107691339039e+01
1.818725000786757278e+02 4.572096472180262161e+00 4.252519393567472150e+01
1.818022760888721052e+02 4.565440505412889927e+00 4.253806135133434196e+01
1.817794876636455115e+02 4.537976774924471712e+00 4.256608564639979875e+01
1.818009523697130021e+02 4.560057118580060020e+00 4.262629618265357578e+01
1.818550163645518580e+02 4.561839123867069468e+00 4.264388807590634656e+01
1.818573746695619207e+02 4.561304128902316180e+00 4.261484689702920292e+01
1.817715492824773378e+02 4.555912874496475418e+00 4.256599516931017035e+01
1.817953349225830948e+02 4.555975815080564040e+00 4.260729599383182631e+01
1.818188727341389779e+02 4.587741141112789300e+00 4.262112325339879249e+01
1.818489563664400919e+02 4.592719347935548591e+00 4.265513083773917202e+01
1.818427331161883274e+02 4.571823074018126931e+00 4.265075253335850647e+01
1.818180112348942714e+02 4.519480110775427661e+00 4.258434825025176451e+01
1.816878127360271833e+02 4.387948058282980845e+00 4.237415816968781712e+01
1.814875121947381729e+02 4.245521384063444259e+00 4.219676800100705094e+01
1.813569498206193487e+02 4.186477215508560334e+00 4.210714060926485303e+01
1.813270746790030330e+02 4.205518709088620355e+00 4.208202731621349102e+01
1.812779810234139006e+02 4.192570650805639509e+00 4.207598502014099040e+01
1.812211279739426004e+02 4.191722919813695825e+00 4.204602333522154822e+01
1.812197806520644576e+02 4.202617541540785595e+00 4.204660553562437286e+01
1.813082672457200317e+02 4.267879059667674113e+00 4.212128847243202756e+01
1.813633186209717962e+02 4.301379185548841910e+00 4.212635518945116075e+01
1.814006974603474305e+02 4.307415580941591493e+00 4.219355803121852944e+01
1.813917559636203407e+02 4.300751746601208403e+00 4.215097085850956660e+01
1.813668491943605261e+02 4.270300305261832463e+00 4.212351302870090564e+01
1.813355500220291958e+02 4.270341610020141232e+00 4.208181685863544885e+01
1.813404515200151081e+02 4.245297158232628654e+00 4.207584143693353695e+01
1.813344465949143967e+02 4.239634472557905376e+00 4.207907500944109103e+01
1.813009208994209587e+02 4.217162717145015449e+00 4.206494878209969812e+01
1.812245287323766263e+02 4.188074332829808455e+00 4.200315292988418747e+01
1.811741487286002155e+02 4.170785341137965396e+00 4.198935123992950480e+01
1.811613462204179257e+02 4.154943982880161535e+00 4.199677036127895491e+01
1.812319793240181127e+02 4.162243123741188100e+00 4.208601617573010856e+01
1.812670529645015165e+02 4.197025664023161795e+00 4.213329635574017829e+01
1.813410061839123841e+02 4.197505585976838205e+00 4.209408043806646305e+01
1.813735169624874004e+02 4.191480991943604906e+00 4.207527497167673403e+01
1.812936276592396894e+02 4.193038771399798748e+00 4.204036655022658664e+01
1.812726428751258823e+02 4.192108430891238413e+00 4.202018622545317328e+01
1.812395833333333428e+02 4.169217727215508873e+00 4.199385739237160209e+01
1.811753642686304033e+02 4.162601098313192693e+00 4.195752100641993820e+01
1.811639071154330338e+02 4.163775333585095773e+00 4.194796190521147849e+01
1.811664542421953570e+02 4.135493375503524582e+00 4.199363906722054196e+01
1.811535612569234672e+02 4.119386486656596347e+00 4.205214234013091357e+01
1.812050781250000000e+02 4.143919546198389092e+00 4.207160671576032485e+01
1.812142123772658522e+02 4.144505680387713831e+00 4.211458333333333570e+01
1.812732113072759432e+02 4.150492903449143789e+00 4.211320257426989144e+01
1.812889621884441169e+02 4.192187106621349635e+00 4.212422897784491482e+01
1.813046422614552000e+02 4.212450040911379645e+00 4.211540942849949687e+01
1.812388693510825703e+02 4.214749339123867067e+00 4.211023059856495365e+01
1.812473958333333428e+02 4.209600012588117224e+00 4.207543429003020918e+01
1.812937437059415799e+02 4.208598863922457411e+00 4.211260267182779415e+01
1.813109559887965645e+02 4.183532776309164092e+00 4.214458042233131607e+01
1.813242718561178322e+02 4.146041824018126931e+00 4.216040014476334363e+01
1.812077373646777403e+02 4.044839265483383350e+00 4.203094119775931858e+01
1.809926752895266873e+02 3.909546513091641362e+00 4.185824010259315031e+01
1.808743332231873069e+02 3.815125802492447260e+00 4.176783775490936534e+01
1.808307075308408969e+02 3.834466263846928680e+00 4.167189073514602171e+01
1.808424479166666572e+02 3.881890027064450965e+00 4.166846047331318914e+01
1.808942263815458205e+02 3.910706980110775444e+00 4.169547181835347516e+01
1.809526490118328184e+02 3.972746727089627505e+00 4.172937319045820459e+01
1.810078577385448000e+02 3.998278968403826905e+00 4.181296812059415657e+01
1.810290805167421979e+02 3.998747088997985699e+00 4.187846959969788685e+01
1.810503839375629411e+02 3.967101743454179097e+00 4.193101908673212819e+01
1.810013768252769353e+02 3.942316921576032307e+00 4.192891057716515490e+01
1.810300678971550781e+02 3.937236436304128784e+00 4.196341578549849061e+01
1.810302822885196292e+02 3.907459639350453262e+00 4.197221566591137787e+01
1.810047264444864084e+02 3.877169483257804750e+00 4.189200772595669520e+01
1.809486581854229712e+02 3.809480818856998852e+00 4.179553357880161002e+01
1.809265385039023215e+02 3.811569659491440110e+00 4.176457074521651691e+01
1.808718037984642422e+02 3.836616078172205402e+00 4.172790392119838998e+01
1.808187507867573061e+02 3.835489048338368789e+00 4.173151513721047223e+01
1.808795789274924459e+02 3.874600720669687970e+00 4.174909326221047223e+01
1.808316496727089486e+02 3.874673495720040162e+00 4.173702243831822756e+01
1.808597526435045211e+02 3.878823640483383794e+00 4.176981841641490689e+01
1.809000070808156977e+02 3.889301280840886221e+00 4.176261958710976785e+01
1.809217648539778338e+02 3.877779220166162943e+00 4.176224587739174154e+01
1.809231062751762238e+02 3.898754169813695825e+00 4.183667508496979082e+01
1.808718254342900309e+02 3.882387651057401801e+00 4.176661631419939624e+01
1.807037249024421044e+02 3.790521934793555037e+00 4.166757930513595198e+01
1.806464155337361603e+02 3.756018693353474269e+00 4.163094198451661754e+01
1.806249783641742113e+02 3.755208333333333481e+00 4.160624173904833611e+01
1.806661572413142096e+02 3.742781501762336482e+00 4.170444085158609937e+01
1.807079792925478330e+02 3.717526592396777296e+00 4.171228088809164092e+01
1.807072181048590096e+02 3.727571516238670668e+00 4.171963116817723716e+01
1.807299809604733127e+02 3.736735271903323330e+00 4.172724501195870772e+01
1.807638941339375549e+02 3.773571248741188100e+00 4.175819604418428810e+01
1.807863698231369654e+02 3.812248237663645511e+00 4.171375802492447349e+01
1.807752529424722923e+02 3.806202007804632359e+00 4.166176516868076618e+01
1.807345343183534681e+02 3.821264476334340188e+00 4.160970347117321211e+01
1.807491168649295048e+02 3.811805686681772443e+00 4.166028213116817369e+01
1.807009771525679866e+02 3.782707467900302323e+00 4.155901073136958956e+01
1.804689368548590096e+02 3.647536662890231707e+00 4.142636738418932651e+01
1.803880700056646447e+02 3.557820760951661665e+00 4.136390278826787181e+01
1.802952857502517645e+02 3.498782493076535882e+00 4.131009252265860709e+01
1.802591637556646447e+02 3.493499417799597051e+00 4.126490511706948894e+01
1.802869008843152017e+02 3.500322570493453966e+00 4.130474453990432693e+01
1.802896269983635307e+02 3.533567000251762291e+00 4.124922504405840584e+01
1.802864071941087616e+02 3.530158374244713126e+00 4.126471432842397036e+01
1.803355244524169052e+02 3.578927492447129932e+00 4.128797480803121545e+01
1.804189757993454180e+02 3.601298936304128784e+00 4.136914652567975992e+01
1.805258626793806513e+02 3.640552224949647364e+00 4.139061516553373821e+01
1.805330733100453244e+02 3.642536820241691675e+00 4.144143772029204342e+01
1.804622159806143031e+02 3.610950481495468267e+00 4.143944132364048016e+01
1.803927295757804643e+02 3.566124984264853914e+00 4.134370082766868393e+01
1.802912654204430964e+02 3.519371931646525731e+00 4.125318636706948894e+01
1.802067322822255733e+02 3.486162905966767589e+00 4.125997804947130021e+01
1.802286198703423850e+02 3.503396824647532881e+00 4.126591610020140877e+01
1.802237734453675841e+02 3.503945587865055167e+00 4.123401309164149353e+01
1.802595236971299073e+02 3.517615495971802453e+00 4.124965185989425720e+01
1.803520207861278948e+02 3.550018095417925679e+00 4.131472258937562714e+01
1.803784400962991015e+02 3.567792909743202401e+00 4.131881962802114572e+01
1.803451346928499390e+02 3.588018473061429958e+00 4.136039975138469060e+01
1.803580119429758213e+02 3.590286300981873069e+00 4.137413063318227557e+01
1.803282253115558831e+02 3.580731133559919233e+00 4.136852695430513904e+01
1.803356601680513620e+02 3.589464139602215553e+00 4.137600704934541795e+01
1.803483879342900309e+02 3.572041399169184395e+00 4.140143307842397036e+01
1.803780899893000935e+02 3.567676863041289170e+00 4.134253249307653277e+01
1.803343305482124777e+02 3.577133685800604201e+00 4.131916186744712860e+01
1.803639912984642422e+02 3.558465901938570042e+00 4.132495043429003090e+01
1.803216185171198447e+02 3.557873867069486273e+00 4.130939624244712860e+01
1.803682771588620426e+02 3.571925352467270720e+00 4.134897996915911733e+01
1.803673527190332209e+02 3.567432968277945537e+00 4.132799715193856827e+01
1.803051929915659741e+02 3.578901922834843763e+00 4.128479827542799541e+01
1.803283393913645511e+02 3.590443652442094624e+00 4.124759448955186514e+01
1.803734500881168117e+02 3.594202385448137083e+00 4.127545749937059583e+01
1.803173562594410839e+02 3.569169735020140788e+00 4.122465067975830522e+01
1.802782347526434990e+02 3.508929695367573043e+00 4.113817425100705094e+01
1.801000440584088551e+02 3.403118705941591049e+00 4.096289455878650898e+01
1.799373151120342413e+02 3.317531312940583899e+00 4.082364638406344426e+01
1.798100079462487315e+02 3.305533264098690971e+00 4.073317912890231440e+01
1.798579116314199382e+02 3.327837833585095773e+00 4.077821311681772443e+01
1.799894456508056351e+02 3.337568054506546034e+00 4.087048794687814990e+01
1.800687783232628476e+02 3.392938066465256863e+00 4.102481039149043340e+01
1.801582778669435925e+02 3.410128713494461117e+00 4.106549557842397036e+01
1.801948738828046430e+02 3.406163456696878367e+00 4.109124417799597495e+01
1.802539514885448000e+02 3.424709293177240710e+00 4.114953109264853737e+01
1.803119689388217637e+02 3.438815851586102923e+00 4.116958947004027891e+01
1.802395066244964710e+02 3.424197900931520433e+00 4.117078140735146263e+01
1.800978273697130021e+02 3.383294388846928680e+00 4.105851310737663340e+01
1.800241888532225687e+02 3.343679191842900522e+00 4.098906800730110689e+01
1.799884582703927549e+02 3.325735224697885073e+00 4.092914267056898581e+01
1.800011506325528785e+02 3.320442314954682672e+00 4.105058849446123048e+01
1.800397351774924459e+02 3.324893394385699974e+00 4.112497639728096743e+01
1.800502088840634372e+02 3.332841610020140788e+00 4.116792351145518580e+01
1.800344973407603106e+02 3.322063034994964692e+00 4.116512855614300292e+01
1.800411139696626321e+02 3.326201378398791597e+00 4.120435430828297996e+01
1.799951988135699992e+02 3.378465665911379645e+00 4.115834277442094447e+01
1.800378961323011140e+02 3.422400160498489274e+00 4.115827196626384676e+01
1.800287127077039315e+02 3.417001038519637657e+00 4.107471244020644718e+01
1.799809840760322288e+02 3.391093120594159238e+00 4.105881404204431107e+01
1.799573911914652626e+02 3.394731873111782594e+00 4.102079006168177244e+01
1.799374744303877094e+02 3.357604796072507725e+00 4.099019700402819666e+01
1.798974914243454180e+02 3.320589831948640658e+00 4.093585764413393946e+01
1.798227730834592251e+02 3.280380633182276018e+00 4.086488230110775532e+01
1.797658885636958814e+02 3.273107061933534734e+00 4.080469143378650898e+01
1.798281466358257887e+02 3.282085929632426957e+00 4.083980047834843674e+01
1.798527878744964710e+02 3.294095779833837057e+00 4.084014075088116869e+01
1.798810403291792568e+02 3.280638296198388648e+00 4.086100555450654781e+01
1.799078471173212392e+02 3.283472589375629358e+00 4.084618304695367641e+01
1.798277335882426939e+02 3.225933094159113779e+00 4.077761714816213612e+01
1.796330681961228493e+02 3.102939325276938387e+00 4.063695477719033278e+01
1.794481330249244593e+02 3.037544058408862213e+00 4.053402725327291023e+01
1.793732809352970889e+02 3.012253744964753288e+00 4.048857825088116869e+01
1.794009551233635307e+02 3.014977892119838909e+00 4.052530604859013152e+01
1.793943876667925394e+02 3.037144779078549739e+00 4.054741392875126138e+01
1.793985378115558831e+02 3.053833868328298173e+00 4.054778370468277870e+01
1.794114445650805578e+02 3.053261502391741988e+00 4.053287662072003883e+01
1.794375904770896284e+02 3.084617714627391649e+00 4.057230102907855240e+01
1.794844320399043340e+02 3.112228962109768293e+00 4.057460032729103716e+01
1.795565481810171207e+02 3.125706114677744285e+00 4.059679671764853737e+01
1.795179538016112701e+02 3.091728033736153236e+00 4.056111334025679582e+01
1.794379228820493495e+02 3.057962377265861065e+00 4.058961952416918706e+01
1.794297760101963775e+02 2.988859516616314327e+00 4.057875440584088267e+01
1.793989665942849854e+02 2.971401372104732985e+00 4.053662551925982171e+01
1.793919880570241787e+02 2.953490842145015005e+00 4.054286450465760083e+01
1.793992124559415799e+02 2.937075151057401801e+00 4.055545065458207432e+01
1.793556988765105871e+02 2.954330705563947834e+00 4.050748599572003883e+01
1.793516156061178322e+02 2.955595417925478419e+00 4.049663857943101419e+01
1.793445308566213612e+02 2.974764759566968841e+00 4.046523909554380793e+01
1.793682299534239633e+02 2.971139775302114927e+00 4.049977970795568893e+01
1.793856605614300008e+02 2.995430906973816754e+00 4.051731849509063466e+01
1.793622250283232518e+02 2.962304490810674817e+00 4.047965052240684969e+01
1.793055076944864084e+02 2.956157949395770590e+00 4.049840484957200459e+01
1.793464603789023215e+02 2.939899609768378497e+00 4.055020691717019332e+01
1.793282469473816718e+02 2.925140042799597051e+00 4.049872938695870772e+01
1.792912850893756342e+02 2.871571705060422808e+00 4.044120169310171065e+01
1.792138622702668727e+02 2.845547740433031159e+00 4.041809069738167182e+01
1.792120802649798463e+02 2.853061272658610203e+00 4.044500173086606054e+01
1.792168932527693812e+02 2.830772438318227557e+00 4.044481094222054196e+01
1.792288814671450154e+02 2.832092223690835908e+00 4.043417595040281753e+01
1.792027099855236543e+02 2.813876825276938387e+00 4.040975697066969019e+01
1.791185013846928484e+02 2.751740700528701122e+00 4.028749291918428810e+01
1.788639460599194422e+02 2.655569454934541884e+00 4.007709238104229854e+01
1.786274409145266873e+02 2.573569675226586195e+00 3.993413267875126138e+01
1.785628324049597211e+02 2.563176611278952688e+00 3.987106424660120751e+01
1.786013363072759432e+02 2.578919624874118632e+00 3.989948585410372317e+01
1.785635837581822898e+02 2.615936555891238857e+00 3.988264334718026305e+01
1.786172406061178322e+02 2.616556127265861065e+00 3.987330060422960543e+01
1.786019165407855098e+02 2.608574474446122782e+00 3.987471283358509311e+01
1.785890373237663766e+02 2.589692299219536586e+00 3.984135629091137787e+01
1.784909090193856969e+02 2.558635054758308325e+00 3.977542996286505428e+01
1.784749811178247683e+02 2.516183597683786299e+00 3.982837676233635449e+01
1.784578494775931574e+02 2.508729072255790449e+00 3.988066071878147056e+01
1.784275632552869979e+02 2.450748992950654515e+00 3.986345433660624593e+01
1.783225901623867173e+02 2.397867100956696973e+00 3.983532382930513904e+01
1.782424353285498455e+02 2.372340760322255715e+00 3.978525459466263925e+01
1.782681563916163157e+02 2.387580249244713126e+00 3.977132308975327390e+01
1.783525872513847048e+02 2.413358352215508429e+00 3.978703856684290230e+01
1.783553782729103716e+02 2.415411788771399948e+00 3.978466649358006180e+01
1.783461161725830948e+02 2.431917956948640658e+00 3.977352404330311941e+01
1.784040883843152017e+02 2.440054994335347338e+00 3.978372631860523967e+01
1.783906151655337453e+02 2.461208931268882072e+00 3.970912795820745345e+01
1.783489583333333428e+02 2.451773744335347338e+00 3.967035262462235323e+01
1.783432523760070580e+02 2.450589674597180245e+00 3.963769236216012359e+01
1.783646285718781428e+02 2.485035876132930532e+00 3.962092066339375407e+01
1.784563880759063466e+02 2.497305356243705976e+00 3.967649523225075825e+01
1.784095740495971825e+02 2.479538409491440110e+00 3.965495185045317328e+01
1.783638398476837779e+02 2.467013233257804750e+00 3.962093246475327390e+01
1.783281131986404944e+02 2.467060438695871216e+00 3.961006144574521670e+01
1.782730185517371524e+02 2.452696217270896373e+00 3.956631183912386973e+01
1.781952692283484510e+02 2.437686854859013152e+00 3.953632261769889311e+01
1.781477707231873069e+02 2.373485492195367641e+00 3.951643339312688852e+01
1.780960729009315173e+02 2.276867761832829906e+00 3.940136817094662547e+01
1.779892705973061311e+02 2.213553468026183246e+00 3.933483800667170271e+01
1.778922122828549846e+02 2.183892717774420955e+00 3.929295498174722923e+01
1.778782139035750163e+02 2.184075638846928680e+00 3.931425643567472150e+01
1.779276537323766263e+02 2.234994571374622208e+00 3.932765294561933445e+01
1.779813145140986990e+02 2.241823624748237709e+00 3.932598895392749228e+01
1.779889204903071516e+02 2.233527269008056315e+00 3.934130515168681086e+01
1.778757120153574931e+02 2.190713903575025157e+00 3.923700867006545678e+01
1.777885471739677712e+02 2.157046591767371790e+00 3.916244177995972109e+01
1.777330512808408969e+02 2.140247356495468267e+00 3.914995594159113779e+01
1.777400612883937470e+02 2.147041005790533585e+00 3.913849288771400126e+01
1.776514999527945520e+02 2.125397312437059316e+00 3.906009645644511608e+01
1.775818660309667791e+02 2.086537402442094624e+00 3.902098085032729102e+01
1.773934297897784518e+02 2.049717160750251566e+00 3.890926721424974488e+01
1.773339391364552000e+02 2.024458317598187396e+00 3.884352577416918706e+01
1.773793055293303098e+02 2.026997576787512578e+00 3.884642497482376911e+01
1.774499465005035290e+02 2.067212676233635360e+00 3.892080107628398622e+01
1.775357541855488535e+02 2.069681127265861065e+00 3.896747348627895491e+01
1.775324006325528785e+02 2.079399546827794598e+00 3.895054443605236827e+01
1.775341531344410839e+02 2.072177114803625209e+00 3.897948136958711274e+01
1.775925855991943649e+02 2.076854386958710830e+00 3.904085040596676492e+01
1.776082086323011140e+02 2.099847369083585047e+00 3.903247144070996910e+01
1.776609272721550781e+02 2.097788031847935386e+00 3.906943133182276284e+01
1.777836004374370589e+02 2.127366172583081472e+00 3.915924951221047223e+01
1.778572192849949545e+02 2.165718624118831759e+00 3.920178751258811900e+01
1.779871011140483290e+02 2.233356149295065318e+00 3.926323129091137787e+01
1.780221924565709912e+02 2.243719709843907228e+00 3.926800100704934238e+01
1.780983151592396894e+02 2.259576803247734134e+00 3.928411773036253862e+01
1.780952900774169052e+02 2.234453675730110778e+00 3.929978403512084384e+01
1.779072334466263783e+02 2.103049471299093476e+00 3.914885448136958956e+01
1.775790160026434990e+02 1.993288960221550887e+00 3.892532689765860709e+01
1.774445021399798463e+02 1.958203518378650587e+00 3.883266655652064259e+01
1.774502671041037161e+02 1.976601837865055389e+00 3.885883213746223674e+01
1.775578050258056351e+02 2.009277835473313178e+00 3.893467750818227557e+01
1.776580025018882054e+02 2.079106479733131785e+00 3.900450221865558831e+01
1.776056713400050455e+02 2.093954556898288022e+00 3.902961747860020125e+01
1.776409062657351399e+02 2.076736373363544885e+00 3.904114543995468267e+01
1.775822220386455115e+02 2.059309699144007855e+00 3.902250322570493779e+01
1.776460044530463165e+02 2.087560186933534734e+00 3.904228820493454322e+01
1.776113694297582981e+02 2.098344662638469416e+00 3.899006325528701211e+01
1.776183204305135916e+02 2.092145015105740136e+00 3.895138036568479123e+01
1.775678715854733127e+02 2.086092884566968841e+00 3.890711346613796451e+01
1.774700422488670597e+02 2.041900726963746138e+00 3.881428200528701211e+01
1.774696134661379574e+02 2.033734186178247860e+00 3.880846000125880835e+01
1.774877619901812693e+02 2.054561618831822756e+00 3.890848045694863799e+01
1.775491782319989795e+02 2.084944218907351488e+00 3.897482966704431107e+01
1.775452680482124777e+02 2.087996837235649661e+00 3.898280935297079708e+01
1.775733493831822898e+02 2.096893095417925679e+00 3.898292933345921796e+01
1.775942967963242722e+02 2.121599241565961691e+00 3.901356762965760083e+01
1.775982699206948610e+02 2.144958065835850913e+00 3.903757552870090564e+01
1.776233694454934664e+02 2.149045270015105924e+00 3.911563168743705887e+01
1.775522977246978940e+02 2.143101318605236560e+00 3.906273799408358371e+01
1.775699486247482355e+02 2.161007914778449113e+00 3.909544546198388559e+01
1.776934341169435925e+02 2.175372136203423956e+00 3.913169923841893194e+01
1.777287831224823833e+02 2.194081224823766441e+00 3.910884393882174948e+01
1.776403240653323223e+02 2.176072350201409655e+00 3.899278936933534823e+01
1.776745499748237762e+02 2.187698656218529880e+00 3.902804003021147849e+01
1.777435485901309278e+02 2.207204336606243711e+00 3.901351649043303382e+01
1.776247167673716092e+02 2.151739913771399948e+00 3.891516986090130814e+01
1.774633921827794438e+02 2.047640121475327479e+00 3.879784861216012359e+01
1.773442712267119816e+02 1.970223203046324256e+00 3.872896210976838205e+01
1.773192877486152952e+02 1.960947334466263792e+00 3.869765506986404802e+01
1.774365499905589161e+02 2.000403213116817902e+00 3.875973612160120751e+01
1.774949844222054480e+02 2.009710551988922678e+00 3.885210929632427224e+01
1.776558428530966864e+02 2.064419687814702975e+00 3.893206744083585136e+01
1.777904216232376768e+02 2.082912418177240710e+00 3.898051792233131607e+01
1.777927799282477395e+02 2.074749811178247860e+00 3.897574623930010063e+01
1.777578479040785453e+02 2.048597998489425809e+00 3.900608753461732192e+01
1.776725850484642422e+02 2.043582420694864066e+00 3.891905447507552651e+01
1.776775494870342413e+02 2.031592239425981994e+00 3.892573797834843674e+01
1.777350516112789478e+02 2.032790077416918528e+00 3.892676666351963632e+01
1.776624240779204342e+02 2.001612852467270720e+00 3.890005035246726806e+01
1.775819545411631282e+02 1.982581193353474269e+00 3.883920254279959750e+01
1.775278158043806513e+02 1.969261392245720055e+00 3.882807582766868393e+01
1.774647277032980810e+02 1.957749166037260791e+00 3.885823813569989937e+01
1.775215984548086681e+02 1.983924581445115853e+00 3.896551446059919499e+01
1.775828022721550781e+02 2.003634818731117928e+00 3.900648091326787181e+01
1.775911497671198447e+02 2.006585158610271868e+00 3.902311492950654781e+01
1.775730032099697837e+02 2.003324049597180245e+00 3.901663204934541795e+01
1.775368104072255733e+02 2.016219001762336482e+00 3.897301225767875366e+01
1.774936902064451090e+02 2.024788755664652662e+00 3.903401545191339039e+01
1.775230539558156977e+02 2.038238371727089771e+00 3.904271502077039457e+01
1.775360020140986990e+02 2.062877643504531733e+00 3.906759818731117662e+01
1.775065300855991950e+02 2.042561603096676670e+00 3.906753524672708977e+01
1.774793495877391649e+02 2.045177571122859916e+00 3.899553908610271691e+01
1.774831574930765328e+02 2.044245263721047312e+00 3.898887918554883925e+01
1.775551851239929420e+02 2.096718041918428810e+00 3.900985806898287933e+01
1.775534385227844894e+02 2.074128272910372495e+00 3.900151057401812693e+01
1.774636655809415799e+02 2.024220323514602349e+00 3.887981102089627683e+01
1.772465185989426004e+02 1.921768787764350561e+00 3.875037370971802630e+01
1.771055788960221662e+02 1.893437657351460190e+00 3.867272666477845178e+01
1.770667956948640551e+02 1.872836417421953614e+00 3.869026545191339039e+01
1.770342141081319198e+02 1.871548102341389797e+00 3.870627596299093653e+01
1.770828042390483290e+02 1.888660073640483494e+00 3.875087526749748434e+01
1.771167705186304033e+02 1.927594725579053314e+00 3.876772760888721336e+01
1.771177637997230647e+02 1.930556866817723982e+00 3.876681300352467474e+01
1.770970583144511465e+02 1.936459513469285021e+00 3.877036521273917202e+01
1.771372104733131891e+02 1.942458537890231707e+00 3.878159027253273194e+01
1.771938963368580175e+02 1.971017827920443111e+00 3.880336574773414071e+01
1.772467959308912384e+02 2.004732345166162943e+00 3.882118383371097536e+01
1.772730067503776468e+02 2.022125582200402949e+00 3.880751785939073528e+01
1.772213285970543666e+02 2.015379138343403653e+00 3.879282319989929562e+01
1.771918271651560985e+02 1.994653984138972769e+00 3.874974430387713653e+01
1.770987773791540860e+02 1.965203691465256863e+00 3.868425462613293320e+01
1.769659255412890104e+02 1.946793570619335334e+00 3.859371262902819666e+01
1.769454147784491340e+02 1.968492336983887148e+00 3.858449380035246890e+01
1.770128615149798463e+02 2.000359941465256863e+00 3.862828667862537912e+01
1.770629582861278948e+02 2.021999701032225705e+00 3.864192118265357578e+01
1.770398846613796593e+02 2.022597636581067615e+00 3.860467609201913319e+01
1.770826350862286063e+02 2.022983147658610203e+00 3.872807110712487599e+01
1.771800179380664702e+02 2.061664070367573043e+00 3.887684101208458998e+01
1.773117112758056351e+02 2.092040769763343189e+00 3.897042382615810396e+01
1.774040018410120751e+02 2.115442865684793450e+00 3.901960795883685762e+01
1.773831704745720117e+02 2.061337566087613205e+00 3.900347943416414864e+01
1.772613116030966864e+02 2.029871207829808455e+00 3.894537150679758497e+01
1.772403838588872134e+02 2.018087550352467119e+00 3.895015105740181127e+01
1.772901954305135916e+02 2.048430812562940684e+00 3.905824167610775532e+01
1.772905593057653562e+02 2.054587188444108925e+00 3.905163881545820459e+01
1.771760212109768418e+02 1.972520534365558964e+00 3.892320265294561921e+01
1.769133013123111766e+02 1.858537103474320329e+00 3.865095905715005387e+01
1.767903311461480484e+02 1.841427099068479345e+00 3.840777434227089771e+01
1.767924376888217637e+02 1.848704604103726057e+00 3.840232604796072735e+01
1.768748819864048301e+02 1.885170805010070394e+00 3.845433857313695825e+01
1.769916859422205562e+02 1.936457546576032307e+00 3.853053601774924175e+01
1.770609441874370589e+02 1.943489189954682672e+00 3.862355433345921796e+01
1.770469989142749228e+02 1.908401781218529658e+00 3.869948624748237620e+01
1.770225701000755407e+02 1.901191150553877218e+00 3.870437004342900167e+01
1.771162355236656651e+02 1.912610932779456263e+00 3.874651073136958956e+01
1.771619598911127866e+02 1.933814042044310177e+00 3.877245602026686555e+01
1.772074167610775532e+02 1.924152662386706902e+00 3.877109886392245386e+01
1.771446217270896284e+02 1.902371286505538661e+00 3.868368029330311941e+01
1.771071012713997845e+02 1.849607408106747286e+00 3.862076527882678789e+01
1.770337912260825703e+02 1.826134504028197325e+00 3.858753855110775532e+01
1.769928267403071516e+02 1.829151718277945537e+00 3.855914054632427224e+01
1.769895007238167182e+02 1.862083412009063466e+00 3.858484784113796451e+01
1.770676689954682672e+02 1.904709922583081472e+00 3.862295246412386973e+01
1.771133677933031265e+02 1.921550462613293098e+00 3.865970583144511608e+01
1.770961319077291023e+02 1.921257395518630506e+00 3.864742454997482213e+01
1.770216810643252643e+02 1.903689104984894298e+00 3.862025782036756993e+01
1.770706685076787608e+02 1.889258009189325183e+00 3.869382946248741462e+01
1.771235287638469345e+02 1.914979072255790449e+00 3.875522013469284843e+01
1.771862018504531591e+02 1.943135149169184395e+00 3.879747686933534823e+01
1.771907119366817653e+02 1.923462282854984995e+00 3.883305600138469060e+01
1.771908515861027240e+02 1.897123615307150013e+00 3.881337133371097536e+01
1.771721110271903399e+02 1.906411285246726983e+00 3.874751581382174948e+01
1.772026962172708977e+02 1.934547693227593124e+00 3.871952495594159416e+01
1.772549113324521670e+02 1.938034994964753288e+00 3.875698443794058079e+01
1.772982203549848919e+02 1.928432622104733207e+00 3.869865818542296410e+01
1.771484512682527566e+02 1.838966515609264940e+00 3.855852097494964426e+01
1.769425313129405879e+02 1.721716075025176318e+00 3.842807071374622296e+01
1.767478462518882054e+02 1.639779235901309251e+00 3.835838958648036368e+01
1.767065296922205562e+02 1.627285529959717980e+00 3.836144613859516284e+01
1.767509342742950764e+02 1.636887902819738061e+00 3.835822830123363758e+01
1.767372210945367499e+02 1.650774169184290097e+00 3.840206051737160209e+01
1.767734886392245812e+02 1.688977136832829906e+00 3.837392214249748434e+01
1.767557374276183282e+02 1.688778480614300026e+00 3.831487404015609144e+01
1.767789782382930639e+02 1.711743926233635360e+00 3.828739457452164885e+01
1.768406285404078631e+02 1.725484642497482346e+00 3.833066819297582839e+01
1.769227955060422914e+02 1.744199631797582972e+00 3.838069808975327390e+01
1.769663189199395674e+02 1.755047048086606276e+00 3.843943738985397829e+01
1.769116314199395674e+02 1.760937893378650587e+00 3.839404542736656367e+01
1.767777489300100626e+02 1.747360429254783520e+00 3.837549762399294906e+01
1.767063448042547975e+02 1.710789983006042236e+00 3.832846723942598288e+01
1.767579600169939624e+02 1.735783295568982920e+00 3.834824828486908643e+01
1.768597723124370589e+02 1.751662024798590123e+00 3.846235759692849854e+01
1.769850968498237762e+02 1.775249008685800600e+00 3.862419750755287140e+01
1.770252136046072451e+02 1.764574679003021229e+00 3.866123017371601378e+01
1.770085795883685762e+02 1.775538141993957764e+00 3.863919506860523967e+01
1.770072204651309278e+02 1.772062641616314105e+00 3.863451386266364551e+01
1.770256738576283908e+02 1.757834135825780519e+00 3.864567401497986054e+01
1.770423767151309278e+02 1.797889916918429032e+00 3.864784939891742255e+01
1.770381990338620426e+02 1.793578486908358416e+00 3.860570477719033278e+01
1.771174648319486380e+02 1.805427051863041310e+00 3.863088101082578163e+01
1.771697999276183282e+02 1.796298700276938609e+00 3.868837526749748434e+01
1.772486448105488535e+02 1.827070745216515579e+00 3.874719521022154822e+01
1.773257175226586071e+02 1.860206995845921529e+00 3.879881632364048016e+01
1.773719768850704952e+02 1.885758906092648512e+00 3.884299667988418747e+01
1.775104245342396894e+02 1.937490165533736208e+00 3.891539605362537912e+01
1.775836421355740242e+02 1.952678515231621281e+00 3.896668082829808810e+01
1.776791131671701862e+02 1.988114064073514653e+00 3.907757033610271691e+01
1.778016997891490405e+02 2.036776970040282020e+00 3.916941048275428017e+01
1.778895904141490405e+02 2.069628021148036456e+00 3.922626156533232944e+01
1.778669121349446129e+02 2.038492100956696973e+00 3.917505743328297996e+01
1.776971397438318263e+02 1.955904220166163165e+00 3.899787182150050313e+01
1.775105327133685762e+02 1.872315190709969768e+00 3.887924455563947390e+01
1.774218533641742113e+02 1.862907540281973917e+00 3.884789424408358371e+01
1.774108249937059441e+02 1.869903779582074543e+00 3.885134417484893987e+01
1.774487466956193487e+02 1.895453722935548813e+00 3.887458498552366848e+01
1.775044373111782363e+02 1.897459954053373643e+00 3.889273941024672610e+01
1.775041167075780493e+02 1.885143268504531733e+00 3.885032729103726012e+01
1.775713038141993820e+02 1.895233430891238635e+00 3.889609296324270105e+01
1.776234481212235607e+02 1.927571122860020081e+00 3.886325568038771650e+01
1.776315792579305253e+02 1.925490149798590123e+00 3.891161568479355282e+01
1.776426528669435925e+02 1.911893016742195472e+00 3.890171237726585929e+01
1.776530596991439950e+02 1.889488135699899374e+00 3.886125338305639332e+01
1.775788979890483290e+02 1.863287150679758364e+00 3.880685698325780209e+01
1.775811382804632501e+02 1.855374339123867067e+00 3.881090878335850647e+01
1.775954316937311148e+02 1.874085394637462265e+00 3.886272461920946597e+01
1.776290163960221662e+02 1.867236672331319181e+00 3.886268134755790271e+01
1.776730767717774313e+02 1.888459450528700900e+00 3.888313310360020125e+01
1.777203884220795658e+02 1.916824018126888296e+00 3.896418287386706680e+01
1.777622911159365628e+02 1.930694549345417954e+00 3.895958034365558831e+01
1.777658413582578021e+02 1.915270172457200326e+00 3.896950922079557245e+01
1.777467860964249837e+02 1.927073498867069468e+00 3.891560061052366848e+01
1.777392450276938689e+02 1.922746333710976918e+00 3.890144094599698121e+01
1.777978132080815783e+02 1.942432968277945537e+00 3.882621711354481420e+01
1.777967176485397829e+02 1.924431961228600274e+00 3.884775656155589019e+01
1.778075945682275858e+02 1.929868454179254789e+00 3.880471503650554155e+01
1.778494087518882054e+02 1.948475264350453262e+00 3.884226302870090564e+01
1.778882706287764393e+02 1.950046812059415879e+00 3.892564160057905553e+01
1.778530435706193487e+02 1.935118092270896373e+00 3.894805041540785595e+01
1.778345823105488535e+02 1.928855504154078471e+00 3.896751872482376911e+01
1.778202003870845829e+02 1.946264476334340410e+00 3.898736467774421044e+01
1.778982703140735282e+02 1.965960945367573043e+00 3.901301493265357578e+01
1.779700815867321353e+02 1.985771494209466193e+00 3.909623615307150146e+01
1.779497694801107741e+02 2.002806756671701827e+00 3.909455642623363758e+01
1.779067456570996910e+02 1.985151922834843985e+00 3.907454722117321211e+01
1.778499162103474305e+02 1.965681646525679671e+00 3.898358234201913319e+01
1.776920690930261912e+02 1.852514476334340410e+00 3.887337337927996117e+01
1.775464757206696902e+02 1.766643850704934460e+00 3.879725461039778622e+01
1.775234689702920434e+02 1.729418429003021229e+00 3.872707585913897077e+01
1.775199954368076476e+02 1.708069769637462265e+00 3.873546662575528643e+01
1.775245310926485445e+02 1.716299251007049387e+00 3.874869594977341336e+01
1.775522898571248618e+02 1.706930938444108703e+00 3.873549612915407891e+01
1.775734890326032200e+02 1.733535136581067393e+00 3.875417374748237620e+01
1.775752179317724142e+02 1.750568432150050313e+00 3.872981574144007766e+01
1.775261852498741177e+02 1.754303562437059316e+00 3.869637462235649394e+01
1.775210477246978940e+02 1.754097038645518580e+00 3.866583467082074321e+01
1.775190709969788543e+02 1.751819376258811678e+00 3.865429294121349102e+01
1.775878001479103716e+02 1.724265168680765292e+00 3.863562909113796451e+01
1.775418771242447065e+02 1.712652630916414953e+00 3.858938743076535616e+01
1.775702947979607131e+02 1.702271368328298173e+00 3.859755003776434990e+01
1.775677004657603106e+02 1.671005633182276018e+00 3.849783445052869979e+01
1.775984076032225687e+02 1.668069061555891297e+00 3.851830784239677996e+01
1.775602007017875223e+02 1.644771210976837761e+00 3.856978537260825846e+01
1.775901702542799683e+02 1.672964658862034160e+00 3.854143063947633152e+01
1.775943164652568100e+02 1.669310171198388648e+00 3.854706775553876952e+01
1.776306154802366564e+02 1.701337094033232633e+00 3.857959230236656367e+01
1.776933279047079566e+02 1.701539684038267941e+00 3.860827157288519373e+01
1.777211201063695967e+02 1.709792768126888296e+00 3.863155172142497662e+01
1.777010282917925394e+02 1.697487883937562891e+00 3.863489347306143173e+01
1.776841208773917344e+02 1.710933566213494572e+00 3.864260762839879249e+01
1.776717766553373679e+02 1.710317928625377570e+00 3.862662072004027891e+01
1.776485987852467190e+02 1.689280038393756289e+00 3.861061610964249979e+01
1.776253658421450154e+02 1.691400349320241636e+00 3.857180537197885428e+01
1.776005534837613311e+02 1.695959607880161091e+00 3.856425250188821963e+01
1.776153759913142096e+02 1.693585567724068541e+00 3.853355519889224468e+01
1.776010688097935599e+02 1.696492635951661665e+00 3.853497529582074321e+01
1.776369960819486380e+02 1.708897831696878145e+00 3.850694510007552651e+01
1.776145557968278013e+02 1.712316292170191323e+00 3.857293240181268601e+01
1.775993143410120751e+02 1.742744130790533807e+00 3.859051642749244593e+01
1.775750330438066555e+02 1.745824285624370642e+00 3.860355102907855240e+01
1.775667976617573061e+02 1.738971629531722130e+00 3.861835780148539499e+01
1.775002045568982965e+02 1.722538236404833834e+00 3.854955390861027098e+01
1.773902335882426939e+02 1.615869681520644585e+00 3.840475909491440376e+01
1.772376361090130956e+02 1.551455894385699974e+00 3.821021368328297996e+01
1.771638756451409904e+02 1.496186193982880219e+00 3.815537866628902464e+01
1.771392108037512685e+02 1.516789400805639509e+00 3.817067716200906347e+01
1.771857474981117946e+02 1.538641584843907451e+00 3.819383733006042547e+01
1.771612950811933445e+02 1.529965618705941610e+00 3.823232746412386973e+01
1.771634645644511465e+02 1.541332294813695825e+00 3.827626982628398622e+01
1.771697822255790413e+02 1.550183314451158090e+00 3.826407312122356785e+01
1.771303007773162221e+02 1.578268583207452114e+00 3.830108611845417954e+01
1.771533960378902179e+02 1.574472479229607202e+00 3.830978372041792568e+01
1.771717786222306188e+02 1.599078313821752362e+00 3.831726381545820459e+01
1.771699612128650472e+02 1.616890499118831759e+00 3.829533295568982965e+01
1.771558507206696902e+02 1.646704667044310177e+00 3.833792602907855240e+01
1.770799365086857904e+02 1.635277017245720055e+00 3.827425769448640835e+01
1.770079777190332209e+02 1.621799864677744285e+00 3.823151120342397036e+01
1.769214186807653562e+02 1.639084922583081472e+00 3.821207829808660961e+01
1.769906926611278948e+02 1.680155620594159016e+00 3.821437169561933445e+01
1.771002073105488535e+02 1.731249606621349413e+00 3.827513689577039457e+01
1.771616982943101846e+02 1.782137068856999074e+00 3.831977947192849854e+01
1.772061304128902179e+02 1.780852687562940684e+00 3.832201976334340543e+01
1.772411666824018255e+02 1.772654676485397873e+00 3.838784774672708977e+01
1.772292217396777403e+02 1.767715807527693750e+00 3.846030612726585929e+01
1.772842868831822898e+02 1.787298196752265866e+00 3.850228946374622296e+01
1.773162823357250772e+02 1.795134299471299100e+00 3.852640554191842881e+01
1.773586728191087616e+02 1.804176107754279945e+00 3.853792366880664844e+01
1.773402922016616401e+02 1.809632269637462265e+00 3.852081956508056493e+01
1.773204442818479265e+02 1.795301485397784447e+00 3.856186469347935741e+01
1.773223285655840868e+02 1.819533610271903301e+00 3.855724052744209729e+01
1.773839670663393804e+02 1.833809321500503575e+00 3.864158287701410188e+01
1.774288063318227557e+02 1.853983745594159016e+00 3.866670010385196576e+01
1.773976782792044276e+02 1.854819675226586195e+00 3.863355205186304175e+01
1.773585823420191332e+02 1.841578549848942536e+00 3.858416729607250772e+01
1.773582322350201537e+02 1.842731149295065540e+00 3.855602302051863006e+01
1.774012206539526630e+02 1.861811980740181172e+00 3.860167461291541002e+01
1.774462487411883274e+02 1.888496821500503575e+00 3.865969599697885428e+01
1.775610051611278948e+02 1.909853348439073617e+00 3.870583734579557245e+01
1.775366215854733127e+02 1.886228993580060465e+00 3.869200221865558831e+01
1.774268669750755407e+02 1.800446878147029306e+00 3.855662095606746931e+01
1.771786312783232518e+02 1.732650034617321255e+00 3.838704722117321211e+01
1.771855822790785453e+02 1.709499701032225483e+00 3.838331209088620000e+01
1.771732065867321353e+02 1.734353364174219481e+00 3.840215886203424134e+01
1.772418373930010205e+02 1.764568778323262865e+00 3.839394904959718247e+01
1.773128284711732192e+02 1.804170207074521581e+00 3.842451260385196576e+01
1.772918849918177102e+02 1.800381970669687748e+00 3.844756065898791775e+01
1.772411155431772443e+02 1.795049723061429958e+00 3.842105677240684969e+01
1.772283425383937470e+02 1.785882033610271868e+00 3.843196712927996117e+01
1.773005904613544885e+02 1.808208238922457189e+00 3.853867895581571190e+01
1.773932173653071516e+02 1.834124024420946686e+00 3.860878099823766263e+01
1.773531438821752317e+02 1.828241046701913453e+00 3.858159459969788685e+01
1.773891399955941495e+02 1.824476413016112852e+00 3.861172347054380793e+01
1.774420690930261912e+02 1.827963714753273017e+00 3.862713014539274781e+01
1.774823510668429094e+02 1.835646399798590123e+00 3.863180938444109103e+01
1.775444832578046430e+02 1.852050289526686822e+00 3.867018740558912526e+01
1.774930548999244593e+02 1.842115511706948539e+00 3.866067354292547975e+01
1.775091008150805578e+02 1.848907194108761365e+00 3.867545867950654781e+01
1.774971578392497520e+02 1.867608415156092549e+00 3.866543932527693528e+01
1.775190395266868109e+02 1.881172111027190397e+00 3.870603993580060376e+01
1.775919325906344284e+02 1.910939073514602127e+00 3.876140011329304969e+01
1.776002132112286063e+02 1.917398350956696973e+00 3.874052940898791775e+01
1.775705386927240568e+02 1.918584387588116780e+00 3.872401340634441169e+01
1.776019165407855098e+02 1.929793712235649439e+00 3.876138634504027891e+01
1.776003213903574931e+02 1.928515231621349413e+00 3.874769480110775532e+01
1.776276140011329403e+02 1.929569486404833834e+00 3.875507261769889311e+01
1.775983977687562856e+02 1.912170348690835908e+00 3.871424974823766263e+01
1.775841141899546756e+02 1.907927759944612278e+00 3.868652442094662547e+01
1.775848596424974914e+02 1.903649767119838909e+00 3.876974957515106013e+01
1.775949144008056351e+02 1.913175431143000926e+00 3.883753068353474447e+01
1.776688322161379574e+02 1.925901230488418880e+00 3.893721873426485303e+01
1.777124933125629411e+02 1.938274955941591049e+00 3.899760825780463591e+01
1.777193144983635307e+02 1.943538362286002075e+00 3.899925651435045637e+01
1.776736452039274923e+02 1.939667516364551814e+00 3.892654833836858330e+01
1.777017147375377704e+02 1.945875031470291949e+00 3.894819793240181127e+01
1.776950076315458205e+02 1.936898130664652662e+00 3.889059943038771650e+01
1.775949262021651691e+02 1.874944926988922456e+00 3.874735059478852151e+01
1.773795258213746138e+02 1.764950355614300026e+00 3.860167657980866096e+01
1.772949808817975850e+02 1.736442204808660517e+00 3.856334379720544092e+01
1.772541894826283908e+02 1.733336480362537735e+00 3.855728969977341336e+01
1.772403012493705887e+02 1.742163897280966767e+00 3.860796473753776326e+01
1.773294270833333428e+02 1.776964139602215553e+00 3.873342695745216702e+01
1.773779208364803708e+02 1.798255759063444037e+00 3.869327086480362254e+01
1.774110688884692877e+02 1.831234658232628432e+00 3.858147658610271691e+01
1.775215315804380793e+02 1.897194423464249713e+00 3.856504122608257745e+01
1.776546705847180192e+02 1.951527882678751213e+00 3.860335040596676492e+01
1.777594607565458205e+02 1.998776592396777518e+00 3.865815788645518580e+01
1.777494748395015165e+02 1.988590052240684747e+00 3.862756679569486096e+01
1.777137757269637461e+02 1.957894716137965840e+00 3.864476531029708184e+01
1.775806603254028175e+02 1.904658783358509577e+00 3.858528449144007766e+01
1.775382954116314238e+02 1.878682024169184395e+00 3.857646887588116869e+01
1.775455276781218572e+02 1.912689608509567041e+00 3.865604150931520877e+01
1.775461197129909294e+02 1.912959072885196399e+00 3.866595071752265511e+01
1.775877077039274923e+02 1.943111546450151161e+00 3.874079100579053403e+01
1.775844662638469345e+02 1.948703423967774517e+00 3.873792327542799541e+01
1.776663617982124777e+02 1.969141411757301174e+00 3.877445635070493779e+01
1.777583907666163157e+02 2.008748741188318032e+00 3.881201614425982171e+01
1.777885884787260693e+02 2.045315253650553888e+00 3.883366967207955867e+01
1.777757584340382664e+02 2.047876148665659812e+00 3.879296284932024008e+01
