1.152623232730613267e+02 4.178210212632475162e+01 1.708734399856601982e+01
1.153576101812641497e+02 4.183487374246600154e+01 1.711995025878873378e+01
1.153480652461293658e+02 4.182777105599247136e+01 1.710251842889471519e+01
1.153514373417579719e+02 4.179187672245748786e+01 1.706427147050256465e+01
1.150988942663171315e+02 4.168944791736685573e+01 1.683764647890479793e+01
1.148869451726378514e+02 4.157357554166386393e+01 1.651708453765320073e+01
1.144542414465282008e+02 4.143030068786269737e+01 1.580273240572696025e+01
1.142974782102126312e+02 4.115167148394613861e+01 1.530812103694741388e+01
1.143208028052250711e+02 4.095220250498532266e+01 1.494256234455871457e+01
1.147714256906634347e+02 4.099718805314691394e+01 1.482399565324550217e+01
1.148363245277945879e+02 4.093141538392597312e+01 1.469404673881382983e+01
1.145763146691761278e+02 4.063817749994398554e+01 1.456036163204947265e+01
1.143790638793663561e+02 4.037575340010306491e+01 1.442172481010956453e+01
1.140817537137863837e+02 4.036523940758665674e+01 1.420167036364858504e+01
1.138336582196231319e+02 4.032739015482512457e+01 1.399006296072236744e+01
1.135875904640272438e+02 4.008445923237211872e+01 1.375256548139185853e+01
1.134359189800811123e+02 3.992725908001165180e+01 1.355947099549640456e+01
1.132973605789697729e+02 3.981573906029441190e+01 1.347537585982836994e+01
1.134524545719343109e+02 3.974530035177343024e+01 1.381720665008626270e+01
1.134916537832448284e+02 3.969660661871792939e+01 1.398758150164683656e+01
1.134129752862360192e+02 3.945773117339965808e+01 1.404275615603504335e+01
1.133577614214335370e+02 3.919497098429342685e+01 1.399574847079384199e+01
1.133732551365642678e+02 3.909099616858237880e+01 1.396371916380990719e+01
1.135633080146086797e+02 3.922905043579574880e+01 1.399700320405099596e+01
1.135123960924021418e+02 3.928160919540229656e+01 1.390017028522775711e+01
1.131868208196096930e+02 3.908616208464968622e+01 1.374806188523671935e+01
1.128131455714637781e+02 3.856105061504335652e+01 1.345327799063431229e+01
1.125218682081960964e+02 3.820568102888127271e+01 1.316804463265443381e+01
1.118512973045640990e+02 3.856648965965360532e+01 1.312608388788062186e+01
1.113960475902399736e+02 3.909164033967421403e+01 1.317173041159731994e+01
1.110386222580717401e+02 3.924474020299791732e+01 1.323366046021823372e+01
1.106566904169747545e+02 3.917337724899733331e+01 1.312138984114180751e+01
1.101965225964016071e+02 3.882109408258833838e+01 1.292985256884228384e+01
1.109733313167977400e+02 3.836776007707646841e+01 1.278029844726759379e+01
1.114974849319979455e+02 3.820163115323430247e+01 1.270456633281799697e+01
1.117669332974838170e+02 3.805046380318612620e+01 1.272655217225695168e+01
1.117490533485693760e+02 3.786118953193968650e+01 1.261703748515605739e+01
1.117669445004593172e+02 3.775812215724496212e+01 1.253232618583495750e+01
1.118773162151867524e+02 3.787741144047858910e+01 1.264047410992359488e+01
1.123239788487822324e+02 3.842798167193206638e+01 1.295350765163227358e+01
1.127192142232977119e+02 3.885675875512536237e+01 1.324109923595707095e+01
1.128151340996168557e+02 3.899176021151217952e+01 1.336656696018462576e+01
1.125466491900248656e+02 3.868977840514440913e+01 1.318691604490152613e+01
1.119299421926463651e+02 3.825356254621227237e+01 1.310457977638860960e+01
1.115508783132800090e+02 3.810359391454370126e+01 1.304112612309829444e+01
1.112827631018798655e+02 3.782947950975778895e+01 1.306210369474132271e+01
1.109804508077345275e+02 3.760655710156617459e+01 1.294987788756693803e+01
1.112082913221751710e+02 3.782251125899038868e+01 1.309603190607425383e+01
1.110942450314803551e+02 3.830578521655351665e+01 1.310958750644171111e+01
1.109433353498689314e+02 3.854175909121462951e+01 1.300134435706123526e+01
1.107114057493670316e+02 3.849318859088973710e+01 1.278439313481660733e+01
1.105827731845578228e+02 3.844921691201182767e+01 1.273294907127332998e+01
1.106849163137729448e+02 3.856582308261074132e+01 1.283910286572113613e+01
1.108819822544867861e+02 3.865771548923394363e+01 1.278704263852479173e+01
1.109442259864219977e+02 3.854624588290649712e+01 1.266681230534829972e+01
1.108109665927270271e+02 3.838522551589701948e+01 1.256603033765768274e+01
1.107244628173242802e+02 3.822762765790594131e+01 1.251333714234500682e+01
1.107510754856489825e+02 3.820848737424660158e+01 1.248952521789787440e+01
1.110270943962716501e+02 3.806762116018014552e+01 1.254850328247182389e+01
1.111004458784253046e+02 3.789369496538280657e+01 1.257803992740471877e+01
1.113085019381147589e+02 3.773827048464072220e+01 1.258319889762720933e+01
1.116448040599583180e+02 3.808713674351908196e+01 1.278132351952678647e+01
1.112096860926261996e+02 3.819523985570567248e+01 1.279016266720440953e+01
1.107777777777777715e+02 3.802325177567161774e+01 1.273881943044072429e+01
1.106806647845667868e+02 3.806663529833523540e+01 1.276840088727566069e+01
1.106545842575788186e+02 3.820258340615267656e+01 1.272609285026102910e+01
1.105722367860903859e+02 3.811932849364791309e+01 1.267313078353610756e+01
1.104872118034549970e+02 3.809151710694360560e+01 1.271224597253030453e+01
1.108483453205171259e+02 3.802747529743899690e+01 1.278335685958190560e+01
1.111870224731688666e+02 3.799907575452039765e+01 1.293385203109946069e+01
1.114397896081199235e+02 3.805617171920862063e+01 1.290726737021352832e+01
1.114816943380161831e+02 3.795024198427102391e+01 1.287615110573368327e+01
1.113341679550088514e+02 3.771909099056709636e+01 1.275787569178373815e+01
1.109015034393134869e+02 3.785059151710694181e+01 1.268056955927494300e+01
1.105560428849902479e+02 3.795202885886491373e+01 1.265210279850328234e+01
1.102741032018104050e+02 3.780279962358002166e+01 1.250865990006945871e+01
1.101884788599852101e+02 3.778339606999619349e+01 1.240515560932983874e+01
1.101550155721359658e+02 3.786336851067643750e+01 1.238266563599291992e+01
1.100386614684860263e+02 3.781852860119647630e+01 1.228794447805337064e+01
1.098124397840066280e+02 3.767115345835853901e+01 1.212844211422553897e+01
1.097609060966592693e+02 3.765385606417064679e+01 1.214494409715220335e+01
1.099302726804239256e+02 3.786168246286213446e+01 1.220160874728327904e+01
1.099038056507808534e+02 3.782322824942304607e+01 1.220206246779144621e+01
1.099013297931930708e+02 3.761838184221729620e+01 1.211434877103358687e+01
1.096754105890524471e+02 3.734631758194976925e+01 1.205429522081064775e+01
1.094001478792767301e+02 3.719204140619748955e+01 1.203379377562680652e+01
1.093015672962738876e+02 3.723060764939167910e+01 1.213558961260110713e+01
1.092810602496022909e+02 3.730580202101678111e+01 1.219794537429141101e+01
1.092867457596737637e+02 3.744680827227711717e+01 1.224701440702650679e+01
1.092984192601554980e+02 3.753019201900024626e+01 1.234576303466200642e+01
1.090880385830476627e+02 3.746339987900786639e+01 1.230935896574130162e+01
1.088615984405458050e+02 3.734616634178037486e+01 1.220375411709349933e+01
1.086399307656113393e+02 3.715279178149716444e+01 1.210555443525800534e+01
1.085897974502027807e+02 3.700280074387757168e+01 1.196269409155071628e+01
1.086632217516972503e+02 3.688078913759494526e+01 1.186642692299074575e+01
1.085849857722211027e+02 3.676172951535927780e+01 1.178305998073088290e+01
1.087340637673366075e+02 3.694907687481795477e+01 1.186870672850709063e+01
1.090536790571575807e+02 3.725709708498577299e+01 1.203819654500235181e+01
1.090867054289619347e+02 3.745508727117922376e+01 1.192239698864018216e+01
1.093053651049718837e+02 3.761148080930295379e+01 1.202501624431448946e+01
1.092349488024019166e+02 3.765857251686048102e+01 1.200857027626537565e+01
1.090876856893190876e+02 3.756103941206784214e+01 1.191439806412583202e+01
1.091646501310748079e+02 3.749414644529586838e+01 1.188581927359906842e+01
1.093790582778785989e+02 3.768585736371580452e+01 1.205551074365351383e+01
1.094981179001142664e+02 3.780104075642490358e+01 1.213495104299702021e+01
1.092470144070265121e+02 3.752566041540633535e+01 1.192945486321166904e+01
1.089819239990141426e+02 3.718014384620555290e+01 1.179612265017588690e+01
1.088505579081804058e+02 3.705734803163720414e+01 1.168931348166072937e+01
1.092016647621608314e+02 3.695107100445878245e+01 1.166041540633192142e+01
1.091160180143846219e+02 3.651357800631847539e+01 1.139912840850529818e+01
1.087998196320942839e+02 3.600519257914902482e+01 1.120161434877103446e+01
1.087844379467186542e+02 3.594962021913020322e+01 1.122877036140799056e+01
1.092242499607895923e+02 3.621427931258542543e+01 1.134657525038650228e+01
1.095909905670946216e+02 3.629275055454728971e+01 1.150557908180412703e+01
1.094888530393672568e+02 3.613877125764602738e+01 1.137301427259080100e+01
1.096147688826152233e+02 3.612353521095202780e+01 1.138952185700522080e+01
1.097424491945060652e+02 3.616927135847281249e+01 1.139213215029911908e+01
1.096783401671483915e+02 3.614970536174408267e+01 1.140842127669108841e+01
1.097941957383881117e+02 3.612286863390916380e+01 1.156589030046380273e+01
1.099177253478523966e+02 3.617245860500548815e+01 1.178288073312271678e+01
1.099171371916381048e+02 3.591781497165646897e+01 1.177131366090833708e+01
1.097110920660527427e+02 3.570801684927516817e+01 1.169867356769958100e+01
1.087478042167999774e+02 3.579706930160650558e+01 1.155788017297394177e+01
1.083640462906948017e+02 3.588410521834599365e+01 1.146271649750173616e+01
1.079010777262440968e+02 3.584901189755998985e+01 1.132982680199861036e+01
1.076488819430440742e+02 3.582142457036589178e+01 1.132073558737200614e+01
1.074648114539221666e+02 3.575348412538370013e+01 1.122965539647330324e+01
1.072307980999753596e+02 3.560093880934775967e+01 1.115541887925433073e+01
1.072776041316573696e+02 3.540202997916246375e+01 1.096604938271604901e+01
1.072792789764961583e+02 3.532061235464139060e+01 1.081591830790257980e+01
1.074414868589097267e+02 3.533039255226188402e+01 1.076539288835114583e+01
1.075300407788308519e+02 3.526825524859402350e+01 1.066385471981358180e+01
1.076963937621832343e+02 3.511084784118661872e+01 1.077495462794918346e+01
1.078018137617351186e+02 3.501820483520423011e+01 1.097362819564876446e+01
1.078565346956151529e+02 3.506988416123322594e+01 1.112657681880307337e+01
1.078345432546884410e+02 3.506884788599852243e+01 1.114791288566243210e+01
1.078199233716475050e+02 3.498519526786314771e+01 1.113714682619703744e+01
1.077356433868835524e+02 3.485122448522327687e+01 1.098892025722031818e+01
1.071463892809930343e+02 3.470686854428536350e+01 1.084729224081916144e+01
1.067518933028612338e+02 3.461204095807846670e+01 1.076833366942259929e+01
1.067642893952633756e+02 3.479306423786157865e+01 1.086898680289484886e+01
1.068440265734579100e+02 3.502547556631041203e+01 1.092376935314019448e+01
1.069551376845690243e+02 3.519055141045461710e+01 1.108332213035782310e+01
1.069044386188971743e+02 3.533631892630682358e+01 1.103267347807577714e+01
1.068636597880396977e+02 3.533579238645784670e+01 1.088222311846026358e+01
1.067199032062915904e+02 3.517051488875445386e+01 1.066258878358091877e+01
1.066672212139544200e+02 3.504756783401671782e+01 1.055561717192086135e+01
1.065655766171495173e+02 3.493019425959534630e+01 1.050350092984696815e+01
1.063220351325311981e+02 3.459763393157222566e+01 1.035996840760906146e+01
1.062271459299589935e+02 3.449195066209585292e+01 1.025486769285922328e+01
1.063046593175147336e+02 3.460745894109475529e+01 1.035110125249266133e+01
1.063012816203983846e+02 3.456335842799847313e+01 1.037923192399901495e+01
1.061634290067441952e+02 3.442553942327081984e+01 1.029690125697385206e+01
1.060478142994779347e+02 3.397120275145078239e+01 1.012007909300710295e+01
1.060032040509959472e+02 3.374048867379175931e+01 9.967304115973202983e+00
1.059418397526383018e+02 3.357041070108220993e+01 9.829927628778204252e+00
1.057394748045080775e+02 3.329473348121261012e+01 9.767258183773609659e+00
1.055419215343595312e+02 3.301675404987564377e+01 9.610578969774371316e+00
1.057527559319755284e+02 3.291556877506666012e+01 9.761712710896013334e+00
1.060630279402209197e+02 3.287654881136430163e+01 9.951014989581233650e+00
1.062563744930653513e+02 3.288653626403172581e+01 1.010586811857229250e+01
1.062675158522103516e+02 3.281932401245770592e+01 1.014888194304407243e+01
1.058259841813985815e+02 3.286667898993972869e+01 9.984584705697832518e+00
1.053044184535412597e+02 3.269096031906074273e+01 9.756480921332705947e+00
1.047411888597611522e+02 3.241922094508301200e+01 9.512541731083775431e+00
1.042961674620779320e+02 3.210469180614371254e+01 9.330935896574130695e+00
1.040791210145414567e+02 3.199183303085299457e+01 9.249949586610203056e+00
1.042818332549124989e+02 3.163928099303175046e+01 9.085058591561919528e+00
1.043710089399744589e+02 3.135179583697430061e+01 8.932328426430059309e+00
1.044349331182362022e+02 3.119684188120364610e+01 8.772708431359369285e+00
1.044714884273262925e+02 3.106371132172705174e+01 8.762373686451121912e+00
1.043618056955927500e+02 3.092814971656471812e+01 8.667310837758508413e+00
1.038940030472093383e+02 3.084785799108243154e+01 8.605655262037597453e+00
1.034764625484528722e+02 3.079964038448611774e+01 8.520131746992001709e+00
1.031529486231543160e+02 3.073044520624677745e+01 8.458358540028230621e+00
1.029484831171159129e+02 3.076580179695727324e+01 8.483273957563127965e+00
1.029131153234299063e+02 3.095858259953843827e+01 8.538571844681946743e+00
1.030687582621944358e+02 3.109826129820080354e+01 8.699575407228159918e+00
1.032315094889202527e+02 3.131367771280051926e+01 8.829871613900651894e+00
1.033304373641639273e+02 3.149364791288566323e+01 8.874868365037754003e+00
1.033665781631601419e+02 3.119166610651789284e+01 8.792772960498307810e+00
1.029918386323407447e+02 3.089383500257668302e+01 8.609049763617216300e+00
1.035044811902041175e+02 3.001829445900831317e+01 8.346608859313032980e+00
1.036098619793417157e+02 2.930564517935963664e+01 8.167400461562591474e+00
1.035747126436781542e+02 2.885944746924783288e+01 7.962481235016020342e+00
1.033305717998700430e+02 2.830789697743720623e+01 7.701535927942461335e+00
1.030149727767695111e+02 2.789577871882772087e+01 7.560955389751518041e+00
1.028026035715085982e+02 2.780024534516367396e+01 7.722345454952835198e+00
1.025267022921287889e+02 2.776449104882256691e+01 7.793232282494230390e+00
1.022062075687302496e+02 2.757679639712307562e+01 7.871938786941811372e+00
1.022906668011023754e+02 2.772537025834061453e+01 7.958857072438439317e+00
1.024633046537160226e+02 2.788155093992964595e+01 8.092222894400752153e+00
1.019330286123994540e+02 2.773653402343662577e+01 7.912381528533978248e+00
1.012513163496224564e+02 2.743971678877910136e+01 7.595387734982411487e+00
1.009919842710223890e+02 2.726612108175931581e+01 7.457199032062916011e+00
1.004077771055992514e+02 2.678239340368801891e+01 7.177007013062669749e+00
1.001467589791848667e+02 2.654783670542896346e+01 7.104607783827384893e+00
1.005680020613474994e+02 2.670988774618538741e+01 7.253467320920436556e+00
1.011351190876296755e+02 2.693315184513006599e+01 7.359195402298850830e+00
1.013405368465864598e+02 2.703831977773296558e+01 7.375871031345925921e+00
1.015283323250655343e+02 2.715576057000739496e+01 7.435274808989267292e+00
1.016686832022585207e+02 2.714685420447671049e+01 7.478288633461047219e+00
1.014895700297999213e+02 2.698945239855705580e+01 7.232870650444757743e+00
1.012215052317895640e+02 2.676430619972664715e+01 7.176318030068785880e+00
1.010967488965069094e+02 2.671686159844054487e+01 7.149145212968564422e+00
1.009800026887141229e+02 2.665224283569716235e+01 7.152410880329815868e+00
1.008256929040353072e+02 2.665192915238287341e+01 7.074337343998566396e+00
1.008736864511214151e+02 2.691849275167484379e+01 7.124801147184692596e+00
1.009591147408751795e+02 2.710623781676413202e+01 7.163485021621743165e+00
1.010872207658354114e+02 2.734017274988237034e+01 7.249154175348972551e+00
1.010571911899800597e+02 2.740306625439716726e+01 7.211528982097645368e+00
1.008450180367905773e+02 2.722794134122022669e+01 7.157928345768636014e+00
1.007102014294996764e+02 2.694003607358114394e+01 7.136424234276623757e+00
1.005339674217472208e+02 2.659453630884362951e+01 7.058810019941295977e+00
1.004850048172794743e+02 2.644322332011382315e+01 7.000263269924491993e+00
1.010486321166901860e+02 2.691051063162375812e+01 7.235133651497838159e+00
1.021374156976092848e+02 2.807626425578633800e+01 7.844805180255876031e+00
1.029128352490421463e+02 2.908431359369048508e+01 8.130867558423517494e+00
1.031526237368645127e+02 2.951499518272052924e+01 8.158488494544151592e+00
1.029991989872510203e+02 2.938144451166229842e+01 8.065733458806658263e+00
1.025604736618045791e+02 2.864981739149918383e+01 7.805768412090251296e+00
1.019211310524075174e+02 2.787633595482960303e+01 7.415720015236046514e+00
1.012719578320001830e+02 2.717639084940960359e+01 7.060546481145392406e+00
1.008334845735027159e+02 2.673185678116107766e+01 6.896770182160381957e+00
1.005266462772512313e+02 2.624518832201832907e+01 6.749255002128565550e+00
9.986838744370504628e+01 2.565474109923595591e+01 6.550755080549393483e+00
9.948075888956107349e+01 2.521999843158342713e+01 6.403514373417579897e+00
9.917283950617283494e+01 2.501862494678586657e+01 6.321799870045484049e+00
9.862622392507449831e+01 2.453947368421052744e+01 6.192399901413815577e+00
9.778946808272277735e+01 2.377134726983486956e+01 5.994056821491787979e+00
9.729177029419014389e+01 2.332857767022921180e+01 5.780242432390043206e+00
9.732009141628016380e+01 2.329527122403710493e+01 5.832470704219040236e+00
9.807347471488427004e+01 2.362405054782550096e+01 6.097247428917120793e+00
9.876413815509398830e+01 2.402825390423696561e+01 6.366589366135645633e+00
9.899980394792856941e+01 2.423439985660191454e+01 6.541462212363604145e+00
9.903818534202683566e+01 2.424318298940198346e+01 6.539210414286034556e+00
9.897166207344670852e+01 2.420429746140574778e+01 6.521285653469561794e+00
9.849578207972037092e+01 2.431023279783110524e+01 6.427791221348390316e+00
9.787750106428266861e+01 2.413396518115211364e+01 6.206280388071071741e+00
9.723300508615088233e+01 2.367807129573614588e+01 5.984903990499876869e+00
9.648885864085501396e+01 2.284721381999058920e+01 5.649049987676726836e+00
9.549657749098160764e+01 2.209607671797629536e+01 5.341640339674217586e+00
9.551748224328382264e+01 2.126608187134502970e+01 5.254094687549012654e+00
9.573671327104479190e+01 2.109466514306199869e+01 5.273548654522641321e+00
9.607365396249244327e+01 2.111303802289888054e+01 5.413406600793170931e+00
9.622156124666712174e+01 2.119529587058322662e+01 5.426452465774909584e+00
9.631552620375971685e+01 2.135594093791311110e+01 5.488466536712151012e+00
9.500030248033877456e+01 2.151694450045932072e+01 5.396086800654253501e+00
9.474302614774484255e+01 2.222219421478344614e+01 5.485805830028455787e+00
9.473058524344065745e+01 2.275626246331025371e+01 5.607671797629450339e+00
9.461418632788868877e+01 2.294154847527503449e+01 5.637208442562344324e+00
9.417926441262800097e+01 2.272733638054267047e+01 5.475443077681432236e+00
9.409143308462728328e+01 2.242855302368309012e+01 5.315374963590329571e+00
9.406581187963523405e+01 2.207595057247204906e+01 5.231459075530461078e+00
9.392947726916268891e+01 2.178597835585131293e+01 5.144176693329748140e+00
9.423592906275906955e+01 2.212060563285608694e+01 5.213562322152763606e+00
9.503167081176761144e+01 2.290508839147677733e+01 5.467662611189531674e+00
9.541323855616052185e+01 2.365227644462369128e+01 5.699121686719992752e+00
9.552900450359615547e+01 2.392979095247697785e+01 5.825115950796531550e+00
9.583155766171495316e+01 2.431908874997199277e+01 5.933499137370885634e+00
9.626081647285519693e+01 2.474989357173265248e+01 6.090251170710940798e+00
9.621708005646299000e+01 2.481445631959848441e+01 6.116202863480540763e+00
9.669197978983217467e+01 2.482968676480473391e+01 6.177203065134099447e+00
9.714610360511751708e+01 2.475620644843270313e+01 6.218306782281374012e+00
9.709877663507427314e+01 2.440383365821962158e+01 6.155009970648204209e+00
9.674600053774283026e+01 2.384941520467836185e+01 5.940669041697474562e+00
9.587500840223162868e+01 2.299353588313055852e+01 5.626190316147968495e+00
9.550756760995720640e+01 2.288201586341332217e+01 5.533216822388026479e+00
9.544604646994241648e+01 2.310465819721718006e+01 5.559683852031099605e+00
9.536430956061930431e+01 2.315382805673186795e+01 5.522355537630795119e+00
9.556089377338621205e+01 2.349564764401425165e+01 5.622874235396920994e+00
9.602771055992471361e+01 2.410650108668862401e+01 5.813980193139297370e+00
9.640782191750129471e+01 2.455537630794739101e+01 5.974916537832448249e+00
9.641506464116869779e+01 2.457245524411283810e+01 5.979240886379422193e+00
9.650575272792453063e+01 2.463858640855011117e+01 6.025072259192041813e+00
9.670032040509958904e+01 2.477766574802267385e+01 6.086879075082341828e+00
9.668992964531379641e+01 2.475681140911025935e+01 6.096474423606910165e+00
9.678073536331250182e+01 2.473844413076113113e+01 6.095253299276287784e+00
9.684246375837422249e+01 2.483447603683538318e+01 6.155502901570657492e+00
9.684992494006408492e+01 2.472230064305079367e+01 6.138586408550111173e+00
9.653341287445945795e+01 2.439696063274405802e+01 6.070382693643431971e+00
9.648783356859581772e+01 2.445575944970984139e+01 6.069251193116891763e+00
9.676142143353274605e+01 2.489814254666039162e+01 6.251081087136743264e+00
9.688269924491945062e+01 2.524746812753467395e+01 6.408841388272724870e+00
9.707217516972508520e+01 2.576739822096748966e+01 6.639124151374605098e+00
9.736049494745805077e+01 2.623928995541215770e+01 6.890569335215433355e+00
9.723390132419170584e+01 2.618581815330151841e+01 6.838772377943581837e+00
9.662992090699289349e+01 2.598243933588761223e+01 6.516854876655239437e+00
9.615192915238287696e+01 2.566658824583809562e+01 6.287983688467656762e+00
9.523801841769173393e+01 2.489889874750733867e+01 5.935969393470905686e+00
9.451399251641235821e+01 2.414573950841343475e+01 5.660925141717640052e+00
9.403598955882682731e+01 2.380664224418005404e+01 5.457832000179247522e+00
9.369988348905469877e+01 2.329630749927180489e+01 5.366723801841769337e+00
9.333367502408640348e+01 2.267128789406466183e+01 5.255192579149022158e+00
9.317134951042997670e+01 2.241486858909726365e+01 5.170610114046290562e+00
9.297414353252223407e+01 2.229975801572897609e+01 5.120544016490780059e+00
9.262788196545002961e+01 2.204570814008200585e+01 5.074275727633259514e+00
9.250497412112656548e+01 2.192986937330555008e+01 5.040610786224821283e+00
9.241456610875849265e+01 2.191206224373193479e+01 5.014513454773587675e+00
9.235845600591517268e+01 2.174880128162039838e+01 5.004985324102081634e+00
9.214664134794200834e+01 2.138284488360108426e+01 4.797752683112634919e+00
9.203426990208599534e+01 2.136405189218256240e+01 4.787445945643162837e+00
9.204657637068405052e+01 2.120254419573838689e+01 4.831059129304743571e+00
9.169776052519549125e+01 2.066203423629315949e+01 4.761359817167440056e+00
9.112471712486836850e+01 1.988977392395420196e+01 4.628464520176558850e+00
9.059794201339876452e+01 1.918186910443413851e+01 4.463551119177253668e+00
8.997077143689364220e+01 1.844923931796284933e+01 4.275794851112455497e+00
8.924192825614483127e+01 1.818096166341780417e+01 4.170128386099348106e+00
8.888105800900719089e+01 1.824418005422240086e+01 4.118219399072393649e+00
8.865754184311353470e+01 1.834897268714570728e+01 4.119995070690775307e+00
8.866762452107279557e+01 1.845297551029553418e+01 4.144473572180770837e+00
8.881831014317403117e+01 1.873800721471623021e+01 4.183807219197419158e+00
8.956329121014540817e+01 1.896621742734870253e+01 4.405486097107392141e+00
8.983064461921085808e+01 1.891765252851157442e+01 4.495899710963231932e+00
8.986467925881113672e+01 1.872064260267526947e+01 4.491166453810132353e+00
8.979874974793304432e+01 1.847790773229369776e+01 4.417041966346261894e+00
8.966222468687684000e+01 1.817029082924424799e+01 4.410370594429880775e+00
8.947708991508145004e+01 1.815360959870941571e+01 4.420324438170777803e+00
8.946728171002217778e+01 1.839857386121753891e+01 4.453961372140440744e+00
8.981647845667809804e+01 1.907275212296385902e+01 4.583731038963948734e+00
9.044010329143419824e+01 2.002239474804508035e+01 4.816063946584212552e+00
9.133568035670273844e+01 2.098689812014070810e+01 5.098037238690595885e+00
9.191735564966054994e+01 2.172474289171204020e+01 5.253405704555129674e+00
9.209358405592524832e+01 2.205351661401268260e+01 5.350014563868163542e+00
9.197905603728349888e+01 2.198489838901212323e+01 5.335293854047635342e+00
9.152618695525531223e+01 2.160957070197844487e+01 5.182345230893325549e+00
9.075201653559184933e+01 2.084599829714772312e+01 4.979358517622280544e+00
9.000328247182451946e+01 2.033988707400685669e+01 4.765101610987878544e+00
8.986548587304788782e+01 2.034189240662319875e+01 4.745608433599963760e+00
9.000287916470614391e+01 2.060227196343348766e+01 4.855296766821267873e+00
9.008868275413949789e+01 2.087081848939078199e+01 4.896013981313436680e+00
9.018250767403822010e+01 2.107681880307409727e+01 4.928726669803499938e+00
9.033865474670072615e+01 2.118464744236069208e+01 4.905049181062490327e+00
9.042482803432591254e+01 2.125933768008783176e+01 4.825115950796531550e+00
9.053496448656763107e+01 2.124805628374896216e+01 4.801976204880015864e+00
9.056243978400662797e+01 2.114894916089713561e+01 4.722026170150791735e+00
9.040108332773183974e+01 2.090092648607470238e+01 4.657637068405368730e+00
9.055576841209024508e+01 2.062998812484595845e+01 4.613939862427460348e+00
9.059033519302727200e+01 2.038505186977661410e+01 4.601526965562053206e+00
9.069381147632810780e+01 2.027810266406757478e+01 4.543545965808518439e+00
9.091174856041764940e+01 2.033443682642109707e+01 4.604361318366158251e+00
9.102578924962469387e+01 2.035572808137841250e+01 4.586699827474177482e+00
9.091261679101970117e+01 2.050159082252246279e+01 4.617205529788711793e+00
9.086055096233559425e+01 2.062173713338262715e+01 4.615026551051959025e+00
9.064254666039299480e+01 2.072269274719365484e+01 4.594799578768120618e+00
9.048918352714480307e+01 2.074870605632856169e+01 4.614124711523380995e+00
9.053793887656561878e+01 2.076876498397974657e+01 4.618617104703009346e+00
9.050081781721225127e+01 2.077848356523492512e+01 4.631181241737805543e+00
9.047617127108959778e+01 2.076012188837355055e+01 4.598339719029373995e+00
9.042214492169119922e+01 2.070413501826084968e+01 4.546369115637113545e+00
9.026348278102663869e+01 2.052433286280836100e+01 4.515572135959311062e+00
9.018812596625663502e+01 2.041713719163809770e+01 4.478501489995743157e+00
9.024044946337747319e+01 2.042582509914633349e+01 4.433571956711702455e+00
9.032066276803118399e+01 2.052855638457574372e+01 4.406970491362505626e+00
9.034686652774976778e+01 2.053481324639824379e+01 4.385191906970491438e+00
9.029194394031054571e+01 2.052151531446752131e+01 4.387561336290918490e+00
9.036422553830297488e+01 2.068637270058927768e+01 4.421383119356501190e+00
9.058377585086599026e+01 2.071121529878335821e+01 4.491502543075441167e+00
9.074669512222446599e+01 2.062069525666017000e+01 4.547259752190181636e+00
9.074253321682239459e+01 2.042910757097084939e+01 4.495479599381595470e+00
9.040810759337679769e+01 1.984799242678855435e+01 4.445884026797517485e+00
9.034706818130895556e+01 1.986758082946830584e+01 4.435711725034169106e+00
8.962164190809079400e+01 1.991634738186462172e+01 4.407816316013533076e+00
8.903856064170643947e+01 1.988054827362147492e+01 4.369451726378525969e+00
8.872150523178956405e+01 1.984171876050278982e+01 4.377198583943895827e+00
8.840046716407877625e+01 1.976305706795724859e+01 4.394378346888934139e+00
8.801751585221035157e+01 1.951992449194506207e+01 4.301740942394300049e+00
8.805430642378615858e+01 1.901288902332459330e+01 4.210218233962940815e+00
8.817988057628106446e+01 1.884480518025587514e+01 4.187504201115816116e+00
8.814758239788487515e+01 1.878632564809213434e+01 4.189627164975017415e+00
8.812462750106428189e+01 1.867875467724227434e+01 4.167630122560551875e+00
8.805274921019022827e+01 1.856054087965763699e+01 4.149122807017543657e+00
8.755705115278618678e+01 1.809938159575183292e+01 4.026495037081849304e+00
8.704331070332280262e+01 1.767128229257690819e+01 3.911076381887029108e+00
8.675333848670206294e+01 1.745523851134861459e+01 3.836615805157849834e+00
8.659011113351705546e+01 1.726071564607559594e+01 3.804776948757590205e+00
8.628635365553090253e+01 1.693188590889740297e+01 3.750117631242857907e+00
8.595016916493020176e+01 1.677484819968183416e+01 3.579048195200645210e+00
8.598879702448969908e+01 1.683191615693128185e+01 3.598496560686518464e+00
8.581078734511886807e+01 1.679196074477381018e+01 3.513830073267459664e+00
8.559704577535794101e+01 1.670334520848737370e+01 3.488018417691738815e+00
8.567988057628106446e+01 1.677833232506553784e+01 3.500072819340816821e+00
8.570207367076694993e+01 1.681606954807196885e+01 3.489373977728484899e+00
8.586955815464587261e+01 1.689798570500324715e+01 3.547265353677937050e+00
8.601687728260625931e+01 1.703639846743294939e+01 3.578224776500638526e+00
8.581472519101073715e+01 1.684169635455176817e+01 3.450152360466939960e+00
8.562170912594385186e+01 1.672855190338554010e+01 3.441033138401559555e+00
8.555436804015145924e+01 1.672366740606305058e+01 3.488953866146848437e+00
8.540730097914006080e+01 1.650840783312047577e+01 3.494443324146893293e+00
8.521491228070175339e+01 1.619034975689543288e+01 3.485671394322332084e+00
8.502364387981447180e+01 1.590595662207882377e+01 3.446012861015885775e+00
8.478980977347583803e+01 1.568339831059129352e+01 3.423830969505500477e+00
8.436735116847034988e+01 1.546846922542627389e+01 3.320332280253635471e+00
8.422408191615693340e+01 1.550541663865922715e+01 3.259444108355179281e+00
8.428825255987990772e+01 1.566658264435034020e+01 3.237889583473370525e+00
8.427908292442472771e+01 1.571122090027111184e+01 3.265555331496045266e+00
8.437424099840917791e+01 1.594369944657301019e+01 3.324454975241424304e+00
8.549439291075709946e+01 1.618576773991172146e+01 3.498470793842844540e+00
8.625486209137146432e+01 1.624289171203871618e+01 3.594177813627299489e+00
8.666703636485850382e+01 1.635375075620084573e+01 3.685706123546414137e+00
8.691821827877484452e+01 1.655093992964531324e+01 3.748879702448970619e+00
8.707508234187000085e+01 1.659506284869261350e+01 3.820858820102619458e+00
8.683806659048643439e+01 1.666272882077479878e+01 3.798296027424884258e+00
8.659020635880889927e+01 1.666738365709932523e+01 3.814865228204610936e+00
8.651998610831036274e+01 1.661060137572539119e+01 3.765213640742981482e+00
8.621080639017722547e+01 1.626967242499607735e+01 3.693049673993412441e+00
8.589713427886447050e+01 1.599581008715914976e+01 3.637981447872554952e+00
8.574992718065918496e+01 1.591259998655642960e+01 3.498302749210190132e+00
8.569208061661177567e+01 1.590615827563800977e+01 3.383606685935784508e+00
8.584204924828034677e+01 1.608857072438439673e+01 3.369065223723421099e+00
8.622109632318343131e+01 1.651447424435930245e+01 3.419551432860567619e+00
8.637651520243777270e+01 1.674077434966727296e+01 3.454891219107794953e+00
8.640078084739306519e+01 1.668811476328112775e+01 3.517218973359324430e+00
8.643189711187291380e+01 1.663393717371333835e+01 3.552413120924917678e+00
8.640592861464004670e+01 1.653055051421657495e+01 3.608965741300889540e+00
8.622677063027940392e+01 1.631001433980865301e+01 3.544778293114651202e+00
8.594745804485671670e+01 1.602552037821245179e+01 3.475913602652864753e+00
8.557690842687817678e+01 1.612894624812350131e+01 3.482192870426385145e+00
8.569866236472407195e+01 1.649070713181421155e+01 3.537989289955412175e+00
8.573978288633460920e+01 1.682021464901077579e+01 3.564994062422979670e+00
8.577140888620017734e+01 1.708151284981290985e+01 3.562187717057650360e+00
8.606589030046380628e+01 1.752141448768793097e+01 3.678048889785126896e+00
8.661262351280500127e+01 1.780602047903923335e+01 3.767448634357285275e+00
8.684809885505590898e+01 1.801578499249400522e+01 3.848687011270193192e+00
8.734363446931504882e+01 1.845880105756088696e+01 3.969948018193632411e+00
8.746499630301808281e+01 1.862780354462145027e+01 4.025413949945105152e+00
8.720743429454863360e+01 1.841471174744011918e+01 3.948875221258766111e+00
8.741620734467073817e+01 1.800436916044901636e+01 3.868482668996885643e+00
8.762830207703166252e+01 1.775043691604490093e+01 3.836324527794582107e+00
8.750098586184491012e+01 1.744909928076897287e+01 3.770030920212408265e+00
8.759753310479263178e+01 1.741437565817481214e+01 3.795545696937106417e+00
8.793714010441172491e+01 1.770472877596289507e+01 3.894210302256279288e+00
8.773085971634066027e+01 1.785282651072124693e+01 3.891734444668503823e+00
8.747691066747327682e+01 1.801895543456341997e+01 3.868051354439739242e+00
8.734322556070893029e+01 1.810513992516412429e+01 3.865838766776455770e+00
8.700679460464699844e+01 1.786773206963769667e+01 3.765947435638905549e+00
8.664994062422979937e+01 1.760213192623960765e+01 3.701390289260827693e+00
8.648018753781003909e+01 1.777420963007774901e+01 3.758760726849051270e+00
8.656612556294952299e+01 1.816847594721157932e+01 3.868594698751988581e+00
8.645088055387510906e+01 1.828354731016558077e+01 3.892535457417490186e+00
8.637656561582755899e+01 1.839749837556854928e+01 3.934781878066814453e+00
8.655947099549639745e+01 1.865416414599717854e+01 3.986651654679482792e+00
8.697406511169366183e+01 1.873525688422845192e+01 4.020579866012412573e+00
8.713864242342766886e+01 1.881243978400663153e+01 4.007130693912302810e+00
8.730705115278618678e+01 1.891423001949317850e+01 4.022680423920593107e+00
8.733009007192310946e+01 1.896891174295893023e+01 3.986573233850911002e+00
8.713349465618068734e+01 1.874924379915305650e+01 3.890149223633797337e+00
8.700144518384082915e+01 1.844305527548116785e+01 3.875669377786740366e+00
8.701496157379399676e+01 1.824130649100401058e+01 3.867401581860141935e+00
8.684965046716408210e+01 1.805474894131881314e+01 3.862410656270305331e+00
8.701222244628172575e+01 1.816854876655239792e+01 3.911227622056418163e+00
8.748514485447334721e+01 1.860944186776007570e+01 4.029553449396159337e+00
8.760428849902534409e+01 1.894854473348121360e+01 3.988220071250924370e+00
8.764858506419304263e+01 1.919765409692814373e+01 3.963170218009903323e+00
8.775281194685308606e+01 1.941453810131971025e+01 3.974496426250812231e+00
8.784630077748650478e+01 1.959765073603549013e+01 3.999994398512245031e+00
8.775807734534292592e+01 1.954016826869216317e+01 3.962783715354798453e+00
8.740630951580739350e+01 1.960364992942125539e+01 4.113519750845824774e+00
8.709763953305997575e+01 1.964100625126033606e+01 4.282471824516592029e+00
8.674060070354686047e+01 1.946917501288342223e+01 4.349163137729380679e+00
8.633672783491294922e+01 1.923222647935291718e+01 4.312109296229078126e+00
8.598954762384889250e+01 1.885110685398041852e+01 4.272417153996101113e+00
8.572597521901816719e+01 1.859255338217830555e+01 4.099538437408975611e+00
8.573925074499787513e+01 1.866463332661154695e+01 4.015051197598082489e+00
8.592782483027491480e+01 1.881668571172503590e+01 4.003865026551052253e+00
8.613858080706235398e+01 1.895079653155878319e+01 4.032533440881898024e+00
8.654631870224731927e+01 1.925298559297349499e+01 4.137813403239900545e+00
8.655753848222087754e+01 1.950005601487755058e+01 4.050615043355515255e+00
8.622090027111200072e+01 1.935292173601308363e+01 3.883405032376599397e+00
8.596379758463848475e+01 1.921610539759360137e+01 3.780477694875759020e+00
8.588581367211131123e+01 1.919065223723421099e+01 3.739704465506038300e+00
8.573694293204275141e+01 1.907021464901077579e+01 3.714072057538482241e+00
8.663748851695009989e+01 1.872562792677735288e+01 3.769532387802200457e+00
8.728970334520849406e+01 1.865569895364208719e+01 3.838514709506844813e+00
8.760421567968452905e+01 1.844387309269341912e+01 3.857352512827406876e+00
8.754706930160651268e+01 1.809250857027626580e+01 3.883152965427617787e+00
8.748431583428558156e+01 1.803709305191458867e+01 3.884323676368443667e+00
8.715394568797472630e+01 1.820274584929757467e+01 3.814854025229100998e+00
8.648279222961618018e+01 1.799106002554278305e+01 3.696780264838340990e+00
8.589989581232775606e+01 1.777152651744303213e+01 3.591724361990544789e+00
8.567281149873406321e+01 1.744761488651385761e+01 3.514031726826645219e+00
8.560307857767023165e+01 1.751461428155317890e+01 3.516037059442988166e+00
8.544311129035871488e+01 1.795329479509757675e+01 3.587948959243575153e+00
8.563840155945419497e+01 1.853826936434316863e+01 3.672060899374873788e+00
8.592250341690753146e+01 1.904864331966570390e+01 3.783911406869664429e+00
8.616363626179112600e+01 1.943551567296274030e+01 3.846418408729358696e+00
8.638716923214805377e+01 1.976696690641034238e+01 3.881175640250050574e+00
8.690887499719926268e+01 1.993718491631377177e+01 3.928474602854518327e+00
8.729896820595550366e+01 2.008043176267616658e+01 3.999238197665299754e+00
8.751688288409401650e+01 2.022773408617328883e+01 4.082890815800676698e+00
8.778111066299209142e+01 2.038090676883780361e+01 4.119664582913221906e+00
8.789637247652976271e+01 2.040487553494208228e+01 4.110153256704981217e+00
8.786767605476013898e+01 2.016900248706056331e+01 4.170974210750375555e+00
8.797049136250588219e+01 2.016683471129931959e+01 4.239228339046850813e+00
8.816572561672380459e+01 2.020172077703838198e+01 4.311997266473975188e+00
8.796472743160583718e+01 2.000917523694293365e+01 4.287804440859492416e+00
8.752634939840021389e+01 1.961159283905805495e+01 4.183314288274965875e+00
8.771577490981604797e+01 1.928318321346149489e+01 4.083837467231296259e+00
8.766274002375030250e+01 1.888297371781945344e+01 3.927079832403486570e+00
8.748431583428558156e+01 1.856676973404136177e+01 3.847885998521207274e+00
8.771164101185274831e+01 1.860801348838251457e+01 3.855991351302906267e+00
8.781764916761892437e+01 1.863892809930317540e+01 3.884738186462324272e+00
8.730064865228204951e+01 1.858910846720889154e+01 3.802301091169814740e+00
8.704782550245344908e+01 1.873382850485088724e+01 3.823878022002643817e+00
8.693652394075866141e+01 1.879351795836974404e+01 3.837668884855817808e+00
8.651627792341645318e+01 1.850213976832246487e+01 3.793495552418722383e+00
8.618167865385046866e+01 1.837480674867244801e+01 3.722435078756917815e+00
8.599148573861216960e+01 1.841555197060339211e+01 3.662723219287042475e+00
8.569655060384037881e+01 1.833176491676189102e+01 3.624179382043871023e+00
8.547795254419574462e+01 1.826237368645112014e+01 3.584313593690484190e+00
8.542285631063610651e+01 1.834418341511505446e+01 3.530023974367591855e+00
8.524843158342855531e+01 1.822551589702224817e+01 3.568679841365866690e+00
8.531913916336178261e+01 1.810021061593959502e+01 3.554978602316775316e+00
8.553400103067374971e+01 1.806724025901279518e+01 3.581714503372095848e+00
8.576706773318993271e+01 1.815544128520534883e+01 3.648344200219578504e+00
8.594552553158118258e+01 1.818979520960767005e+01 3.662695211848266741e+00
8.611268512917030193e+01 1.838109721942147701e+01 3.708112074567004868e+00
8.682643230041898619e+01 1.845991015213640907e+01 3.744734601510161021e+00
8.714341489099504656e+01 1.829119334095135585e+01 3.732400125473325669e+00
8.721998162712016267e+01 1.816681230534830149e+01 3.745518809795881587e+00
8.748513365149783283e+01 1.823592346127131236e+01 3.776411014765521656e+00
8.745392776321391182e+01 1.814646770182160296e+01 3.716155810983396979e+00
8.679141740046156883e+01 1.801067643566131338e+01 3.653884071609419415e+00
8.640155385270327315e+01 1.797534225090183924e+01 3.619552553158118968e+00
8.595884586946293382e+01 1.775812215724496568e+01 3.547086106069772260e+00
8.572400909681611836e+01 1.760336985503349538e+01 3.483598843852927285e+00
8.600560148775514335e+01 1.794628173242813318e+01 3.539680939257466630e+00
8.608579798794559679e+01 1.847122515740180759e+01 3.750173646120409376e+00
8.602986153122269286e+01 1.870653245502005291e+01 3.818831081535255745e+00
8.598578902556519665e+01 1.892730389191369156e+01 3.868185790145862946e+00
8.569016490779951312e+01 1.880944858954538290e+01 3.854697407631467065e+00
8.516535031704420078e+01 1.842810490466267836e+01 3.793590777710559969e+00
8.575730994152046094e+01 1.808508099751293940e+01 3.678698662364724203e+00
8.611942932042749987e+01 1.799404001702852440e+01 3.605504021868208397e+00
8.622096188747731560e+01 1.779450942170240424e+01 3.545181600233021868e+00
8.633209540453944442e+01 1.763130447446841842e+01 3.514687100893997496e+00
8.655827227711679939e+01 1.780595326118617194e+01 3.541277363267683942e+00
8.714489928525016182e+01 1.777326858013488220e+01 3.748728462279581564e+00
8.730153368734735864e+01 1.762810602496022838e+01 3.864696063274405624e+00
8.757540722815980416e+01 1.779804956196365850e+01 3.974255562277341003e+00
8.788901212161950127e+01 1.783207860007617995e+01 3.990034953283592145e+00
8.785978916000090067e+01 1.783626291142927656e+01 3.974434809885505793e+00
8.717997020008513687e+01 1.805115278618000829e+01 3.942114225538302819e+00
8.671677197463645825e+01 1.802468015504918242e+01 3.901901144944097233e+00
8.633065022069861527e+01 1.799020859940400285e+01 3.877786740158185808e+00
8.604737738343304443e+01 1.802227151531446836e+01 3.824863883847549939e+00
8.585461338531513320e+01 1.801199278528376979e+01 3.836335730770092489e+00
8.595342923080370667e+01 1.821984719141403986e+01 3.890502117362371504e+00
8.609833971902936867e+01 1.844532387802200191e+01 3.898601868656315084e+00
8.616132844883601649e+01 1.856298872980663717e+01 3.858377585086599115e+00
8.617045887387689618e+01 1.854360758217382710e+01 3.847801976204880070e+00
8.606806367771280009e+01 1.851172391387152416e+01 3.852619255674307297e+00
8.606143151621070331e+01 1.850471085120208059e+01 3.830409356725146264e+00
8.619585601935874308e+01 1.853537339517375671e+01 3.874061750801012671e+00
8.634252537473953737e+01 1.862107615782752035e+01 3.913871524276848035e+00
8.672035132531200929e+01 1.897645134547735779e+01 4.046733212341197650e+00
8.715177231072573250e+01 1.936446080078868803e+01 4.122112433062221193e+00
8.725073939638367904e+01 1.940796195469516761e+01 4.069239990141381824e+00
8.737797719074185920e+01 1.955968945351885324e+01 4.065727857318903737e+00
8.758112074567004868e+01 1.974262284062647055e+01 4.120684053684658288e+00
8.736288118124173252e+01 1.956489323564338534e+01 4.027049584369608581e+00
8.694321211713831588e+01 1.911047254150702557e+01 3.885130290605184555e+00
8.708147924088638092e+01 1.915392888351146183e+01 3.875467724227554811e+00
8.726408774170420202e+01 1.936503775402746896e+01 3.906236696466581559e+00
8.718716251036275366e+01 1.932606260222715022e+01 3.870185521274450480e+00
8.723883063341624222e+01 1.941207904819519925e+01 3.858792095180479720e+00
8.753792207210234722e+01 1.970701418296699714e+01 3.913160135331944289e+00
8.745374851560573859e+01 1.973448387891824041e+01 3.904472227823709840e+00
8.745785440613026651e+01 1.975696264927965018e+01 3.914493289417669164e+00
8.751589142076134920e+01 1.995907553046088978e+01 3.898153749635903331e+00
8.722551029553449098e+01 1.970559140507718965e+01 3.824074074074073959e+00
8.684361206336403427e+01 1.932744616970267160e+01 3.779049315498196115e+00
8.652294369384507888e+01 1.913574645425824983e+01 3.743395845936680733e+00
8.622689946449777665e+01 1.891020254979722637e+01 3.735805830028455343e+00
8.598899867804888686e+01 1.877310053550223046e+01 3.711607402926217159e+00
8.598488158454885877e+01 1.872098989491609089e+01 3.707535121328224825e+00
8.609253097622728035e+01 1.885691559678250684e+01 3.720020837534449232e+00
8.677269722838386201e+01 1.906494364903318228e+01 3.835254643633349225e+00
8.771384799802827104e+01 1.956454594340256747e+01 3.969511102148730597e+00
8.832335148215365450e+01 1.994565996728731250e+01 4.114634446909098742e+00
8.829595460554322983e+01 1.988981313436848808e+01 4.065789473684210620e+00
8.823081490443861696e+01 1.981780600927606528e+01 4.011785530236831043e+00
8.778286953014720950e+01 2.004890658959019589e+01 4.036644932894176918e+00
8.738449172100109763e+01 2.006038963948824971e+01 3.994348098855055706e+00
8.686627568282135314e+01 1.993652954224642215e+01 3.937061683583159777e+00
8.682075799332302779e+01 2.007820237054961865e+01 3.938887768591337935e+00
8.696735452936299282e+01 2.030520266182698208e+01 3.992880509063207128e+00
8.739663014496650817e+01 2.006543657995563734e+01 3.988108041495821432e+00
8.779640272456364869e+01 1.985256324079675494e+01 4.001310748134704554e+00
8.823051242409984241e+01 1.978710985637785313e+01 4.084543254688445479e+00
8.830002128565347164e+01 1.970822410432210958e+01 4.095533373664045129e+00
8.843880934776277059e+01 1.985086599000694463e+01 4.135343147139880493e+00
8.885238959467635311e+01 2.032633147363939941e+01 4.303617440792274706e+00
8.892250341690753146e+01 2.038822231184602529e+01 4.335120207927225522e+00
8.881189643969437952e+01 2.018923506083215713e+01 4.302922856310636313e+00
8.878598955882682731e+01 2.001271537720418436e+01 4.245395577065268711e+00
8.811434877103359042e+01 1.928187806681454575e+01 4.102496022943693532e+00
8.730468172346574818e+01 1.850347292240819286e+01 3.891824068472586440e+00
8.733729918666398362e+01 1.848438305213864652e+01 3.960750375299679771e+00
8.782842643005982097e+01 1.891255517465438984e+01 4.085058591561918639e+00
8.809365687526607758e+01 1.921952230512424009e+01 4.141482377719522212e+00
8.831494364903318228e+01 1.949460576729179095e+01 4.216038179740539071e+00
8.834739866908651607e+01 1.996114247944253961e+01 4.221981358248751093e+00
8.817301315229325098e+01 2.023972687145705862e+01 4.237654320987654266e+00
8.783270036521700774e+01 2.017945486321166726e+01 4.110242880509063390e+00
8.772745401178552527e+01 2.012474513230714024e+01 4.111637650960094703e+00
8.766240953597275620e+01 2.022902242835696995e+01 4.104557370437587949e+00
8.729248168313503697e+01 2.008615648316192903e+01 4.102283166408998483e+00
8.709041361385584423e+01 1.991903049449933860e+01 4.094973224888530439e+00
8.682410208151284792e+01 1.967106943604221314e+01 4.077815867894512891e+00
8.638156214290515322e+01 1.920254979722614408e+01 3.978887992650848027e+00
8.604568013264322701e+01 1.886235464139275564e+01 3.926446864287154614e+00
8.627370549617978668e+01 1.897812619031614645e+01 3.911597320248258125e+00
8.645083014048530856e+01 1.911791131724585924e+01 3.836022047455804440e+00
8.638886648293787118e+01 1.901837287983688540e+01 3.788896730971746063e+00
8.647601442943245331e+01 1.905493939190249009e+01 3.804760144294324409e+00
8.697561112231409197e+01 1.952080392552261756e+01 3.936316685711724883e+00
8.721999283009567705e+01 1.979501915708812376e+01 4.015594541910331827e+00
8.717279469427079164e+01 1.977279245367569516e+01 4.029727095516569157e+00
8.710998521207233125e+01 1.973749747933051069e+01 4.047523022114673630e+00
8.723544733481212177e+01 1.985279290179471801e+01 4.064142636284197252e+00
8.722800295758553091e+01 1.979280656942484029e+01 4.090391207904819915e+00
8.740675203334005516e+01 1.977350944410835609e+01 3.992678855504022017e+00
8.782251125899038868e+01 1.992392059330958176e+01 3.980254755663104049e+00
8.822051936994465393e+01 2.021453698102216023e+01 4.033373664045170059e+00
8.858023010911698236e+01 2.056795724944545256e+01 4.046688400439157007e+00
8.882846003898634990e+01 2.077748650041451128e+01 4.152041182137975461e+00
8.880339898276982069e+01 2.070431426586901580e+01 4.259651363402119806e+00
8.867546660393000479e+01 2.058365821962313191e+01 4.326723577782258801e+00
8.864273150948892521e+01 2.047333131679773999e+01 4.358976944276399479e+00
8.853310479263292621e+01 2.034167394860075007e+01 4.391678429790952798e+00
8.825068338150612135e+01 1.997597521901817075e+01 4.335047388586408701e+00
8.798353162599985922e+01 1.994180054222401566e+01 4.260827675830700656e+00
8.778517174161457604e+01 1.995816808944455545e+01 4.164224418005422201e+00
8.755863637382088882e+01 1.990885259124823392e+01 4.123888104680602851e+00
8.753854943873092509e+01 1.991587685689319187e+01 4.111917725347852048e+00
8.759619434921914660e+01 2.001367323161031564e+01 4.154337792117586581e+00
8.805630055342699336e+01 2.005777934619434788e+01 4.155290045035961555e+00
8.833565234926396670e+01 2.009631758194976570e+01 4.133321010060272194e+00
8.859826129820079643e+01 2.014875871031345866e+01 4.191027536913804141e+00
8.891285205350541787e+01 2.024684636239385327e+01 4.182978199009657061e+00
8.893857408527705388e+01 2.032486388384754861e+01 4.216643140418095292e+00
8.882223118460262867e+01 2.038183101431740241e+01 4.247406511169366183e+00
8.851700051533687486e+01 2.024314377898770090e+01 4.197939772803656489e+00
8.793231722345454671e+01 1.970633080146086868e+01 4.081378414106787034e+00
8.764883713114203090e+01 1.948716699155295728e+01 3.997451323071407714e+00
8.783720956285989701e+01 1.963273285384598310e+01 4.085657950751719447e+00
8.765728417467678923e+01 1.984400416750688834e+01 4.058838027380072155e+00
8.750793170666129583e+01 2.005499540678004067e+01 4.041372588559521084e+00
8.775174766417960370e+01 2.047837265577737398e+01 4.144383948376688664e+00
8.822097309045282998e+01 2.115331832134614842e+01 4.243098967085657591e+00
8.804867692859222927e+01 2.113291210145414567e+01 4.183941654903541973e+00
8.746823396294055897e+01 2.081912235889852170e+01 4.078712105935336396e+00
8.733503618561090320e+01 2.072262552934059343e+01 4.054519280320853625e+00
8.720602271963433338e+01 2.057538482220877896e+01 4.038941542873787149e+00
8.707291456610876423e+01 2.049648786717752103e+01 4.044515023190159653e+00
8.717401021711366127e+01 2.063678272949295334e+01 4.147492774080795641e+00
8.775374739530819568e+01 2.083383746723129804e+01 4.263241917053169239e+00
8.814494969863996232e+01 2.080642938764535899e+01 4.302345903071856270e+00
8.831324639824337908e+01 2.073967645806726168e+01 4.324538997557751507e+00
8.853148036118392383e+01 2.084310232797831119e+01 4.347107391723241676e+00
8.858224104322107451e+01 2.085823754789272044e+01 4.342390939033407449e+00
8.815108892921959693e+01 2.085719006968250611e+01 4.321390961439358414e+00
8.783882839282112798e+01 2.082947390827003531e+01 4.247232865048957251e+00
8.763865922789092622e+01 2.073603549102641708e+01 4.188663709081131614e+00
8.732569850552306434e+01 2.053848222087786368e+01 4.124868365037754003e+00
8.739078219175013373e+01 2.074689117429589302e+01 4.210520714301718925e+00
8.761846026304586132e+01 2.092506329681163280e+01 4.224894131881427484e+00
8.772198695973651184e+01 2.090280298447267526e+01 4.197738119244471378e+00
8.794411955815463955e+01 2.099294212542851312e+01 4.237447065940713742e+00
8.801698931236136048e+01 2.106005355022293912e+01 4.197715713293450612e+00
8.775049853241020514e+01 2.084705697833344473e+01 4.094463489502811804e+00
8.792539378458918975e+01 2.040394008648697266e+01 4.124257802872443257e+00
8.796536600120991523e+01 1.986407989962133769e+01 4.080655822186372461e+00
8.774714324124487064e+01 1.930864197530864246e+01 3.998353162599986632e+00
8.775064417109183523e+01 1.917221774103201781e+01 3.985077636620286246e+00
8.815140821402164306e+01 1.956094418677600899e+01 4.161726154466625971e+00
8.847100109789160172e+01 1.996414487687929906e+01 4.211831462436423479e+00
8.851427259080011822e+01 2.020766955703434675e+01 4.142585870807286241e+00
8.844763729246487571e+01 2.041915932871770778e+01 4.153884071609419415e+00
8.846696242522013165e+01 2.053722748762071149e+01 4.149968631668571106e+00
8.822176850171405249e+01 2.044990589500571332e+01 4.117227935739732558e+00
8.742888911294839716e+01 2.032464542582509992e+01 4.102019896484506489e+00
8.711183930451927893e+01 2.037908628531738131e+01 4.057280813784140960e+00
8.669033295243217196e+01 2.015390087607268654e+01 4.018019986108310349e+00
8.642059891107078329e+01 2.002586206896551602e+01 3.962582061795612898e+00
8.650803253344088262e+01 2.010612578700903086e+01 4.002929578095942631e+00
8.686220340122336836e+01 2.036527301651318567e+01 4.078308798816966174e+00
8.735166700275593143e+01 2.068972799175460864e+01 4.190013667630122285e+00
8.781574466178217619e+01 2.113808787613990248e+01 4.302855638457574017e+00
8.801398131343684383e+01 2.138002733526024457e+01 4.356181801886581439e+00
8.784091214626604938e+01 2.118053034886065689e+01 4.313957787188277493e+00
8.796183706392417889e+01 2.116102596849723128e+01 4.353330644619211043e+00
8.790755304608903486e+01 2.105454728775962892e+01 4.335501109094575867e+00
8.736898120140709523e+01 2.037895184961125850e+01 4.217001635634424872e+00
8.703382178306557648e+01 1.985189666375389450e+01 4.082084201563935366e+00
8.701933633573077032e+01 1.981997938652506264e+01 4.080924693598619868e+00
8.726889381819810865e+01 1.987301427259080100e+01 4.061465125137236676e+00
8.764433353498689883e+01 2.006730747686585659e+01 4.068511796733212726e+00
8.828463399879008477e+01 2.046000537742824577e+01 4.169248952521789953e+00
8.839473124061750298e+01 2.069461248907709816e+01 4.198326275458762247e+00
8.861013085075396134e+01 2.083841388272725226e+01 4.260474782102126490e+00
8.867816652102798969e+01 2.098451188635701570e+01 4.254201115816361067e+00
8.855159530371265930e+01 2.091151329793192915e+01 4.283401671483946238e+00
8.836397907284174380e+01 2.078513253120028637e+01 4.252503865026550756e+00
8.829891779256570317e+01 2.078108265555331613e+01 4.220272904483430843e+00
8.826079966839192537e+01 2.075917523694293365e+01 4.200835741973068416e+00
8.796470502565480842e+01 2.042485604176469138e+01 4.157244964262508446e+00
8.788686115032152202e+01 2.032425892316999239e+01 4.099964150478367486e+00
8.800677780018372687e+01 2.042070533933812726e+01 4.128682978199009312e+00
8.839330286123994540e+01 2.071514194169971645e+01 4.189011001321951255e+00
8.834818847885998139e+01 2.075641370347964454e+01 4.206370011875153914e+00
8.866217987497479669e+01 2.084128184445788889e+01 4.251764468642871719e+00
8.921438574085277651e+01 2.115254531603594046e+01 4.389589074858282203e+00
8.942147834464833522e+01 2.107383881158835948e+01 4.378985458537787423e+00
8.929550088503506799e+01 2.089819856153794575e+01 4.267504649234837188e+00
8.908924290291501791e+01 2.059169635455176817e+01 4.228154197754923516e+00
8.803505971185947487e+01 2.070842575788129380e+01 4.165708812260536575e+00
8.711566512065604684e+01 2.063026259774596127e+01 4.100294638255920887e+00
8.626394210302255772e+01 2.030015011987183726e+01 4.016664426071564264e+00
8.594639376218323434e+01 2.030092872666980242e+01 4.001630032936748016e+00
8.626481593511236667e+01 2.073256817010598141e+01 4.130570679572494797e+00
8.717841858797696375e+01 2.058944455647419858e+01 4.214273711097667352e+00
8.798104456543657648e+01 2.065590060720127141e+01 4.279486231543097929e+00
8.875233582039389546e+01 2.098020434227330711e+01 4.419198539131993897e+00
8.959097936411910723e+01 2.145873383970782555e+01 4.582728372655777704e+00
8.973775514776724549e+01 2.158138961708229786e+01 4.617059891107078151e+00
8.929511998386772120e+01 2.170798884183639288e+01 4.581400820057806911e+00
8.912182115569895302e+01 2.204835764379019025e+01 4.590710492706863377e+00
8.894600725952813036e+01 2.220039322444041119e+01 4.596468822119154751e+00
8.878073536331250182e+01 2.218815397369541387e+01 4.608315968721292677e+00
8.898929555689991844e+01 2.245419103313840026e+01 4.666437005668705673e+00
9.005609889986780559e+01 2.284411619726199305e+01 4.767667092379736182e+00
9.046719768770584835e+01 2.291415720015235991e+01 4.768333669422598398e+00
9.099779861531222025e+01 2.315350877192982537e+01 4.858713674351907486e+00
9.121418408729358873e+01 2.331377853958011315e+01 4.906847258631892750e+00
9.091674508749524364e+01 2.304338912415137486e+01 4.813957787188277493e+00
9.089305639577871432e+01 2.279013465976563424e+01 4.798889785126929652e+00
9.105487217404942157e+01 2.283286280836190230e+01 4.827703838139409953e+00
9.101275458761847403e+01 2.274196186507136375e+01 4.818663036902600894e+00
9.111463444690909341e+01 2.271748336358136555e+01 4.848418139857946230e+00
9.142606036163205374e+01 2.310587372006004969e+01 4.991272882077479878e+00
9.146013981313436148e+01 2.365715534045842716e+01 5.145722703950169397e+00
9.142269946897896205e+01 2.395936680782415706e+01 5.255875960655149726e+00
9.138315296542761246e+01 2.424654388205507516e+01 5.345841455490578653e+00
9.148746947189172829e+01 2.440674643185230153e+01 5.363060428849902195e+00
9.136187851493356504e+01 2.433695749591091229e+01 5.364875310882569970e+00
9.168256929040353498e+01 2.425847505097353718e+01 5.329384284465954025e+00
9.222259192041406095e+01 2.449663350585915467e+01 5.400159082252246279e+00
9.262323833210101043e+01 2.461652774977033786e+01 5.409804844166610671e+00
9.266321054872173590e+01 2.456520691895767428e+01 5.375697385225516101e+00
9.285404763505187020e+01 2.463667630122560581e+01 5.449995518809795492e+00
9.356759875422912387e+01 2.497592480562837380e+01 5.639269790056238740e+00
9.406950886155362923e+01 2.530176894983307534e+01 5.857128453317201000e+00
9.458154645873943878e+01 2.582411328448835874e+01 6.071967914678138456e+00
9.500802693195312543e+01 2.600541103717147351e+01 6.167131590150344067e+00
9.491252156572785736e+01 2.582016983710873603e+01 6.116001209921354764e+00
9.483768008783133041e+01 2.572397548788958233e+01 5.960352669669064518e+00
9.508849790504358168e+01 2.599295332840402395e+01 5.947542067173040792e+00
9.502151531446752131e+01 2.596173623714458500e+01 5.814775604400528763e+00
9.481806927920055728e+01 2.574211310524075103e+01 5.755231789563308276e+00
9.501068763863682420e+01 2.588853039367256059e+01 5.845824651027312413e+00
9.533934372969460469e+01 2.648356523492639525e+01 6.124862763549998590e+00
9.539312921511952936e+01 2.660355470412941514e+01 6.145145750711389354e+00
9.506406421545563035e+01 2.649159216687952423e+01 6.042856982814635458e+00
9.485112365844368298e+01 2.635744213663149083e+01 6.041899128408505071e+00
9.437146266048262078e+01 2.586025968497232697e+01 5.868281015437700532e+00
9.465191234791960539e+01 2.522370101498957951e+01 5.712957361475207385e+00
9.500102507225919624e+01 2.526271537720418436e+01 5.732753019201900280e+00
9.579448141426362895e+01 2.579709170755752723e+01 5.927275884474916268e+00
9.619647218301180658e+01 2.606898792319239888e+01 5.962150747238466941e+00
9.631125787009030148e+01 2.621007819676906081e+01 6.038947144361542563e+00
9.606683695189441607e+01 2.675634648562658313e+01 6.177281485962671681e+00
9.591962985368914474e+01 2.731423226008827854e+01 6.346300777486500344e+00
9.569537429141179530e+01 2.739418229481750444e+01 6.353123389572270518e+00
9.546993121373036217e+01 2.733427438327619896e+01 6.263415563173579059e+00
9.549410723488158226e+01 2.747784051444063635e+01 6.358534426743743140e+00
9.623303869507741126e+01 2.787545091976429035e+01 6.473056843897738943e+00
9.670010754856490109e+01 2.812543971678877952e+01 6.530309650243104613e+00
9.702863480540430885e+01 2.838718603661132533e+01 6.676642916358584756e+00
9.774584369608568579e+01 2.878077457372678083e+01 6.836783849790504242e+00
9.766078510452376804e+01 2.869118998005870225e+01 6.785322981783961538e+00
9.714396943828280939e+01 2.829285698281463723e+01 6.588789182406847189e+00
9.714712867737671331e+01 2.826613788622258028e+01 6.547663059308552747e+00
9.730567878828617268e+01 2.840669601846250458e+01 6.587797719074186098e+00
9.718468665277497109e+01 2.823005310210391983e+01 6.499311017006117019e+00
9.723206403620801552e+01 2.830115838766776548e+01 6.547892720306513148e+00
9.735642266586005178e+01 2.874256122426116278e+01 6.678805090632072172e+00
9.769801259214447953e+01 2.938727005892765121e+01 6.862954000582554670e+00
9.796460980036297883e+01 2.983388788062109143e+01 6.981649526114136250e+00
9.817988617776882165e+01 3.015419215343595383e+01 7.101689408706952200e+00
9.824990477470815620e+01 3.024529475028567660e+01 7.084050323765992196e+00
9.876614348771033747e+01 3.047077143689363865e+01 7.181079294660661638e+00
9.939088301852972052e+01 3.087333355739284357e+01 7.289227218749299908e+00
9.914734713539915845e+01 3.069158208420156342e+01 7.099964150478367486e+00
9.910977795702538629e+01 3.058239228339046889e+01 7.126996930384709827e+00
9.917305796419529429e+01 3.073508323810804299e+01 7.177824830274921020e+00
9.860945867222334016e+01 3.028377136967578664e+01 7.023935157177746191e+00
9.808929891779256138e+01 2.953302077031659678e+01 6.811364298357643676e+00
9.778070735587371587e+01 2.910559924716004687e+01 6.711120073491519733e+00
9.764175124913177228e+01 2.894560395240975836e+01 6.642367412784835778e+00
9.820339562187716353e+01 2.945976451345477187e+01 6.883158566915372312e+00
9.826897784051443807e+01 2.995214649010777208e+01 7.003764199771459253e+00
9.793233402791781828e+01 3.000019045058367340e+01 6.907418610382917379e+00
9.791119961461764376e+01 3.013865362640317258e+01 6.960935224395599086e+00
9.826447424435930600e+01 3.049042705742645154e+01 7.214856265824202808e+00
9.809683291882323886e+01 3.046367995339562285e+01 7.111441598888665006e+00
9.798317873227128416e+01 3.045824651027312768e+01 7.059667047567834253e+00
9.827173937397772363e+01 3.082066836951894473e+01 7.222429477269162845e+00
9.859749389437834566e+01 3.107596737693531352e+01 7.307516076269857663e+00
9.860976675404987191e+01 3.115515560932983874e+01 7.261202975510295587e+00
9.858284040241088064e+01 3.117194326813201499e+01 7.340626470390535729e+00
9.900561269073065773e+01 3.155256996258206215e+01 7.498980529228562730e+00
9.940806838296251158e+01 3.198105016692433367e+01 7.782275772445161444e+00
9.921663193744258535e+01 3.183886200174766401e+01 7.715562053281351140e+00
9.903167641325535442e+01 3.168260850081781754e+01 7.685543680401514699e+00
9.920519930093432492e+01 3.184369608568035659e+01 7.793786829781989667e+00
9.933079585938024536e+01 3.192673254016266782e+01 7.831165557572091096e+00
9.936927247877035541e+01 3.189424951267056585e+01 7.631808608366382529e+00
9.962959041921534720e+01 3.210668593578454733e+01 7.557762541731083417e+00
9.989266429163585315e+01 3.233212901346597334e+01 7.686087024713764038e+00
9.972363379713651454e+01 3.218035110125249076e+01 7.522405951020591175e+00
9.991994353700343368e+01 3.233245389975577666e+01 7.560949788263762628e+00
1.007716721561246658e+02 3.285781743631108753e+01 7.911558109833971564e+00
1.013636429835764403e+02 3.333872196455378401e+01 8.235766619614169670e+00
1.019919226546570741e+02 3.382547444601286202e+01 8.449659429544487566e+00
1.024201227846115927e+02 3.419712195559140611e+01 8.680743205395353712e+00
1.028172850709148349e+02 3.461214178485806059e+01 8.907340189554345145e+00
1.027673870179919788e+02 3.474563644103874083e+01 8.930328695301472663e+00
1.023876733660460161e+02 3.453767560664112324e+01 8.797808697990186388e+00
1.024670688534874898e+02 3.473492639645089497e+01 8.809146109206604791e+00
1.027835361071900735e+02 3.500790369922251699e+01 8.985072035132530388e+00
1.025490746342228476e+02 3.484564540341914807e+01 8.897274316058345178e+00
1.024391734444668458e+02 3.449567565145302694e+01 8.900876072684905438e+00
1.026677477538034111e+02 3.452168896058793024e+01 9.090391207904819026e+00
1.024768658555712335e+02 3.410109004951715406e+01 8.944926172391387098e+00
1.019257074679034787e+02 3.351364522417154035e+01 8.721538840716094754e+00
1.022900898478635980e+02 3.371904617866505305e+01 8.859677130245792398e+00
1.028004638031861333e+02 3.454997087226367114e+01 9.136911563711322515e+00
1.028609710739172272e+02 3.486228742353969068e+01 9.092783043176266844e+00
1.029282169344177760e+02 3.493307342430149731e+01 9.052603571508592850e+00
1.030783984226210492e+02 3.512549013017857646e+01 9.105974546839640027e+00
1.030333792655329290e+02 3.486191212386009397e+01 9.001512401693890553e+00
1.032298458470569784e+02 3.482424772019448511e+01 9.065895901951558145e+00
1.037942741592166840e+02 3.525239183527144604e+01 9.289053572628890976e+00
1.036996706325199966e+02 3.513998678048889701e+01 9.218962156348725401e+00
1.033960475902399736e+02 3.484570141829669865e+01 8.999316618493871545e+00
1.035841567520333371e+02 3.489413188142770395e+01 9.042291232551365354e+00
1.029535244560955363e+02 3.499904214559386872e+01 8.931583428558624860e+00
1.015418151060921730e+02 3.422475409468754748e+01 8.433387107615782696e+00
1.012629786471286764e+02 3.407608500817817543e+01 8.283312047679864065e+00
1.015207871210593567e+02 3.454247608164728689e+01 8.438753332885214675e+00
1.017262945038202133e+02 3.495697497255270747e+01 8.517896753377696584e+00
1.018842284510766092e+02 3.476741502543075768e+01 8.567357890255651753e+00
1.020835685958190453e+02 3.460126369563756299e+01 8.644832067397100417e+00
1.028950281194685346e+02 3.501522484371849231e+01 8.965080325334408684e+00
1.028452252918375081e+02 3.485953709305191239e+01 8.907368196993122211e+00
1.025794234948802455e+02 3.464608119916649542e+01 8.857722211019247283e+00
1.020602327978311052e+02 3.443969438282807971e+01 8.712598866258877806e+00
1.018123221527637696e+02 3.439582353072976417e+01 8.582392283390468890e+00
1.008772209898949228e+02 3.365354798234410794e+01 8.254666039300037284e+00
1.001743239004279502e+02 3.318416571441375140e+01 7.969606327440568627e+00
1.005611514418229433e+02 3.368050234142188515e+01 8.154903542380855797e+00
1.017366796621182630e+02 3.456504447581277617e+01 8.592715825323205436e+00
1.020809134906231037e+02 3.482084201563935721e+01 8.669002487060563311e+00
1.023388451972843995e+02 3.497911205216105657e+01 8.677012614550424274e+00
1.024542022361139146e+02 3.512706974972552842e+01 8.752520669489816996e+00
1.019331574466178267e+02 3.475350092984696460e+01 8.586683023010911242e+00
1.016348334117541583e+02 3.445126705653021304e+01 8.529839125271672984e+00
1.020184961125675045e+02 3.473788958347336830e+01 8.844261835943626693e+00
1.026147744841029805e+02 3.516970827451770987e+01 9.109497882637628052e+00
1.028084403217494582e+02 3.523740225403867043e+01 9.213405480495620026e+00
1.028971678877909994e+02 3.535051309627836957e+01 9.333322130357823099e+00
1.051523268580134953e+02 3.660754856489883480e+01 1.029391566400035884e+01
1.095015796195469449e+02 3.962526046918061695e+01 1.240061840424816886e+01
1.135939033407272944e+02 4.273862897985704734e+01 1.453667854182070762e+01
1.156378078017521460e+02 4.430450247585758916e+01 1.570228652730165209e+01
1.143699278528377192e+02 4.314384620555219385e+01 1.477899330062064465e+01
1.085141717640205172e+02 3.813640182832560299e+01 1.113079473908270067e+01
1.028533866594967634e+02 3.339137594945217558e+01 8.273979969079787722e+00
1.047124532275772424e+02 3.504194394031054571e+01 9.078874549080236278e+00
1.069322500056014889e+02 3.714708386547467001e+01 1.015453384418901628e+01
1.081718816517667108e+02 3.832178866706997411e+01 1.068274293652394036e+01
1.084768042392059328e+02 3.855839550984741493e+01 1.109679370840895274e+01
1.077957921623983282e+02 3.814795769756447186e+01 1.092901794716676811e+01
1.070343987363043681e+02 3.740344715556452115e+01 1.068251887701373448e+01
1.080987990410253019e+02 3.833314288274965520e+01 1.129585938025139491e+01
1.094383108153525512e+02 3.945535614259146939e+01 1.208000044811902107e+01
1.091046133853151332e+02 4.026153906477560440e+01 1.223116779816719379e+01
1.098086811857229321e+02 4.164475364656853174e+01 1.280677667988617863e+01
1.113192567946046410e+02 4.336782729492953337e+01 1.384696735452936345e+01
1.113251607626985731e+02 4.351773991172055389e+01 1.380525867670453266e+01
1.089638592010037854e+02 4.170658286840984630e+01 1.254445900831260730e+01
1.091582644350339422e+02 4.094980506822611943e+01 1.209049763617216655e+01
1.126280668145459458e+02 4.333673903788846360e+01 1.376659160673074744e+01
1.168249535076516281e+02 4.683714234500683204e+01 1.613609374649907124e+01
1.187801248011471813e+02 4.834810445654365907e+01 1.727157132934507544e+01
1.187632139096143931e+02 4.824365911586117051e+01 1.720902511707109284e+01
1.188788342183683966e+02 4.832829199435369816e+01 1.731925119311689087e+01
1.194970368129775267e+02 4.891005130962783909e+01 1.789907799511550124e+01
1.188792935403643156e+02 4.830210503909838593e+01 1.765976563375232544e+01
1.166970547377383411e+02 4.675797651856333204e+01 1.662830207703165897e+01
1.158030909009432889e+02 4.609350003360892600e+01 1.613105240751943725e+01
1.165936288678272916e+02 4.673183997669781320e+01 1.650024646546122753e+01
1.181217035244560947e+02 4.794017050928726320e+01 1.749041025296318708e+01
1.182719690349756831e+02 4.810335865205798456e+01 1.745504245927718401e+01
1.174979274495305930e+02 4.744531267504649463e+01 1.679096367995339634e+01
1.170887051600905266e+02 4.698762631354887986e+01 1.627751450785328657e+01
1.187455076068203681e+02 4.800114270350204748e+01 1.725748358764087698e+01
1.211462884542134333e+02 5.015549169859514933e+01 1.899919898725101319e+01
1.230711556989536462e+02 5.227287087450427094e+01 2.054752862360242815e+01
1.248610887051600855e+02 5.420044923931796177e+01 2.232241043221079480e+01
1.254806076493916720e+02 5.490493154981962931e+01 2.311160404203356578e+01
1.231539736954134980e+02 5.457450538863122347e+01 2.228499249400640636e+01
1.205947043534762884e+02 5.332838721964553486e+01 2.058334453630884298e+01
1.183906253500929893e+02 5.194918330308529875e+01 1.906211489771683532e+01
1.163965741300889505e+02 5.029559611032690469e+01 1.763933700790930104e+01
1.153343696085680392e+02 4.934095135668033549e+01 1.682151979565772493e+01
1.162910813111962511e+02 4.976754946113688050e+01 1.702971029105330203e+01
1.188242253142434635e+02 5.144973785037306158e+01 1.851023391812865526e+01
1.218280119199659453e+02 5.374571486186731306e+01 2.048271380878761505e+01
1.242611469606327432e+02 5.585929062759068842e+01 2.232848244493737511e+01
1.247222670341242576e+02 5.616226949877887620e+01 2.268571732652192452e+01
1.234598765432098730e+02 5.473017073334677463e+01 2.167309717460957685e+01
1.204704857610181250e+02 5.202285967152875656e+01 1.938548318433375783e+01
1.156448712778113901e+02 4.761175528220295661e+01 1.572627769935694886e+01
1.105310714525778053e+02 4.240464027245636203e+01 1.226883220183280621e+01
1.099293316304810588e+02 4.170388855279962570e+01 1.193012704174228666e+01
1.121753097622728603e+02 4.375881114023884777e+01 1.325636329008984760e+01
1.137771560126369508e+02 4.520714861867311640e+01 1.417663731487082934e+01
1.137025049853240972e+02 4.510621541081311392e+01 1.397371221796509211e+01
1.125091416280163941e+02 4.411663417803768539e+01 1.346338867603235379e+01
1.112714873070287496e+02 4.293566691313213113e+01 1.275333288521431285e+01
1.105465651677085503e+02 4.174307095964687875e+01 1.223817525934888373e+01
1.103495440388967239e+02 4.136297080504581913e+01 1.196621742734870431e+01
1.104134178037686809e+02 4.112539490488673977e+01 1.198052922856310687e+01
1.102921792027962624e+02 4.083939414308440519e+01 1.186699827474177127e+01
1.101602865721135487e+02 4.069926732540162817e+01 1.178834778517174087e+01
1.103745658846989812e+02 4.084208285720687570e+01 1.204640272456364336e+01
1.107929185991799415e+02 4.116012412896865413e+01 1.230722479890659038e+01
1.109491160852322338e+02 4.131746431852300105e+01 1.244896484506284828e+01
1.107886726714615406e+02 4.121258766328336520e+01 1.239674777620936119e+01
1.104412740023750246e+02 4.092065492594833387e+01 1.225872151643476471e+01
1.105696881091617882e+02 4.083221303578230277e+01 1.217713024579328263e+01
1.106991440926710197e+02 4.085213192623960765e+01 1.201418296699603339e+01
1.105562053281351496e+02 4.057508234187000085e+01 1.181624879568013320e+01
1.105423528489166785e+02 4.056377293809235596e+01 1.171809952723443260e+01
1.107354193273733500e+02 4.055921892854742339e+01 1.176886020927158327e+01
1.102906892070533900e+02 4.021105845712621374e+01 1.163496784746028467e+01
1.100242824494185641e+02 4.018451860814231935e+01 1.155659743227801250e+01
1.100766955703434888e+02 4.030376307947391012e+01 1.167274988236875721e+01
1.096098395733906870e+02 3.986941251596424252e+01 1.145392776321391004e+01
1.093317369093231122e+02 3.964247944253993694e+01 1.133824583809459874e+01
1.093131903833658214e+02 3.985385158298043962e+01 1.145591629136698764e+01
1.093585848401335454e+02 3.995892429029149895e+01 1.154787031435549238e+01
1.092430709596468859e+02 3.995001792476081448e+01 1.158471129932109989e+01
1.092766350742757311e+02 4.002389034527570288e+01 1.162202280925813902e+01
1.092398669086509386e+02 3.997044094911608170e+01 1.160469180614371254e+01
1.091280500100826742e+02 3.993108489614841972e+01 1.158956218771705693e+01
1.087397212699693085e+02 3.952564921243082097e+01 1.138193184109699452e+01
1.080494891443167376e+02 3.856708901884340435e+01 1.075865990006945871e+01
1.074087237570298612e+02 3.798025475566310405e+01 1.054017947166767577e+01
1.074828258385427233e+02 3.788868723532970506e+01 1.064408146803791055e+01
1.077671293495552476e+02 3.811773767112545386e+01 1.076647397548788909e+01
1.079212766910891474e+02 3.827923416459411499e+01 1.087255495059487842e+01
1.082084481638323155e+02 3.852490421455938474e+01 1.102217068853487447e+01
1.090265230445206299e+02 3.938881046806031350e+01 1.152189621563487343e+01
1.096179393246846416e+02 4.018804754542806279e+01 1.192019560395240951e+01
1.090580482176065971e+02 4.009907911541305481e+01 1.171686159844054664e+01
1.086510385158298106e+02 4.006759315274136668e+01 1.153781564383500324e+01
1.090086318926306888e+02 4.065749703121149139e+01 1.179859290627590696e+01
1.089585321861486449e+02 4.076920750151240469e+01 1.190174430328695365e+01
1.087704734377450677e+02 4.063184221729291323e+01 1.178995541215746989e+01
1.091284701216643072e+02 4.076685487665523766e+01 1.169996751137101931e+01
1.093876677645582731e+02 4.074557482467343306e+01 1.162824606215410839e+01
1.090259965046716388e+02 4.029724854921467170e+01 1.135936344693150524e+01
1.089782942349488053e+02 4.019763169097712563e+01 1.128167081176760611e+01
1.091707725571911851e+02 4.029738298492079451e+01 1.126374605095113246e+01
1.091690753064013819e+02 4.032968676480473391e+01 1.139080459770115006e+01
1.092068629427976134e+02 4.045694696511393573e+01 1.151430059823889174e+01
1.095672962738903493e+02 4.089508973583383522e+01 1.188346104725415131e+01
1.094733369182854972e+02 4.088574085277049619e+01 1.186314445116622984e+01
1.091698483117115899e+02 4.064736393986243002e+01 1.177810826555533197e+01
1.097923864578432074e+02 4.034045842575788043e+01 1.175153480764491043e+01
1.103171170262821761e+02 4.017128229257691174e+01 1.184893907821917480e+01
1.104873014272590837e+02 3.994300486209137091e+01 1.181902713360668677e+01
1.108147027850597084e+02 4.004299141852075650e+01 1.189907799511550301e+01
1.103860825435235569e+02 4.068264771123210011e+01 1.201363402119602952e+01
1.096788106921198249e+02 4.087283502498263488e+01 1.189298917792565646e+01
1.082304620107100419e+02 4.023785597454683938e+01 1.143875333288521468e+01
1.066759595348524527e+02 3.919606327440568094e+01 1.080541551836167713e+01
1.064040409132665701e+02 3.902937420178799499e+01 1.069567117026282155e+01
1.066432076359481016e+02 3.858322130357822743e+01 1.062170912594385008e+01
1.066853028164280488e+02 3.815694808541148575e+01 1.054877775537182671e+01
1.069394479173668486e+02 3.805125361295959863e+01 1.058015168828841013e+01
1.074084324796666010e+02 3.821114808093029325e+01 1.081484282225359017e+01
1.073181477000291295e+02 3.808981985615379529e+01 1.073805202661826996e+01
1.069474076314669162e+02 3.785948667966211900e+01 1.060976675404987546e+01
1.066078958571396527e+02 3.783410633864354367e+01 1.059936479128856668e+01
1.059838789182406913e+02 3.752493222199816358e+01 1.035491026416616300e+01
1.056782785507830909e+02 3.730274360870247108e+01 1.018234523089332555e+01
1.058906029441419605e+02 3.766678989939727984e+01 1.035581210369474192e+01
1.062219589522977259e+02 3.805506822612085926e+01 1.064177365508279038e+01
1.055301528085859673e+02 3.810300575832940950e+01 1.038004413972351081e+01
1.050709092334924151e+02 3.820000112029755002e+01 1.020451591942820002e+01
1.049311073020994343e+02 3.837455468172346684e+01 1.017775201093410331e+01
1.045324102081512905e+02 3.813085075396025303e+01 1.008903564786807294e+01
1.045783816181577777e+02 3.782612421859246155e+01 9.900988102440008376e+00
1.048756469718357209e+02 3.780756648965965638e+01 9.946320942842419299e+00
1.052795590508839183e+02 3.810851202079272326e+01 1.010614819296005074e+01
1.052670061168246320e+02 3.801357240483072530e+01 1.003117227935739741e+01
1.050974994958661028e+02 3.787295825771325042e+01 9.977823709977370115e+00
1.052654545047164589e+02 3.796271649750173793e+01 1.006084896148417052e+01
1.056301169590643241e+02 3.783357419730680249e+01 1.015358159127064219e+01
1.057341701956039515e+02 3.767999260603616563e+01 1.019075306401380132e+01
1.057989289955412175e+02 3.757227599650467198e+01 1.021150097465887008e+01
1.057804664919002420e+02 3.739982859447469110e+01 1.012258855952140912e+01
1.056953350809975092e+02 3.722345454952835553e+01 1.011378862225807218e+01
1.055066545674531113e+02 3.728874549080235568e+01 1.012091371468262047e+01
1.052246364634446962e+02 3.732624745132306998e+01 1.007025385942506368e+01
1.047905939817615604e+02 3.715763706840537139e+01 9.940898702695436739e+00
1.046861318366158002e+02 3.716394994510542205e+01 9.988836234903990530e+00
1.042818612623512848e+02 3.704559050883914750e+01 9.934445788801506083e+00
1.038290537966883988e+02 3.682599538437408881e+01 9.778091461092065728e+00
1.037461181689856886e+02 3.694937935515672933e+01 9.820001792476082514e+00
1.036396226837848076e+02 3.693627187380968735e+01 9.831271985839439509e+00
1.032163406600793110e+02 3.661706549259483268e+01 9.638743250207255642e+00
1.036967074454975233e+02 3.634337119939056038e+01 9.539602518428894840e+00
1.041782785507830909e+02 3.632941229190473109e+01 9.595107660594653254e+00
1.044615009746588754e+02 3.629711411350854888e+01 9.655743765544128721e+00
1.044047691066747348e+02 3.611275794851112408e+01 9.538779099728888156e+00
1.043210212632475162e+02 3.590167708543388869e+01 9.476877058546749666e+00
1.039214223297707917e+02 3.571271649750173793e+01 9.296195469516703724e+00
1.031999731128587712e+02 3.515364880912370182e+01 9.116320494723398227e+00
1.028878974255562326e+02 3.490029911944612451e+01 9.012340077524591209e+00
1.029202124084156793e+02 3.501194237189397285e+01 9.052121843561650394e+00
1.027756548139185782e+02 3.504061638771257492e+01 9.008396630144966721e+00
1.024731184602630520e+02 3.470388295131186851e+01 8.927998476395330840e+00
1.024724182742936591e+02 3.469065783872196107e+01 8.857134054804955525e+00
1.025417646927023867e+02 3.482267370213529034e+01 8.798822567273868245e+00
1.022957921623983282e+02 3.456844457888015398e+01 8.650646411686944148e+00
1.016610651789115138e+02 3.396332145817929415e+01 8.322197575676099746e+00
1.003079585938025104e+02 3.349155855795299175e+01 8.086425354574174662e+00
9.942673814165041790e+01 3.313891689632766457e+01 7.884357285294973927e+00
9.859558378705384030e+01 3.260002576684367170e+01 7.666341780376868087e+00
9.781111783289641437e+01 3.204426855772893390e+01 7.352243955994712366e+00
9.771619502139768088e+01 3.206938562882301369e+01 7.331568864690462206e+00
9.794814142636283805e+01 3.234474356389056737e+01 7.522742040285899989e+00
9.841802782819117112e+01 3.216244314489928513e+01 7.570063408841388508e+00
9.846015661759763304e+01 3.173930115838766852e+01 7.443480988550558841e+00
9.830949900293518340e+01 3.125514216575922433e+01 7.244398512244852206e+00
9.814302838833994258e+01 3.105777374470659424e+01 7.134446909099056988e+00
9.790158746162980208e+01 3.108064461921086163e+01 7.174318298940198346e+00
9.781848939078219018e+01 3.123927315094889323e+01 7.264216575922564978e+00
9.769011449440971262e+01 3.121668795232013593e+01 7.337887342878268271e+00
9.737810602496023193e+01 3.099626380766731515e+01 7.268115211400147935e+00
9.735160538639063077e+01 3.105191458851470898e+01 7.276153346328785076e+00
9.775620084694494949e+01 3.140371042548900959e+01 7.471981358248751093e+00
9.811172727476417776e+01 3.145980372386905799e+01 7.651038515829804432e+00
9.849893571732651765e+01 3.154707490309426277e+01 7.728798368846765854e+00
9.884486119513343283e+01 3.173266899688557174e+01 7.906628800609442287e+00
9.907800071699043087e+01 3.178781564383500324e+01 7.941352423203603017e+00
9.892276668683201990e+01 3.156259662566377600e+01 7.837495238735407987e+00
9.876791355784095572e+01 3.161810176782953619e+01 7.678071295736147661e+00
9.903100983621250464e+01 3.213941542873786972e+01 7.761483049898052933e+00
9.917867065492595202e+01 3.246524276847930679e+01 7.850289036768165474e+00
9.915541327776656999e+01 3.252294929533284318e+01 7.812680647980103643e+00
9.918507315543008929e+01 3.254303062893504261e+01 7.752839954291859570e+00
9.879084044722277724e+01 3.230289484887185836e+01 7.693144899285250027e+00
9.855777374470659424e+01 3.225879433577558331e+01 7.687913109721941751e+00
9.894235508951177849e+01 3.257148058524344236e+01 7.932177186260671142e+00
9.897467007237122516e+01 3.269020411821379923e+01 7.948488718603661241e+00
9.872753803410185469e+01 3.251473191279603725e+01 7.837259976249692173e+00
9.876288902332458974e+01 3.256390737379847877e+01 7.898041719880800393e+00
9.925851426138783040e+01 3.291406197486052321e+01 8.117188725325446441e+00
9.948350922004884467e+01 3.306060809751070195e+01 8.188327619815822800e+00
9.951590822522462076e+01 3.308928771481705411e+01 8.215864533620129251e+00
9.952833232506553429e+01 3.308750644171092148e+01 8.247893840604064053e+00
9.970753512132822038e+01 3.288031861262351185e+01 8.229207277452891489e+00
9.982363715802917170e+01 3.281494364903318228e+01 8.210190226524165524e+00
1.002274204028589963e+02 3.301497837825726833e+01 8.251467589791849022e+00
1.005046100244224903e+02 3.326798077569402778e+01 8.435056350966815941e+00
1.008116163653066195e+02 3.348610831036723567e+01 8.393258049337903870e+00
1.011149817391499113e+02 3.359065447782931102e+01 8.422643454101409688e+00
1.012550973538571810e+02 3.367240259012793757e+01 8.420268423293226334e+00
1.013064910040106668e+02 3.363595931079294843e+01 8.409418341511505801e+00
1.011825244785014917e+02 3.350329927628778393e+01 8.315268535322982046e+00
1.011051903385539248e+02 3.338808787613990603e+01 8.282410208151285147e+00
1.010259236853308238e+02 3.343991844233828203e+01 8.354501355560037368e+00
1.008089276511841490e+02 3.339404785911138163e+01 8.335310658510900694e+00
1.001386368219399117e+02 3.302446729851448737e+01 8.149033183213461484e+00
9.981477000291278046e+01 3.280568999126167995e+01 8.050654253769801372e+00
9.983515381685376155e+01 3.277934059286146606e+01 8.076381887029194573e+00
9.964016042660931305e+01 3.265971522036252850e+01 7.866085232237682412e+00
9.940607425332167679e+01 3.264682059555018157e+01 7.823855616051623052e+00
9.952687593824920498e+01 3.299104322107952214e+01 7.917786964217696344e+00
9.968651273778316124e+01 3.327555398713898427e+01 8.000560148775514691e+00
9.957257847684344654e+01 3.312673926194797502e+01 7.876481593511236667e+00
9.944202460173421798e+01 3.302273643879814813e+01 7.906449553001277053e+00
9.956333042055969429e+01 3.312398893146019674e+01 8.032303779883937622e+00
9.943839483766888065e+01 3.299475140597342460e+01 8.064663574645425825e+00
9.930251394770451157e+01 3.291920974210750472e+01 8.061134637359682387e+00
9.935614259147229177e+01 3.306002554278416028e+01 8.168246286213618035e+00
9.988362909188680305e+01 3.304804956196365850e+01 8.157312182115569854e+00
1.003910510631623794e+02 3.312407295377652616e+01 8.118292218413211359e+00
1.009287994891443105e+02 3.338823351482153612e+01 8.235962671685600256e+00
1.010271672156124652e+02 3.351495597230624668e+01 8.303214133673904485e+00
1.007317335484304692e+02 3.318812036476888494e+01 8.198931236136317580e+00
1.006516490779951170e+02 3.317340525643611215e+01 8.144904886737917238e+00
1.009014866348502153e+02 3.352451771190428076e+01 8.332246644708835248e+00
1.005804541686271847e+02 3.339007080280522644e+01 8.202891487979206531e+00
1.001361553628643719e+02 3.303711545786561032e+01 7.965169949138490857e+00
1.002566601689408685e+02 3.313896170822970788e+01 8.105980148327395440e+00
9.994366023615872052e+01 3.330355022293921508e+01 8.233066702516188329e+00
9.948181757074678444e+01 3.324586610203670034e+01 8.277856198606349025e+00
9.936602361587237908e+01 3.341106517891152095e+01 8.370880105756087985e+00
9.955115278618001184e+01 3.375253187246532605e+01 8.551287221886132883e+00
9.921431852299970444e+01 3.350162443144899527e+01 8.433700790930071634e+00
9.890539087181555544e+01 3.323045640922229182e+01 8.202275324326141259e+00
9.903673455669826353e+01 3.328387219645537698e+01 8.079485111245546136e+00
9.919287042638524099e+01 3.337088570724384340e+01 8.062635836078062113e+00
9.910573928435393043e+01 3.329687885102283218e+01 7.968687683448724357e+00
9.912477313974591198e+01 3.331659608792094929e+01 8.017700701306267774e+00
9.969040577177298701e+01 3.340698169433801468e+01 8.134771795388855864e+00
9.994473012031996006e+01 3.327853397862472207e+01 8.038633461047254514e+00
9.998056283748964290e+01 3.306902713360668855e+01 7.983072304003943742e+00
9.997762205641818412e+01 3.294446685039546452e+01 7.922727476417736447e+00
9.992485044027694130e+01 3.283277878604557287e+01 7.882172705070466634e+00
9.995225291837512316e+01 3.282325065537406772e+01 7.980260357150859463e+00
1.000437140104411782e+02 3.296314781205888522e+01 8.072981783961820312e+00
1.000870919316170387e+02 3.307703726109654951e+01 8.151156147072661895e+00
1.001175360175662661e+02 3.318487150187089441e+01 8.201026192556742700e+00
1.002410432210795221e+02 3.335770540655597927e+01 8.274921019022652757e+00
1.003948264659093468e+02 3.358114875310882752e+01 8.355111917725347226e+00
1.003662588783580958e+02 3.357992762877820070e+01 8.305706795724944413e+00
1.000198348681409755e+02 3.324514351011628577e+01 8.171209473236091370e+00
9.984103537899666492e+01 3.300483408393269258e+01 8.066870560820953884e+00
9.983901324191705839e+01 3.305730882122291803e+01 8.113592570186641595e+00
9.960587372006004614e+01 3.322943133696309559e+01 8.213405480495620026e+00
9.952730165131859508e+01 3.341868880374627793e+01 8.339663014496650817e+00
9.967711344133002171e+01 3.363378033205619744e+01 8.504845286908203406e+00
9.961993905581321940e+01 3.355071026864735018e+01 8.475230221146736298e+00
9.931092738231274097e+01 3.352978311039412063e+01 8.190960319060742734e+00
9.931090497636172643e+01 3.375359615513880840e+01 8.128688579686764726e+00
9.942626761667898450e+01 3.401180793618785003e+01 8.102406399139612247e+00
9.953225896798188899e+01 3.419155967825054177e+01 8.062568618225000705e+00
9.953882391163092791e+01 3.426155586923886887e+01 8.057868969998430941e+00
9.944491496941587627e+01 3.410837198359884326e+01 7.991474535636664989e+00
9.965937913109722501e+01 3.358935493267011907e+01 8.025699625820617911e+00
9.993962716497502186e+01 3.338273285384597955e+01 8.138636821939908117e+00
1.002281990096569615e+02 3.337975846384799894e+01 8.200802133046536824e+00
1.000931695458313726e+02 3.314247384105218686e+01 8.190058479532163815e+00
9.997887678967533986e+01 3.303108825704106977e+01 8.147716833591001517e+00
1.004137650960094987e+02 3.301222804776949005e+01 8.204067800407788269e+00
1.007193598619793420e+02 3.284034639600277927e+01 8.206650086262911259e+00
1.005756368891577637e+02 3.258951177432726354e+01 8.150898478635925315e+00
1.006192220653805691e+02 3.244682507674038163e+01 8.068724653267908664e+00
1.008445475118191439e+02 3.243412090251170810e+01 8.117115905984629620e+00
9.979639152158813431e+01 3.270108780892204692e+01 8.094900405547713618e+00
9.887200040330711204e+01 3.274250520938361575e+01 7.952549797226143191e+00
9.843279334991373730e+01 3.293818198113419271e+01 7.952930698393493536e+00
9.817191526069323970e+01 3.300118751540409079e+01 7.981750352893728362e+00
9.872711232103246459e+01 3.274943424973672990e+01 8.037221886132956072e+00
9.935209831731307872e+01 3.261829781990096677e+01 8.125221258766329058e+00
9.971163541036499112e+01 3.260571687840290167e+01 8.218810916179336346e+00
9.984165714413748560e+01 3.256082655553314709e+01 8.225683941654903464e+00
9.995043803634244739e+01 3.255106876386368242e+01 8.229845847056978414e+00
1.000647363939862373e+02 3.253132351952678647e+01 8.281558782012503173e+00
9.982096524836997276e+01 3.243620465595662239e+01 8.222928009679371542e+00
9.980870359167394668e+01 3.251286101588581801e+01 8.157827518989043014e+00
9.991049382716049365e+01 3.272320808406713155e+01 8.283015168828841368e+00
1.000333400551186429e+02 3.283156886469046043e+01 8.362875579753982436e+00
1.000097745961327291e+02 3.289033967421747207e+01 8.407441016333939032e+00
1.002301819363222819e+02 3.299973112858775437e+01 8.254044274159216599e+00
1.005887947838945990e+02 3.320532813515269766e+01 8.281939683179851741e+00
1.006735845040442712e+02 3.324479061638771071e+01 8.274814590755305233e+00
1.005378044408594889e+02 3.310088839595796628e+01 8.115166588245838142e+00
1.006189699984315808e+02 3.300817257063476262e+01 8.131102820909234197e+00
1.004738578566467311e+02 3.305006049606775775e+01 8.181096099123926990e+00
1.001855884923035518e+02 3.299839797450202639e+01 8.174940064081019031e+00
1.000710604736618023e+02 3.302688153973695506e+01 8.270932759740986739e+00
1.002903699222513438e+02 3.327083753444915004e+01 8.460066993793551759e+00
1.003210828796128311e+02 3.329543366718200303e+01 8.507276332593937340e+00
9.963575205574601057e+01 3.304895140149223920e+01 8.233839707826398069e+00
9.907299858842507945e+01 3.281828213573525233e+01 7.959355604848648014e+00
9.883559633438640901e+01 3.269061862830768206e+01 7.888608814501131938e+00
9.838704039792969525e+01 3.251863054827362021e+01 7.755242992538818214e+00
9.838122605363984974e+01 3.259811005803141626e+01 7.814713988035221881e+00
9.897128117227936173e+01 3.317473280903408295e+01 8.087719298245614752e+00
9.921635186305482534e+01 3.348334677690394301e+01 8.235626582420291442e+00
9.909500123232730573e+01 3.343989043489951030e+01 8.184244135242320084e+00
9.895731666330577525e+01 3.323989491608971036e+01 8.099286370459994444e+00
9.886353655530909634e+01 3.319002487060563311e+01 8.034774035983957674e+00
9.849752414241223164e+01 3.290898142546660665e+01 7.874795545696937182e+00
9.829018507315542763e+01 3.271024624140171966e+01 7.757186708789854279e+00
9.862644238309694344e+01 3.303040487553494131e+01 7.856260222715152786e+00
9.919435482064035625e+01 3.346297416593847629e+01 8.156180681589029646e+00
9.920333400551186287e+01 3.351250252066949287e+01 8.050267751114695614e+00
