8.840429612581510810e+01 2.931370668712440786e+00 7.004331287559135255e+00
8.753476217874951715e+01 2.898862038102544503e+00 6.960890551080424871e+00
8.726946682009973699e+01 2.810158547500319681e+00 6.849443805140007946e+00
8.682142628819843821e+01 2.663118527042577455e+00 6.679308911903848234e+00
8.720761411584196310e+01 2.620029408004091565e+00 6.644291011379618972e+00
8.731218833908707211e+01 2.672995780590717185e+00 6.685941695435366761e+00
8.732371180155990942e+01 2.624616417337936269e+00 6.604973788518091915e+00
8.740921876997826701e+01 2.599715509525636126e+00 6.591532412734943946e+00
8.795540851553509754e+01 2.698791714614499515e+00 6.782093082725993760e+00
8.816228743127477685e+01 2.727592379491113661e+00 6.778672803989259421e+00
8.788478135788263046e+01 2.606779823551975461e+00 6.652538038613988292e+00
8.796263265567063172e+01 2.646144994246260040e+00 6.675760772279759614e+00
8.802796956910880510e+01 2.747922260580488274e+00 6.786376422452371493e+00
8.758390870732642952e+01 2.738716276690960072e+00 6.706687124408643008e+00
8.752247155095255948e+01 2.742775859864467591e+00 6.714662447257383704e+00
8.772803989259685409e+01 2.898094872778417042e+00 6.773478455440480772e+00
8.761585794655414361e+01 2.881600818309679291e+00 6.768236159058943713e+00
8.740739675233345451e+01 2.815704513489323713e+00 6.702275923794910995e+00
8.776841196777905907e+01 2.891318245748625504e+00 6.786616161616161769e+00
8.774582853855005737e+01 2.927774581255593755e+00 6.770633550696842029e+00
8.760609257128244565e+01 2.773846055491625329e+00 6.676879555044111569e+00
8.767966052934407628e+01 2.780015343306482478e+00 6.645425776754890990e+00
8.795430571538166475e+01 2.834675872650556094e+00 6.778944508374888045e+00
8.796821058688146877e+01 2.752125687252269692e+00 6.829641350210970074e+00
8.813241593146656783e+01 2.767628819844009769e+00 6.841388569236670492e+00
8.832144227080935650e+01 2.828043089119038456e+00 6.867727912031709181e+00
8.809413757831480041e+01 2.713064186165452085e+00 6.748961130290243915e+00
8.780555555555555713e+01 2.663214422708093387e+00 6.701972254187444022e+00
8.785642820611174386e+01 2.729430379746835555e+00 6.733314154200230384e+00
8.768215381664748520e+01 2.711545838128116781e+00 6.627125687252269692e+00
8.757187380130417864e+01 2.633870349060222438e+00 6.572577036184631183e+00
8.782433512338575099e+01 2.766398158803222262e+00 6.694060861782380911e+00
8.761609768571793211e+01 2.821538166474875542e+00 6.729014831862933477e+00
8.701157141030559217e+01 2.730293440736478505e+00 6.573535992839790509e+00
8.718269722541874955e+01 2.789940544687380175e+00 6.630178365937859475e+00
8.707214550568980371e+01 2.780063291139240444e+00 6.677039381153305087e+00
8.676275412351361638e+01 2.700517836593785859e+00 6.554900268507863004e+00
8.704774005881600374e+01 2.651499168904232207e+00 6.499840173890806483e+00
8.741100882240122871e+01 2.641685845799770060e+00 6.570355453266845558e+00
8.729201828410688790e+01 2.595719856795806191e+00 6.435414269275028687e+00
8.718485487789284605e+01 2.567718322465157854e+00 6.405942334739803457e+00
8.719164748753355809e+01 2.575981332310446348e+00 6.436612965093977401e+00
8.684953970080552210e+01 2.608873545582406361e+00 6.478215701316966779e+00
8.666601137961897905e+01 2.697129523078890312e+00 6.553765503132591874e+00
8.670414588927246768e+01 2.739243702851297702e+00 6.614851042066232090e+00
8.636726441631505224e+01 2.680747346886587223e+00 6.488412607083493100e+00
8.673235519754507550e+01 2.775172612197928768e+00 6.646784298683033221e+00
8.716097685717939214e+01 2.928957294463623739e+00 6.717027873673443672e+00
8.706691919191919737e+01 2.870732642884541441e+00 6.723772535481396417e+00
8.688291139240506311e+01 2.790979414397135816e+00 6.566024165707710303e+00
8.719487597493926501e+01 2.891414141414141437e+00 6.712728551336145877e+00
8.700473085283212527e+01 2.870604781997187160e+00 6.637642245237182159e+00
8.653661616161616621e+01 2.770585602864084063e+00 6.469329369645825167e+00
8.676115586242168831e+01 2.875623321825853562e+00 6.560334356220431928e+00
8.685073839662447881e+01 2.952931210842603349e+00 6.587616673059710770e+00
8.664002365426415508e+01 2.912015726889144673e+00 6.513840941056130873e+00
8.685254443165835880e+01 2.963144099220048400e+00 6.581463367855772795e+00
8.732243319268636128e+01 2.996915356092571425e+00 6.738380641861654752e+00
8.699590845160464880e+01 2.784953970080552565e+00 6.572736862293824700e+00
8.680458061628947064e+01 2.649549290372075205e+00 6.480181562460043843e+00
8.733603439457870365e+01 2.749472573839662370e+00 6.663294335762690146e+00
8.722009653496995440e+01 2.720176448024549387e+00 6.602001022887098891e+00
8.696846630865617556e+01 2.676511954992967457e+00 6.558160721135404714e+00
8.710476601457614265e+01 2.786871883390870774e+00 6.620892468993734958e+00
8.721926543920214669e+01 2.852368622938243004e+00 6.705792098197161266e+00
8.698154008438818607e+01 2.761523462472829760e+00 6.646832246515790743e+00
8.708044048075693411e+01 2.795518475898222555e+00 6.628564122235008682e+00
8.706723884413757730e+01 2.825182201764480094e+00 6.637690193069939681e+00
8.666279887482419042e+01 2.768763585219281342e+00 6.529408004091548534e+00
8.656958828794272165e+01 2.793456719089630447e+00 6.480389336401994882e+00
8.657860248050121754e+01 2.841804117120573014e+00 6.556610407876230617e+00
8.634372203043089655e+01 2.754539061501086739e+00 6.501806035033883546e+00
8.652258342922900169e+01 2.741049737885180804e+00 6.496931338703491043e+00
8.690483953458637245e+01 2.763441375783147969e+00 6.641126454417594083e+00
8.669043280910369731e+01 2.669479606188466914e+00 6.561261347653752907e+00
8.677995141286280045e+01 2.628931722286152795e+00 6.550505050505050164e+00
8.735017900524229617e+01 2.762818053957294406e+00 6.748881217235648045e+00
8.699447001662191781e+01 2.807761155862421809e+00 6.651387290627797100e+00
8.628314793504667080e+01 2.748449686740825904e+00 6.497810382304053611e+00
8.659757383966244504e+01 2.829689298043728485e+00 6.644482802710650837e+00
8.665514320419383409e+01 2.976665388057793127e+00 6.665052422963815282e+00
8.622717683160720981e+01 2.828938115330520198e+00 6.561069556322721041e+00
8.638088160081831290e+01 2.749920086945403241e+00 6.549753867791842765e+00
8.655656246004346599e+01 2.728583301368111336e+00 6.546141797724076561e+00
8.645085347142308763e+01 2.629411200613732458e+00 6.431226825214166887e+00
8.660540531901291672e+01 2.662111622554660606e+00 6.548107658867152736e+00
8.681738268763585609e+01 2.734289093466308440e+00 6.650060733921493217e+00
8.654992967651195102e+01 2.635500575373993293e+00 6.487789285257639982e+00
8.635892149341516699e+01 2.570962792481779946e+00 6.488076972254187780e+00
8.665197864723181453e+01 2.695563227208797041e+00 6.580616289477048575e+00
8.638855325405958752e+01 2.653465030047308382e+00 6.465669351745301441e+00
8.562325789540979315e+01 2.430411712057281459e+00 6.285657204961002442e+00
8.568356028640839384e+01 2.545358649789029482e+00 6.276051655798490891e+00
8.595013425393172213e+01 2.681450581767037544e+00 6.384333844776882927e+00
8.560644418872267636e+01 2.621979286536248566e+00 6.294799258406853504e+00
8.563016238332693320e+01 2.654184247538677877e+00 6.261012018923411304e+00
8.593931402633934624e+01 2.806274773046924853e+00 6.419639432297659987e+00
8.628520969185525757e+01 2.618191407748369670e+00 6.405750543408771591e+00
8.648333013681114778e+01 2.543025188594808750e+00 6.399565272982994379e+00
8.678207710011507459e+01 2.558224651579081854e+00 6.441104078762306173e+00
8.648325022375655635e+01 2.465541490857946716e+00 6.343706047819972049e+00
8.622946234496868101e+01 2.388217619230277311e+00 6.315320930827259538e+00
8.624811405191151437e+01 2.599443805140007502e+00 6.436037591100881805e+00
8.610548523206750815e+01 2.659602352640327183e+00 6.482467075821506164e+00
8.562712568725227413e+01 2.610647615394450671e+00 6.378356348293056755e+00
8.574992008694540857e+01 2.656230021736350810e+00 6.389160593274517019e+00
8.573873225930188369e+01 2.724747474747474918e+00 6.445914844649021980e+00
8.552387802071346812e+01 2.541267101393683614e+00 6.328154967395473562e+00
8.576962664620891985e+01 2.449255210331159560e+00 6.334020585602863740e+00
8.632540595831734720e+01 2.604957805907173185e+00 6.502956783020073850e+00
8.622250990921877190e+01 2.545662319396496454e+00 6.429468738013041751e+00
8.600895026211482275e+01 2.428973277074542914e+00 6.297516302263137966e+00
8.653233282188978137e+01 2.496691599539700768e+00 6.439809487277841527e+00
8.691487661424370970e+01 2.505034522439585576e+00 6.446745940416826137e+00
8.670785385500575160e+01 2.414157396752333540e+00 6.439409922004858622e+00
8.682575757575757791e+01 2.417513745045390738e+00 6.463271960107403125e+00
8.695542449814601582e+01 2.473932361590589490e+00 6.525588160081831290e+00
8.607339214934151528e+01 2.532412734944380350e+00 6.353966884030175066e+00
8.571816263904871391e+01 2.592683160721135582e+00 6.352288709883646689e+00
8.597158291778545447e+01 2.755178365937859475e+00 6.465046029919447435e+00
8.561633742488173482e+01 2.742871755529983524e+00 6.355820866896816135e+00
8.524659570387419194e+01 2.638920854110727632e+00 6.250047947832757522e+00
8.580100051144354723e+01 2.659298683032860211e+00 6.286807952947193634e+00
8.597936644930315708e+01 2.639352384605549329e+00 6.329065976217875367e+00
8.593463112133997583e+01 2.590365682137834025e+00 6.241225546605293495e+00
8.616976729318501782e+01 2.600274900907812103e+00 6.266190384861270779e+00
8.621152985551719894e+01 2.638952819332565980e+00 6.266190384861270779e+00
8.596656437795678585e+01 2.572720879682905082e+00 6.283803222094361374e+00
8.609512850019179098e+01 2.588703490602224822e+00 6.308847973404935416e+00
8.629695691088096510e+01 2.659090909090909172e+00 6.419335762690193015e+00
8.592544112006137880e+01 2.533467587265055609e+00 6.373529599795422662e+00
8.546773110855389177e+01 2.439026339342794891e+00 6.250287686996547798e+00
8.576897135916122750e+01 2.523782125047947744e+00 6.321953714358778065e+00
8.551714934151642922e+01 2.505306226825214200e+00 6.294671397519499223e+00
8.492865362485615321e+01 2.334260324766654016e+00 6.112133998209947627e+00
8.501563099347909258e+01 2.348229126710139170e+00 6.115698120444956309e+00
8.536923027745812931e+01 2.448695818948983582e+00 6.217139751949878779e+00
8.508736095128500665e+01 2.412543153049482303e+00 6.168264927758598581e+00
8.490630993479095423e+01 2.343753995652730016e+00 6.090093977752205845e+00
8.525412351361718777e+01 2.442063035417465944e+00 6.146704385628436462e+00
8.542804628564121572e+01 2.500095895665515933e+00 6.181530494821633859e+00
8.507193773174785179e+01 2.371563738652346043e+00 6.091068917018284345e+00
8.483892724715509814e+01 2.451061245365042662e+00 6.029839534586369787e+00
8.517039061501087360e+01 2.567478583301368023e+00 6.215157908195882541e+00
8.457188978391509693e+01 2.493718833908707300e+00 6.113108937476026128e+00
8.396944124792226205e+01 2.380721774709116279e+00 5.919943101905126959e+00
8.413080168776370726e+01 2.453730341388569158e+00 6.007495844521161033e+00
8.426524741081702530e+01 2.412926735711546034e+00 6.018236159058943713e+00
8.411008822401227292e+01 2.244358138345480036e+00 5.942174913693900606e+00
8.429430379746835911e+01 2.285801048459276341e+00 5.952323871627669405e+00
8.474579657332822080e+01 2.373689425904615735e+00 6.039237309806930298e+00
8.461744022503516760e+01 2.340989003963687587e+00 5.982898606316327417e+00
8.422321314409921911e+01 2.321154583812811811e+00 6.013457358394067143e+00
8.438847334100498188e+01 2.395010228870988467e+00 6.086577803349955573e+00
8.433520329881089594e+01 2.395937220304309001e+00 5.998050121467842999e+00
8.414435494182329478e+01 2.297404423986702415e+00 5.973868431146912350e+00
8.471709180411711770e+01 2.462808464390743080e+00 6.182617312364147466e+00
8.530862421685206698e+01 2.643395985168137230e+00 6.305171972893491628e+00
8.506370668712440875e+01 2.538118527042577455e+00 6.202803349955249068e+00
8.502760196905767032e+01 2.460251246643651690e+00 6.128851809231556480e+00
8.528920534458508484e+01 2.548683032860247888e+00 6.284602352640327183e+00
8.507572561053574134e+01 2.526627029791586931e+00 6.196985679580616413e+00
8.516089694412478650e+01 2.366481268380002501e+00 6.218066743383198869e+00
8.533250223756553510e+01 2.384797340493542972e+00 6.271129011635340866e+00
8.527010612453651106e+01 2.347062396113028804e+00 6.191823296253676112e+00
8.478073456079785331e+01 2.196618079529471856e+00 6.020953202915228175e+00
8.498283467587265250e+01 2.193485487789285315e+00 6.104206623193965342e+00
8.517142948472061903e+01 2.314553765503132521e+00 6.203394706559263838e+00
8.464277266334228500e+01 2.254587009333844705e+00 6.115330520393811753e+00
8.442980437284234085e+01 2.222126326556706388e+00 5.969393300089502752e+00
8.472374057025955096e+01 2.325294080040915645e+00 6.070978775092699564e+00
8.477619549929676168e+01 2.309902825725610676e+00 6.102928014320418981e+00
8.430616289477049463e+01 2.214518603759110249e+00 5.944092827004219259e+00
8.453918936197416656e+01 2.213975194987853001e+00 6.024085794655414716e+00
8.493359225163023041e+01 2.309567190896304911e+00 6.155670630354174833e+00
8.473636683288582105e+01 2.243399181690320709e+00 6.045518475898222555e+00
8.451144354941823167e+01 2.163582022759237944e+00 5.970208413246387735e+00
8.487757320035801456e+01 2.310590077995141378e+00 6.096710778672804310e+00
8.505451668584579750e+01 2.412559135660401477e+00 6.143124280782508606e+00
8.485927311085538349e+01 2.321745940416826581e+00 6.106987597493926501e+00
8.511488300728807133e+01 2.343018795550440903e+00 6.141414141414140992e+00
8.527493287303413183e+01 2.413805779312108601e+00 6.196394322976601643e+00
8.514010356731876072e+01 2.290004475131057315e+00 6.081447385244853621e+00
8.538040212249073591e+01 2.262993862677407098e+00 6.085139368367216584e+00
8.575792737501598140e+01 2.300824702723436754e+00 6.241928781485743372e+00
8.555852832118654305e+01 2.248130034522439757e+00 6.190624600434727398e+00
8.568482291267100948e+01 2.254411200613732458e+00 6.236398798107658514e+00
8.624472573839662459e+01 2.420198823679836408e+00 6.327803349955249068e+00
8.641565976217874834e+01 2.417689553765502986e+00 6.305955120828538263e+00
8.627673890806802603e+01 2.360407876230660840e+00 6.226121979286536323e+00
8.660459020585602730e+01 2.439681626390487246e+00 6.369533947065592727e+00
8.666054532668457000e+01 2.478535353535353369e+00 6.425856667945275547e+00
8.614515407236926592e+01 2.458061628947704857e+00 6.313131313131313149e+00
8.621608489962920885e+01 2.565912287431274752e+00 6.373897199846567219e+00
8.648523206751055170e+01 2.695531261986958249e+00 6.467459404168264925e+00
8.612866001790052906e+01 2.628516174402250272e+00 6.414125431530495192e+00
8.647164684822912761e+01 2.722589822273366433e+00 6.440640583045646572e+00
8.696010740314537202e+01 2.882927375015982729e+00 6.614755146400716157e+00
8.698096471039508515e+01 2.832470272343690088e+00 6.577691471678813073e+00
8.667333141542002295e+01 2.732642884541618855e+00 6.485056258790436345e+00
8.700043153049482214e+01 2.826540723692622326e+00 6.565416826492775471e+00
8.724539700805523523e+01 2.858505945531261805e+00 6.658627413374248682e+00
8.674611622554660073e+01 2.834420150875847089e+00 6.622762434471295201e+00
8.672068789157397362e+01 2.903193325661680202e+00 6.629139496228103390e+00
8.683392468993734781e+01 3.042433831990793980e+00 6.659682265694923942e+00
8.697011251758087269e+01 3.090461577803349957e+00 6.727272727272727515e+00
8.728212504794782944e+01 3.210714742360312179e+00 6.746803477816135874e+00
8.829422388441375347e+01 3.118910625239739165e+00 6.915308144738524732e+00
8.851847589822273221e+01 2.992280398925968754e+00 6.941999104973788803e+00
8.863645953202914995e+01 2.928094233473980346e+00 6.891542002301496161e+00
8.877811341260708389e+01 2.909874057025955807e+00 6.920502493287303380e+00
8.880803286024804777e+01 2.884014192558496337e+00 6.956223628691983407e+00
8.833469185526148237e+01 3.028672803989259865e+00 6.911536248561565010e+00
8.807724395857307798e+01 3.180124025060734105e+00 6.892484976345735426e+00
8.776652601969057343e+01 3.183064825469888781e+00 6.839246899373481625e+00
8.739114243702850615e+01 3.157316839278864418e+00 6.730661040787623506e+00
8.722537079657332981e+01 3.140167497762434312e+00 6.681898094872778415e+00
8.777445339470655483e+01 3.033899117759877306e+00 6.772583429228999030e+00
8.801350530622681845e+01 2.963671525380386029e+00 6.770505689809486860e+00
8.813390231428206789e+01 2.868367216468482361e+00 6.787527170438562685e+00
8.823635085027490277e+01 2.813722669735327919e+00 6.784202787367344278e+00
8.831759046157780801e+01 2.782540595831735075e+00 6.818373609512850209e+00
8.814286855900779472e+01 2.893683672164685028e+00 6.850738396624472593e+00
8.791223948344202199e+01 2.945435366321442316e+00 6.804404807569364166e+00
8.768956974811405303e+01 2.911328474619613971e+00 6.790547883902314119e+00
8.753707965733282492e+01 2.889128628052678671e+00 6.728743127477304853e+00
8.765589438690705038e+01 2.941711417977240561e+00 6.785401483186292992e+00
8.745241976729317912e+01 2.883374888121723600e+00 6.720400204577419601e+00
8.713128116609129847e+01 2.760037079657332804e+00 6.604702084132464179e+00
8.717702339854238858e+01 2.713239994885564332e+00 6.613284746196138819e+00
8.702136875079912670e+01 2.692302774581255775e+00 6.524469377317478447e+00
8.682433512338575099e+01 2.547548267484976314e+00 6.440832374376678437e+00
8.675957358394067853e+01 2.530958317350722631e+00 6.444923922772024305e+00
8.683582662063675173e+01 2.503723948344201311e+00 6.473293057153816754e+00
8.676603055875207815e+01 2.422084771768316269e+00 6.418968162639048458e+00
8.678752717043856535e+01 2.428046285641222379e+00 6.420007032348804543e+00
8.680469249456591285e+01 2.458477176831607380e+00 6.447928653624856565e+00
8.664985295997954040e+01 2.528113412607083443e+00 6.474347909474492013e+00
8.650226953075053871e+01 2.598404935430251861e+00 6.401770873289860830e+00
8.612869198312236563e+01 2.552598772535481508e+00 6.381536887866001706e+00
8.607241721007544299e+01 2.553190129139496278e+00 6.295902058560286285e+00
8.608445211609767966e+01 2.569891957550185513e+00 6.381952435749903785e+00
8.649466180795295145e+01 2.508838383838383645e+00 6.363684311469121724e+00
8.683557089886204494e+01 2.416794527554021244e+00 6.383167114179772561e+00
8.716038550057537293e+01 2.404535864978902815e+00 6.436165451988236974e+00
8.723820483314153762e+01 2.377956783020074294e+00 6.462313003452243798e+00
8.704123513617184926e+01 2.292066231939649867e+00 6.338271960107403125e+00
8.683902314282060786e+01 2.384957166602736045e+00 6.384717427438946658e+00
8.670724651579081410e+01 2.423826876358521787e+00 6.379059583173507519e+00
8.654030814473851763e+01 2.402394195115713948e+00 6.388840941056130873e+00
8.675313259174018299e+01 2.423475258918296849e+00 6.465205856028640952e+00
8.656375463495716360e+01 2.443533435622043282e+00 6.413885692366704916e+00
8.627801751694157417e+01 2.464598516813706564e+00 6.330536376422452705e+00
8.610561309295486865e+01 2.498625495460938595e+00 6.319812044495589198e+00
8.633613029024421337e+01 2.597046413502109630e+00 6.377125687252269692e+00
8.630240698120445586e+01 2.578714358777649984e+00 6.424689937348165181e+00
8.613711481907684231e+01 2.536967779056386707e+00 6.377988748241913086e+00
8.634076524741081471e+01 2.561660912926735811e+00 6.431019051272215847e+00
8.613166474875335155e+01 2.488492520138089859e+00 6.378116609129267367e+00
8.605577931210842735e+01 2.454353663214422721e+00 6.316423730980693207e+00
8.635638025827898900e+01 2.505785705152793863e+00 6.422356476153944449e+00
8.636705664237310032e+01 2.506025444316583695e+00 6.388888888888889284e+00
8.636075949367088356e+01 2.424849763457358254e+00 6.314873417721519111e+00
8.672433192686357017e+01 2.474523718194604260e+00 6.398957933768060435e+00
8.672505114435493567e+01 2.479574223245109454e+00 6.418264927758598581e+00
8.611162255466052784e+01 2.361127093722030335e+00 6.267484976345735426e+00
8.638620381025444317e+01 2.377093722030430900e+00 6.300888633167113895e+00
8.673521608489963342e+01 2.495892468993734958e+00 6.472557857051527641e+00
8.655093658099987408e+01 2.402490090781229881e+00 6.369422068789157620e+00
8.653100626518347838e+01 2.435222477943996822e+00 6.329321697992583928e+00
8.662768507863444256e+01 2.539988492520138141e+00 6.382128244470016476e+00
8.661216596343179219e+01 2.509989131824574837e+00 6.361079145889272368e+00
8.674560478199718716e+01 2.439585730724971313e+00 6.352400588160081796e+00
8.719346950517837058e+01 2.519610663598005562e+00 6.494981460171333154e+00
8.728827835315176742e+01 2.521320802966372732e+00 6.514927758598644481e+00
8.713609193197800096e+01 2.429500703234880543e+00 6.429884285896943830e+00
8.737495205216724514e+01 2.497187060478199605e+00 6.444971870604781827e+00
8.699523718194603816e+01 2.599619613860120193e+00 6.444332566168009535e+00
8.619487597493926501e+01 2.548603119805651573e+00 6.311916634701445261e+00
8.610957678046285935e+01 2.571410305587520817e+00 6.261443549418232557e+00
8.658056834164429461e+01 2.768044367727911848e+00 6.445914844649021980e+00
8.657780334995524640e+01 2.747378851809231470e+00 6.448216340621403475e+00
8.662501598261091829e+01 2.667769466820099744e+00 6.422084771768315825e+00
8.726566295870092915e+01 2.759365809998721275e+00 6.522631377061756552e+00
8.761338064186165298e+01 2.759941183991816871e+00 6.643843498273877657e+00
8.757598133231044812e+01 2.678158163917657486e+00 6.664972509909218523e+00
8.767034266717810453e+01 2.693485487789285315e+00 6.635005114435494455e+00
8.753389911775987287e+01 2.775316455696202667e+00 6.639480245492904054e+00
8.706487341772151467e+01 2.802390998593530025e+00 6.584404168264927470e+00
8.699375079913055231e+01 2.793169032093082649e+00 6.602720240378467942e+00
8.668039572944636006e+01 2.752924817798235502e+00 6.521240889911775973e+00
8.653640838767421428e+01 2.760484592763073675e+00 6.463847334100498720e+00
8.690280974299962224e+01 2.669799258406853504e+00 6.468354430379746667e+00
8.693998529599795688e+01 2.579289732770745580e+00 6.485152154455952278e+00
8.693940992200485596e+01 2.504730852832118604e+00 6.434359416954353428e+00
8.699376678174147060e+01 2.497298938754635156e+00 6.450629714870220965e+00
8.698473660657205642e+01 2.448599923283467650e+00 6.447992584068533262e+00
8.660530942334739279e+01 2.544863188850530644e+00 6.459995524868942240e+00
8.642395473724587873e+01 2.702899245620764557e+00 6.446650044751310205e+00
8.627096918552614113e+01 2.758582662063674640e+00 6.420438562843625796e+00
8.616695435366321476e+01 2.747490730085666577e+00 6.383982227336657544e+00
8.638590014064698153e+01 2.908115969824830671e+00 6.488892085411072763e+00
8.664027937603887608e+01 2.738396624472573926e+00 6.476425648894003295e+00
8.659215573456079085e+01 2.557409538422196871e+00 6.368239355581128081e+00
8.682972126326556861e+01 2.533611430763329508e+00 6.481412223500830905e+00
8.727173635085027570e+01 2.621803477816135874e+00 6.602400588160081796e+00
8.719927119294207785e+01 2.583525124664365347e+00 6.567878148574351371e+00
8.680763329497506220e+01 2.660609257128244476e+00 6.505210331159697823e+00
8.670088543664492420e+01 2.723341004986574720e+00 6.470016621915355870e+00
8.628944508374888755e+01 2.690304948216340808e+00 6.411456335506968252e+00
8.597103950901419012e+01 2.619661807952947008e+00 6.363844137578314353e+00
8.618918616545198574e+01 2.675457102672292642e+00 6.343162639048714802e+00
8.654238588415803690e+01 2.618319268635724395e+00 6.450389975706431578e+00
8.665787623066104572e+01 2.499488556450581989e+00 6.404999360695563304e+00
8.678706367472190664e+01 2.504874696330392503e+00 6.419335762690193015e+00
8.674109768571793211e+01 2.462440864339598523e+00 6.353247666538806016e+00
8.660505370157268601e+01 2.368638920854110541e+00 6.345719856795805747e+00
8.608243830712184774e+01 2.472270170054980287e+00 6.330312619869581603e+00
8.589779120317095362e+01 2.583908707326428633e+00 6.353391510037079470e+00
8.532486254954609706e+01 2.538629970591995910e+00 6.147279759621532058e+00
8.486379618974555683e+01 2.506249200869453908e+00 6.092747091164812723e+00
8.522650556194859917e+01 2.626710139368367170e+00 6.230756936453138550e+00
8.562555939138218264e+01 2.576652601969057876e+00 6.268411967779056404e+00
8.568582981715893254e+01 2.529376038869709742e+00 6.264416315049226469e+00
8.599073008566679732e+01 2.568485487789285315e+00 6.317254826748497365e+00
8.607644482802710684e+01 2.544655414908579605e+00 6.327579593402377967e+00
8.578912543153049342e+01 2.455392532924178361e+00 6.249104973788518258e+00
8.639275668073136671e+01 2.419447640966628121e+00 6.338991177598772175e+00
8.665133934279504047e+01 2.428717555299833908e+00 6.392596854622171421e+00
8.662904360056258213e+01 2.335091420534458617e+00 6.332518220176448054e+00
8.663669927119293845e+01 2.361558624216852031e+00 6.369549929676511901e+00
8.710622043216980614e+01 2.431530494821633859e+00 6.500815113156884983e+00
8.671434279503900200e+01 2.583061628947704857e+00 6.387770106124536440e+00
8.629272151898733512e+01 2.592539317222861683e+00 6.373433704129906729e+00
8.601812428078251571e+01 2.598037335379107748e+00 6.367152538038613585e+00
8.570878084643906902e+01 2.610599667561692705e+00 6.298315432809103775e+00
8.573793312875591255e+01 2.673027745812555978e+00 6.319652218386395681e+00
8.617417849379874895e+01 2.524677151259429930e+00 6.344824830584324005e+00
8.597602608362102217e+01 2.367360311980565069e+00 6.198216340621403475e+00
8.591836082342410918e+01 2.254954609384989261e+00 6.174610024293568422e+00
8.607877828922133290e+01 2.261715253803861181e+00 6.181690320930827376e+00
8.588048203554532734e+01 2.131121339982099627e+00 6.112597493926608117e+00
8.536024805012146999e+01 2.211226185909730191e+00 6.091212760516557800e+00
8.537674210459020685e+01 2.401307377573200341e+00 6.191391765758853971e+00
8.512335379107531708e+01 2.455536376422452260e+00 6.172532284874057140e+00
8.495830136811149202e+01 2.384989131824574837e+00 6.077947193453522523e+00
8.494981460171334220e+01 2.437571921749136727e+00 6.082997698504027717e+00
8.508640199462983844e+01 2.376534330648254478e+00 6.091004986574606761e+00
8.491930379746835911e+01 2.277905638665132404e+00 6.017564889400332184e+00
8.523011763201635915e+01 2.276547116736990173e+00 6.084292289988492364e+00
8.556655159186804838e+01 2.368255338192047255e+00 6.123929165068405567e+00
8.501062843626134224e+01 2.235200102288709800e+00 6.025540212249072880e+00
8.481564058304564924e+01 2.052438946426287991e+00 5.927854494310190070e+00
8.526184311469121724e+01 2.079849124152921558e+00 5.978918936197417544e+00
8.564686421173763620e+01 2.171045902058560184e+00 6.077004219409282371e+00
8.540897903081447851e+01 2.061069556322721041e+00 6.019211098325022213e+00
8.538450965349699118e+01 2.010372714486638568e+00 6.032684439330008530e+00
8.535414269275028687e+01 2.226841196777905818e+00 6.090365682137834469e+00
8.503346758726505072e+01 2.300632911392404889e+00 6.073583940672548032e+00
8.487504794783275486e+01 2.328075054340877248e+00 6.003676000511443789e+00
8.507513425393172213e+01 2.415116353407492866e+00 6.018012402506073499e+00
8.489668840301752084e+01 2.441375783147935241e+00 6.051448024549290317e+00
8.505910369517964398e+01 2.259621531773430725e+00 6.040867536120700265e+00
8.525497059199591376e+01 2.141462089246899403e+00 6.020953202915228175e+00
8.515872330903977172e+01 2.116321442270809428e+00 5.961977368622938478e+00
8.532305651451221706e+01 2.118239355581127636e+00 6.009333844776882927e+00
8.546630865618207906e+01 2.125783147935046635e+00 5.981124536504283107e+00
8.484432936964581984e+01 2.168824319140775003e+00 5.897935046669223524e+00
8.453963687507990699e+01 2.158275795934023744e+00 5.815960235264032718e+00
8.440009269914332890e+01 2.251869965477560243e+00 5.827291906405830169e+00
8.423213144099220528e+01 2.280926352128883838e+00 5.783931082981715655e+00
8.411430763329497040e+01 2.267884541618718774e+00 5.738444572305331448e+00
8.459311469121595906e+01 2.267069428461833347e+00 5.837456846950518141e+00
8.484175616928781949e+01 2.199974427822529055e+00 5.918952180028129284e+00
8.473964326812428283e+01 2.123241912798874864e+00 5.885244853599283843e+00
8.504828346758726809e+01 2.157940161104717980e+00 5.967283595448152234e+00
8.503995652729830113e+01 2.160017900524229706e+00 6.016589950134253684e+00
8.466438115330520020e+01 2.072209436133486626e+00 5.924961641733793805e+00
8.493264927758598049e+01 2.163486127093722011e+00 6.029839534586369787e+00
8.506501726121979345e+01 2.215397647359672817e+00 6.078522567446618119e+00
8.454801176320164302e+01 2.108122362869198518e+00 5.934167625623321563e+00
8.440646976090013709e+01 2.054660529344073616e+00 5.874456591228742752e+00
8.465790819588288230e+01 2.070739035928909288e+00 5.907109065336913822e+00
8.449248817286792246e+01 1.976921109832502133e+00 5.861654519882367964e+00
8.422791203170949359e+01 1.886571410305587504e+00 5.793712440864339897e+00
8.471515790819587721e+01 2.001406469760900197e+00 5.929372842347525818e+00
8.514387546349571778e+01 2.068597366065720422e+00 6.038294335762690146e+00
8.411803158163917260e+01 2.085842603247666460e+00 5.842203682393555475e+00
8.381690320930827909e+01 2.093722030430891223e+00 5.837009333844776826e+00
8.408419639432297288e+01 2.264927758598644481e+00 5.873018156246004651e+00
8.360943293696458056e+01 2.204945019818437490e+00 5.789940544687380175e+00
8.326523142820610701e+01 2.126662191535609203e+00 5.704385628436261513e+00
8.390092379491113661e+01 2.236510676384094065e+00 5.879618974555683053e+00
8.409742999616418047e+01 2.297851937092443286e+00 5.859640710906533378e+00
8.368191407748369670e+01 2.154423986702467708e+00 5.742248433704129518e+00
8.382817095000639540e+01 2.207470272343690088e+00 5.789860631632783416e+00
8.407842667178110219e+01 2.236910241657076970e+00 5.844089630482035780e+00
8.403230085666794480e+01 2.082949750671269751e+00 5.801256233218258451e+00
8.442641605932745108e+01 2.103183736095128431e+00 5.863092954865106954e+00
8.458290180283850646e+01 2.133534714230916673e+00 5.920038997570642891e+00
8.426563099347909258e+01 2.003036696074670608e+00 5.793296892980436930e+00
8.406813387034905816e+01 1.902985551719728941e+00 5.758422835954481123e+00
8.387097238204833616e+01 2.077148062907556714e+00 5.785017900524229262e+00
8.348892405063291733e+01 2.076876358521928090e+00 5.677534842091803924e+00
8.285502173635084944e+01 1.955568341644291053e+00 5.526419255849635448e+00
8.288868111494693380e+01 1.999888121723564671e+00 5.591164812683800278e+00
8.276096407109065467e+01 2.001438434982738990e+00 5.542513745045390294e+00
8.253810254443165206e+01 1.956862933128755921e+00 5.473372970208413513e+00
8.268776371308017303e+01 1.990538294335762792e+00 5.576556706303541944e+00
8.286122298938754227e+01 2.045422580232706622e+00 5.635740314537782680e+00
8.256909282700422636e+01 1.982898606316327861e+00 5.579193837105229647e+00
8.235248050121467145e+01 1.931626390487150013e+00 5.459244342155734842e+00
8.261932617312363902e+01 1.994262242679964103e+00 5.583988620381025392e+00
8.252784170822145882e+01 1.909298683032860211e+00 5.538182457486255039e+00
8.227414972509909319e+01 1.812156373865234649e+00 5.428317990026850559e+00
8.242095000639304203e+01 1.923491241529216245e+00 5.495924434215573307e+00
8.249052231172484539e+01 1.900939777522056007e+00 5.525444316583556947e+00
8.219126390487150502e+01 1.850083109576780460e+00 5.450869454034011241e+00
8.231257192174913939e+01 1.892453011123897300e+00 5.503867791842475654e+00
8.267924498146017243e+01 2.041874440608618002e+00 5.613013041810510195e+00
8.234276307377572834e+01 1.974347909474491791e+00 5.514592123769339160e+00
8.218475898222733633e+01 1.930203938115330420e+00 5.435286408387674406e+00
8.238331095767804868e+01 2.014416315049226469e+00 5.499344712952307646e+00
8.234130865618207906e+01 2.011475514640071793e+00 5.464742360311980462e+00
8.212405702595576429e+01 1.963192047052806588e+00 5.473037335379107304e+00
8.252710650811916082e+01 2.062332182585347340e+00 5.600147040020457823e+00
8.276446426288198666e+01 2.075086306098964162e+00 5.578554532668456467e+00
8.300573775732003412e+01 2.073615905894386824e+00 5.640167497762434756e+00
8.343146656437795627e+01 2.131425009589566599e+00 5.698823679836338307e+00
8.350121467842987499e+01 2.173075693645313944e+00 5.711513872906277989e+00
8.355330200741593671e+01 2.200533819204705477e+00 5.784937987469633391e+00
8.384469696969696884e+01 2.270665515918680377e+00 5.876949878532157001e+00
8.348865234624727805e+01 2.241161616161616355e+00 5.791027362229893782e+00
8.310342347525892137e+01 2.151435238460555066e+00 5.685845799769850828e+00
8.299841772151899022e+01 2.248177982355197724e+00 5.731380258278992557e+00
8.296626070834930999e+01 2.231380258278992557e+00 5.698983505945530936e+00
8.263051400076716391e+01 2.131281166091292700e+00 5.609752589182969373e+00
8.300634509653497162e+01 2.169319780079273841e+00 5.736318885053062644e+00
8.329698887610280167e+01 2.230117632016366258e+00 5.787846822656948831e+00
8.324272791203171096e+01 2.157268891446106451e+00 5.714646464646464530e+00
8.358513936836722280e+01 2.209803733537910819e+00 5.806770233985424134e+00
8.393819524357499517e+01 2.286600179005242151e+00 5.942750287686996202e+00
8.364489835059455913e+01 2.170134893236159268e+00 5.804996164173378936e+00
8.360327963176064259e+01 2.068373609512850209e+00 5.739211737629458909e+00
8.408155926352128517e+01 2.185350338831351547e+00 5.909586370029408009e+00
8.380490026850786478e+01 2.109944380514000795e+00 5.808959851681370523e+00
8.329153880577931091e+01 1.963016238332694119e+00 5.598820483314153940e+00
8.354126710139368583e+01 1.961178238076972224e+00 5.702259941183991820e+00
8.374726697353280258e+01 1.986542641605932635e+00 5.811788773814090092e+00
8.334461705664237741e+01 1.894163150492264469e+00 5.609257128244469648e+00
8.332280079273749607e+01 1.845655926352128828e+00 5.580088863316711389e+00
8.344091228743127431e+01 1.891542002301495939e+00 5.676943485487789154e+00
8.302576396880193954e+01 1.841756169287814826e+00 5.600466692238843969e+00
8.261285321570132112e+01 1.785912926735711448e+00 5.423491241529216467e+00
8.306145313898478832e+01 1.893204193837105143e+00 5.597989387546349782e+00
8.342144546733153732e+01 2.007847461961385971e+00 5.716372586625751318e+00
8.318213783403656691e+01 1.947065592635212949e+00 5.626742104590205962e+00
8.326077227975962103e+01 1.975834292289988525e+00 5.654647743255337922e+00
8.365030047308528083e+01 2.089198951540723659e+00 5.807617312364147466e+00
8.338032220943613027e+01 2.027026595064569836e+00 5.750047947832757522e+00
8.353449047436389208e+01 2.038102544431658281e+00 5.724587648638281401e+00
8.383076013297532825e+01 2.159746196138601082e+00 5.866736990154711506e+00
8.402023398542385735e+01 2.085443037974683556e+00 5.875815113156884983e+00
8.396995269147167562e+01 2.028369134381792449e+00 5.759557601329753140e+00
8.440742871755530530e+01 2.095512082853855151e+00 5.939761539445084004e+00
8.450890231428206789e+01 2.128580104845927412e+00 5.964774325533818811e+00
8.388609193197800096e+01 2.036248561565017212e+00 5.803078250863061172e+00
8.387498401738908171e+01 1.998561565017261232e+00 5.746595703874184835e+00
8.419094425265311088e+01 2.112006137322592902e+00 5.831543280910369553e+00
8.421581319524356957e+01 2.092523334611942065e+00 5.855373353791075708e+00
8.420045390615010206e+01 2.078410689170183012e+00 5.846838639560158590e+00
8.447893491880833494e+01 2.165643779567830052e+00 5.921269658611430842e+00
8.442486574606827787e+01 2.056802199207262483e+00 5.868047564250096215e+00
8.414945339470655483e+01 1.966516430124024994e+00 5.772024037846822608e+00
8.419199910497378880e+01 1.939457869837616588e+00 5.758199079401610909e+00
8.463348676639816404e+01 2.054117120572816813e+00 5.911168648510420454e+00
8.436969377317478802e+01 1.987261859097302130e+00 5.843418360823424251e+00
8.420599987213911675e+01 1.937875591356603922e+00 5.766110471806674020e+00
8.423668648510420098e+01 1.965701316967139789e+00 5.840062012530366609e+00
8.387068469505177859e+01 1.892101393683672139e+00 5.775028768699654869e+00
8.372493926607850767e+01 1.825198184375399491e+00 5.613108937476026128e+00
8.387742935685973578e+01 1.862837233090397726e+00 5.680124025060734105e+00
8.349843370412990851e+01 1.962584707837872422e+00 5.640119549929676346e+00
8.256145313898478832e+01 1.899261603375527407e+00 5.464039125431530586e+00
8.214365170694284757e+01 1.882399948855645100e+00 5.435606060606060552e+00
8.222808784042960895e+01 1.928254059583173419e+00 5.469728934918808072e+00
8.236803158163917260e+01 1.979574223245109232e+00 5.496691599539700768e+00
8.250990921876997675e+01 2.003628052678685378e+00 5.565288965605421190e+00
8.249116161616161946e+01 1.970368239355581030e+00 5.529455951924306056e+00
8.229081958828794541e+01 1.929900268507863448e+00 5.482307249712312647e+00
8.244834420150876042e+01 1.997730469249456631e+00 5.525236542641605908e+00
8.252761795166858860e+01 2.018715637386523376e+00 5.558672164684822725e+00
8.258127157652474182e+01 2.014288454161871744e+00 5.547388441375782797e+00
8.292011891062523432e+01 2.055731364275668049e+00 5.565736478711162505e+00
8.318722030430890868e+01 2.110264032732387385e+00 5.683943869070451349e+00
8.332468674082598170e+01 2.132575757575757791e+00 5.673427311085538882e+00
8.351666986318885222e+01 2.159394578698376144e+00 5.711865490346503371e+00
8.352793760388696853e+01 2.135148957933767910e+00 5.697321314409921733e+00
8.343031581639176864e+01 1.988476537527170462e+00 5.596311213399821405e+00
8.386622554660529261e+01 2.038566040148318770e+00 5.675600946170566097e+00
8.431319524357499517e+01 2.112453650428333773e+00 5.798187571921749495e+00
8.396760324766654549e+01 1.998449686740825904e+00 5.734768571793888547e+00
8.394970272343689999e+01 2.044831223628691852e+00 5.771992072624984260e+00
8.431594425265311088e+01 2.185861782380769558e+00 5.970432169799258837e+00
8.424068213783404246e+01 2.192814218130673787e+00 5.928717555299833464e+00
8.383537910753101130e+01 2.107914588927247035e+00 5.828474619613859709e+00
8.385709947577036871e+01 2.120093338447768705e+00 5.880625879043600790e+00
8.412241081703106715e+01 2.035848996292034307e+00 5.843114691215957279e+00
8.407171397519498157e+01 1.932377573200358079e+00 5.796221710778672431e+00
8.421485423858841557e+01 1.924194476409666343e+00 5.862006137322593347e+00
8.440731683927886309e+01 1.930603503388313547e+00 5.883278992456207668e+00
8.443282508630609584e+01 1.944939905382943257e+00 5.865250607339214994e+00
8.427371819460427105e+01 2.056226825214166887e+00 5.843434343434343425e+00
8.402552422963815104e+01 2.118079529471934563e+00 5.861894259046157352e+00
8.381479350466692324e+01 2.115010868175425163e+00 5.810126582278480889e+00
8.396323999488556922e+01 2.161456335506968252e+00 5.861414780718578577e+00
8.403535353535353636e+01 2.207837872394834200e+00 5.880817670374632655e+00
8.421168968162639601e+01 2.059631121339982052e+00 5.874760260836210612e+00
8.475295678302006763e+01 2.054884285896944274e+00 5.938770617568086330e+00
8.523999488556449933e+01 2.130498018156246065e+00 6.069220687891573540e+00
8.499311149469377824e+01 2.033307761155862536e+00 5.965237821250479300e+00
8.452723436900652132e+01 1.930379746835443111e+00 5.833477176831607380e+00
8.407414333205473156e+01 2.112917146144994263e+00 5.878707965733282137e+00
8.391792929292928704e+01 2.224140135532540530e+00 5.847941439713591372e+00
8.350749584452115926e+01 2.269003324383071174e+00 5.836417977240762056e+00
8.366979925840685439e+01 2.369150364403528997e+00 5.859289093466308884e+00
8.370460938498912640e+01 2.390535097813578869e+00 5.901882751566295937e+00
8.376885948088479950e+01 2.385180923155606703e+00 5.879043600562588345e+00
8.385773878020712857e+01 2.341116864851041868e+00 5.890183480373353930e+00
8.387340173890807193e+01 2.318277713847334276e+00 5.871531773430507251e+00
8.378151770873289195e+01 2.254906661552231295e+00 5.813818565400843852e+00
8.382241721007544299e+01 2.249920086945403241e+00 5.808256616800920646e+00
8.409229957805906963e+01 2.209595959595959780e+00 5.830280654647743255e+00
8.425047947832757700e+01 2.145361846311213405e+00 5.871483825597749728e+00
8.449331926863573017e+01 2.131488940033243740e+00 5.903385116992711623e+00
8.433470783787240066e+01 2.100546605293440727e+00 5.853151770873290083e+00
8.438160081830967840e+01 2.068757192174913495e+00 5.855565145122107573e+00
8.423551975450709506e+01 2.106987597493926501e+00 5.917945275540212435e+00
8.403827835315176742e+01 2.129059583173507075e+00 5.866385372714487012e+00
8.380638665132336484e+01 2.127812939521800395e+00 5.857115458381280781e+00
8.393509461705664876e+01 2.147727272727272929e+00 5.862517580872011358e+00
8.389969313387034333e+01 2.146144994246260040e+00 5.833541107275284077e+00
8.385353535353534937e+01 2.121835443037974667e+00 5.812699782636491896e+00
8.387802071346375499e+01 2.075853471423091623e+00 5.803669607467075942e+00
8.384273110855389177e+01 2.022935046669223969e+00 5.779232195371435843e+00
8.396947321314409862e+01 2.028321186549034483e+00 5.814937348165196696e+00
8.398937156373865776e+01 2.032636491497251008e+00 5.813834548011763026e+00
8.432893811533051576e+01 2.027713847334100539e+00 5.868015599028256979e+00
8.444281421813067823e+01 2.059071729957806074e+00 5.812316199974428166e+00
8.425623321825852940e+01 1.961465925073520022e+00 5.721822656949239416e+00
8.425856667945275547e+01 1.958557089886203917e+00 5.712313003452243798e+00
8.442144546733153732e+01 2.014240506329113778e+00 5.846183352512466236e+00
8.400394770489707241e+01 2.027170438562843735e+00 5.809231556066999147e+00
8.373943549418233090e+01 2.106204449558879865e+00 5.791331031837360754e+00
8.399760260836210080e+01 2.237533563482930532e+00 5.917050249328730693e+00
8.399517325150236502e+01 2.262402506073392328e+00 5.881584835698760116e+00
8.350121467842987499e+01 2.148973916378979609e+00 5.743718833908707744e+00
8.368934599156118281e+01 2.100898222733665666e+00 5.711785577291906613e+00
8.394414077483698122e+01 2.115170694284618236e+00 5.805923155606699915e+00
8.399705919959085065e+01 2.080680219920726159e+00 5.807217747091164561e+00
8.407137834036568336e+01 2.107722797596215170e+00 5.786344457230533145e+00
8.429652538038614296e+01 2.158819204705280548e+00 5.894498785321570011e+00
8.386627349443804746e+01 2.150092699143332009e+00 5.756536887866001706e+00
8.363936836721646273e+01 2.141733793632528027e+00 5.722829561437156265e+00
8.381570451348932238e+01 2.239787111622554505e+00 5.796205728167753257e+00
8.385855389336401799e+01 2.281357882623705535e+00 5.798107658867152736e+00
8.390253803861398296e+01 2.297100754379235443e+00 5.836929420790180068e+00
8.438401419255849589e+01 2.345879682904999264e+00 5.937539956527298379e+00
8.463347078378724575e+01 2.400124664365170801e+00 5.980261475514639713e+00
8.477534842091803569e+01 2.366848868431147057e+00 6.043057153816647542e+00
8.503663214422708450e+01 2.425073520010228911e+00 6.120109321058688323e+00
8.517906917274005707e+01 2.446314409922004884e+00 6.149693133870348660e+00
8.512154775604142287e+01 2.486015215445595228e+00 6.089182968929804041e+00
8.490335315177087239e+01 2.411536248561565010e+00 6.031981204449558653e+00
8.470043792353918377e+01 2.385724331926863506e+00 6.004155478839023452e+00
8.440865937859608437e+01 2.309183608234241181e+00 5.917625623321826289e+00
8.418694859992328361e+01 2.242088607594936889e+00 5.837552742616034074e+00
8.405840046029919677e+01 2.197481140519115250e+00 5.825661680092060202e+00
8.398494438051399413e+01 2.196394322976601643e+00 5.828154967395473562e+00
8.386055171972893163e+01 2.158771256872522581e+00 5.813115330520393975e+00
8.400613732259301969e+01 2.202084132463879129e+00 5.826269019306994146e+00
8.409997123130034424e+01 2.229366449303157971e+00 5.869997442782253216e+00
8.416105677023398357e+01 2.203170950006393181e+00 5.889592123769339160e+00
8.421937731747858891e+01 2.222350083109576602e+00 5.936644930315816637e+00
8.445176448024548677e+01 2.248289860631632830e+00 5.976457614115841643e+00
8.461039189361974877e+01 2.271224907300856799e+00 5.968913821761923089e+00
8.453676000511443078e+01 2.220719856795806191e+00 5.943996931338703327e+00
8.460057857051528174e+01 2.288933640199462882e+00 6.068996931338703327e+00
8.461507479861910497e+01 2.318373609512850209e+00 6.038949622810382500e+00
8.456234816519626918e+01 2.304564633678557684e+00 6.054724459787751201e+00
8.466104078762306528e+01 2.333812811660913145e+00 5.987917146144994263e+00
8.444493990538293815e+01 2.296876997826364786e+00 5.918920214806290936e+00
8.443961769594680788e+01 2.302183224651578985e+00 5.935126582278480889e+00
8.461844712952307646e+01 2.358569875974939389e+00 6.031469760900140642e+00
8.444057665260197609e+01 2.326444828027106393e+00 5.943453522567446967e+00
8.415615010868175716e+01 2.217779056386651515e+00 5.845160465413630213e+00
8.444931914077483270e+01 2.292881345096534851e+00 5.942878148574351371e+00
8.498195563227208993e+01 2.304149085794655605e+00 6.076508758470783533e+00
8.490014064697608376e+01 2.178046285641222379e+00 5.989595320291522640e+00
8.504607786728040253e+01 2.155095256361079237e+00 5.979446362357754730e+00
8.563572433192686617e+01 2.237022119933512521e+00 6.072081575246132346e+00
8.530424498146017243e+01 2.153337169159954101e+00 6.001214678429867888e+00
8.503225290883518994e+01 2.065576652601968988e+00 5.911408387674210729e+00
8.511155862421685470e+01 2.138649149725099008e+00 6.016078506584835672e+00
8.507233729702083735e+01 2.194796061884669580e+00 6.063179260964070671e+00
8.481922068789157265e+01 2.154056386651323152e+00 5.976153944508374671e+00
8.487594297404423571e+01 2.180939138217619089e+00 6.021864211737629091e+00
8.464072688914461651e+01 2.187619869581894694e+00 5.987038102544431695e+00
8.452015407236926592e+01 2.210522951029280314e+00 5.962504794783275663e+00
8.476977048970719864e+01 2.301112389719984552e+00 6.028800664876614590e+00
8.464267676767676107e+01 2.331607211354046694e+00 6.015854750031965459e+00
8.443595767804627883e+01 2.284058943869070379e+00 5.906773430507607614e+00
8.448735775476281162e+01 2.251246643651707124e+00 5.930987086050377499e+00
8.453348356987596901e+01 2.245189234113284638e+00 5.934695051783659636e+00
8.466319844009717599e+01 2.283131952435749845e+00 6.008486766398158707e+00
8.510754698887610914e+01 2.412862805267868449e+00 6.167098197161488216e+00
8.499480565145121602e+01 2.389735967267612615e+00 6.123018156246004651e+00
8.485438243191407537e+01 2.333445211609768588e+00 6.065960235264032718e+00
8.494433256616801486e+01 2.460075437923538999e+00 6.078394706559263838e+00
8.484071729957805985e+01 2.410305587520777504e+00 6.023254698887610559e+00
8.445467331543281375e+01 2.338000255721774501e+00 5.936916634701445261e+00
8.467227656309934503e+01 2.390151515151515138e+00 6.005402122490729688e+00
8.481936453138985144e+01 2.398382559774964840e+00 6.060685973660657311e+00
8.466492456207646455e+01 2.305475642500959044e+00 5.958940672548267870e+00
8.481436197417210110e+01 2.324830584324255156e+00 5.960986446745940803e+00
8.498326620636747464e+01 2.359800537015726896e+00 6.017021480629075825e+00
8.460093018795549824e+01 2.246691599539700768e+00 5.918648510420662312e+00
8.474897711290115865e+01 2.197033627413374379e+00 5.926783659378596525e+00
8.553292417849380058e+01 2.317734305076077028e+00 6.118878660017900373e+00
8.544877573200358256e+01 2.294719345352256745e+00 6.108761667305970811e+00
8.504722861526659017e+01 2.177566807313642716e+00 5.982147423603120018e+00
8.523056514512211379e+01 2.224267996419895255e+00 6.069891957550185069e+00
8.492406661552230673e+01 2.264480245492903610e+00 6.075597749648382617e+00
8.443295294719345634e+01 2.216484464902186424e+00 5.902761795166858505e+00
8.430370157268890807e+01 2.240490346503004826e+00 5.866065720496099978e+00
8.454796381536887395e+01 2.345879682904999264e+00 6.045902058560286285e+00
8.430816072113540827e+01 2.268667689553765410e+00 5.919479606188467358e+00
8.404038805779312327e+01 2.197513105740954042e+00 5.826205088863316561e+00
8.427939202148063202e+01 2.288773814090269809e+00 5.886267740698120754e+00
8.451475194987853001e+01 2.361191024165707919e+00 5.934583173507224529e+00
8.443661296509397118e+01 2.321634062140391475e+00 5.900508247027234532e+00
8.449128947704896575e+01 2.362565528704769324e+00 5.952819332566168242e+00
8.457641286280527027e+01 2.409330648254699003e+00 6.006249200869453908e+00
8.448785321570132112e+01 2.389048714998081913e+00 5.950054340877125370e+00
8.453938115330520020e+01 2.380641861654519964e+00 5.935941695435366761e+00
8.452368622938243448e+01 2.406341900012785917e+00 5.985631632783531941e+00
8.438345480117631325e+01 2.343178621659634420e+00 5.938658739291650335e+00
8.448451285001918620e+01 2.323152410177726779e+00 5.995844521160976548e+00
8.454244981460171005e+01 2.353471423091676229e+00 6.065368878660017948e+00
8.436646528576908111e+01 2.272263777010612440e+00 5.915755657844265158e+00
8.417170118910625831e+01 2.218690065209052431e+00 5.800521033115970226e+00
8.429005242296381084e+01 2.229302518859480831e+00 5.938450965349699295e+00
8.419645825342027479e+01 2.237565528704769324e+00 5.859624728295614204e+00
8.405734560797851884e+01 2.204081958828794097e+00 5.816263904871499690e+00
8.399688339087073530e+01 2.208189489835059582e+00 5.822577036184631183e+00
8.376750095895665993e+01 2.166554788390231412e+00 5.733218258534714451e+00
8.367451412862804716e+01 2.172196650044751376e+00 5.772407620508886339e+00
8.343061948599923028e+01 2.083972637770106218e+00 5.684727017005497984e+00
8.319850402761795749e+01 1.965429612581511387e+00 5.570467331543280665e+00
8.335256041426927709e+01 1.997426799641989437e+00 5.573408131952435340e+00
8.395959595959595845e+01 2.057889016749776090e+00 5.734193197800792952e+00
8.376770873289861186e+01 2.066199974427822550e+00 5.717827004219409481e+00
8.342743894642629243e+01 1.994374120956399432e+00 5.642261219792865212e+00
8.344281421813067823e+01 2.015678941311852768e+00 5.631201253036696386e+00
8.315084388185654518e+01 1.947161488300728882e+00 5.529248177982355017e+00
8.304877892852576338e+01 1.870317095000639362e+00 5.486015215445594784e+00
8.317922899884925414e+01 1.862022119933512299e+00 5.516925584963559892e+00
8.264587328986063142e+01 1.900364403528960411e+00 5.461977368622938478e+00
8.229427183224652254e+01 1.858777649916890429e+00 5.419975067126966195e+00
8.225965349699526996e+01 1.908547500319652146e+00 5.428190129139496278e+00
8.228839023142820963e+01 1.957869837616672992e+00 5.446474236031198402e+00
8.212968290499935620e+01 1.942318757192174949e+00 5.367711929420790007e+00
8.213673123641477503e+01 1.997235008310957571e+00 5.381824574862549504e+00
8.213193645313899083e+01 1.978775092699143423e+00 5.396416698631888664e+00
8.216211162255466149e+01 1.959052550824702754e+00 5.407013169671397890e+00
8.216068917018283457e+01 1.992248433704129962e+00 5.432041938371051870e+00
8.201233857562971252e+01 2.002093722030430900e+00 5.383055235903337454e+00
8.220373034138856383e+01 1.986238971998465663e+00 5.369885564505818110e+00
8.257000383582662550e+01 1.962376933895921161e+00 5.455856028640838851e+00
8.258549098580743930e+01 1.918632527809742916e+00 5.465381664748753643e+00
8.249122554660529261e+01 1.875351617440224938e+00 5.415180283851169563e+00
8.270422580232707332e+01 1.914285257639688043e+00 5.467075821506201194e+00
8.278728743127477685e+01 1.985887354558240725e+00 5.524693133870348660e+00
8.266744981460171005e+01 1.985152154455951834e+00 5.472509909218770119e+00
8.251278608873545295e+01 1.971247282956143820e+00 5.422883902314281634e+00
8.278858202275924327e+01 2.062747730469249419e+00 5.584803733537910375e+00
8.288200038358266397e+01 2.131313131313131493e+00 5.578858202275923439e+00
8.255184758982227322e+01 1.955104845927630786e+00 5.507559774964838617e+00
8.244166347014447638e+01 1.894786472318117809e+00 5.346455056898094860e+00
8.268029983378085035e+01 1.930667433831990687e+00 5.425936580999872305e+00
8.272516302263137788e+01 1.871212121212121104e+00 5.420582406341900139e+00
8.249462984273111488e+01 1.816168009205983980e+00 5.359177215189873777e+00
8.291975131057409953e+01 1.821202531645569556e+00 5.453714358777649984e+00
8.336863892085411010e+01 1.893811533052039309e+00 5.597030430891190456e+00
8.317227656309934503e+01 1.830152793760388752e+00 5.551352128883774384e+00
8.306082981715893254e+01 1.790212249073008577e+00 5.512434471295231120e+00
8.333798427311086243e+01 1.820243574990410451e+00 5.610471806674338424e+00
8.298973916378979254e+01 1.875735200102288669e+00 5.512514384349826990e+00
8.249729893875463915e+01 1.853998849252013859e+00 5.410481396240889751e+00
8.246907364787111305e+01 1.896656437795678274e+00 5.455040915483953867e+00
8.215654967395474273e+01 1.875287686996547798e+00 5.402250351617440494e+00
8.195731044623450146e+01 1.849683544303797555e+00 5.349731492136555744e+00
8.209853279631761325e+01 1.964198951540723659e+00 5.373753356348292876e+00
8.197236606572049311e+01 1.981316327835315194e+00 5.365282572561053342e+00
8.178859800537016156e+01 1.928317990026850781e+00 5.331846950517836525e+00
8.169314985295997644e+01 1.911008822401227381e+00 5.312779695691087767e+00
8.165581447385244473e+01 1.926432041938371142e+00 5.308048842858969607e+00
8.184544815241017091e+01 1.895218002812939506e+00 5.344105613092954954e+00
8.224247219025700417e+01 1.900348420918041237e+00 5.379283339726377733e+00
8.227298299450198726e+01 1.878644035289604997e+00 5.390950645697481391e+00
8.249207262498401860e+01 1.913438179260964045e+00 5.417961258151131609e+00
8.282361590589438549e+01 1.999952052167242034e+00 5.514640071602096683e+00
8.278270042194093037e+01 2.001614243702851237e+00 5.475163022631376997e+00
8.245972382048331895e+01 1.950949367088607556e+00 5.392644802454928943e+00
8.254703682393555653e+01 1.942206878915739621e+00 5.466052934407365171e+00
8.262146784298683144e+01 2.009030175169415511e+00 5.442990026850786478e+00
8.233867152538039136e+01 1.927918424753867876e+00 5.368878660017900373e+00
8.214023142820610701e+01 1.867216468482291170e+00 5.303685590077995116e+00
8.218726825214166354e+01 1.930971103439457881e+00 5.378196522183864126e+00
8.201588671525379937e+01 1.884525636107914570e+00 5.362773302646720808e+00
8.186843114691215817e+01 1.832773941951157060e+00 5.245764608106380678e+00
8.194933512338575099e+01 1.848165196266462029e+00 5.306035033883135021e+00
8.184078123002173299e+01 1.889048714998082135e+00 5.323232323232323537e+00
8.168610152154455761e+01 1.864019946298427266e+00 5.295374632399949100e+00
8.167643204193836937e+01 1.896720368239355636e+00 5.280878404296125872e+00
8.183454801176320359e+01 1.943853087840429650e+00 5.352128883774453172e+00
8.176118782764352488e+01 1.964710395090141892e+00 5.322449175297276902e+00
8.174621212121212466e+01 1.919687380130418175e+00 5.308368495077355753e+00
8.163832949750671730e+01 1.896160976857179437e+00 5.265471167369901728e+00
8.157174594041683235e+01 1.907780334995524907e+00 5.286184631121339628e+00
8.167834995524869157e+01 1.926927502876869980e+00 5.291394962281038339e+00
8.166775348420918590e+01 1.885980053701572734e+00 5.288725866257511399e+00
8.160497378851809458e+01 1.897807185781869244e+00 5.290995397008055434e+00
8.172103950901419012e+01 1.902665899501342572e+00 5.281293952180027951e+00
8.163895281933257309e+01 1.935558112773302586e+00 5.263952819332565980e+00
8.157671653241273191e+01 1.884877253548139731e+00 5.230389336401994882e+00
8.146779503899756492e+01 1.839534586370029423e+00 5.227368622938243448e+00
8.143972957422325010e+01 1.794719345352256745e+00 5.227064953330776476e+00
8.155895985168136519e+01 1.787750926991433342e+00 5.222877509269914675e+00
8.149490154711673995e+01 1.746707582150620164e+00 5.197273366577164211e+00
8.156199654775603847e+01 1.727368622938243226e+00 5.166107275284490541e+00
8.186688083365298496e+01 1.813754634957166711e+00 5.316088096151386999e+00
8.185150556194859917e+01 1.861207006776627093e+00 5.300664876614243681e+00
8.138001853982866862e+01 1.814393939393939448e+00 5.152697864723180921e+00
8.143391190384861034e+01 1.850530622682521331e+00 5.167929292929293261e+00
8.157807505434087147e+01 1.889911775987725306e+00 5.255977496483825284e+00
8.150452307889017334e+01 1.894946298427311104e+00 5.183640199462984377e+00
8.149009078123002325e+01 1.857163406214039192e+00 5.184407364787111838e+00
8.161942206878916295e+01 1.892213271960107468e+00 5.237469633039252948e+00
8.163078570515278898e+01 1.907652474108170404e+00 5.211146272855133432e+00
8.149651579081958630e+01 1.858569875974939167e+00 5.178333972637769733e+00
8.125958956655159682e+01 1.802438946426288213e+00 5.128020713463751434e+00
8.117136555427694589e+01 1.793632527809742916e+00 5.119342155734560862e+00
8.128493798746963250e+01 1.803589694412479183e+00 5.189665643779568072e+00
8.139801495972382384e+01 1.843018795550441125e+00 5.217954865106763762e+00
8.144951093210586635e+01 1.833445211609768588e+00 5.225706431402634244e+00
8.124768252141669223e+01 1.835986446745940359e+00 5.171861015215445612e+00
8.139002365426415508e+01 1.818613348676639818e+00 5.154104334484081562e+00
8.147346886587392589e+01 1.766941567574479066e+00 5.140630993479094357e+00
8.140789221327196401e+01 1.701812428078250949e+00 5.067510548523206815e+00
8.128257256105356987e+01 1.664684822912670947e+00 5.125479478327579663e+00
8.134976345735839232e+01 1.645521672420406700e+00 5.134669479606188247e+00
8.105550760772280228e+01 1.631696713975195001e+00 5.052359033371691233e+00
8.068506265183479798e+01 1.656038230405318945e+00 5.067782252908835439e+00
8.069284618335251480e+01 1.701332949750671286e+00 5.048810893747602613e+00
8.070272343690065497e+01 1.704657332821889693e+00 5.064330008950261863e+00
8.071114627285513166e+01 1.689186165451988186e+00 5.102400588160081796e+00
8.076881153305204464e+01 1.656405830456463280e+00 5.073695818948983138e+00
8.075134253931722128e+01 1.643188211226185969e+00 5.050552998337808575e+00
8.071402314282060786e+01 1.635964071090653338e+00 5.060909730213527524e+00
8.081300345224396153e+01 1.669399693133870377e+00 5.046589310829816988e+00
8.095786983761666988e+01 1.691983122362869185e+00 5.076300984528832494e+00
8.084081319524356957e+01 1.653752717043856180e+00 5.052375015982611295e+00
8.067266014576141231e+01 1.637722158291778474e+00 5.032141030558752171e+00
8.075599347909474091e+01 1.663613987981076514e+00 5.027394195115713948e+00
8.092414652857691237e+01 1.663230405319013006e+00 5.056738268763584898e+00
8.055772919064058613e+01 1.611222989387546267e+00 4.980037718961769500e+00
8.062827643523846177e+01 1.617520138089758364e+00 5.023622298938754227e+00
8.094554724459787565e+01 1.740378468226569497e+00 5.109960363124920413e+00
8.087429676511955279e+01 1.670774197672931782e+00 5.129379235391893666e+00
8.065910689170182479e+01 1.630306226825214200e+00 5.074926479989771089e+00
8.068576588671525940e+01 1.632751566295870038e+00 5.115841963943229764e+00
8.088804181051015973e+01 1.631409026978647203e+00 5.091995908451604436e+00
8.077451732515024219e+01 1.599859353023910025e+00 5.057825086306099394e+00
8.112052486894259573e+01 1.659858074415036411e+00 5.049578059071730074e+00
8.126930699399053992e+01 1.686501086817542516e+00 5.066711417977241005e+00
8.107305651451221706e+01 1.671876997826365008e+00 5.016621915356092920e+00
8.105895985168136519e+01 1.648750159826109174e+00 4.996819460427055049e+00
8.124614819076843730e+01 1.644115202659506503e+00 5.051080424498145760e+00
8.120021416698631356e+01 1.582054724459787787e+00 4.980053701572688674e+00
8.078469824830584400e+01 1.554836338064186085e+00 4.879251374504539385e+00
8.080844840813195162e+01 1.582550185398286624e+00 4.926703746323999766e+00
8.050014384349827878e+01 1.575677662702979154e+00 4.937476026083620795e+00
8.036336465925073469e+01 1.565864339598516786e+00 4.890806802199207048e+00
8.022324510932105568e+01 1.574942462600690485e+00 4.857483058432425338e+00
8.033974236031198757e+01 1.596822656949239194e+00 4.912255466052934061e+00
8.018076332949750906e+01 1.579225802327068218e+00 4.882256105357370757e+00
8.000939777522056318e+01 1.578906150108681850e+00 4.848181178877381647e+00
8.012650236542641835e+01 1.584803733537910819e+00 4.879491113668328772e+00
8.010663598005369579e+01 1.584468098708605055e+00 4.875415547883902079e+00
8.003652026595064228e+01 1.535033883135148880e+00 4.859464902186421575e+00
7.994853599283979406e+01 1.511747219025699973e+00 4.856268380002557450e+00
8.004604590205856596e+01 1.502509269914333201e+00 4.827915228231684175e+00
8.015953842219664693e+01 1.494853599283979095e+00 4.873209947577036516e+00
8.034824510932105568e+01 1.521560542130162341e+00 4.902090525508246976e+00
8.041358202275924327e+01 1.534618335251246579e+00 4.977224779439969105e+00
8.020214806290755405e+01 1.478071857818693324e+00 4.932825086306099394e+00
7.989051911520266458e+01 1.431530494821634081e+00 4.820786983761667699e+00
8.000549801815624562e+01 1.453011123897199885e+00 4.784522439585730424e+00
8.016268699654776242e+01 1.502109704641350296e+00 4.814058304564633239e+00
8.024199271192942717e+01 1.492504155478838967e+00 4.871995269147167740e+00
8.044989451476793363e+01 1.538741848868431239e+00 4.932601329753228292e+00
8.042071026722925353e+01 1.537351361718450216e+00 4.891701828410688790e+00
7.998543984145250363e+01 1.485663598005370067e+00 4.790436005625879012e+00
8.004714870221199874e+01 1.474267996419895255e+00 4.805443677279120251e+00
8.030584324255210049e+01 1.520265950645697473e+00 4.926000511443549001e+00
8.014229318501470800e+01 1.478023909985935358e+00 4.853503388313514577e+00
8.000103886970975964e+01 1.484608745684695030e+00 4.794959084516046133e+00
8.040819588287942565e+01 1.545950006393044474e+00 4.943421557345607731e+00
8.052470911648126162e+01 1.589934151643012328e+00 4.950389975706431578e+00
8.019244661807952923e+01 1.488556450581766999e+00 4.863668328858202550e+00
7.999541299066615352e+01 1.463447768827515594e+00 4.827595576013297141e+00
8.005905574734688912e+01 1.471135404679708492e+00 4.835091420534458173e+00
8.006661552231172152e+01 1.432185781869326213e+00 4.791858457997698828e+00
8.005144802454928765e+01 1.419831223628692074e+00 4.789940544687380175e+00
7.985730724971230643e+01 1.407892213271960014e+00 4.779008438818565629e+00
8.007353599283979406e+01 1.442750287686996646e+00 4.821378340365682469e+00
8.009941183991817582e+01 1.454177854494310251e+00 4.814298043728423515e+00
7.980790499936070148e+01 1.400028768699654869e+00 4.708621020329880835e+00
7.965122746451859825e+01 1.371148190768443964e+00 4.700821506201252831e+00
7.980552359033372056e+01 1.385660401483186366e+00 4.754299322337296907e+00
7.988684311469121724e+01 1.415835570898862139e+00 4.787191535609257365e+00
7.982887418488684261e+01 1.404823551975450613e+00 4.755833652985551829e+00
7.977367024677151619e+01 1.394211098325022435e+00 4.791874440608618002e+00
7.976569492392276572e+01 1.399980820866896902e+00 4.777394195115713948e+00
7.984343434343433898e+01 1.397807185781869244e+00 4.747187060478199605e+00
7.986013617184502777e+01 1.411424370285129681e+00 4.754890678941311677e+00
7.974183288582023010e+01 1.429468738013041751e+00 4.756696713975195223e+00
7.979716468482291702e+01 1.448136427566807383e+00 4.743303286024804777e+00
7.990138729062779532e+01 1.454113924050632889e+00 4.794112006137322801e+00
8.002857690832374260e+01 1.494629842731108660e+00 4.797100754379234999e+00
7.995256361079145790e+01 1.489946937731747800e+00 4.805651451221071291e+00
8.005565145122106685e+01 1.488572433192686395e+00 4.796924945659123196e+00
8.019399693133870244e+01 1.490250607339214994e+00 4.803158163917657930e+00
7.999165707710011475e+01 1.482594936708860667e+00 4.806946042705535938e+00
7.995168456719089534e+01 1.466548395345863787e+00 4.738492520138089859e+00
7.986224587648638362e+01 1.421525380386139847e+00 4.719265439202148471e+00
7.993483889528192776e+01 1.425137450453906052e+00 4.749392660785066056e+00
8.000369198312236563e+01 1.416554788390231412e+00 4.783531517708732750e+00
8.001278608873545295e+01 1.408995013425393239e+00 4.768364019946297994e+00
7.975738396624473125e+01 1.396848229126710139e+00 4.698264288454161886e+00
7.988796189745556831e+01 1.383294975067127064e+00 4.741896816263905023e+00
8.011646528576908111e+01 1.400843881856540074e+00 4.835059455312619825e+00
8.006773430507607259e+01 1.401547116736990173e+00 4.755529983378084857e+00
8.012901163534074556e+01 1.372235008310957571e+00 4.825134253931722128e+00
8.019712952307888543e+01 1.388601201892341042e+00 4.825981332310446348e+00
8.009853279631761325e+01 1.370556834164429194e+00 4.783195882879427430e+00
7.948652665899501812e+01 1.319284618335251347e+00 4.658323743766781710e+00
7.916321442270809428e+01 1.270777394195115706e+00 4.595959595959596022e+00
7.905194348548778294e+01 1.311948599923283387e+00 4.609353023909985581e+00
7.893621339982099983e+01 1.275843881856540074e+00 4.603839023142820785e+00
7.890894706559264193e+01 1.268028385116992673e+00 4.566455696202531556e+00
7.911394003324383561e+01 1.293536632144226983e+00 4.616673059711034810e+00
7.941124856156501721e+01 1.327180028129395284e+00 4.690320930827259538e+00
7.960166538805779624e+01 1.340909090909090828e+00 4.767724715509525701e+00
7.945091740186677498e+01 1.318197800792737517e+00 4.750255721774709450e+00
7.933736095128500665e+01 1.282220943613348707e+00 4.746515790819588076e+00
7.960409474491753201e+01 1.313003452243958646e+00 4.772247794399692822e+00
7.976612645441758787e+01 1.316120061373226013e+00 4.758039253292418280e+00
7.954563035417466210e+01 1.252493287303413805e+00 4.639144610663597845e+00
7.947853535353534937e+01 1.218402378212504855e+00 4.654248177982355017e+00
7.965245812555939153e+01 1.262450453906150072e+00 4.683032860248050433e+00
7.958934279503900200e+01 1.337009333844776826e+00 4.741145633550696736e+00
7.927499680347781918e+01 1.280542769466820108e+00 4.622842347525891959e+00
7.907393555811277963e+01 1.293936197417210110e+00 4.554484720623960925e+00
7.912693389592124049e+01 1.334771768316072027e+00 4.603055875207774150e+00
7.882475067126965484e+01 1.277538038613988070e+00 4.559519243063546945e+00
7.842550505050505194e+01 1.225434727017005399e+00 4.459803733537910375e+00
7.854248177982354662e+01 1.259253931722286168e+00 4.467795038997570245e+00
7.856939649661168801e+01 1.246276051655798467e+00 4.474427822529088772e+00
7.838388633167113539e+01 1.193565400843881852e+00 4.410449431019051403e+00
7.844057665260197609e+01 1.215046029919447657e+00 4.430715381664748875e+00
7.840591036951796866e+01 1.221614883007288155e+00 4.460986446745940803e+00
7.833870349060222793e+01 1.224683544303797555e+00 4.438371052295102537e+00
7.824731492136555744e+01 1.211561820739035955e+00 4.435845799769850828e+00
7.822698504027617616e+01 1.205472445978775120e+00 4.464039125431530586e+00
7.808271001150747281e+01 1.175089502621148085e+00 4.391621915356092920e+00
7.799443805140008124e+01 1.160497378851809147e+00 4.363668328858202550e+00
7.808910305587521350e+01 1.170118910625239650e+00 4.435110599667561715e+00
7.807935366321441961e+01 1.186612965093977845e+00 4.434551208285385293e+00
7.782137834036568336e+01 1.138537271448663901e+00 4.329976985040276283e+00
7.751169927119293845e+01 1.111143076332949731e+00 4.273190768443932974e+00
7.742689553765502808e+01 1.096423091676256290e+00 4.222941439713591372e+00
7.745630354174657839e+01 1.131377061756808633e+00 4.175265311341260777e+00
7.754783595448152766e+01 1.146144994246260040e+00 4.228295614371563538e+00
7.747968610152155122e+01 1.178014320419383809e+00 4.200022375655287021e+00
7.743515854750032190e+01 1.141318245748625504e+00 4.240202659506456584e+00
7.744374120956399565e+01 1.129043600562587901e+00 4.261491497250990967e+00
7.743893044367727896e+01 1.101905127221582958e+00 4.266382176192302644e+00
7.747460363124919525e+01 1.103775092699143423e+00 4.268012402506073499e+00
7.793710842603248068e+01 1.190624600434726954e+00 4.305267868559007560e+00
7.806071793888249033e+01 1.192990026850786256e+00 4.370940416826492481e+00
7.820804564633678524e+01 1.269115202659506503e+00 4.446074670758215497e+00
7.826863572433192928e+01 1.288102544431658281e+00 4.452579593402377967e+00
7.815560669991049281e+01 1.293584579976984950e+00 4.395042194092827259e+00
7.820462536760004468e+01 1.265119549929676568e+00 4.401499168904232207e+00
7.826372906277968866e+01 1.289604909858074411e+00 4.400907812300217437e+00
7.824693133870349016e+01 1.261986958189489805e+00 4.422851937092443286e+00
7.830552359033372056e+01 1.224140135532540530e+00 4.389368367216468059e+00
7.855295038997570600e+01 1.231667945275540132e+00 4.449271192942078734e+00
7.861104718066742691e+01 1.263904871499808236e+00 4.467715125942974375e+00
7.856265183480373082e+01 1.232051527937603863e+00 4.431338703490601993e+00
7.836373225930188369e+01 1.202835315177087416e+00 4.397487533563483098e+00
7.851193901035672695e+01 1.207965733282188925e+00 4.405590717299578074e+00
7.861467523334611940e+01 1.231619997442782166e+00 4.453490602224779771e+00
7.871204129906661251e+01 1.236366832885820166e+00 4.419431658355708947e+00
7.849216852064952832e+01 1.218258534714230956e+00 4.392580872011251358e+00
7.820969185526148237e+01 1.177806546477432548e+00 4.306642373098068965e+00
7.820210011507479919e+01 1.185078634445723145e+00 4.377972765630993912e+00
7.822449175297276724e+01 1.186261347653752685e+00 4.391957550185398240e+00
7.783269402889655453e+01 1.123833269402889634e+00 4.294096023526403627e+00
7.783152729829944860e+01 1.123513617184503266e+00 4.278417082214550859e+00
7.801145953202914995e+01 1.179548651067638509e+00 4.369358138345480036e+00
7.795171653241273191e+01 1.185366321442270721e+00 4.347781613604398743e+00
7.794583493159441900e+01 1.216788134509653396e+00 4.332342411456335363e+00
7.814793504666921820e+01 1.262226697353279636e+00 4.317238844137578191e+00
7.830475642500958600e+01 1.276579081958828743e+00 4.334180411712057257e+00
7.847688914461066645e+01 1.243239355581127636e+00 4.440225035161743605e+00
7.846325597749648750e+01 1.248529599795422662e+00 4.454769211098325243e+00
7.853666410944892107e+01 1.229366449303158193e+00 4.489259685462217320e+00
7.876527937603887608e+01 1.249073008566679466e+00 4.501102800153432781e+00
7.902587584707838175e+01 1.291315049226441580e+00 4.573024549290372498e+00
7.912726953075053871e+01 1.280942334739803012e+00 4.582582150620125638e+00
7.915249009078122810e+01 1.318677279120317181e+00 4.589358777649916732e+00
7.925437923539189455e+01 1.343354430379746889e+00 4.593306482546989145e+00
7.907521416698631356e+01 1.308272599411839821e+00 4.536296509397775623e+00
7.897054404807569483e+01 1.298778928525764043e+00 4.538773814090269809e+00
7.918597366065721133e+01 1.326300984528832716e+00 4.606604014831862770e+00
7.902077739419512170e+01 1.295870093338447715e+00 4.550568980948727749e+00
7.866850466692238797e+01 1.234416954353663165e+00 4.454049993606955304e+00
7.884461705664237741e+01 1.296381536887865948e+00 4.571362357754762407e+00
7.883728103823040101e+01 1.312571921749136949e+00 4.544687380130418397e+00
7.822527490090780589e+01 1.225818309679069129e+00 4.397008055235903434e+00
7.788588415803606324e+01 1.159442526531134110e+00 4.284746196138601526e+00
7.783638601201892016e+01 1.167641605932745241e+00 4.264959723820483717e+00
7.774215253803861003e+01 1.133838383838383868e+00 4.209340237821250774e+00
7.793487086050377854e+01 1.147311724843370406e+00 4.236478711162255273e+00
7.813743447129523645e+01 1.221822656949239194e+00 4.374200869454034191e+00
7.804479925840685439e+01 1.197321314409921955e+00 4.321250479478327300e+00
7.785817031070195071e+01 1.169415675744789773e+00 4.260916123257895372e+00
7.785671589310830143e+01 1.184695051783659414e+00 4.279615778033499573e+00
7.776711737629459265e+01 1.129091548395345868e+00 4.276179516685846060e+00
7.747075182201764676e+01 1.089934151643012328e+00 4.172260580488428516e+00
7.731608809615138966e+01 1.101473596726761262e+00 4.124600434727017095e+00
7.715041235136172304e+01 1.075198184375399491e+00 4.123913182457486393e+00
7.699522119933511988e+01 1.048059711034394548e+00 4.071522183863955924e+00
7.702940800409155031e+01 1.060829817158930988e+00 4.086130290244214258e+00
7.704305715381664754e+01 1.031965221838639479e+00 4.126933895921237827e+00
7.683830392532924236e+01 9.975067126965860842e-01 4.059423347398031012e+00
7.678204513489323801e+01 9.559199590845159911e-01 4.056514512210714685e+00
7.705536376422452349e+01 9.545134893236159046e-01 4.142453011123897078e+00
7.720221199335122719e+01 9.946138601201892637e-01 4.141462089246899403e+00
7.733852768188211257e+01 9.865266589950134613e-01 4.216276690960235385e+00
7.747207837872394975e+01 1.010116992711929340e+00 4.272071985679581019e+00
7.756068597366065376e+01 1.003244470016621870e+00 4.299993606955632153e+00
7.802691471678814139e+01 1.044335762690193015e+00 4.349955248689425957e+00
7.864588927247154970e+01 1.115314537782892135e+00 4.504251374504539385e+00
7.860593274517324858e+01 1.135085027490090770e+00 4.427854494310190070e+00
7.839579337680603999e+01 1.120524868942590402e+00 4.399485359928397621e+00
7.854871499808209023e+01 1.171701189106252317e+00 4.428286024805012211e+00
7.847048011763202169e+01 1.215493543025188528e+00 4.458541107275284077e+00
7.840402442142948303e+01 1.173171589310829876e+00 4.414077483697736781e+00
7.856466564377956274e+01 1.231012658227848000e+00 4.469441247922260274e+00
7.859571985679581019e+01 1.249568469505178303e+00 4.420997954225802218e+00
7.830291842475386943e+01 1.242360311980565069e+00 4.376182713208029540e+00
7.829890678941312387e+01 1.231204449558879865e+00 4.379443165835571250e+00
7.832196969696970257e+01 1.223165196266462029e+00 4.388856923667050047e+00
7.825249328730340892e+01 1.156469760900140642e+00 4.358394067254827142e+00
7.846578123002173299e+01 1.171924945659122974e+00 4.394083237437667933e+00
7.859953970080552210e+01 1.178621659634317753e+00 4.380034522439586020e+00
7.842494565912286930e+01 1.140023654264160635e+00 4.353023909985934914e+00
7.836782380769722067e+01 1.109960363124920191e+00 4.307521416698631533e+00
7.829313706687123897e+01 1.108617823807697134e+00 4.313259174018667430e+00
7.822672931850146938e+01 1.133710522951029365e+00 4.301160337552742519e+00
7.782304053190128457e+01 1.096151387290627888e+00 4.244981460171333154e+00
7.780400524229638393e+01 1.106731875719217495e+00 4.261843114691216350e+00
7.781381856540085096e+01 1.093785960874568364e+00 4.287958700933384826e+00
7.738457358394067853e+01 1.097398030942334790e+00 4.150875847078379088e+00
7.720064569748113570e+01 1.079177854494310251e+00 4.133694540340109747e+00
7.733413246387929973e+01 1.099236031198056462e+00 4.152154455951924561e+00
7.724282380769722067e+01 1.075997314921365522e+00 4.160289604909857886e+00
7.716888824958445525e+01 1.073567958061628858e+00 4.112133998209947627e+00
7.695005434087713070e+01 1.044463623577547517e+00 4.074910497378851915e+00
7.706853343562204373e+01 1.049753867791842543e+00 4.092731108553893549e+00
7.712592699143331743e+01 1.019099220048587107e+00 4.070147679324894519e+00
7.732796317606444347e+01 1.052470911648126783e+00 4.137274645186037603e+00
7.748735775476281162e+01 1.047788006648766146e+00 4.149980820866896458e+00
7.749915292162127400e+01 1.073631888505306220e+00 4.162447257383965926e+00
7.757690832374376555e+01 1.068437539956527349e+00 4.249840173890806483e+00
7.758235839406725631e+01 1.062539956527298379e+00 4.231619997442781944e+00
7.739895793376805955e+01 1.033723309039764837e+00 4.193933000895026630e+00
7.749813003452243265e+01 1.056930060094616985e+00 4.224555683416443053e+00
7.766281485743510871e+01 1.115762050888633228e+00 4.295534458509141729e+00
7.768939393939393767e+01 1.122091164812683894e+00 4.214119038486127344e+00
7.744163150492263981e+01 1.119725738396624370e+00 4.130961513872906110e+00
7.736162255466052784e+01 1.111079145889272368e+00 4.070515279376039075e+00
7.741772151898733512e+01 1.105101649405446862e+00 4.099507735583684642e+00
7.734519243063546412e+01 1.094265439202148027e+00 4.110056258790436345e+00
7.691423730980693563e+01 1.052534842091804146e+00 4.055779312108426460e+00
7.689101457614115986e+01 1.047628180539572851e+00 4.073967523334611762e+00
7.723810893747602790e+01 1.108090397647359726e+00 4.160033883135149324e+00
7.734020585602864628e+01 1.111894259046157796e+00 4.199351105996675493e+00
7.736039189361974877e+01 1.056754251374504516e+00 4.145921237693389827e+00
7.752680283851169918e+01 1.086865490346502927e+00 4.163789796701188983e+00
7.762348165196266336e+01 1.082470272343690088e+00 4.138697097557857418e+00
7.746664429101137728e+01 1.030414908579465605e+00 4.066887226697353697e+00
7.729133103183735898e+01 1.010660401483186366e+00 4.044223884413757908e+00
7.737723756552870213e+01 1.055203938115330420e+00 4.096614883007288377e+00
7.700126262626262985e+01 1.053701572688914512e+00 4.061772791203170918e+00
7.657583748881216934e+01 9.972669735327963636e-01 3.993239355581127636e+00
7.688748241912799131e+01 1.034106891701828346e+00 4.000255721774709450e+00
7.679219409282700326e+01 1.018204193837105143e+00 4.026115586242168476e+00
7.680585922516301878e+01 9.961961386012019304e-01 4.077659506456974725e+00
7.715165899501342039e+01 1.014831862933128770e+00 4.160928909346631066e+00
7.725839087073264011e+01 1.001869965477560465e+00 4.178925329241784503e+00
7.715010868175424719e+01 9.661168648510420898e-01 4.179820355453267133e+00
7.737842027873674056e+01 1.006952435749904007e+00 4.216772151898734222e+00
7.729925840685334038e+01 1.031757447896688440e+00 4.195978775092699564e+00
7.695045390615010206e+01 1.012818053957294406e+00 4.043856284362613351e+00
7.689277266334228500e+01 9.883486766398158485e-01 4.032332821889784036e+00
7.699582853855005737e+01 1.031469760900140642e+00 4.069939905382943479e+00
7.660398286664108980e+01 9.814282061117504119e-01 3.967603247666538824e+00
7.622549865746067610e+01 9.441088096151387665e-01 3.959899629203426752e+00
7.644025700038358195e+01 1.003132591740186763e+00 4.047979797979797567e+00
7.667480181562460473e+01 1.059679069172740018e+00 4.046381536887865948e+00
7.665264991689042517e+01 1.059071729957805852e+00 4.016126454417594083e+00
7.676814026339343400e+01 1.079385628436261291e+00 4.072305331799002559e+00
7.680881600818310062e+01 1.060158547500319681e+00 4.126086817542513607e+00
7.681741465285769266e+01 1.065432809103695089e+00 4.036328474619613971e+00
7.662546349571665871e+01 1.043888249584452144e+00 4.045742232451092768e+00
7.649130545965988404e+01 1.029855517197289405e+00 3.942382687635852090e+00
7.650329241784938006e+01 1.003707965733282137e+00 3.950485871371947511e+00
7.669954289732770292e+01 1.036999744278225277e+00 4.083157524613221234e+00
7.666326237054084913e+01 1.038246387929932180e+00 4.058208668968162236e+00
7.652104909858074677e+01 1.005673826876358534e+00 3.986622554660529172e+00
7.662949111366832255e+01 1.036040787623066173e+00 4.072177470911648278e+00
7.664251694156757821e+01 1.022008055235903434e+00 4.044351745301112189e+00
7.654890678941312387e+01 9.845288326300984938e-01 4.012178749520521670e+00
7.657383966244725571e+01 1.034458509142053506e+00 4.029775604142693091e+00
7.669175936581000030e+01 1.029791586753612043e+00 4.076812428078250505e+00
7.627910433448407446e+01 9.861910241657076970e-01 3.986750415547883897e+00
7.630729766014576398e+01 9.723660657204961089e-01 4.009605549162511551e+00
7.636919831223629274e+01 1.010452627541235104e+00 4.002109704641350518e+00
7.597260580488428161e+01 9.679548651067638732e-01 3.915771640455184777e+00
7.589202148062906872e+01 9.558560286408387396e-01 3.868015599028257423e+00
7.630603503388313413e+01 1.037479222605804940e+00 3.972445978775092534e+00
7.626770873289861186e+01 1.030686612965094007e+00 3.963208029663725984e+00
7.618491880833653340e+01 9.465381664748753199e-01 3.901802838511699179e+00
7.660617248433703708e+01 9.346311213399820517e-01 3.927646720368239475e+00
7.690292162127605025e+01 9.616417337936324916e-01 3.988124920086945302e+00
7.692780654647742722e+01 9.445083748881216712e-01 3.993319268635724395e+00
7.685460618846694558e+01 9.423187571921749495e-01 3.980341388569236472e+00
7.689884605549163155e+01 8.791075310062651527e-01 3.963399820994757849e+00
7.693880258278991846e+01 8.347877509269914231e-01 3.947017644802454761e+00
7.723187571921748429e+01 8.719633039253292806e-01 3.999041043344840674e+00
7.738692302774580867e+01 8.570035801048458968e-01 4.099667561692878159e+00
7.750532220943613027e+01 8.599124152921621134e-01 4.094425265311341100e+00
7.708013681114947246e+01 9.416634701444828170e-01 4.078842219665004265e+00
7.690583045646336302e+01 9.930475642500958822e-01 4.124488556450581989e+00
7.634704641350211318e+01 9.631121339982099405e-01 4.058016877637130371e+00
7.593188211226186013e+01 9.516046541362996880e-01 3.975418744406086002e+00
7.598157204961002265e+01 9.762018923411328597e-01 3.985455824063418806e+00
7.615161104718066554e+01 8.998529599795422884e-01 3.924562076460810456e+00
7.632078698376166415e+01 9.208221455056898597e-01 3.895713463751438344e+00
7.674053829433576368e+01 9.444923922772023861e-01 3.921701189106252539e+00
7.680739355581127370e+01 9.025380386139879585e-01 3.931514512210714685e+00
7.653103823040531495e+01 8.552934407364787273e-01 3.906517708732898608e+00
7.688208029663725540e+01 8.796988876102800337e-01 3.980597110343945921e+00
7.715447193453522345e+01 8.849731492136555522e-01 4.016989515407236588e+00
7.700044751310574043e+01 8.576428845416187441e-01 4.001326556706303883e+00
7.702320675105485748e+01 8.412926735711545589e-01 3.907268891446106451e+00
7.697123130034522376e+01 8.405894386907044602e-01 3.918312875591356548e+00
7.662480820866896636e+01 9.091068917018284568e-01 3.931258790436005679e+00
7.596733154328090620e+01 8.766941567574478844e-01 3.831990794016110424e+00
7.586851105996674960e+01 9.128947704897072413e-01 3.839454673315432665e+00
7.602250351617439605e+01 9.602832118654903715e-01 3.923235519754507017e+00
7.593105101649405242e+01 9.599955248689425735e-01 3.851585475003196368e+00
7.596471039509013679e+01 9.494150364403528553e-01 3.819348548778928709e+00
7.593177023398541792e+01 9.552966372586625399e-01 3.877796956910880777e+00
7.600984528832630360e+01 9.607147423603119574e-01 3.872906277969569100e+00
7.636641733793632625e+01 1.012146784298683100e+00 3.982930571538166653e+00
7.648547180667434020e+01 1.033259813323104570e+00 4.038406214039125253e+00
7.615867536120700265e+01 1.003963687507991365e+00 3.923523206751054815e+00
7.604053190129140205e+01 9.468738013041810841e-01 3.856923667050249360e+00
7.623348996292034485e+01 1.015359289093466399e+00 3.864003963687507870e+00
7.611358841580360490e+01 9.933831990794016464e-01 3.878116609129267367e+00
7.602675489067894432e+01 1.000815113156885205e+00 3.877701061245364844e+00
7.650191791331032221e+01 9.925041554788390785e-01 3.942254826748497809e+00
7.643464710395090833e+01 9.564633678557729057e-01 3.941056130929548651e+00
7.629070771001150320e+01 9.348708605037718833e-01 3.912415292162127578e+00
7.646173762945915087e+01 9.376838000255721672e-01 3.924066615522311618e+00
7.654013233601841648e+01 9.446362357754762851e-01 3.939569748114051695e+00
7.655945531261987469e+01 9.245460938498912817e-01 3.922628180539573073e+00
7.676785257639687643e+01 9.569268635724331729e-01 3.935350338831351547e+00
7.695898862038102095e+01 9.616417337936324916e-01 3.982738780207134788e+00
7.700704833141541883e+01 9.449399053829433681e-01 4.002717043856284462e+00
7.696883390870732455e+01 9.517804628564122682e-01 4.016446106635980229e+00
7.670921237693389116e+01 9.543856284362614018e-01 3.978087840429612498e+00
7.602721838639560303e+01 9.080200741593146274e-01 3.946218514256488952e+00
7.598553573711801334e+01 9.382112261859096858e-01 3.946442270809359609e+00
7.587950709627925505e+01 9.514448280271065039e-01 3.903720751822017832e+00
7.525832694028896697e+01 9.057185781869325769e-01 3.826508758470783977e+00
7.578735136171844999e+01 8.407013169671397890e-01 3.820275540212249243e+00
7.649518923411328331e+01 8.744246260069045151e-01 3.956958828794271632e+00
7.652648318629331925e+01 8.224172100754378878e-01 3.911983761667305881e+00
7.648019754507096479e+01 7.945755018539828463e-01 3.862102032988108835e+00
7.647351681370668075e+01 7.912351361718450438e-01 3.813163278353151942e+00
7.650231747858330777e+01 7.358234241145633625e-01 3.834436133486766263e+00
7.620860503771896788e+01 6.783499552486894624e-01 3.757879427183224763e+00
7.639238908068021772e+01 6.700070323488045432e-01 3.787734944380514168e+00
7.693896240889911553e+01 7.040020457741976712e-01 3.917689553765502986e+00
7.692906917274005707e+01 7.095799769850402727e-01 3.965397647359672817e+00
7.671256872522695858e+01 7.710970464135020741e-01 3.922436389208541208e+00
7.657455887993862120e+01 8.146017133358905982e-01 3.870428973277074469e+00
7.654714870221199874e+01 8.445531261986958249e-01 3.867488172867919793e+00
7.652199207262498248e+01 8.543504666922387969e-01 3.884765375271704180e+00
7.649397455568342252e+01 8.772215829177854030e-01 3.862245876486382734e+00
7.662584707837872600e+01 8.171109832502237991e-01 3.877381409026978698e+00
7.665746068277714187e+01 7.636970975578570853e-01 3.869374120956399654e+00
7.681477752205600495e+01 7.532764352384605511e-01 3.908915100370796480e+00
7.670184439330009241e+01 7.156533691343818226e-01 3.864131824574862595e+00
7.635201700549801274e+01 6.444668200997314411e-01 3.762322593018795569e+00
7.650086306098964428e+01 6.620636747219025287e-01 3.749536504283339511e+00
7.679809167625623445e+01 7.044815241017772234e-01 3.852943996931338599e+00
7.678369134381792094e+01 7.258342922899885252e-01 3.873977112901163533e+00
7.685676384094105629e+01 7.088128116609129226e-01 3.885244853599283843e+00
7.704657332821889781e+01 7.465157908195882985e-01 3.949606827771384943e+00
7.718966564377956274e+01 7.059838895281933535e-01 3.967667178110215964e+00
7.724061820739035511e+01 6.707262498401739270e-01 3.951093210586881455e+00
7.758689745556834794e+01 6.693037974683544444e-01 4.017692750287687353e+00
7.791545198823679641e+01 6.641094489195754624e-01 4.028129395218003062e+00
7.735925712824446521e+01 6.188626774069811987e-01 3.913182457486255039e+00
7.698483250223756613e+01 6.308336529855517183e-01 3.864675233346119398e+00
7.725557793121083705e+01 6.927343050760772503e-01 3.900060733921493217e+00
7.704727656309934503e+01 6.951796445467331997e-01 3.871068277713847205e+00
7.682043536632144765e+01 6.506680731364276049e-01 3.825006393044367847e+00
7.680450070323487921e+01 6.536568213783403580e-01 3.793392788645953306e+00
7.669415675744789951e+01 6.778544943101905140e-01 3.849172100754379322e+00
7.648860439841452319e+01 6.824415036440353299e-01 3.852832118654903493e+00
7.620436964582533790e+01 6.795326684567191133e-01 3.818645313898478388e+00
7.588307121851426018e+01 6.451380897583429697e-01 3.755242296381537059e+00
7.587575118271320207e+01 6.598101265822784445e-01 3.781629587009333715e+00
7.592210075437922967e+01 6.907684439330008530e-01 3.761715253803861181e+00
7.598436900652090742e+01 6.883550696841835848e-01 3.746867408259813459e+00
7.604579018028384496e+01 6.790052422963814838e-01 3.758438818565400741e+00
7.618442334739802391e+01 7.127605165579848912e-01 3.767948472062395915e+00
7.624598836465925444e+01 7.165643779567830718e-01 3.759381792609640893e+00
7.665530303030303116e+01 6.716052934407364949e-01 3.865474363892085208e+00
7.700342027873674056e+01 6.826652601969057654e-01 3.881073392149341661e+00
7.697369262242679611e+01 6.460171333589055376e-01 3.856779823551975461e+00
7.699453394706559095e+01 6.003707965733282581e-01 3.819971870604781827e+00
7.712300217363508636e+01 6.473596726761283726e-01 3.827100115074798747e+00
7.666407748369773856e+01 6.179996164173379158e-01 3.762466436517069468e+00
7.635001917913309910e+01 5.896944124792226072e-01 3.679804372842347515e+00
7.654179452755401769e+01 6.331671141797724500e-01 3.741593146656437607e+00
7.668229766014576398e+01 6.563259174018667430e-01 3.821090653369134227e+00
7.641048139624089686e+01 6.361079145889272368e-01 3.739611302902442258e+00
7.631060606060606233e+01 6.354206623193965342e-01 3.751406469760900197e+00
7.636542641605932147e+01 6.711737629459147980e-01 3.797036823935558303e+00
7.614037527170438580e+01 6.662671013936837250e-01 3.761411584196394209e+00
7.589072688914461651e+01 6.641893619741721100e-01 3.730820866896816135e+00
7.594677790563866893e+01 6.663789796701189427e-01 3.752477304692494631e+00
7.582123449686740457e+01 6.593945786983761437e-01 3.711577803349955129e+00
7.576401674977624623e+01 6.690800409154840089e-01 3.659778161360439874e+00
7.587391318245748550e+01 7.076141158419639865e-01 3.720208413246387735e+00
7.585319971870605116e+01 6.968578186932616880e-01 3.739883007288070438e+00
7.578548139624089686e+01 6.864211737629458687e-01 3.747506712696586195e+00
7.583863956015854058e+01 6.723564761539445600e-01 3.758582662063674640e+00
7.611013617184502777e+01 6.445946809870860550e-01 3.759973149213655663e+00
7.626674977624344365e+01 6.333908707326428855e-01 3.756345096534969841e+00
7.620369837616672726e+01 6.091132847461961930e-01 3.739435494182329567e+00
7.615746068277714187e+01 6.054532668456719113e-01 3.721694796061884691e+00
7.617449814601712887e+01 5.913725866257512065e-01 3.654487917146144849e+00
7.627343050760772769e+01 5.906214039125431414e-01 3.663805779312108601e+00
7.637667817414653371e+01 5.683256616800920202e-01 3.724028257256105423e+00
7.635097813578826731e+01 5.498817286791970460e-01 3.689314026339342689e+00
7.622311724843370939e+01 5.151195499296764568e-01 3.627796956910880777e+00
7.578341963943229587e+01 6.207805907172996296e-01 3.659969952691471740e+00
7.527736222989388182e+01 6.942206878915739843e-01 3.627269530750543591e+00
7.471972893491880541e+01 6.838319907940161313e-01 3.523062907556578249e+00
7.457665260196905876e+01 7.019402889656054523e-01 3.441567574478966662e+00
7.456367472190257217e+01 7.262977880066487923e-01 3.480213527681882191e+00
7.502208796829050641e+01 5.700198184375399046e-01 3.498897199846566775e+00
7.509044559519243478e+01 5.017261219792865656e-01 3.463527681882112130e+00
7.533344521160977081e+01 4.941663470144482817e-01 3.490058816008183129e+00
7.536544239867023975e+01 4.714390742871755746e-01 3.467539317222861683e+00
7.537885180923156270e+01 4.549290372075182054e-01 3.443213783403656691e+00
7.467636811149469622e+01 5.140327323871627385e-01 3.418712440864339452e+00
