6.436850837896133726e+01 1.162015375255793348e+00 3.758962446767324828e+00
6.333292406393452012e+01 1.112648636690448445e+00 3.713622034179525411e+00
6.326718654941651465e+01 1.125358110723964300e+00 3.741474475969249536e+00
6.336046678834135548e+01 1.137647254023560706e+00 3.796261268735136252e+00
6.320801946794978221e+01 1.104894640783142590e+00 3.760256622974393004e+00
6.302326198772191646e+01 1.063447818151650903e+00 3.682263149162103844e+00
6.307718599634976187e+01 1.046147890050329154e+00 3.686897848570322545e+00
6.317583098279962428e+01 1.050417565400143749e+00 3.677650572424091546e+00
6.298233504784027303e+01 1.029920911454012433e+00 3.609523809523809579e+00
6.306358055417288710e+01 1.058403849344615955e+00 3.589370056965875744e+00
6.317421602787456436e+01 1.071201814058956980e+00 3.617786626845860276e+00
6.318002322880371935e+01 1.069841269841269815e+00 3.637973563409103495e+00
6.290832365466511789e+01 1.028626735246944257e+00 3.556208174326641380e+00
6.286026215364194769e+01 1.033062330623306213e+00 3.531475029036004631e+00
6.312143133676234896e+01 1.067109120070792505e+00 3.558287705326032668e+00
6.304103755323267677e+01 1.074907361318511168e+00 3.569415408439798654e+00
6.289084674520214691e+01 1.064034068912117714e+00 3.538156075438305237e+00
6.296728057076489193e+01 1.101908080305292748e+00 3.556152867651125593e+00
6.308398871743819569e+01 1.156650627730767100e+00 3.594845417841933344e+00
6.306865770698523477e+01 1.161274265803882599e+00 3.571461755433881002e+00
6.299792046900061138e+01 1.152358829710746102e+00 3.565145733089984059e+00
6.331692937337536620e+01 1.216182733255904092e+00 3.614556716995741326e+00
6.331456224766328944e+01 1.208926497428239655e+00 3.632442895857530107e+00
6.324355953763619453e+01 1.191261545268513800e+00 3.609313644156849854e+00
6.316903932304629166e+01 1.189292627620153642e+00 3.611481665837066313e+00
6.314064487583651442e+01 1.154648526077097559e+00 3.620142691222830500e+00
6.291105580443559830e+01 1.136585365853658436e+00 3.566340357281123641e+00
6.294010287041646023e+01 1.161805209888833623e+00 3.539118411592279134e+00
6.324392456169459820e+01 1.209601238869531636e+00 3.622111608871190658e+00
6.319655992478292461e+01 1.192168574746971910e+00 3.559946905591504951e+00
6.298938111830097597e+01 1.169105691056910645e+00 3.525689950777058712e+00
6.309930866655605541e+01 1.193617609645484245e+00 3.567634533488191817e+00
6.317949228471876211e+01 1.159946905591504818e+00 3.598794314473757083e+00
6.320464576074331831e+01 1.122990985011890874e+00 3.614578839665947729e+00
6.343231015983629106e+01 1.154449422045240814e+00 3.679741164758586258e+00
6.341776450417565059e+01 1.166351418616226931e+00 3.647065980863890111e+00
6.330257176041148170e+01 1.108865660085172289e+00 3.587179912615452881e+00
6.334915104253083484e+01 1.116000221226702172e+00 3.648902162491012735e+00
6.344305071622144965e+01 1.133820032077871742e+00 3.618892760356175131e+00
6.326424423427907584e+01 1.137857419390520430e+00 3.587732979370609865e+00
6.330169791493833031e+01 1.147281676898401548e+00 3.615452685139096456e+00
6.339665947679885249e+01 1.166716442674630816e+00 3.622543000940213531e+00
6.334968198661578498e+01 1.162181295282340487e+00 3.616193794591007205e+00
6.330327968585808662e+01 1.186361373817819809e+00 3.617676013494828702e+00
6.341748797079807787e+01 1.214689453016979170e+00 3.677329793706100247e+00
6.345764061722250204e+01 1.246900060837343061e+00 3.646015154029091487e+00
6.341862728831370077e+01 1.217554338808694236e+00 3.666832586693213880e+00
6.370458492340025458e+01 1.275062220009955283e+00 3.721575134118688233e+00
6.374796747967479860e+01 1.296432719429235103e+00 3.748708589126707569e+00
6.357316520103976387e+01 1.272064598197002461e+00 3.717183784082738640e+00
6.355805541728886965e+01 1.252076765665615765e+00 3.687860184724296442e+00
6.392973839942481362e+01 1.336010176428295004e+00 3.786460925833748270e+00
6.413912947292737954e+01 1.378209169846800419e+00 3.839466843648028149e+00
6.386988551518168578e+01 1.313622034179525500e+00 3.783905757424921301e+00
6.375350920856147496e+01 1.292041369393285732e+00 3.748564791770366611e+00
6.392992644212156250e+01 1.324240915878546643e+00 3.765499695813284475e+00
6.393237099717936189e+01 1.321298600741109386e+00 3.757203694485924395e+00
6.369603451136552508e+01 1.246269564736463664e+00 3.710735025717604163e+00
6.375859742270892383e+01 1.208528289364526387e+00 3.673004811680769865e+00
6.383750898733477186e+01 1.217355234776837491e+00 3.708611249377800068e+00
6.409173165201039524e+01 1.229920911454012389e+00 3.715778994524639334e+00
6.393765831535866084e+01 1.236668325866932205e+00 3.684287373485979789e+00
6.383188982910237286e+01 1.264443338310934140e+00 3.718588573640838391e+00
6.380592887561528670e+01 1.265405674464907815e+00 3.673292406393451781e+00
6.371288092472761377e+01 1.233139759969028360e+00 3.674840993307892045e+00
6.363614844311708652e+01 1.223571705104806062e+00 3.668005088214147502e+00
6.361003263093855509e+01 1.227863503124827060e+00 3.663989823571704996e+00
6.344453293512526670e+01 1.202367125712073381e+00 3.625053924008627693e+00
6.331592279188097905e+01 1.194148553730435269e+00 3.576063270836789876e+00
6.328248437586416486e+01 1.219589624467673161e+00 3.593396382943421230e+00
6.328673192854377305e+01 1.218162712239367229e+00 3.613937282229965131e+00
6.323140313035783322e+01 1.189502792987113589e+00 3.587179912615452881e+00
6.338127315967037134e+01 1.167192080084066053e+00 3.587279464631381032e+00
6.335469277141751121e+01 1.143686742989878935e+00 3.582489906531718393e+00
6.335755765720922739e+01 1.111254908467452118e+00 3.580332946186604914e+00
6.331892041369393098e+01 1.086300536474752443e+00 3.578950279298711568e+00
6.326914440572976872e+01 1.066788341352801206e+00 3.587146728610143054e+00
6.323414634146341484e+01 1.116630717327581346e+00 3.545180023228803545e+00
6.331073502571760514e+01 1.139804214368674407e+00 3.586870195232564562e+00
6.321162546319340692e+01 1.155223715502461168e+00 3.543034124218793046e+00
6.313698357391736948e+01 1.142171340080747832e+00 3.530899839610640800e+00
6.316847519495603080e+01 1.148631159780985511e+00 3.498788783806205505e+00
6.316669432000442441e+01 1.189336872960566449e+00 3.571561307449809153e+00
6.322640340689121530e+01 1.208804822742104879e+00 3.589712958354073447e+00
6.315193849897682554e+01 1.194734804490902080e+00 3.588551518168242804e+00
6.317183784082738640e+01 1.223372601072949539e+00 3.603749792599966639e+00
6.328061501023173463e+01 1.229412090039267769e+00 3.591748244013052371e+00
6.331070184171229442e+01 1.167512858802057352e+00 3.604302859355124067e+00
6.322429069188650885e+01 1.117073170731707421e+00 3.576594214921740900e+00
6.313229356783363500e+01 1.056202643659089668e+00 3.521807422155854184e+00
6.308932028095791367e+01 1.033228250649853353e+00 3.533056799955754723e+00
6.312818981251037087e+01 1.056346441015430626e+00 3.601437973563409223e+00
6.320158177091975205e+01 1.095503567280570856e+00 3.588916542226646911e+00
6.328961893700569874e+01 1.126043913500359483e+00 3.609225153476024683e+00
6.328844643548476512e+01 1.136308832476079944e+00 3.632276975830982746e+00
6.313700569658757900e+01 1.078380620540899226e+00 3.582843869255019076e+00
6.309163209999447020e+01 1.107936507936507997e+00 3.584038493446159102e+00
6.320124993086665910e+01 1.123754217134008027e+00 3.563320612797964859e+00
6.298422653614291278e+01 1.095857530003871538e+00 3.534317792157513516e+00
6.269409877772247341e+01 1.049422045240860468e+00 3.468591338974614136e+00
6.272519219069742036e+01 1.081920247773906274e+00 3.495138543222167105e+00
6.300289806979702689e+01 1.117570930811348839e+00 3.536718101874896103e+00
6.289502792987113367e+01 1.080935788949726195e+00 3.536275648470770250e+00
6.288000663680106328e+01 1.061567391184115916e+00 3.486964216580941134e+00
6.293155245838172362e+01 1.091609977324263125e+00 3.517039986726397949e+00
6.291198495658426282e+01 1.079519938056523465e+00 3.531530335711520419e+00
6.275354239256678568e+01 1.044090481721143826e+00 3.470892096676069016e+00
6.276336485813837385e+01 1.092041369393285777e+00 3.484287373485979611e+00
6.278198108511697484e+01 1.123931198495658368e+00 3.510823516398429156e+00
6.274431723909075487e+01 1.115469277141750926e+00 3.491543609313644048e+00
6.272920745533986064e+01 1.117172722747635571e+00 3.470427520601736759e+00
6.288179857308777088e+01 1.161506553841048506e+00 3.524672307947569472e+00
6.283224379182567532e+01 1.135921685747469656e+00 3.520126099220175941e+00
6.279216857474697377e+01 1.124716553287981924e+00 3.500636026768431108e+00
6.276178308721862464e+01 1.135291189646590260e+00 3.516199325258558606e+00
6.280426967534981486e+01 1.134837674907361427e+00 3.517393949449698631e+00
6.281582877053260461e+01 1.124318345224268656e+00 3.516210386593662029e+00
6.293549029367844838e+01 1.109540401526464271e+00 3.505469830208506110e+00
6.301893700569658563e+01 1.112549084674520294e+00 3.511442951164205351e+00
6.304924506387921213e+01 1.049211879873900743e+00 3.532924063934516745e+00
6.305932194015817771e+01 1.073480449090205235e+00 3.486908909905425791e+00
6.296866323765278395e+01 1.048349095735855219e+00 3.480106188816990187e+00
6.284343786295006140e+01 1.019169293733753756e+00 3.474398539903766459e+00
6.288047121287539198e+01 1.035462640340689022e+00 3.461191305790608741e+00
6.296761241081798488e+01 1.060162601626016166e+00 3.530601183562855905e+00
6.295240307505115851e+01 1.054797854100989918e+00 3.520889331342293094e+00
6.286225319396051248e+01 1.042044134727061477e+00 3.521873790166472951e+00
6.291885404568331097e+01 1.116309938609590269e+00 3.536353077816492441e+00
6.288378961340633566e+01 1.105635750235053338e+00 3.538664896853050301e+00
6.269310325756318747e+01 1.108179857308777105e+00 3.492262596095348837e+00
6.271623250926386817e+01 1.109606769537083037e+00 3.504463248714119850e+00
6.258527736297771327e+01 1.108367900005530648e+00 3.492981582877053182e+00
6.243195619711298860e+01 1.056058846302748710e+00 3.468491786958685985e+00
6.255470383275261526e+01 1.059731209556993514e+00 3.470162048559261248e+00
6.265997455892926382e+01 1.090658702505392430e+00 3.495746916652839875e+00
6.247893368729605612e+01 1.035529008351308011e+00 3.479221282008738481e+00
6.228847961949007583e+01 9.836292240473425430e-01 3.412853271389856946e+00
6.246456501299707043e+01 1.017222498755599780e+00 3.423936729163210124e+00
6.251071290304739847e+01 1.033228250649853353e+00 3.459310878823073754e+00
6.231076820972291586e+01 1.016083181239975763e+00 3.405962059620596172e+00
6.247054919528787309e+01 1.035927216415021279e+00 3.435628560367236517e+00
6.260409269398816434e+01 1.067275040097339645e+00 3.492340025441070583e+00
6.247425474254742284e+01 1.041004369227365833e+00 3.438847408882252044e+00
6.249177589735081284e+01 1.064056191582323896e+00 3.423051822354958418e+00
6.260293125380233192e+01 1.080415906199878373e+00 3.479995575465958613e+00
6.247143410209612568e+01 1.071179691388750577e+00 3.436989104584923460e+00
6.235724793982633685e+01 1.053039101819589707e+00 3.397754548974061262e+00
6.247026160057519206e+01 1.064786239699131665e+00 3.439013328908799405e+00
6.256879597367402113e+01 1.089519384989768191e+00 3.453039101819589618e+00
6.253145290636580000e+01 1.088236270117803217e+00 3.411459543166860175e+00
6.256247995133012552e+01 1.078380620540899226e+00 3.434456058846302895e+00
6.243738731264863873e+01 1.068226314916210340e+00 3.392622089486200920e+00
6.229332448426524849e+01 1.032553509208561371e+00 3.380476743542945695e+00
6.236599745589292354e+01 1.025197721364968784e+00 3.395309993916265867e+00
6.234779049831314524e+01 1.030385487528344690e+00 3.370311376583153606e+00
6.214473756982467734e+01 9.837840827387865916e-01 3.309153254797854160e+00
6.216406172224987614e+01 9.822686798296554889e-01 3.357579779879431570e+00
6.235780100658149649e+01 1.036668325866932028e+00 3.419799789834633064e+00
6.238521099496708899e+01 1.046114706045019549e+00 3.410762679055361790e+00
6.230621093966041713e+01 1.034555610862231134e+00 3.385730877716940590e+00
6.241224489795918373e+01 1.034256954814446017e+00 3.421016536695979049e+00
6.257841933521375921e+01 1.061711188540456874e+00 3.493811183009789101e+00
6.279641612742658197e+01 1.034544549527127932e+00 3.506421105027376584e+00
6.273914053426248216e+01 1.004833803440075224e+00 3.476677174935014492e+00
6.262851612189591322e+01 9.703113765831535842e-01 3.451346717548807952e+00
6.261111664177866487e+01 9.424257507881200757e-01 3.441480006636801203e+00
6.277555444942204588e+01 9.832752613240418604e-01 3.472783584978706983e+00
6.279955754659587086e+01 9.947126818206957211e-01 3.483922349427575949e+00
6.270875504673414014e+01 9.729218516674962292e-01 3.461058569769371207e+00
6.274196117471378642e+01 9.748797079807532961e-01 3.493999225706542866e+00
6.276266799402687724e+01 9.805099275482550558e-01 3.495094297881754297e+00
6.251338974614235866e+01 9.572921851667496318e-01 3.466699850671976169e+00
6.246251866600298541e+01 9.597146175543388447e-01 3.424545102593882895e+00
6.256546651180797625e+01 1.027631215087660976e+00 3.457408329185332807e+00
6.258270007189867812e+01 1.059144958796526703e+00 3.434389690835683684e+00
6.249610087937614367e+01 1.048880039820806465e+00 3.425219844035174876e+00
6.258171561307450048e+01 1.080803052928488439e+00 3.435296720314141794e+00
6.275900669210773941e+01 1.074398539903766325e+00 3.470659808638902888e+00
6.263092749294840189e+01 1.028980697970244940e+00 3.464587135667275053e+00
6.270841214534594599e+01 1.040097339748907723e+00 3.477882860461257497e+00
6.312622089486200849e+01 1.096233615397378403e+00 3.468690890990542730e+00
6.300051988274984893e+01 1.106454289032686278e+00 3.489043747580332866e+00
6.288119019965709811e+01 1.066014047895581074e+00 3.477993473812289071e+00
6.302336153973784860e+01 1.086079309772689516e+00 3.520402632597754433e+00
6.308091366627952112e+01 1.082794093247055001e+00 3.546761794148553637e+00
6.278584149106796986e+01 1.039411536972512540e+00 3.490448537138432616e+00
6.281155909518278690e+01 1.042652508157734692e+00 3.486986339251147538e+00
6.306809357889497392e+01 1.142757590841214643e+00 3.573651899784303865e+00
6.308666556053315588e+01 1.161274265803882599e+00 3.564094906255184991e+00
6.289825783972125350e+01 1.124207731873237082e+00 3.543919031027044753e+00
6.284009733974890821e+01 1.119119517725789548e+00 3.524395774569990536e+00
6.298649410983905739e+01 1.165864719871688493e+00 3.554759139428128822e+00
6.274769094629721877e+01 1.115679442508710872e+00 3.526851390962889354e+00
6.274505834854267050e+01 1.076843094961561942e+00 3.520767656656158540e+00
6.312861014324428766e+01 1.141861622697859735e+00 3.595730324650185494e+00
6.340167026160057873e+01 1.188750622200099638e+00 3.679608428737348724e+00
6.311146507383440962e+01 1.118632818981251109e+00 3.606271777003484225e+00
6.288221890382169477e+01 1.041114982578397186e+00 3.537149493943918976e+00
6.310856700403738984e+01 1.041546374647419837e+00 3.606614678391681927e+00
6.320756595321055471e+01 1.033272495990265938e+00 3.680581826226425601e+00
6.313168519440296222e+01 1.021060782036391723e+00 3.635860848404402379e+00
6.332261489961838663e+01 1.052839997787732962e+00 3.667385653448371308e+00
6.353240418118466692e+01 1.117139538742326188e+00 3.751097837508987176e+00
6.330622200099551833e+01 1.097461423593827812e+00 3.660892649742824023e+00
6.296283391405342655e+01 1.064211050273768056e+00 3.603274155190531403e+00
6.315632984901277780e+01 1.101045296167247445e+00 3.623615950445218559e+00
6.342547425474254652e+01 1.146905591504894684e+00 3.689928654388584750e+00
6.329474033515845122e+01 1.118809800342901450e+00 3.643260881588407774e+00
6.318626182180189232e+01 1.074475969249488516e+00 3.603008683148055891e+00
6.341958962446767600e+01 1.119672584480946753e+00 3.653105469830208563e+00
6.347700901498810566e+01 1.127360212377634063e+00 3.664653503677893998e+00
6.332854377523366907e+01 1.098468005088214072e+00 3.624169017200375986e+00
6.353052375421713549e+01 1.132503733200597384e+00 3.677816492450638908e+00
6.364340467894474784e+01 1.154493667385653399e+00 3.716531165311653062e+00
6.332549084674520401e+01 1.103158011171948560e+00 3.608661025385764276e+00
6.326567114650738688e+01 1.093689508323654636e+00 3.624954371992699542e+00
6.321207897793263442e+01 1.083667938720203505e+00 3.593683977656103146e+00
6.314189480670317067e+01 1.048028317017864142e+00 3.542414689453016852e+00
6.332246004092694136e+01 1.069553675128588122e+00 3.602488800398207847e+00
6.350388805928875513e+01 1.127581439079696990e+00 3.660992201758752174e+00
6.350882141474475873e+01 1.119871688512803498e+00 3.660571871024832724e+00
6.345421160334052502e+01 1.094419556440462404e+00 3.669719595155135128e+00
6.328977379569714401e+01 1.060914772413030338e+00 3.627819257784414386e+00
6.311082351639842614e+01 1.027575908412145411e+00 3.610452961672473648e+00
6.321510978375089707e+01 1.051767048282727712e+00 3.618737901664730749e+00
6.319733421824014385e+01 1.055926110281510955e+00 3.617167192080084082e+00
6.288086942093910636e+01 9.919694707151153201e-01 3.551606658923732063e+00
6.286510701841712034e+01 9.950887672142028073e-01 3.512891986062717908e+00
6.292236048891101063e+01 1.022719982301863784e+00 3.539129472927382114e+00
6.276673856534483775e+01 1.011813505890160947e+00 3.543808417676013622e+00
6.273554560035396577e+01 9.902881477794369669e-01 3.552248216359714661e+00
6.279783197831978470e+01 1.014014711575687233e+00 3.578109617830872224e+00
6.285871356672750210e+01 9.953099939162657339e-01 3.554294563353797010e+00
6.265262983242077155e+01 9.445495271279243932e-01 3.546817100824069424e+00
6.270061390409822621e+01 9.498257839721254703e-01 3.537934848736242532e+00
6.282580609479564515e+01 9.507217521154803785e-01 3.563663514186162118e+00
6.287367955312205936e+01 9.670814667330346337e-01 3.557579779879431303e+00
6.277593053481555074e+01 9.804878048780487632e-01 3.559991150931917314e+00
6.270013826668878920e+01 1.009114540124993020e+00 3.536817653890824698e+00
6.270452961672474146e+01 1.027797135114208338e+00 3.532813450583485615e+00
6.291634312261489725e+01 1.056357502350533606e+00 3.541574027985177953e+00
6.285202145899010162e+01 1.056999059786516204e+00 3.532182954482605997e+00
6.278191471710635341e+01 1.000022122670206404e+00 3.512925170068027292e+00
6.275017974669542298e+01 9.905314971517061862e-01 3.496941540843979901e+00
6.298277750124439933e+01 1.011625463193407404e+00 3.562192356617443600e+00
6.302505392400863116e+01 1.024711022620430345e+00 3.569094629721807355e+00
6.281164758586361074e+01 9.822244344892429035e-01 3.507239643825009523e+00
6.271228361263204221e+01 9.996128532713898229e-01 3.506255185000829666e+00
6.256857474697196153e+01 9.916708146673303137e-01 3.473856534483712011e+00
6.239576350865549159e+01 9.711630993860959071e-01 3.462076212598860891e+00
6.240223438969083247e+01 9.841933521376030614e-01 3.456169459653780418e+00
6.254158508932027871e+01 1.020540899286543901e+00 3.456390686355843123e+00
6.251085670040373543e+01 1.012267020629390002e+00 3.487627896687130136e+00
6.242068469664288699e+01 9.917039986726398082e-01 3.444809468502848304e+00
6.240485592611027954e+01 1.001548586914440486e+00 3.432918533266965166e+00
6.243082794093247401e+01 9.917482440130523935e-01 3.462762015375255853e+00
6.235023505337094463e+01 9.673358774404070548e-01 3.451755986947624422e+00
6.248362369337979061e+01 9.807532769205242751e-01 3.471201814058956892e+00
6.243466622421325951e+01 9.619379459100713126e-01 3.392190697417178047e+00
6.217429345722028700e+01 8.909241745478678753e-01 3.328234057850782524e+00
6.211621038659366434e+01 8.690006083734306275e-01 3.324650185277362890e+00
6.225327138985675646e+01 8.946960898180410515e-01 3.356705934406282843e+00
6.218432608815884066e+01 9.247939826337039371e-01 3.373043526353630917e+00
6.209670925280681075e+01 9.080692439577456865e-01 3.360643769703003159e+00
6.217797688180963434e+01 9.270062496543333141e-01 3.366583706653393016e+00
6.231155356451523630e+01 9.431226148996183500e-01 3.420994414025773089e+00
6.226874619766606145e+01 9.367512858802057307e-01 3.425330457386206451e+00
6.223369282672418734e+01 9.493722692328964152e-01 3.411857751230573665e+00
6.250585697693711751e+01 9.950002765333775256e-01 3.499341850561362932e+00
6.250840108401084194e+01 9.868923179027708770e-01 3.473624246446545882e+00
6.240585144626956549e+01 9.655218184834909456e-01 3.456280073004811548e+00
6.229036004645760727e+01 9.637077595265748364e-01 3.416337591947347985e+00
6.240332946186605056e+01 9.349261655881865307e-01 3.478015596482495475e+00
6.242077318732371083e+01 9.140202422432387452e-01 3.501078480172556961e+00
6.243369282672418308e+01 9.079807532769205158e-01 3.477893921796360921e+00
6.264047342514241734e+01 9.262208948620098692e-01 3.547491842265361406e+00
6.277792157513411553e+01 9.567169957413860226e-01 3.554858691444057417e+00
6.264988662131518993e+01 9.688180963442287741e-01 3.519097395055583277e+00
6.248111277031137689e+01 9.569050384381394547e-01 3.437265637962501952e+00
6.241258779934737788e+01 9.604336043360434116e-01 3.424699961285327277e+00
6.235397378463580509e+01 9.741496598639455273e-01 3.400165920026547273e+00
6.240105082683479765e+01 9.821691278137271164e-01 3.427144516343122671e+00
6.244577180465682176e+01 9.401249930866655280e-01 3.431237210331286924e+00
6.237731320170344418e+01 9.048503954427299378e-01 3.434467120181405875e+00
6.245418948067031550e+01 9.267960842873734784e-01 3.438139483435650678e+00
6.252473867595819002e+01 9.211216193794591334e-01 3.467861290857806367e+00
6.244380288700845938e+01 9.034677285548365910e-01 3.450627730767103607e+00
6.229392179636082005e+01 9.093412974946075700e-01 3.468436480283170198e+00
6.231170842320668157e+01 9.413638626182180280e-01 3.476776726950943086e+00
6.232828936452629875e+01 9.585531773685084245e-01 3.498390575742492015e+00
6.221981085116973276e+01 9.341186881256567931e-01 3.480349538189259295e+00
6.229739505558320900e+01 9.328245119185886169e-01 3.485039544272993783e+00
6.232508157734638843e+01 9.256788894419556435e-01 3.491598915989159835e+00
6.231363309551463203e+01 8.998617333112106653e-01 3.479918146120236866e+00
6.232000442453404077e+01 8.839887174381947377e-01 3.432033626458713460e+00
6.250576848625629367e+01 9.020629389967369516e-01 3.481466733034677130e+00
6.246335932747082609e+01 8.900282064045130781e-01 3.470549195287871314e+00
6.228333609866710674e+01 8.884353741496598955e-01 3.443681212322327490e+00
6.219786516232509399e+01 8.910458492340025405e-01 3.382434599856202428e+00
6.215667275040097195e+01 8.916099773242630588e-01 3.354394115369724982e+00
6.222764227642276325e+01 9.262762015375255453e-01 3.358475748022786256e+00
6.219619490072452095e+01 9.256457054366461490e-01 3.355876334273546924e+00
6.223357115203805279e+01 9.112327857972457590e-01 3.382578397212543386e+00
6.216288922072894252e+01 8.859355124163486028e-01 3.389801449034898440e+00
6.219782091698468207e+01 8.837564294010287202e-01 3.386881256567667808e+00
6.224559482329517124e+01 8.769758309827996312e-01 3.414258060947956253e+00
6.223862618218019094e+01 8.825286212045794221e-01 3.425407886731928642e+00
6.210832365466512073e+01 8.559039876113047063e-01 3.361274265803882333e+00
6.227245174492561119e+01 8.370886566008517438e-01 3.390542558486809188e+00
6.230822410264919142e+01 8.415684973176262851e-01 3.436071013771362370e+00
6.229581328466345980e+01 8.287815939383883501e-01 3.423505337094187251e+00
6.222500967866821497e+01 8.221669155467065115e-01 3.379116199325258751e+00
6.218838559814169287e+01 8.585697693711631384e-01 3.406293899673690451e+00
6.217343067308224391e+01 9.014877495713732314e-01 3.390354515790055867e+00
6.211250483933410749e+01 8.946629058127315570e-01 3.390288147779437100e+00
6.198651623250926690e+01 8.862120457939273166e-01 3.354980366130191793e+00
6.201690172003760892e+01 8.834467120181406230e-01 3.348011725015209272e+00
6.204464354847630148e+01 9.190420883800675123e-01 3.362347215308887804e+00
6.184368121232233051e+01 9.018306509595708231e-01 3.306575963718820788e+00
6.187817045517393666e+01 9.018306509595708231e-01 3.320280957911620145e+00
6.197438194790111510e+01 9.346385708755047261e-01 3.363254244787345915e+00
6.181051932968309615e+01 9.122504286267352214e-01 3.305060560809689907e+00
6.165599247829212715e+01 8.802499861733311670e-01 3.270770421989934285e+00
6.169291521486643148e+01 8.883911288092473102e-01 3.296421658094132123e+00
6.163396936010176574e+01 8.877606327083679139e-01 3.293180686908909749e+00
6.154935014656268777e+01 8.493224932249322512e-01 3.222211160887118897e+00
6.163435650683037181e+01 8.527183231015983411e-01 3.241424699961285238e+00
6.179890492782478617e+01 8.347215308887783181e-01 3.316000221226702127e+00
6.182632597754548698e+01 7.983186770643216912e-01 3.305458768873402953e+00
6.186985233117637506e+01 7.875559980089597012e-01 3.315790055859742402e+00
6.202022012056855260e+01 8.027542724406835362e-01 3.371240528731818120e+00
6.195863060671423028e+01 7.848680935788949764e-01 3.330490570211824597e+00
6.184375864166804604e+01 7.646037276699297891e-01 3.311431889829102193e+00
6.187379016647309271e+01 7.852220563021956590e-01 3.317338642774182667e+00
6.198327526132403875e+01 8.154526851390963005e-01 3.332072341131574689e+00
6.198890548089154606e+01 8.240030971738289134e-01 3.357624025219843933e+00
6.194790111166418001e+01 8.085835960400420408e-01 3.337348597975775544e+00
6.187997345279575256e+01 7.831978319783198250e-01 3.360057518942536348e+00
6.205683313975996640e+01 7.943255350920855884e-01 3.394148553730435225e+00
6.219299817487970472e+01 8.135280128311487280e-01 3.441579558652729354e+00
6.224657928211934887e+01 8.154305624688900078e-01 3.451678557601902675e+00
6.221956750179746365e+01 8.216249101266522858e-01 3.446380178087494972e+00
6.216334273546817002e+01 8.120236712571207160e-01 3.367523920137160509e+00
6.227339195840937691e+01 8.446546098114042778e-01 3.392865438858470029e+00
6.231368840219014515e+01 8.528621204579392989e-01 3.421149272717217027e+00
6.225118079752225952e+01 8.590896521210109604e-01 3.398882805154582076e+00
6.221456777833084573e+01 8.557933742602732430e-01 3.385609203030806036e+00
6.229746142359383043e+01 9.350035949339084995e-01 3.382578397212543386e+00
6.222004313920690066e+01 9.347381228914329876e-01 3.381848349095736062e+00
6.224829378906034094e+01 9.431557989049278445e-01 3.367900005530667595e+00
6.242517559869476429e+01 1.017399480117250121e+00 3.448116807698689446e+00
6.257722471102262318e+01 1.076190476190476142e+00 3.456534483712184080e+00
6.249524915657320179e+01 1.030883247607986331e+00 3.440816326530612201e+00
6.246821525358110705e+01 9.969470715115313908e-01 3.435506885681101519e+00
6.265649023837177367e+01 1.037862950058072053e+00 3.520867208672086690e+00
6.274808915436093315e+01 1.037442619324152382e+00 3.539295392953929476e+00
6.270735025717603861e+01 1.041513190642110454e+00 3.507516177202588459e+00
6.279356230296996699e+01 1.068757259001161364e+00 3.525966484154637648e+00
6.304110392124329110e+01 1.114783474365355964e+00 3.576030086831480492e+00
6.302235495824346145e+01 1.108069243957745753e+00 3.578872849952989377e+00
6.304171229467396387e+01 1.096985786184392353e+00 3.532160831812399593e+00
6.310253857640617525e+01 1.103744261932415149e+00 3.617532216138487744e+00
6.310108954150766181e+01 1.104374758033294546e+00 3.613284663458879553e+00
6.300889331342293076e+01 1.083369282672418610e+00 3.553774680603948966e+00
6.309302582821746341e+01 1.085183341629334608e+00 3.587246280626071648e+00
6.313536861899230956e+01 1.089773795697140724e+00 3.605453238205851285e+00
6.291012665228693379e+01 1.058160499972346624e+00 3.537027819257784422e+00
6.297192633150821450e+01 1.055461534207178698e+00 3.517316520103976440e+00
6.312994856479176775e+01 1.093589956307726263e+00 3.593683977656103146e+00
6.318031082351640038e+01 1.092948398871743887e+00 3.626348100215695869e+00
6.314865328245119258e+01 1.091864388031635436e+00 3.611260439135003608e+00
6.311416403959957933e+01 1.070372213926220839e+00 3.566262927935401894e+00
6.305119185885736499e+01 1.043836071013771294e+00 3.597588628947514078e+00
6.305198827498479375e+01 1.044477628449753892e+00 3.591493833305679839e+00
6.308219678115148810e+01 1.045572700624965323e+00 3.614965986394557795e+00
6.304184503069520673e+01 1.042265361429124404e+00 3.636767877882860489e+00
6.289957413859853119e+01 9.917814280183617770e-01 3.592035838725734287e+00
6.302711133233781027e+01 1.005176704828272705e+00 3.625994137492395186e+00
6.309063657983518425e+01 1.022675736961451198e+00 3.606061611636524500e+00
6.295671699574138813e+01 1.013616503511973965e+00 3.599369503899120470e+00
6.311240528731818245e+01 1.056512361041977766e+00 3.641048614567778507e+00
6.326997400586250819e+01 1.077728001769813648e+00 3.662441236657264731e+00
6.310722858248990974e+01 1.059565289530446375e+00 3.622498755599800724e+00
6.308175432774736180e+01 1.050727282783031846e+00 3.595265748575853237e+00
6.315150710690780045e+01 1.078679276588684344e+00 3.616680493335545421e+00
6.328731817930424342e+01 1.107140091809081461e+00 3.629412090039267902e+00
6.311914164039599484e+01 1.098877274487030542e+00 3.600055306675515876e+00
6.304152425197721499e+01 1.051037000165919943e+00 3.583761960068580166e+00
6.283643603782976328e+01 1.012609922017587483e+00 3.546075991372158676e+00
6.255617499032133111e+01 9.649355677230241346e-01 3.511022620430285901e+00
6.257416072119904982e+01 9.647696476964769952e-01 3.508213041314086400e+00
6.254482606050549975e+01 9.679774348763895420e-01 3.510757148387810389e+00
6.250850063602676698e+01 1.001504341574027901e+00 3.488479619490072459e+00
6.253071179691388437e+01 1.004535147392290328e+00 3.492063492063492092e+00
6.257787732979370787e+01 1.014921741054145343e+00 3.542447873458326235e+00
6.243003152480504525e+01 9.949007245174492642e-01 3.508500636026768316e+00
6.231335656213705221e+01 9.615839831867706300e-01 3.490172003760854125e+00
6.242043028593550957e+01 1.004336043360433584e+00 3.525756318787677479e+00
6.250698523311763921e+01 1.027852441789724125e+00 3.509993916265693237e+00
6.226615784525192510e+01 1.000143797356340958e+00 3.471688512803495552e+00
6.212809026049443872e+01 1.007156683811736064e+00 3.431270394336596308e+00
6.238659366185498811e+01 1.047873458326419982e+00 3.462242132625407809e+00
6.238598528842431534e+01 9.912726066036170458e-01 3.433471600022122594e+00
6.219881643714396091e+01 9.151927437641723673e-01 3.410917537746806172e+00
6.248418782147005146e+01 9.536198219125048281e-01 3.458370665339306260e+00
6.258197002378187079e+01 9.831978319783197806e-01 3.508522758696974719e+00
6.234569990597864830e+01 9.301919141640395683e-01 3.444975388529395666e+00
6.222354958243460032e+01 9.083015319949118149e-01 3.421282008738454561e+00
6.240702394779049911e+01 9.472706155632985014e-01 3.477694817764504176e+00
6.264100436922736748e+01 9.832641999889386586e-01 3.538476854156296536e+00
6.265094850948509730e+01 9.709971793595486567e-01 3.536131851114429292e+00
6.254842099441402326e+01 9.472816768984015923e-01 3.481455671699574150e+00
6.247631215087660905e+01 9.294508047121287087e-01 3.501797466954261306e+00
6.254409601238869243e+01 9.601128256180521126e-01 3.487926552734915031e+00
6.265782865991925377e+01 9.892373209446380100e-01 3.521497704772966308e+00
6.264876942646977653e+01 9.705879099607322980e-01 3.499828549305901149e+00
6.249844588241801091e+01 9.566174437254576501e-01 3.458923732094463688e+00
6.257135114208284676e+01 9.840163707759526091e-01 3.530899839610640800e+00
6.287512858802057281e+01 1.023350478402743180e+00 3.557447043858193769e+00
6.273332227199823308e+01 9.939936950389911541e-01 3.521077374039046415e+00
6.284885791715060321e+01 9.898235717051048210e-01 3.513268071456224551e+00
6.288074774625297181e+01 9.991372158619545862e-01 3.507095846468668565e+00
6.257535534539018585e+01 9.648913223826115493e-01 3.444986449864498645e+00
6.235072175211548284e+01 9.154360931364415865e-01 3.362347215308887804e+00
6.253961617167192344e+01 9.395276809910956262e-01 3.424423427907748341e+00
6.273519163763066331e+01 9.716055527902217603e-01 3.467275040097339556e+00
6.262878159393839184e+01 9.413638626182180280e-01 3.479785410098998888e+00
6.258959128366793578e+01 9.566616890658702355e-01 3.482937890603395648e+00
6.259038769979536454e+01 9.635750235053370805e-01 3.472053536861899214e+00
6.244475416182733341e+01 9.666721973342182750e-01 3.467739616171671813e+00
6.248068137824235180e+01 9.621481112770311483e-01 3.455992478292130077e+00
6.247922128200873715e+01 9.917814280183617770e-01 3.498036613019191332e+00
6.247747359106244147e+01 9.795365300591781788e-01 3.507626790553620033e+00
6.249239533211658681e+01 9.467175488081411849e-01 3.486112493777998811e+00
6.255864166804933291e+01 9.617720258835241731e-01 3.491908633372048154e+00
6.256472540235606772e+01 9.724019689176484071e-01 3.502671312427410033e+00
6.240893755876334126e+01 9.342182401415850546e-01 3.476113046844754084e+00
6.234500304186715169e+01 9.263757535534539178e-01 3.450970632155301310e+00
6.241339527680990784e+01 9.219733421824014563e-01 3.462496543332780341e+00
6.239138321995464764e+01 9.208561473369836214e-01 3.432343343841601779e+00
6.231301366074885095e+01 9.140423649134450379e-01 3.414213815607543889e+00
6.241055251368840118e+01 9.114650738344117764e-01 3.429920911454012344e+00
6.248784912338919639e+01 9.273933963829433802e-01 3.481997677119628154e+00
6.243183452242685405e+01 9.120623859299817893e-01 3.471168630053647508e+00
6.235180576295558552e+01 8.898401637077595350e-01 3.446656711465073908e+00
6.244524086057187162e+01 9.085227586969747415e-01 3.468580277639511156e+00
6.243420164813893081e+01 9.205906752945079985e-01 3.454676179414855497e+00
6.241983297383994511e+01 8.938443670150987286e-01 3.424423427907748341e+00
6.247848017255682862e+01 9.089209667606880094e-01 3.459366185498589541e+00
6.266798296554394199e+01 9.381781981085116628e-01 3.504219899341850741e+00
6.276772302416901539e+01 9.519938056523422620e-01 3.543133676234721641e+00
6.275978098556495866e+01 9.443172390907582647e-01 3.540888225208782547e+00
6.269117858525523701e+01 9.667828106852497383e-01 3.505746363586085046e+00
6.263201150378850457e+01 9.796471434102096421e-01 3.486997400586250961e+00
6.256226978596316712e+01 9.637741275371937144e-01 3.465239754438360631e+00
6.247558210275980173e+01 9.519606216470327675e-01 3.466113599911509358e+00
6.256151761517615029e+01 9.645816049997234520e-01 3.479586306067142143e+00
6.244005309440849771e+01 9.473037995686078849e-01 3.478347436535589754e+00
6.238319783197832180e+01 9.206902273104363710e-01 3.448791549139980983e+00
6.260526519550909796e+01 9.430894308943089666e-01 3.502992091145401332e+00
6.263004258614014930e+01 9.574359825230905896e-01 3.491455118632818877e+00
6.238517781096178538e+01 9.120734472650848801e-01 3.450627730767103607e+00
6.238025551684088299e+01 9.017421602787456525e-01 3.448880039820806154e+00
6.235147392290249257e+01 9.208008406614678343e-01 3.466323765278469082e+00
6.229901001050826892e+01 9.144626956473645985e-01 3.417620706819313181e+00
6.229625573806758609e+01 9.091643161329572287e-01 3.421956750179746543e+00
6.237307671035893719e+01 9.052707261766494984e-01 3.463746474199435710e+00
6.229079143852663236e+01 9.043968807035008828e-01 3.465914495879652613e+00
6.223789613406338361e+01 9.032133178474641699e-01 3.399325258558707930e+00
6.224629168740666785e+01 9.082462253193960278e-01 3.405906752945080385e+00
6.222527515071069359e+01 9.041645926663348654e-01 3.430429732868757409e+00
6.215788949726231749e+01 8.954150765997456185e-01 3.398960234500304267e+00
6.210138819755544404e+01 8.772191803550688505e-01 3.397544383607101537e+00
6.216221447928764832e+01 8.637575355345390449e-01 3.432077871799126267e+00
6.218890548089154180e+01 8.893977103036336818e-01 3.445882418007853332e+00
6.217250152093357940e+01 8.810574636358607936e-01 3.411138764448868876e+00
6.211807975222609457e+01 8.668436480283170376e-01 3.387224157955865067e+00
6.227591394281289894e+01 8.751285880205741385e-01 3.394237044411260396e+00
6.226705381339527889e+01 9.097837508987334232e-01 3.376085393506996102e+00
6.224144682263148809e+01 9.081356119683645645e-01 3.381206791659753463e+00
6.230540346219788717e+01 9.200044245340412985e-01 3.344483159117305426e+00
6.231614401858304575e+01 9.100713456114153388e-01 3.363464410154305639e+00
6.227758420441347198e+01 9.159670372213926104e-01 3.362988772744870403e+00
6.226066036170566065e+01 9.166307173275813902e-01 3.427409988385598183e+00
6.234939439190310395e+01 9.547480780930258648e-01 3.451490514905148910e+00
6.230261600575189362e+01 9.327913279132791224e-01 3.441026491897571926e+00
6.224587135667275106e+01 9.327138985675571536e-01 3.435440517670482752e+00
6.227729660970079095e+01 9.135114208284940140e-01 3.408340246667772799e+00
6.224249764946628716e+01 8.921077374039046992e-01 3.358907140091809129e+00
6.209391073502571601e+01 8.546540567446491155e-01 3.337625131353354480e+00
6.212368784912339237e+01 8.605608096897295889e-01 3.379790940766550733e+00
6.224078314252530220e+01 8.629168740666998128e-01 3.416403959957966752e+00
6.217082019799789805e+01 8.422874840993307410e-01 3.381770919750013871e+00
6.210795863060671707e+01 8.394447209778219676e-01 3.359758862894751452e+00
6.228354626403407224e+01 8.630717327581438614e-01 3.400641557435982509e+00
6.235651789170952952e+01 8.634256954814446550e-01 3.431215087661080521e+00
6.224677838615120606e+01 8.576184945522924430e-01 3.427730767103589482e+00
6.215360876057739858e+01 8.612797964714341559e-01 3.409258337481333889e+00
6.220615010231735198e+01 8.821193518057629523e-01 3.396316575410652128e+00
6.231043636966981580e+01 9.022177976881810002e-01 3.431900890437475926e+00
6.225371384326088275e+01 9.078812012609922544e-01 3.416813229356783221e+00
6.223646922183507257e+01 9.079696919418174250e-01 3.412078977932636370e+00
6.220727835849787368e+01 9.062662463359327791e-01 3.418206957579779992e+00
6.222274210497207036e+01 8.922294120900392533e-01 3.435750235053371071e+00
6.212361041977766973e+01 8.582821746584813338e-01 3.404756374094353166e+00
6.206424423427908010e+01 8.634367568165477458e-01 3.390653171837840762e+00
6.225177810961783109e+01 8.904485371384326386e-01 3.434588794867540429e+00
6.222343896908356697e+01 8.838559814169569817e-01 3.419921464520767618e+00
6.211142082849399770e+01 8.245451025938830281e-01 3.350566893424036241e+00
6.217302140368342123e+01 8.448094685028483264e-01 3.371052486035064355e+00
6.220933576682705279e+01 8.510701841712294824e-01 3.382545213207234003e+00
6.199091864388031325e+01 8.005751894253636536e-01 3.363519716829821427e+00
6.210618881699021188e+01 8.231403130357833886e-01 3.357082019799789929e+00
6.221050826834798642e+01 8.554504728720756512e-01 3.385244178972401929e+00
6.200315248050439720e+01 8.437475803329461677e-01 3.346429954095459181e+00
6.214520214589901315e+01 8.591228361263204549e-01 3.399137215861954608e+00
6.238782147005143486e+01 8.875836513467175726e-01 3.490304739782091659e+00
6.232988219678114916e+01 9.051490514905149443e-01 3.450019357336430392e+00
6.220217908301531651e+01 9.076931585642387113e-01 3.398993418505613651e+00
6.231988274984790621e+01 9.552237155024611015e-01 3.430451855538963368e+00
6.218651623250926264e+01 9.398816437143963087e-01 3.364150212930700601e+00
6.194993639732315671e+01 8.752170787013993092e-01 3.319949117858525423e+00
6.203424589347934415e+01 8.841325147945356955e-01 3.334539018859576487e+00
6.223229909850118702e+01 9.355898456943753105e-01 3.421879320834024796e+00
6.221069631104474240e+01 9.193849897682649930e-01 3.402997621812952733e+00
6.215660638239035762e+01 9.190310270449643104e-01 3.382014269122282979e+00
6.223944472097782210e+01 9.418616226978596684e-01 3.440606161163652477e+00
6.207825894585476334e+01 9.360322990985011637e-01 3.408240694651844649e+00
6.178052098888336019e+01 8.737348597975775899e-01 3.346418892760356201e+00
6.195741385985288474e+01 8.867429898788783404e-01 3.403473259222387970e+00
6.204872518112936319e+01 9.096620762125988691e-01 3.398252309053702902e+00
6.175946020684696691e+01 8.790221779768817578e-01 3.322570654277971158e+00
6.164403517504563013e+01 8.468889995022399475e-01 3.311586748520546575e+00
6.192903047397820870e+01 8.845970908688678414e-01 3.382102759803108150e+00
6.197215861954538241e+01 8.798628394447209899e-01 3.406747414412919728e+00
6.175020186936563249e+01 8.339361760964548731e-01 3.309097948122338373e+00
6.176976937116310040e+01 8.343454454952712318e-01 3.365809413196172883e+00
6.197039986726397842e+01 8.736131851114429248e-01 3.441701233338863908e+00
6.196927161108345672e+01 8.807477462529726964e-01 3.446999612853271611e+00
6.192909684198883014e+01 8.937337536640672653e-01 3.409158785465405739e+00
6.214843205574912588e+01 9.194734804490901636e-01 3.403816160610585673e+00
6.200485592611028096e+01 9.058901609424258039e-01 3.374957137326475287e+00
6.195434987002931138e+01 8.747525026270670523e-01 3.350146562690116792e+00
6.202287484099331039e+01 8.775510204081632404e-01 3.359648249543719878e+00
6.208968530501631733e+01 9.190642110502738049e-01 3.399457994579945908e+00
6.205527349151042671e+01 9.174603174603174205e-01 3.373331121066312832e+00
6.198938111830097597e+01 9.008019467949781589e-01 3.397124052873181643e+00
6.197684862562911690e+01 9.061335103146950232e-01 3.407942038604059309e+00
6.197641723356009180e+01 9.180576295558874333e-01 3.413660748852386462e+00
6.199785410098998994e+01 9.385321608318123454e-01 3.396460372766993085e+00
6.208413251479453265e+01 9.370720645981970298e-01 3.418195896244676568e+00
6.206984126984126959e+01 9.391184115922791564e-01 3.404590454067805805e+00
6.207534981472263524e+01 9.302029754991427701e-01 3.397776671644267665e+00
6.214902936784469745e+01 9.477794369780432326e-01 3.447143410209612124e+00
6.205382445661191326e+01 9.263868148885570086e-01 3.412012609922017603e+00
6.198097450362259053e+01 8.962336153973784469e-01 3.376140700182511889e+00
6.209518278856258178e+01 9.160223438969083976e-01 3.390166473093302546e+00
6.226462031967258781e+01 9.659310878823074153e-01 3.461445716497981273e+00
6.217017864056191456e+01 9.420054200542005152e-01 3.428781593938388550e+00
6.221041977766716258e+01 9.547480780930258648e-01 3.411359991150932025e+00
6.239161550799181555e+01 9.843482108290471100e-01 3.456412809026049526e+00
6.221972236048890892e+01 9.700016592002654869e-01 3.429467396714783511e+00
6.200456833139759993e+01 9.204690006083734444e-01 3.383596040042033071e+00
6.220068580277639825e+01 9.414855373043525821e-01 3.413251479453569992e+00
6.237459211326807207e+01 9.474918422653614281e-01 3.446568220784248737e+00
6.226817100824069229e+01 9.409656545545047601e-01 3.440252198440351794e+00
6.229946352524749642e+01 9.411979425916707775e-01 3.439389414302306491e+00
6.247200929152148774e+01 9.767490736131850815e-01 3.551971682982135725e+00
6.234211603340523311e+01 9.611083457773352823e-01 3.523466622421326466e+00
6.226006304961008908e+01 9.661854985896797254e-01 3.504728720756595362e+00
6.244641336209280524e+01 1.009833526906697587e+00 3.548155522371550408e+00
6.241178032188485503e+01 1.018693656324318297e+00 3.497583098279962499e+00
6.228915436093136293e+01 9.622808472982689043e-01 3.466268458602953295e+00
6.234071124384713158e+01 9.736629611194070888e-01 3.493169625573806947e+00
6.253995907306011759e+01 9.832752613240418604e-01 3.552834467120181472e+00
6.235224821635971182e+01 9.728997289972899365e-01 3.475537857419390697e+00
6.215440517670482734e+01 9.470272661910292822e-01 3.412521431336762223e+00
6.213472706155633318e+01 9.438305403462198262e-01 3.414224876942646869e+00
6.219787622366019519e+01 9.478015596482495253e-01 3.429146617996792212e+00
6.232791327913279389e+01 9.450694098777722152e-01 3.446413362092804800e+00
6.254836568773851013e+01 9.910181958962446247e-01 3.505326032852165152e+00
6.281539737846357951e+01 1.040716774514683918e+00 3.573441734417344140e+00
6.279132791327913310e+01 1.034356506830374389e+00 3.550378850727282654e+00
6.276354183950002863e+01 1.026624633593274716e+00 3.520081853879763134e+00
6.256165035119738604e+01 1.003948896631823517e+00 3.487450915325479794e+00
6.259288756152867705e+01 9.887506222000995715e-01 3.490968419888280661e+00
6.253867595818815062e+01 9.928433161882639357e-01 3.481333997013439596e+00
6.257930424202201181e+01 1.025606990763785253e+00 3.485847021735523299e+00
6.243974337702560717e+01 1.006360267684309528e+00 3.496266799402687919e+00
6.261413638626181921e+01 1.043371494939439259e+00 3.549117858525523861e+00
6.276865217631767990e+01 1.053547923234334327e+00 3.564360378297660503e+00
6.258417122946739397e+01 1.014423980974503703e+00 3.479785410098998888e+00
6.238997843039654612e+01 9.957524473203915871e-01 3.488689784857032183e+00
6.261512084508600395e+01 9.951993805652342706e-01 3.553807864609258349e+00
6.259922570654278218e+01 1.007444278524417980e+00 3.538089707427686470e+00
6.240394889663182454e+01 9.570045904540678272e-01 3.474907361318511079e+00
6.231562413583319682e+01 9.348266135722581582e-01 3.469177589735080947e+00
6.241424699961284972e+01 9.481223383662408244e-01 3.514993639732315600e+00
6.232993750345666939e+01 9.510314694983684758e-01 3.496222554062275112e+00
6.232164150212931020e+01 9.321718931475029279e-01 3.486621315192743875e+00
6.259552015928322533e+01 9.428460815220397473e-01 3.532348874509153358e+00
6.260039820806371580e+01 9.604446656711465025e-01 3.569791493833305740e+00
6.250677506775068082e+01 9.685194402964437677e-01 3.536939328576959252e+00
6.244017476909463227e+01 9.656987998451412869e-01 3.529141087329240811e+00
6.244590454067805751e+01 9.770809136662794714e-01 3.512349980642663461e+00
6.243288534926165312e+01 9.766273989270505274e-01 3.502870416459266778e+00
6.242916874066699506e+01 9.576682705602566070e-01 3.501056357502350558e+00
6.237291079033239072e+01 9.636524528510591603e-01 3.479873900779824059e+00
6.245069409877772415e+01 9.694264697749018778e-01 3.484044024113710503e+00
6.235851999336319551e+01 9.547370167579226630e-01 3.462363807311542363e+00
6.230017145069410134e+01 9.590509374481499538e-01 3.463823903545157901e+00
6.247893368729605612e+01 9.931862175764615275e-01 3.477739063104916983e+00
6.269020518776616058e+01 9.918809800342901495e-01 3.512770311376583354e+00
6.258323101598362825e+01 9.616614125324927098e-01 3.472241579558652536e+00
6.225088214147447729e+01 9.125601460096233186e-01 3.443482108290470745e+00
6.210248326973065502e+01 8.947845804988662222e-01 3.399048725181129438e+00
6.219662629279353894e+01 8.852828936452630249e-01 3.427421049720701163e+00
6.220665892373209260e+01 9.065980863890271690e-01 3.434566672197334025e+00
6.235382998727946813e+01 9.097948122338366250e-01 3.471179691388750488e+00
6.239514407388971762e+01 9.108567004037387838e-01 3.514042364913445127e+00
6.220081853879763401e+01 8.942093910735026130e-01 3.451645373596593291e+00
6.208334716000221221e+01 8.575410652065704742e-01 3.387345832642000065e+00
6.203539627233006826e+01 8.878048780487804992e-01 3.373076710358940300e+00
6.190520435816603140e+01 8.794203860405951367e-01 3.371893147502903698e+00
6.187374592113268079e+01 8.642663569492837761e-01 3.385963165754106718e+00
6.197819810851169819e+01 8.821193518057629523e-01 3.384337149493943819e+00
6.187083679000055270e+01 8.648083623693380018e-01 3.351462861567391371e+00
6.176573198385045060e+01 8.405176704828273282e-01 3.341994358719097225e+00
6.187145622476632667e+01 8.685913389746142688e-01 3.413008130081300884e+00
6.198578618439245957e+01 8.803716608594657211e-01 3.414755821027597893e+00
6.198972401968917723e+01 8.801172501520934111e-01 3.393639732315690605e+00
6.195031248271666158e+01 8.724959902660250899e-01 3.392290249433106641e+00
6.219219069741717476e+01 8.882915767933189377e-01 3.444389137768928855e+00
6.212917427133454851e+01 8.748852386483048083e-01 3.399579669266080462e+00
6.197069852331176065e+01 8.457718046568221126e-01 3.394568884464354674e+00
6.191878767767269665e+01 8.374426193241524263e-01 3.380399314197223504e+00
6.184657928211935030e+01 8.286488579171505942e-01 3.339273270283723338e+00
6.181097284442232365e+01 8.126652286931032032e-01 3.311100049776007914e+00
6.200012167468613455e+01 8.410817985730877355e-01 3.366528399977877228e+00
6.204136939328576972e+01 8.659144958796526348e-01 3.410906476411702748e+00
6.200251092306841372e+01 8.333941706764006474e-01 3.419501133786848168e+00
6.210272661910292413e+01 8.474863115978098493e-01 3.440108401084010836e+00
6.199512195121950953e+01 8.894751396493556506e-01 3.406504065040650620e+00
6.177900558597422531e+01 8.724406835905094137e-01 3.348022786350312696e+00
6.181748797079807645e+01 8.897848570322437478e-01 3.389845694375311247e+00
6.188533820032078125e+01 9.112438471323488498e-01 3.383916818760024370e+00
6.167516177202588068e+01 8.850395442729938056e-01 3.333598805375808993e+00
6.167997345279574972e+01 8.690116697085338293e-01 3.341751009346828116e+00
6.211086776173884516e+01 9.358331950666445298e-01 3.484774072230518271e+00
6.212092251534760123e+01 9.266412255959294297e-01 3.465549471821248950e+00
6.182206736353077758e+01 8.870637685968696395e-01 3.410806924395774598e+00
6.194991427465294720e+01 9.062330623306232846e-01 3.469343509761628308e+00
6.217699242298545670e+01 9.358442564017477316e-01 3.504607046070460807e+00
6.181923566174437212e+01 8.875062220009954927e-01 3.418417122946739717e+00
6.162814003650240835e+01 8.425972014822189493e-01 3.383253138653835368e+00
6.173013660748852516e+01 8.633703888059288678e-01 3.401614954925059386e+00
6.154637464741994535e+01 8.440683590509374667e-01 3.331629887727448835e+00
6.134225983076157007e+01 8.050439688070349931e-01 3.263115978098556358e+00
6.145122504286267429e+01 8.186162269785962620e-01 3.326962004313920751e+00
6.162742104972070223e+01 8.474531275925004659e-01 3.364836015707096006e+00
6.151889829102372431e+01 8.289917593053481859e-01 3.334605386870195254e+00
6.140359493390852208e+01 8.030529284884685426e-01 3.288833582213372964e+00
6.148784912338919639e+01 8.464133620928045998e-01 3.329528234057850700e+00
6.137537746806039252e+01 8.154305624688900078e-01 3.294286820419224604e+00
6.126563796250207616e+01 8.086831480559703023e-01 3.276632929594601951e+00
6.142677949228471590e+01 8.384934461589513832e-01 3.318986781704551525e+00
6.154971517062109143e+01 8.766992976052209174e-01 3.360621647032796755e+00
6.140891543609313885e+01 8.329627786073778850e-01 3.304916763453348949e+00
6.145817156130745218e+01 8.228084729826889987e-01 3.298456943753111048e+00
6.162326198772191788e+01 8.566672197334218586e-01 3.319517725789502993e+00
6.161985509651015036e+01 8.596537802112714788e-01 3.324251977213649845e+00
6.147414412919639659e+01 8.457275593164095273e-01 3.329174271334550017e+00
6.151325701012112290e+01 8.569105691056910779e-01 3.353299043194513551e+00
6.150924174547868262e+01 8.685139096288921889e-01 3.338786571539184678e+00
6.116105303910182300e+01 8.137824235385211491e-01 3.275261324041812028e+00
6.125170068027210846e+01 8.214036834245893592e-01 3.268392234942757657e+00
6.130706266246335900e+01 8.534151872130966154e-01 3.299961285327138949e+00
6.126373541286433522e+01 8.197555444942205005e-01 3.278026657817598721e+00
6.123833858746750991e+01 7.827775012444001534e-01 3.253758088601294229e+00
6.136773408550411801e+01 8.004645760743321903e-01 3.284995298932581242e+00
6.148790443006470952e+01 8.061722249875560298e-01 3.295171727227476310e+00
6.130117803218848849e+01 7.746474199435872121e-01 3.239135003594933782e+00
6.131478347436535614e+01 7.627675460428073873e-01 3.284641336209280560e+00
6.136819866157845382e+01 7.738178198108511818e-01 3.315259111774791378e+00
6.121319617277805492e+01 7.681986615784525130e-01 3.302450085725347151e+00
6.117635086554947321e+01 7.633537968032741983e-01 3.295957082019799866e+00
6.119277694817764512e+01 7.543609313644157321e-01 3.275770145456556648e+00
6.105738620651512605e+01 7.502571760411481661e-01 3.227609092417454750e+00
6.122277528897738108e+01 7.734638570875504993e-01 3.288545987500691492e+00
6.132729384436701281e+01 7.959294286820419728e-01 3.306719761075161745e+00
6.116239146064930310e+01 7.792931806869088929e-01 3.302759803108235026e+00
6.095243625905646923e+01 7.295392953929539237e-01 3.237586416680493517e+00
6.098454731486090452e+01 7.640506609147723616e-01 3.270173109894364050e+00
6.091033681765389218e+01 7.673690614457164827e-01 3.230197444831591103e+00
6.072898622863779394e+01 7.527680991095625496e-01 3.204402411371052306e+00
6.096250207400033361e+01 7.804435595376362222e-01 3.209733974890769392e+00
6.111973895249156641e+01 8.006083734306730371e-01 3.258735689397710189e+00
6.095081024279630810e+01 7.780543111553565039e-01 3.211216193794590890e+00
6.092955035672805764e+01 7.676455948232951965e-01 3.228748409933078989e+00
6.120258835241413919e+01 8.000884906808252151e-01 3.277927105801670127e+00
6.112981582877053199e+01 7.880426967534981397e-01 3.265593717161661580e+00
6.098424865881312229e+01 7.520048669874453973e-01 3.235119738952491719e+00
6.111887616835352333e+01 7.768486256291133873e-01 3.243106022896963481e+00
6.137546595874122346e+01 7.921575134118687966e-01 3.300591781428018567e+00
6.114314473756982693e+01 7.729107903323930717e-01 3.249344615895138677e+00
6.106557159449145189e+01 7.513964935567722936e-01 3.250262706708699767e+00
6.127108013937282038e+01 7.832420773187324103e-01 3.268801504341574127e+00
6.115115314418450509e+01 7.595155135224821441e-01 3.258116254631933995e+00
6.111645373596593345e+01 7.457662739892705339e-01 3.223427907748465326e+00
6.118198108511697342e+01 7.643493169625573680e-01 3.253868701952325804e+00
6.115254687240749831e+01 7.732426303854875727e-01 3.274619766605829430e+00
6.103718820861678296e+01 7.644709916486920331e-01 3.275980310823516373e+00
6.117502350533709432e+01 7.767490736131851259e-01 3.295791161993252505e+00
6.126820419224600300e+01 7.890492782478845113e-01 3.325944361484431067e+00
6.126623527459764063e+01 7.935623029699684361e-01 3.305912283612632230e+00
6.132782478845196295e+01 7.828328079199159406e-01 3.299153807864609433e+00
6.131142082849400055e+01 7.886731928543775361e-01 3.317902770864443518e+00
6.106064930037055660e+01 7.671810187489630506e-01 3.305978651623250997e+00
6.083493169625573671e+01 7.442287484099330275e-01 3.202123776339804273e+00
6.075947126818206812e+01 7.352801283114871467e-01 3.198130634367568170e+00
6.095744704385819546e+01 7.550135501355013101e-01 3.197555444942204339e+00
6.088977379569713833e+01 7.421824014158509009e-01 3.188098003429014060e+00
6.100085172280294188e+01 7.696698191471710304e-01 3.234411813505890354e+00
6.105844809468502632e+01 7.831314639677009470e-01 3.254156296665007275e+00
6.102265361429124368e+01 7.835296720314142149e-01 3.218372877606327176e+00
6.095431668602400066e+01 7.712073447265085369e-01 3.183330567999557381e+00
6.116548863447818007e+01 7.931640949062551682e-01 3.258437033349925294e+00
6.128746197666058038e+01 8.052762568442011215e-01 3.315613074498092061e+00
6.111579005585974045e+01 7.622697859631657469e-01 3.244355953763619294e+00
6.099283225485316251e+01 7.480117250152092945e-01 3.189724019689176515e+00
6.105324926718655121e+01 7.654996958132846974e-01 3.242807366849178585e+00
6.094234832144239533e+01 7.306786129085780512e-01 3.235473701675792402e+00
6.091846689895470490e+01 7.331342293014766476e-01 3.211802444555057701e+00
6.114862009844588187e+01 7.725900116144018837e-01 3.249532658591891998e+00
6.104850395442729649e+01 7.682871522592776836e-01 3.222233283557325301e+00
6.084434489242851640e+01 7.357889497262319889e-01 3.157557657209224988e+00
6.075681654775731744e+01 7.152148664343785933e-01 3.122780819644931150e+00
6.087959736740224770e+01 7.378906033958299027e-01 3.143863724351529054e+00
6.094065593717161988e+01 7.771915270173109791e-01 3.188297107460870361e+00
6.121338421547481090e+01 7.962391460649300701e-01 3.254797854100989873e+00
6.108107958630606760e+01 7.901222277528897608e-01 3.249377799900448061e+00
6.083892483822797459e+01 7.616614125324926432e-01 3.213185111442951047e+00
6.089539295392953733e+01 7.634754714894087524e-01 3.213063436756816493e+00
6.104001991040318842e+01 7.941817377357447416e-01 3.264753055693822237e+00
6.102534151872131218e+01 7.994358719097395261e-01 3.244798407167745147e+00
6.096921630440794360e+01 7.843371494939439525e-01 3.217852994856479132e+00
6.104906808251755734e+01 7.906974171782533700e-01 3.266124661246612604e+00
6.091284774072230590e+01 7.639732315690503928e-01 3.241314086610253664e+00
6.089420939107350250e+01 7.428682041922459733e-01 3.180532050218461304e+00
6.100462363807311306e+01 7.643714396327636607e-01 3.199170399867263814e+00
6.102234389690836025e+01 7.640617222498755634e-01 3.177810961783087418e+00
6.099341850561362577e+01 7.459100713456113807e-01 3.199491178585255113e+00
6.078731264863669281e+01 7.578341905868037909e-01 3.162712239367291733e+00
6.069308113489298506e+01 7.640727835849786542e-01 3.132924063934516834e+00
6.096042254300093788e+01 8.003097173828881417e-01 3.223704441126043818e+00
6.123497594159614721e+01 8.678944748631159944e-01 3.284309496156185837e+00
6.114008074774625356e+01 8.490791438526630319e-01 3.243902439024390461e+00
6.113374260273214844e+01 8.367900005530667373e-01 3.251755986947624688e+00
6.113300149328023991e+01 8.363254244787345915e-01 3.255118632818981173e+00
6.118689231790276750e+01 8.569658757812067540e-01 3.290813561196836545e+00
6.125066091477241059e+01 8.633261434655162825e-01 3.305591504894640931e+00
6.119803108235164046e+01 8.674409601238869394e-01 3.295669487307117951e+00
6.113560090702947747e+01 8.384160168132293034e-01 3.263359327470825910e+00
6.094047895580996510e+01 8.214258060947956519e-01 3.200519882749847778e+00
6.070889884409048420e+01 7.991925225374703068e-01 3.141474475969249447e+00
6.063639179248935562e+01 7.707870139925888653e-01 3.106874619766605949e+00
6.069962944527404147e+01 7.811183009789282039e-01 3.128123444499751216e+00
6.088916542226646555e+01 7.938609590177534425e-01 3.188407720811901935e+00
6.109039323046291514e+01 8.096565455450472903e-01 3.229401028704164567e+00
6.110985011890934970e+01 8.159725678889442335e-01 3.242652508157734648e+00
6.098307615729218867e+01 7.762402521984403947e-01 3.224312814556717033e+00
6.081282008738454437e+01 7.436535589845694183e-01 3.172379846247442181e+00
6.085886842541894737e+01 7.480780930258281725e-01 3.176704828272772563e+00
6.117657209225153281e+01 7.876334273546816700e-01 3.237022288590232666e+00
6.121472263702229100e+01 7.947679884962114416e-01 3.248835794480393613e+00
6.099688070350091351e+01 7.757424921187987543e-01 3.232830042586140262e+00
6.114620872739339319e+01 7.938167136773408572e-01 3.239842929041535147e+00
6.136028980697970070e+01 8.127205353686189904e-01 3.316464797301034384e+00
6.134010287041645881e+01 8.111498257839721004e-01 3.346087052707261922e+00
6.114837674907361276e+01 7.866379071953985003e-01 3.285238648304850351e+00
6.144782921298600797e+01 8.225872462806260721e-01 3.310259388308169015e+00
6.143975443836070838e+01 8.459930313588850392e-01 3.317814280183618347e+00
6.142356064376970437e+01 8.497870692992643971e-01 3.323145843703334990e+00
6.165371384326088133e+01 8.510812455063325732e-01 3.375576572092251482e+00
6.168731817930424199e+01 8.675736961451246954e-01 3.390133289087992718e+00
6.152835573253691592e+01 8.141806316022344170e-01 3.319296499087439845e+00
6.141464520767656410e+01 8.233726010729495171e-01 3.319418173773574399e+00
6.154535700459045700e+01 8.653724904595985201e-01 3.379746695426137926e+00
6.161074055638515290e+01 9.006360267684309084e-01 3.395885183341629254e+00
6.156527846911122026e+01 8.958243459985619772e-01 3.352480504396880612e+00
6.161514296775620636e+01 9.144848183175708911e-01 3.403030805818262117e+00
6.148359050937447989e+01 8.917869586859134001e-01 3.330048116807698744e+00
6.114827719705768772e+01 8.150323544051767399e-01 3.246535036778939176e+00
6.123194513577789166e+01 8.346883468834688236e-01 3.282617111885404615e+00
6.166132404181184512e+01 8.549416514573309200e-01 3.367258448094684997e+00
6.176713677340855213e+01 8.689453016979149513e-01 3.352535811072396399e+00
6.158163818372877785e+01 8.341131574581052144e-01 3.294917316520103778e+00
6.156403959957967231e+01 8.554947182124882366e-01 3.335423925667828193e+00
6.159373928433161893e+01 8.659366185498589275e-01 3.346429954095459181e+00
6.145020740003318593e+01 8.440904817211437594e-01 3.296819866157845169e+00
6.131450694098777632e+01 8.292461700127204960e-01 3.282019799789834824e+00
6.143478789889939407e+01 8.328189812510370382e-01 3.290426414468226479e+00
6.117819810851169393e+01 8.025883524141363967e-01 3.250351197389524938e+00
6.091002710027100164e+01 7.601238869531552478e-01 3.167534981472263755e+00
6.093750345666722268e+01 7.738178198108511818e-01 3.178142801836181697e+00
6.095442729937503401e+01 7.851446269564736902e-01 3.186803827221945884e+00
6.091395387423261809e+01 7.594049001714506808e-01 3.150047010674188463e+00
6.105177810961782825e+01 7.771362203417953030e-01 3.193650793650793851e+00
6.118100768762789698e+01 7.811514849842375874e-01 3.242884796194900776e+00
6.110194126431060369e+01 7.763951108898844433e-01 3.228062607156684027e+00
6.101227808196449587e+01 7.633537968032741983e-01 3.189016094242575150e+00
6.111929649908744011e+01 7.550467341408108046e-01 3.215010231734970247e+00
6.112324539571926607e+01 7.635307781649245396e-01 3.214534594325535011e+00
6.112952823405785097e+01 7.660417012333388120e-01 3.248481831757092930e+00
6.115405121398152488e+01 8.009623361539738307e-01 3.218616226978596284e+00
6.110508268347989258e+01 7.940600630496100765e-01 3.200807477462529693e+00
6.114735910624412440e+01 8.017808749516066591e-01 3.222443448924285025e+00
6.128510591228361193e+01 8.279962391460649052e-01 3.290149881090647543e+00
6.127716387367955519e+01 8.599192522537469907e-01 3.293966041701233305e+00
6.112043581660306302e+01 8.155411758199214711e-01 3.248061501023173481e+00
6.107284995298932273e+01 8.165145733089983482e-01 3.231768154416238215e+00
6.095224821635971324e+01 7.928211935180575765e-01 3.148808141142636075e+00
6.084345998562026381e+01 7.840163707759526535e-01 3.109186438803163366e+00
6.092219456888446416e+01 7.885293954980365783e-01 3.169017200376085253e+00
6.121235551131021424e+01 8.582489906531718393e-01 3.270350091256014391e+00
6.111911951772579243e+01 8.605165643493170036e-01 3.261456777833084519e+00
6.078064266356949474e+01 8.073889718489021261e-01 3.179127260660361554e+00
6.084555057795476074e+01 7.909960732260383764e-01 3.155312206183286339e+00
6.102923510867761792e+01 8.142580609479563858e-01 3.192920745533986082e+00
6.108746197666058464e+01 8.114374204966539050e-01 3.197588628947514167e+00
6.089544826060505756e+01 7.755433880869421204e-01 3.164470991648692166e+00
6.088067031690724917e+01 7.673801227808196845e-01 3.170433051269287983e+00
6.094201648138930238e+01 7.493612078977932578e-01 3.176041148166583561e+00
6.107350257176041453e+01 7.419390520435816816e-01 3.232752613240418071e+00
6.126511807975222723e+01 7.702671312427410433e-01 3.290647641170289184e+00
6.127070405397931552e+01 7.387533875338753164e-01 3.254631934074442956e+00
6.116835352026989625e+01 7.389967369061445357e-01 3.246922183507549242e+00
6.126916652839997823e+01 7.628449753885293561e-01 3.277119628339140611e+00
6.131093412974946233e+01 7.486975277916044780e-01 3.267905536198218996e+00
6.118883911288092747e+01 7.386759581881533476e-01 3.256147336983573837e+00
6.138448094685028167e+01 7.379680327415518715e-01 3.289143299596261283e+00
6.140649300370554897e+01 7.639842929041534836e-01 3.333278026657817694e+00
6.128267241856092085e+01 7.489076931585642027e-01 3.289253912947292857e+00
6.108565897903876873e+01 7.571373264753055166e-01 3.260217908301532130e+00
6.129595708201979676e+01 7.790498313146396736e-01 3.302051877661633661e+00
6.126997400586250819e+01 7.664952159725678671e-01 3.279663735412864156e+00
6.108746197666058464e+01 7.558210275980310477e-01 3.268668768320336149e+00
6.105730877716940341e+01 7.786958685913389910e-01 3.265018527736297749e+00
6.096323212211714093e+01 7.768265029589070947e-01 3.227100271002710130e+00
6.067085891267075937e+01 7.378352967203141155e-01 3.176085393506996368e+00
6.067069299264421289e+01 7.392953929539295421e-01 3.124959902660251032e+00
6.087851335656213791e+01 7.689618937005696653e-01 3.193695038991206214e+00
6.075807753995907490e+01 7.775676124108179543e-01 3.141585089320281021e+00
6.051452906365798157e+01 7.404568331397599623e-01 3.088711907527238676e+00
6.080954593219401261e+01 7.785078258945854479e-01 3.163375919473480291e+00
6.112854377523367333e+01 8.219346275095403831e-01 3.257054366462031947e+00
6.102107184337149448e+01 7.788064819423704543e-01 3.238161606105856904e+00
6.079058680382722457e+01 7.500912560146009156e-01 3.171317958077540133e+00
6.095534539018859732e+01 7.672031414191693433e-01 3.245661191305790449e+00
6.085639068635584437e+01 7.450251645373596743e-01 3.201349482882584141e+00
6.069324705491953154e+01 7.104142469996128639e-01 3.157812067916597520e+00
6.078043249820253635e+01 7.226812676290028659e-01 3.197843039654886255e+00
6.085415629666501047e+01 7.312648636690448622e-01 3.209357889497262306e+00
6.063031911951772912e+01 6.894087716387368170e-01 3.146562690116696981e+00
6.055869697472484603e+01 6.716110834577733169e-01 3.147458658260052111e+00
6.078343012001548828e+01 7.092859908190918272e-01 3.196217023394723800e+00
6.080657043305127019e+01 7.152259277694817952e-01 3.190586803827221818e+00
6.070366683258669127e+01 7.060671423040760786e-01 3.147137879542060812e+00
6.063549582434600183e+01 7.007466401194624162e-01 3.178972401968917616e+00
6.065170068027210704e+01 6.975388529395497583e-01 3.164692218350754871e+00
6.062572866544991967e+01 7.030695204911232565e-01 3.143675681654775733e+00
6.068819202477739339e+01 7.058680382722194446e-01 3.188595763508655700e+00
6.065161218959128320e+01 7.134782368231845640e-01 3.181206791659753286e+00
6.068584702173552614e+01 7.050384381394834143e-01 3.188407720811901935e+00
6.069563630330181070e+01 6.986339251147613005e-01 3.167070405397931498e+00
6.080925833748133158e+01 7.110447431004922603e-01 3.175134118688125451e+00
6.072802389248382582e+01 7.092196228084729492e-01 3.165886842541894897e+00
6.067999557546595923e+01 7.116199325258558694e-01 3.169514960455726893e+00
6.072165256346440998e+01 7.342182401415850990e-01 3.161805209888833623e+00
6.050910900945743975e+01 7.258779934738123218e-01 3.128820308611249157e+00
6.056835352026989483e+01 7.214423980974503658e-01 3.108633372048006382e+00
6.059117305458769209e+01 7.366074885238648173e-01 3.148443117084231968e+00
6.046838117360765352e+01 7.223826115812178594e-01 3.131331231679663762e+00
6.043657983518610877e+01 7.148609037110779107e-01 3.121199048725181058e+00
6.046721973342182110e+01 7.153365411205132585e-01 3.151042530833471744e+00
6.064271887616835244e+01 7.386980808583596403e-01 3.183009789281566082e+00
6.063175709308113426e+01 7.168630053647475631e-01 3.170444112604391407e+00
6.051169736187157611e+01 6.802721088435373931e-01 3.164150212930700867e+00
6.069038216912781536e+01 6.956031192964990950e-01 3.186737459211326673e+00
6.073432885349261312e+01 6.975609756097560510e-01 3.192633150821304167e+00
6.045569382224434207e+01 6.619213539074165764e-01 3.096543332780266500e+00
6.045460981140423939e+01 6.470217355234776369e-01 3.092251534760245502e+00
6.052879818594104222e+01 6.754714894087716637e-01 3.139306454289032544e+00
6.049509429788175652e+01 6.820751064653504114e-01 3.168818096344228952e+00
6.029618937005696466e+01 6.728941983297384022e-01 3.057375145180023068e+00
6.040118356285603340e+01 6.902051877661633528e-01 3.117139538742326188e+00
6.051177479121729874e+01 7.045517393949449758e-01 3.109551462861567472e+00
6.049926442121564207e+01 6.851722802942314949e-01 3.115026823737625072e+00
6.053922902494331026e+01 6.852718323101598674e-01 3.111553564515237014e+00
6.051750456280073109e+01 7.039212432940655795e-01 3.108190918643880529e+00
6.055724793982633969e+01 6.772191803550688949e-01 3.096985786184392353e+00
6.036584259720148538e+01 6.502405840384934965e-01 3.063514186162269670e+00
6.045089320280958134e+01 6.632929594602068324e-01 3.051346717548808041e+00
6.037440407057131608e+01 6.583817266744096397e-01 3.068912117692605523e+00
6.036565455450472939e+01 6.498534373098833195e-01 3.067595818815330944e+00
6.053040207953100094e+01 6.679276588684254223e-01 3.129616724738676137e+00
6.066990763785188534e+01 7.061003263093855731e-01 3.177368508378961121e+00
6.052559039876113189e+01 6.877495713732647564e-01 3.129395498036612988e+00
6.032494884132514557e+01 6.763232122117139866e-01 3.061180244455505850e+00
6.037372932913002899e+01 6.930921962280847115e-01 3.078900503290747270e+00
6.039054255848680697e+01 7.014877495713732758e-01 3.072451744925612349e+00
6.022260936895083461e+01 6.777390631049167169e-01 3.031358885017421567e+00
6.020795309993916078e+01 6.609922017587522847e-01 3.015264642442342602e+00
6.035805541728886681e+01 6.681488855704883489e-01 3.067352469443061835e+00
6.034094353188429949e+01 6.596316575410652305e-01 3.051921906974171872e+00
6.040895968143355077e+01 6.497649466290581488e-01 3.098788783806205593e+00
6.041343952215032687e+01 6.577512305735302434e-01 3.136496875172833487e+00
6.027978541009900226e+01 6.414910679719042497e-01 3.081898125103700092e+00
6.039135003594933693e+01 6.579171506000773828e-01 3.079044300647088228e+00
6.049149936397323302e+01 6.798628394447209233e-01 3.108213041314086489e+00
6.044496432719429180e+01 6.647751783640285517e-01 3.117991261545268511e+00
6.040985564957690457e+01 6.604170123333886755e-01 3.114772413030252540e+00
6.041158121785299784e+01 6.677285548365687884e-01 3.121176926054974654e+00
6.036912781372711834e+01 6.557048835794480057e-01 3.124805043968807095e+00
6.020358387257341803e+01 6.427631215087661332e-01 3.062861567391184092e+00
6.012424091587854491e+01 6.375753553453902267e-01 3.041789724019689167e+00
6.010975056689342466e+01 6.198329738399425137e-01 3.041148166583706569e+00
6.013181793042420509e+01 6.216912781372712082e-01 3.065615839831867806e+00
6.015123057353022773e+01 6.164371439632763128e-01 3.068591338974614224e+00
6.018233504784027588e+01 6.230518223549582624e-01 3.064299540954593226e+00
6.009217410541452153e+01 6.028317017864056604e-01 3.060605055030142019e+00
5.998617333112106564e+01 5.942149217410541695e-01 3.030717327581438969e+00
6.004792876500193444e+01 6.121564072783585164e-01 3.004612576738012297e+00
6.004933355456003596e+01 6.133067861290857348e-01 3.026237486864664650e+00
6.026823737625131372e+01 6.296775620817433028e-01 3.059344062828383226e+00
6.015473701675792029e+01 6.110834577733532669e-01 3.050417565400143971e+00
6.009877772247110528e+01 6.270228416569879615e-01 3.045749681986615887e+00
6.038114042364913558e+01 6.644986449864498379e-01 3.083214423980974672e+00
6.046796084287373674e+01 6.778939217963607655e-01 3.098976826502958914e+00
6.033243736518998190e+01 6.486477517836403139e-01 3.080161495492506063e+00
6.026379071953984834e+01 6.469221835075493754e-01 3.067496266799402793e+00
6.044734251424146976e+01 6.546208727393396654e-01 3.089873347713068874e+00
6.032093357668270528e+01 6.676511254908467086e-01 3.070350091256014657e+00
6.010075770145456886e+01 6.498313146396770268e-01 2.999203583872573464e+00
6.000925833748133442e+01 6.503290747193186672e-01 2.998550965101487886e+00
6.004456611913057884e+01 6.587025053924008278e-01 3.022620430285935633e+00
6.011354460483380535e+01 6.732924063934516701e-01 3.021824014158509097e+00
6.008397765610309449e+01 6.449422045240860157e-01 3.035805541728886503e+00
6.013262540788673505e+01 6.425087108013937121e-01 3.050893202809579208e+00
6.008537138432608771e+01 6.339029920911454230e-01 3.047331452906365978e+00
6.010033737072064497e+01 6.120457939273270531e-01 3.030883247607986331e+00
5.998651623250926690e+01 5.947569271611083952e-01 3.049200818538797542e+00
5.987544936673856455e+01 6.238924838227973835e-01 2.996062164703279684e+00
5.976982467783861352e+01 6.164703279685858073e-01 2.974525745257452503e+00
5.975307781649244987e+01 6.327304905702118010e-01 2.982744317239090837e+00
5.986873513633095456e+01 6.383828328079199643e-01 2.985056136275648253e+00
5.976256844201095220e+01 6.384934461589514276e-01 2.979669266080415824e+00
5.975864166804933575e+01 6.221669155467064449e-01 2.977700348432055666e+00
5.990157624025219718e+01 6.075548918754494210e-01 3.004059509982854870e+00
6.006097007908854835e+01 6.076655052264808843e-01 3.018837453680659255e+00
6.034014711575687073e+01 6.195785631325700926e-01 3.040462363807311608e+00
6.028803716608594954e+01 6.062275316630717503e-01 3.030020463469941028e+00
6.036976937116310182e+01 6.288369006139040707e-01 3.077506775067750500e+00
6.031206238592998403e+01 6.369448592445108304e-01 3.065571594491454999e+00
6.031626569326918030e+01 6.450860018804269735e-01 3.083468834688346760e+00
6.034561141529782446e+01 6.380952380952380487e-01 3.089751673026934320e+00
6.048499529893258142e+01 6.573198385045074810e-01 3.107549361207897931e+00
6.036626292793540216e+01 6.566450970632154993e-01 3.086809357889497285e+00
6.025965378021127350e+01 6.681267629002820563e-01 3.072020352856589920e+00
6.026789447486311246e+01 6.767988496211492233e-01 3.061445716497981362e+00
6.034677285548365688e+01 6.698302085061667022e-01 3.087672142027542588e+00
6.041806316022343992e+01 6.873956086499640739e-01 3.137282229965156599e+00
6.049727338089707729e+01 6.956363033018084785e-01 3.135423925667828016e+00
6.044673414081079699e+01 6.840993307892262454e-01 3.111796913887506122e+00
6.041850561362756622e+01 6.671312427409988866e-01 3.105093744814999113e+00
6.035611968364581514e+01 6.540678059841822378e-01 3.073314529063658096e+00
6.024016370775952822e+01 6.419888280515457790e-01 3.059023284110391927e+00
6.026161163652452757e+01 6.552624301753221525e-01 3.074995851999336338e+00
6.034835462640340609e+01 6.893755876334273225e-01 3.090570211824567259e+00
6.035512416348653630e+01 7.001161440185830198e-01 3.117250152093357762e+00
6.043948896631823686e+01 7.234998064266356943e-01 3.147027266191029238e+00
6.050477296609700772e+01 7.393728222996516219e-01 3.164482052983795146e+00
6.039464631381007820e+01 6.927271721696808271e-01 3.106111387644488797e+00
6.051556882915767943e+01 6.859023284110392638e-01 3.137580886012941939e+00
6.064668989547038080e+01 7.185553896355290071e-01 3.173253691720590464e+00
6.065645705436646296e+01 7.030584591560201657e-01 3.145102593883081887e+00
6.055252474973729448e+01 6.818870637685968683e-01 3.112538023339416871e+00
6.061020961230020276e+01 6.881367181018749335e-01 3.122935678336375087e+00
6.063963276367457667e+01 6.882141474475969023e-01 3.157513411868812625e+00
6.061824014158509044e+01 6.646092583374813012e-01 3.138432608815884262e+00
6.078088601294176385e+01 7.003705547259554409e-01 3.213339970134395429e+00
6.083334992533598751e+01 6.945965378021127234e-01 3.203915712626514090e+00
6.070148774957137050e+01 6.939107350257176510e-01 3.177766716442674610e+00
6.066446546098114112e+01 6.935125269620042721e-01 3.123831646479730217e+00
6.071584536253525499e+01 7.314971517062109907e-01 3.158730158730158610e+00
6.069386648968530551e+01 7.277473591062441072e-01 3.141684641336209172e+00
6.067654443891377980e+01 7.240639345168962127e-01 3.147314860903711153e+00
6.084705491952878731e+01 7.453238205851446807e-01 3.221602787456446126e+00
6.091552458381726609e+01 7.656766771749350387e-01 3.227044964327194343e+00
6.086319340744427819e+01 7.582434599856202606e-01 3.218162712239367451e+00
6.101779768818096272e+01 7.853437309883303241e-01 3.241513190642110409e+00
6.109750566893423951e+01 8.007411094519107930e-01 3.249178695868591316e+00
6.108828051545821580e+01 8.195785631325700482e-01 3.232420773187323793e+00
6.117458105193296802e+01 8.413362092804601566e-01 3.257485758531054820e+00
6.124819423704440879e+01 8.696311044743100238e-01 3.286068248437586270e+00
6.119680327415519372e+01 8.802278635031248744e-01 3.296012388695315654e+00
6.108537138432608771e+01 8.507494054532381833e-01 3.226702062938996640e+00
6.098023339417067490e+01 8.007079254466014095e-01 3.209545932194015627e+00
6.107321497704772639e+01 7.608428737348598148e-01 3.241424699961285238e+00
6.116434931696255717e+01 7.579005585974226689e-01 3.264421215640727958e+00
6.127104695536750967e+01 7.465184447762844844e-01 3.286654499198053081e+00
6.125449919805320320e+01 7.448371218406061312e-01 3.268580277639510978e+00
6.119855096510148940e+01 7.610972844422321248e-01 3.273834411813505874e+00
6.096280073004811584e+01 7.285658979038770466e-01 3.228582489906531627e+00
6.095130800287594752e+01 7.331895359769924347e-01 3.210928599081908974e+00
6.100225651236104341e+01 7.428128975167302972e-01 3.223461091753774710e+00
6.098619545379127516e+01 7.443946684364802779e-01 3.169614512471655488e+00
6.070443006470880931e+01 7.149604557270062832e-01 3.118765555002488643e+00
6.072161937945909926e+01 7.297715834301200521e-01 3.145556108622310720e+00
6.096452629832420911e+01 7.577678225761849129e-01 3.204291798020021176e+00
6.108279409324705256e+01 7.673358774404070992e-01 3.203130357834190534e+00
6.091215087661080929e+01 7.462861567391184670e-01 3.170123333886400108e+00
6.084375864166804604e+01 7.457883966594768266e-01 3.163508655494718269e+00
6.087762844975388532e+01 7.513190642110503248e-01 3.179337426027321278e+00
6.082322880371661000e+01 7.556440462363807065e-01 3.165134671754880724e+00
6.082899175930534597e+01 7.438747856866323449e-01 3.192179636082074889e+00
6.082737680438028605e+01 7.555002488800398597e-01 3.175731430783695686e+00
6.081466733034677219e+01 7.556993529118964936e-01 3.149471821248824632e+00
6.074727061556330199e+01 7.510093468281621165e-01 3.151197389524915682e+00
6.076613019191416498e+01 7.499806426635694523e-01 3.160322990985011682e+00
6.082785244178972306e+01 7.888169902107183828e-01 3.155124163486533018e+00
6.083291853326696241e+01 7.755765720922515039e-01 3.137215861954537832e+00
6.094025772910790550e+01 7.581770919750013826e-01 3.179724572755931788e+00
6.114721530888778034e+01 7.419058680382721871e-01 3.246656711465073730e+00
6.111336762347215057e+01 7.366185498589680192e-01 3.188839112880924809e+00
6.100678059841823142e+01 7.142857142857143016e-01 3.167955312206183205e+00
6.099213539074166590e+01 7.048614567778330731e-01 3.179381671367734086e+00
6.109457441513190901e+01 7.092196228084729492e-01 3.213151927437641664e+00
6.091710635473701529e+01 6.824511918588573867e-01 3.155179470162048361e+00
6.073037995686079427e+01 6.519882749847906167e-01 3.135125269620043120e+00
6.098774404070571364e+01 6.765997455892925894e-01 3.182036391792489205e+00
6.104787345832642131e+01 7.145180023228803190e-01 3.215474807809302504e+00
6.081306343675681347e+01 6.918312040263260299e-01 3.190973950555831884e+00
6.078747856866323929e+01 6.896521210110060363e-01 3.191781428018361844e+00
6.067538299872794738e+01 6.858138377302139821e-01 3.169083568386704464e+00
6.066146783916818919e+01 6.739892705049499444e-01 3.144250871080139564e+00
6.060765444389137713e+01 6.909905425584867977e-01 3.143255350920856284e+00
6.059961285327138825e+01 6.950942978817543638e-01 3.116110834577733524e+00
6.040782036391792786e+01 6.582047453127592984e-01 3.051789170952933894e+00
6.045124716553287669e+01 6.664343786295006122e-01 3.055262430175321953e+00
6.044683369282672203e+01 6.673082241026492278e-01 3.048747303799568709e+00
6.032533598805375874e+01 6.471655328798185947e-01 3.021790830153199270e+00
6.029146617996791946e+01 6.375089873347713487e-01 3.049543719926995244e+00
6.041565178917095125e+01 6.419445827111331937e-01 3.072661910292572518e+00
6.002149217410541127e+01 6.060173662961119145e-01 3.024744206625739729e+00
5.976405066091476925e+01 5.743377025606990482e-01 2.974636358608484077e+00
5.983796250207399936e+01 5.800232288037165951e-01 2.987036115259111835e+00
6.008221890382169050e+01 6.171671920800840816e-01 3.060704607046070613e+00
6.013595486975277993e+01 6.236270117803218715e-01 3.077097505668934030e+00
6.015309993916265796e+01 6.318455837619600945e-01 3.066567114650738279e+00
6.023558431502682708e+01 6.417454786792765598e-01 3.084420109507217678e+00
6.043384768541562835e+01 6.744206625739727068e-01 3.160942425750788320e+00
6.045840384934461298e+01 6.814777943697803986e-01 3.131486090371107700e+00
6.042166915546706463e+01 6.688346883468834214e-01 3.121199048725181058e+00
6.046661135999114833e+01 6.737680438028870178e-01 3.121033128698634140e+00
6.060101764282948977e+01 6.906808251755987005e-01 3.150832365466512019e+00
6.066599192522537720e+01 6.938775510204081565e-01 3.141662518666002768e+00
6.056207068193130993e+01 6.935457109673137666e-01 3.146617996792212768e+00
6.061716719208008186e+01 6.861014324428958977e-01 3.141927990708478724e+00
6.053304573862065041e+01 6.786903379237874123e-01 3.116110834577733524e+00
6.053252585587080148e+01 6.662352745976439783e-01 3.077705879099607245e+00
6.051344505281787178e+01 6.784027432111056077e-01 3.083015319949117927e+00
6.057108567004037525e+01 6.683922349427575682e-01 3.088811459543166826e+00
6.036333167413306455e+01 6.397101930202975240e-01 3.088888888888889017e+00
6.033906310491676095e+01 6.411481665837066579e-01 3.072285824899065432e+00
6.032915214866434184e+01 6.495437199269952222e-01 3.096841988828051395e+00
6.039282119351805989e+01 6.501078480172556295e-01 3.117051048061501017e+00
6.037625131353354391e+01 6.125656766771749862e-01 3.120612797964714247e+00
6.022836126320446937e+01 5.962502074000332053e-01 3.054532382058514628e+00
6.023411315745810413e+01 5.899120623859299695e-01 3.082993197278911524e+00
6.042934572202864985e+01 6.064930037055472622e-01 3.087417731320170500e+00
6.022411371052486118e+01 5.846136828715225997e-01 3.063779658204745182e+00
5.997903876997953887e+01 5.649576903932305161e-01 2.988098003429013882e+00
5.985559427022841561e+01 5.605442176870748527e-01 2.965466511807975269e+00
5.979515513522482451e+01 5.547370167579226408e-01 2.960632708367899824e+00
5.964395774569990749e+01 5.487307117969139059e-01 2.948465239754438194e+00
5.975882971074608463e+01 5.607211990487251940e-01 2.966893424036280980e+00
5.992115480338476630e+01 5.850229522703390694e-01 3.015043415740279897e+00
5.998506719761075345e+01 5.940379403794038282e-01 3.035517947016205031e+00
5.997211437420496338e+01 5.908965212101100484e-01 3.030440794203860477e+00
6.003899120623859176e+01 6.088158840772081026e-01 3.024854819976771303e+00
6.015186106963110291e+01 6.378076433825562441e-01 3.064565012997068738e+00
6.024394668436480060e+01 6.376085393506996102e-01 3.051059122836126125e+00
6.017254576627399132e+01 6.161606105856977100e-01 3.041303025275150507e+00
6.006770643216636074e+01 6.289032686245229486e-01 3.045782865991925270e+00
6.020681378242353787e+01 6.281289751673027055e-01 3.037785520712350085e+00
6.026156739118411565e+01 6.316022343896908753e-01 3.046811570156517934e+00
6.011621038659366434e+01 6.032962778607378063e-01 3.008251755986947718e+00
5.998800951274818516e+01 6.042475526796083907e-01 2.998351861069631141e+00
6.007947569271610888e+01 6.243459985620264385e-01 3.040340689121177054e+00
6.017185996349759591e+01 6.325092638681488744e-01 3.029478458049886580e+00
6.025467617941485798e+01 6.424976494662906212e-01 3.086300536474752665e+00
6.016553287981859199e+01 6.276422764227642670e-01 3.065195509097947912e+00
6.007828106852497285e+01 6.020131629887727209e-01 3.024180078535479321e+00
6.007278358497870840e+01 6.028095791161993677e-01 2.998860682484375761e+00
6.013657430451855390e+01 6.156407278358497770e-01 3.027863503124827105e+00
6.010157624025220002e+01 6.094463801780874990e-01 2.998628394447209633e+00
6.005715391847795814e+01 6.040484486477517567e-01 3.013826668878933468e+00
6.021949007245174812e+01 6.077097505668934696e-01 3.069597920469000485e+00
6.005994137492395168e+01 5.950113378684807053e-01 3.053359880537581006e+00
5.993154139704662242e+01 5.755212654167357611e-01 3.018140589569160870e+00
5.994564459930313660e+01 5.847685415629666483e-01 3.028781593938388195e+00
6.000702394779050053e+01 5.925114761351695236e-01 3.044411260439134903e+00
5.986694320004424696e+01 5.726563796250206950e-01 3.007300481168076800e+00
5.972712792434046492e+01 5.557989049278247995e-01 2.970775952657485952e+00
5.978794314473756799e+01 5.658315358663790207e-01 2.982379293180686730e+00
5.988884464354847381e+01 5.672473867595818620e-01 3.001736629611194029e+00
5.977666058293235807e+01 5.574581051932968601e-01 2.988451966152314565e+00
5.984921187987389857e+01 5.651014877495713629e-01 3.015154029091311472e+00
5.983038548752834629e+01 5.728997289972900253e-01 2.978806481942370521e+00
5.975503567280571104e+01 5.605110336817653582e-01 2.975753553453901912e+00
5.971122172446214194e+01 5.599469055915048399e-01 2.949571373264753049e+00
5.992369891045849073e+01 5.833969360101763924e-01 2.982213373154139813e+00
5.997859631657541257e+01 5.969360101764282778e-01 2.992544660140478818e+00
5.977391737182677645e+01 5.849234002544106970e-01 2.961617167192080124e+00
5.986408937558763199e+01 6.151319064211050458e-01 2.978529948564791585e+00
5.997878435927216145e+01 6.238924838227973835e-01 3.003794037940379358e+00
6.013630883247608239e+01 6.307726342569548450e-01 3.026856921630440844e+00
6.005578231292516733e+01 6.062938996736906283e-01 3.012300204634699607e+00
6.018833029146617974e+01 6.151540290913113385e-01 3.055439411536972294e+00
6.009852331176372786e+01 6.050329074719318356e-01 3.050882141474475784e+00
5.988477407223052040e+01 5.802444555057795217e-01 3.003263093855428334e+00
5.993596593108788539e+01 5.825009678668214841e-01 3.011304684475416327e+00
6.016966981914717394e+01 6.263923455561086762e-01 3.058979038769979564e+00
6.013821138211382333e+01 6.357944803937835010e-01 3.051335656213705061e+00
5.989174271334550070e+01 6.127094740335158329e-01 3.011957303246501905e+00
6.005286212045793803e+01 6.389912062385929570e-01 3.040274321110557842e+00
6.007163320612797719e+01 6.304518555389635459e-01 3.047143410209612213e+00
5.994847630108954206e+01 5.862950058072009529e-01 2.997843039654886521e+00
5.994849842375974447e+01 5.638294342127094794e-01 3.013848791549139872e+00
6.021895912836679088e+01 5.781096178308722244e-01 3.025883524141363967e+00
5.998022233283557370e+01 5.641723356009070711e-01 2.963563962170233879e+00
5.972640893755876590e+01 5.356562137049941663e-01 2.906598086389027280e+00
5.978399424810574914e+01 5.689840163707760023e-01 2.931043636966982113e+00
5.974854266910016065e+01 5.777667164426746327e-01 2.975609756097560954e+00
5.974554504728720872e+01 5.615176151761517298e-01 2.987456445993031284e+00
5.984684475416182892e+01 5.839721254355401125e-01 3.058625076046678881e+00
5.991146507383441389e+01 5.809634422874840887e-01 3.037984624744206830e+00
5.978974614235938390e+01 5.781317405010785171e-01 3.018914883026381446e+00
5.995836513467175166e+01 6.029312538023339219e-01 3.060638239035451402e+00
6.019850671976107748e+01 6.400420330733919139e-01 3.113776892870969704e+00
6.020168132293567709e+01 6.237929318068691220e-01 3.113998119573032408e+00
6.037587522814003904e+01 6.615120845086002177e-01 3.094342127094740214e+00
6.060189148830264116e+01 7.061224489795918657e-01 3.144792876500193568e+00
6.051320170344560267e+01 6.974835462640340822e-01 3.142370444112604577e+00
6.045262983242077581e+01 6.896963663514186216e-01 3.139660417012333227e+00
6.062712239367291289e+01 7.086333720480062492e-01 3.141474475969249447e+00
6.068100215696034638e+01 7.159449145511863621e-01 3.127603561749903172e+00
6.067820363917925164e+01 7.101598362922404428e-01 3.178872849952989466e+00
6.072420773187323562e+01 7.212875394060063172e-01 3.169780432498202405e+00
6.061641502129307213e+01 6.856479177036668426e-01 3.123289641059675770e+00
6.045110336817653973e+01 6.459709086886786800e-01 3.068713013660748778e+00
6.059665947679884823e+01 6.663790719539848251e-01 3.102981029810297997e+00
6.075720369448592351e+01 7.110226204302859676e-01 3.125347049388861098e+00
6.068057076489132129e+01 6.958022233283557290e-01 3.126331508213041399e+00
6.067773906310491583e+01 7.035783419058679877e-01 3.140855041203473252e+00
6.077330899839610368e+01 7.145401249930866117e-01 3.172623195619711289e+00
6.067145622476633093e+01 6.902604944416791399e-01 3.146662242132625575e+00
6.063806205408992867e+01 6.670206293899674233e-01 3.099186991869918639e+00
6.078282174658481551e+01 7.071732758143908226e-01 3.150622200099551851e+00
6.080921409214091966e+01 7.066202090592333951e-01 3.184182290802499704e+00
6.062006526187710875e+01 6.690448537138432572e-01 3.120059731209556819e+00
6.063354902936784185e+01 6.691997124052873058e-01 3.147148940877163792e+00
6.067445384657928287e+01 6.985786184392456244e-01 3.150069133344394867e+00
6.052263702228859188e+01 7.196504618107405493e-01 3.095901775344283902e+00
6.048674298987887710e+01 7.164537359659310933e-01 3.108401084010840254e+00
6.071970576848625711e+01 7.370831259333001650e-01 3.147834743653559197e+00
6.071883192301310572e+01 7.516398429290415129e-01 3.172612134284608310e+00
6.049176483601570453e+01 7.360101764282949155e-01 3.098943642497649531e+00
6.065858083070626350e+01 7.432111055804435651e-01 3.143056246888999539e+00
6.086849178695868545e+01 7.759858414910679736e-01 3.192710580167026357e+00
6.086261821801891614e+01 7.690725070516011286e-01 3.163829434212709568e+00
6.091060228969636370e+01 7.747137879542060901e-01 3.161373817819810750e+00
6.115597588628947534e+01 7.826226425529561048e-01 3.263989823571705085e+00
6.105689950777058783e+01 7.721364968751728286e-01 3.253957192633150974e+00
6.109845694375311353e+01 7.470715115314418009e-01 3.248194237044411459e+00
6.116597533322271829e+01 7.592389801449035414e-01 3.225695481444610380e+00
6.116682705602566017e+01 7.346053868701952760e-01 3.222587246280625983e+00
6.108067031690725202e+01 7.323156905038438191e-01 3.195641833969359968e+00
6.124595984735357490e+01 7.603119296499087909e-01 3.262441236657264376e+00
6.127571483878104175e+01 7.707095846468668965e-01 3.250428626735247128e+00
6.113157458105193598e+01 7.463525247497373449e-01 3.200420330733919627e+00
6.112331176372988040e+01 7.642829489519384900e-01 3.227221945688844684e+00
6.114157402798517893e+01 7.837177147281676470e-01 3.241966705381339686e+00
6.093842154748077888e+01 7.619158232398650643e-01 3.152480504396880878e+00
6.081940158177091860e+01 7.579226812676289615e-01 3.123687849123389260e+00
6.095562192356617714e+01 7.692163044079420864e-01 3.188673192854377447e+00
6.093615397378463427e+01 7.996128532713898673e-01 3.214269122283059499e+00
