1.566629759963379342e+02 0.000000000000000000e+00 1.410254723008993061e+01
1.567965172278965156e+02 0.000000000000000000e+00 1.416265651970741679e+01
1.567101822447286281e+02 0.000000000000000000e+00 1.413466655222727653e+01
1.567620805081108983e+02 0.000000000000000000e+00 1.417845869214850474e+01
1.567395836313525876e+02 0.000000000000000000e+00 1.387199954224244003e+01
1.566804184667029176e+02 0.000000000000000000e+00 1.273225951039014348e+01
1.564538761575067554e+02 0.000000000000000000e+00 1.214228630828064404e+01
1.564909735931107377e+02 0.000000000000000000e+00 1.208447534307975424e+01
1.566408796574447706e+02 0.000000000000000000e+00 1.213418972143545105e+01
1.565013303579091826e+02 0.000000000000000000e+00 1.202902945860631867e+01
1.565479834825813725e+02 0.000000000000000000e+00 1.205452083273729436e+01
1.565508158574848210e+02 0.000000000000000000e+00 1.202112360407785729e+01
1.565134513966373788e+02 0.000000000000000000e+00 1.205371022039119211e+01
1.564527126903746819e+02 0.000000000000000000e+00 1.213496218731820875e+01
1.563995269838545141e+02 0.000000000000000000e+00 1.215627652371279588e+01
1.564261341420383644e+02 0.000000000000000000e+00 1.217855405830686877e+01
1.564480492852306384e+02 0.000000000000000000e+00 1.219057019426086441e+01
1.564756291782298092e+02 0.000000000000000000e+00 1.229704651007543426e+01
1.564684957895840967e+02 0.000000000000000000e+00 1.229549204169408405e+01
1.564028934092447969e+02 0.000000000000000000e+00 1.215699176990053232e+01
1.561977798758332483e+02 0.000000000000000000e+00 1.209431713062302727e+01
1.559631600530235858e+02 0.000000000000000000e+00 1.203745029038995185e+01
1.558815933777739531e+02 0.000000000000000000e+00 1.201276952860507841e+01
1.558692053138023539e+02 0.000000000000000000e+00 1.195434821999065456e+01
1.558452684080527320e+02 0.000000000000000000e+00 1.194079668888698187e+01
1.558892417436748303e+02 0.000000000000000000e+00 1.192438417303235809e+01
1.557717124901057559e+02 0.000000000000000000e+00 1.185428051001821537e+01
1.557593244261341283e+02 0.000000000000000000e+00 1.185755156925013587e+01
1.557350155923668922e+02 0.000000000000000000e+00 1.182300994669031802e+01
1.557526011119693976e+02 0.000000000000000000e+00 1.183443481246244922e+01
1.557058716943705292e+02 0.000000000000000000e+00 1.181551416664282428e+01
1.557049752524819155e+02 0.000000000000000000e+00 1.179830057505793484e+01
1.555669232016326760e+02 0.000000000000000000e+00 1.180683584623160698e+01
1.555292154226151240e+02 0.000000000000000000e+00 1.185518648852268342e+01
1.555406688982347703e+02 0.000000000000000000e+00 1.194027217501597349e+01
1.554765828398134602e+02 0.000000000000000000e+00 1.188396799511725277e+01
1.554397715026845503e+02 0.000000000000000000e+00 1.186899550825394023e+01
1.555431961014314481e+02 0.000000000000000000e+00 1.185574914885703635e+01
1.556027522673304020e+02 0.000000000000000000e+00 1.178380491898644777e+01
1.556369791815676251e+02 0.000000000000000000e+00 1.176335841463298415e+01
1.557294748185658761e+02 0.000000000000000000e+00 1.176736379328431426e+01
1.557689182616656751e+02 0.000000000000000000e+00 1.176506546886771787e+01
1.557621186545742376e+02 0.000000000000000000e+00 1.182789269399860821e+01
1.558202157182502106e+02 0.000000000000000000e+00 1.197507128620337724e+01
1.557657425685921169e+02 0.000000000000000000e+00 1.207020856578834511e+01
1.557326886581027736e+02 0.000000000000000000e+00 1.207349869825193878e+01
1.556976225216719456e+02 0.000000000000000000e+00 1.207312677023431391e+01
1.557258413679321620e+02 0.000000000000000000e+00 1.207675068425218612e+01
1.557539839212657000e+02 0.000000000000000000e+00 1.205919377449718155e+01
1.557978809639611200e+02 2.670252434221192118e-04 1.205293775450843441e+01
1.558087050229355555e+02 0.000000000000000000e+00 1.202162904471719251e+01
1.558135973068596911e+02 0.000000000000000000e+00 1.192158994459226129e+01
1.555464290142000152e+02 0.000000000000000000e+00 1.186184304637656339e+01
1.552648890414747314e+02 0.000000000000000000e+00 1.174707941140007073e+01
1.550738801628853878e+02 0.000000000000000000e+00 1.168214459416931383e+01
1.550715627652371325e+02 0.000000000000000000e+00 1.172589858762719395e+01
1.550342173776213883e+02 0.000000000000000000e+00 1.168190617877340109e+01
1.551425437969082282e+02 0.000000000000000000e+00 1.178565502245873020e+01
1.552811203616284672e+02 0.000000000000000000e+00 1.174217759086010737e+01
1.553707073307965914e+02 0.000000000000000000e+00 1.174188195576917515e+01
1.554022639925995861e+02 0.000000000000000000e+00 1.165765456470117023e+01
1.554130499051106824e+02 0.000000000000000000e+00 1.171073536844715335e+01
1.554436815151775306e+02 0.000000000000000000e+00 1.175139949837400621e+01
1.554762585948750200e+02 0.000000000000000000e+00 1.174202500500672386e+01
1.554635844324283198e+02 0.000000000000000000e+00 1.178167825365490806e+01
1.555203749797346973e+02 0.000000000000000000e+00 1.177218932089758674e+01
1.554981546648356243e+02 0.000000000000000000e+00 1.177581323491545717e+01
1.555086354056399500e+02 0.000000000000000000e+00 1.181300603667782489e+01
1.554791005063943032e+02 0.000000000000000000e+00 1.178807732288120214e+01
1.555937497019807552e+02 0.000000000000000000e+00 1.189822523579282709e+01
1.555598184228344678e+02 0.000000000000000000e+00 1.190963102833328513e+01
1.555506155885522332e+02 0.000000000000000000e+00 1.187575696888202259e+01
1.556482419248705469e+02 0.000000000000000000e+00 1.191679302682650032e+01
1.556519135219676002e+02 0.000000000000000000e+00 1.183870721635720358e+01
1.557079220667753816e+02 0.000000000000000000e+00 1.184368532982385958e+01
1.558370955282808268e+02 0.000000000000000000e+00 1.196515320573341334e+01
1.558187947624905689e+02 0.000000000000000000e+00 1.190953566217492110e+01
1.557715312944048662e+02 0.000000000000000000e+00 1.190471013456164862e+01
1.557571977608025975e+02 0.000000000000000000e+00 1.187711116833080638e+01
1.558059394043429791e+02 0.000000000000000000e+00 1.192110357718460101e+01
1.557627480712194483e+02 0.000000000000000000e+00 1.192871379662213016e+01
1.557692901896832893e+02 0.000000000000000000e+00 1.188568458596782307e+01
1.557689087250498403e+02 0.000000000000000000e+00 1.194887420250049992e+01
1.557726470784577373e+02 0.000000000000000000e+00 1.194780610152681177e+01
1.556997301137718352e+02 0.000000000000000000e+00 1.195101040444787799e+01
1.557112026626231511e+02 0.000000000000000000e+00 1.193343442146120026e+01
1.556773381397877074e+02 0.000000000000000000e+00 1.196129087631962840e+01
1.556506070055980047e+02 0.000000000000000000e+00 1.187898988165059677e+01
1.555063656910708687e+02 0.000000000000000000e+00 1.179113857656471964e+01
1.553980011253206612e+02 0.000000000000000000e+00 1.166001010881278610e+01
1.553832384440057695e+02 0.000000000000000000e+00 1.164132787838907568e+01
1.553606938841682563e+02 0.000000000000000000e+00 1.159110805939404365e+01
1.553562593578042765e+02 0.000000000000000000e+00 1.166362448621482173e+01
1.552765618592586350e+02 0.000000000000000000e+00 1.165625268217320354e+01
1.552793656243145506e+02 0.000000000000000000e+00 1.164369295911652813e+01
1.552656233608941534e+02 0.000000000000000000e+00 1.159672512612174522e+01
1.552912101011834807e+02 0.000000000000000000e+00 1.160957094765351627e+01
1.552895030469487665e+02 0.000000000000000000e+00 1.162623141551988937e+01
1.553177028199773133e+02 0.000000000000000000e+00 1.161193602838096872e+01
1.552986581981517986e+02 0.000000000000000000e+00 1.160163648327754338e+01
1.552778588390123957e+02 0.000000000000000000e+00 1.163953499461181273e+01
1.552331607205866817e+02 0.000000000000000000e+00 1.164125158546238303e+01
1.551588323367569728e+02 0.000000000000000000e+00 1.164809887563299284e+01
1.551631619603467414e+02 0.000000000000000000e+00 1.161445369496180646e+01
1.552060481217635015e+02 0.000000000000000000e+00 1.164917651322251757e+01
1.552825031709247696e+02 0.000000000000000000e+00 1.172536453714035076e+01
1.552933939862100488e+02 0.000000000000000000e+00 1.175770320144193626e+01
1.553772589858762672e+02 0.000000000000000000e+00 1.183273729484355208e+01
1.553739211703334888e+02 0.000000000000000000e+00 1.194450643244738153e+01
1.554123060490754256e+02 0.000000000000000000e+00 1.191148113180556756e+01
1.553936810383467275e+02 0.000000000000000000e+00 1.199192248638648017e+01
1.553694580341220046e+02 0.000000000000000000e+00 1.202685511019559605e+01
1.553044659971962460e+02 0.000000000000000000e+00 1.195015210902259284e+01
1.552858409864675480e+02 0.000000000000000000e+00 1.183405334782898954e+01
1.553308728864475086e+02 0.000000000000000000e+00 1.185932537979572565e+01
1.553353550958906624e+02 0.000000000000000000e+00 1.183483535032758205e+01
1.553454448354457043e+02 0.000000000000000000e+00 1.186388388216557388e+01
1.554502999265680501e+02 0.000000000000000000e+00 1.187899941826643335e+01
1.555083397705490142e+02 0.000000000000000000e+00 1.191517180213429405e+01
1.555774706987478453e+02 0.000000000000000000e+00 1.190110529377545134e+01
1.556626803612469985e+02 0.000000000000000000e+00 1.185237318685091346e+01
1.556212628386690824e+02 0.000000000000000000e+00 1.183497839956513076e+01
1.555320764073660769e+02 0.000000000000000000e+00 1.175559560934206971e+01
1.554188100210759274e+02 0.000000000000000000e+00 1.173652237766905948e+01
1.552812443376343481e+02 0.000000000000000000e+00 1.162527775393623841e+01
1.551882623332284368e+02 0.000000000000000000e+00 1.158535748004463173e+01
1.551038060633803468e+02 0.000000000000000000e+00 1.148126531818918750e+01
1.550661555040578321e+02 0.000000000000000000e+00 1.148320125120399737e+01
1.550360484078619834e+02 0.000000000000000000e+00 1.159547582944716204e+01
1.550293823133922615e+02 0.000000000000000000e+00 1.165354428327563596e+01
1.549709705413936831e+02 0.000000000000000000e+00 1.160236126608111817e+01
1.550028895945984573e+02 0.000000000000000000e+00 1.162704202786599161e+01
1.548874870063609137e+02 0.000000000000000000e+00 1.166402502407995456e+01
1.548153138977102685e+02 0.000000000000000000e+00 1.167295129650292296e+01
1.547405945126312474e+02 0.000000000000000000e+00 1.169254904204693979e+01
1.546906417188796468e+02 0.000000000000000000e+00 1.170168512001831118e+01
1.546265079773791342e+02 0.000000000000000000e+00 1.168032310054454115e+01
1.547101536348811237e+02 0.000000000000000000e+00 1.165169417980335531e+01
1.547553381207144696e+02 0.000000000000000000e+00 1.161238424932528446e+01
1.547547849969959657e+02 0.000000000000000000e+00 1.158844734357565898e+01
1.548476811718593638e+02 0.000000000000000000e+00 1.154722055331445141e+01
1.548188519821856062e+02 0.000000000000000000e+00 1.150867355210329990e+01
1.549188529358471840e+02 0.000000000000000000e+00 1.157372280872409576e+01
1.549261961300412906e+02 0.000000000000000000e+00 1.158804680571052614e+01
1.549697689277982704e+02 0.000000000000000000e+00 1.163031308709791212e+01
1.550215050687113205e+02 0.000000000000000000e+00 1.166737237623856771e+01
1.550341696945421859e+02 0.000000000000000000e+00 1.164053633927464482e+01
1.550807465262876690e+02 0.000000000000000000e+00 1.165569002183885061e+01
1.551501730895774358e+02 0.000000000000000000e+00 1.168470994382933270e+01
1.551795554029696973e+02 0.000000000000000000e+00 1.178326133188376801e+01
1.551682163667400971e+02 0.000000000000000000e+00 1.172116842617228905e+01
1.551964256763844787e+02 0.000000000000000000e+00 1.175776042113695574e+01
1.551601007066632292e+02 0.000000000000000000e+00 1.175447028867336208e+01
1.550467961739097404e+02 0.000000000000000000e+00 1.172212208775593822e+01
1.550193307203005872e+02 0.000000000000000000e+00 1.173847738391554429e+01
1.550372023383781936e+02 0.000000000000000000e+00 1.175313516245625145e+01
1.550699796870082707e+02 0.000000000000000000e+00 1.179062359930954962e+01
1.551595380463288905e+02 0.000000000000000000e+00 1.178015239512106760e+01
1.553639458701685214e+02 0.000000000000000000e+00 1.185689354275741714e+01
1.554134027598966270e+02 0.000000000000000000e+00 1.182719652104254315e+01
1.553467990348944738e+02 0.000000000000000000e+00 1.188885074242554296e+01
1.552203339722865962e+02 0.000000000000000000e+00 1.178393843160815990e+01
1.551120075529997564e+02 0.000000000000000000e+00 1.167542128000457780e+01
1.549979019445159736e+02 0.000000000000000000e+00 1.164687818880592118e+01
1.549072754842216568e+02 0.000000000000000000e+00 1.159736407938279079e+01
1.549248133207449882e+02 0.000000000000000000e+00 1.168354647669727875e+01
1.549002374617343207e+02 0.000000000000000000e+00 1.165483172641356546e+01
1.549107944954653533e+02 0.000000000000000000e+00 1.158106600291820421e+01
1.548384020446504223e+02 0.000000000000000000e+00 1.150602237290075180e+01
1.548784367579320929e+02 0.000000000000000000e+00 1.150255104473626488e+01
1.548842445569765118e+02 0.000000000000000000e+00 1.140543968567314259e+01
1.548942675402206817e+02 0.000000000000000000e+00 1.143642415052594430e+01
1.548076846050410609e+02 0.000000000000000000e+00 1.143261904080717883e+01
1.547100296588752428e+02 0.000000000000000000e+00 1.148304866535061386e+01
1.546503018338912341e+02 0.000000000000000000e+00 1.144603705928914117e+01
1.546902697908620041e+02 0.000000000000000000e+00 1.154036372652800502e+01
1.546275474685053268e+02 0.000000000000000000e+00 1.151028524017966959e+01
1.547363888650473598e+02 0.000000000000000000e+00 1.151658894324759963e+01
1.548613948254322565e+02 0.000000000000000000e+00 1.145186393156524396e+01
1.549796393251890549e+02 0.000000000000000000e+00 1.146782822647555200e+01
1.551317197379337927e+02 0.000000000000000000e+00 1.134529224959231009e+01
1.551059994850227497e+02 0.000000000000000000e+00 1.139500662794800689e+01
1.551253492785550065e+02 0.000000000000000000e+00 1.142567638447820322e+01
1.550867164478013365e+02 0.000000000000000000e+00 1.144686674486691658e+01
1.550054454076426396e+02 0.000000000000000000e+00 1.152770863731296380e+01
1.549881078400518675e+02 0.000000000000000000e+00 1.149383457786169949e+01
1.549766448278164148e+02 0.000000000000000000e+00 1.141942036448945785e+01
1.550515835550596648e+02 0.000000000000000000e+00 1.146005588456880275e+01
1.550896918719423354e+02 0.000000000000000000e+00 1.150593654335822436e+01
1.552148599547964523e+02 0.000000000000000000e+00 1.152796612594054793e+01
1.551917336613929308e+02 0.000000000000000000e+00 1.151473883977531720e+01
1.551051602628291448e+02 0.000000000000000000e+00 1.152354113619241005e+01
1.550792683508330185e+02 0.000000000000000000e+00 1.151677967556432947e+01
1.550602523388550367e+02 0.000000000000000000e+00 1.151047597249639942e+01
1.549915124119055179e+02 0.000000000000000000e+00 1.151687504172269350e+01
1.550345988422548373e+02 0.000000000000000000e+00 1.151246912520622878e+01
1.550180051306993221e+02 0.000000000000000000e+00 1.152798519917222109e+01
1.550508110891769036e+02 0.000000000000000000e+00 1.163840967394310510e+01
1.550514691156696188e+02 0.000000000000000000e+00 1.165759734500615075e+01
1.550659552351252728e+02 0.000000000000000000e+00 1.173245977932270989e+01
1.549799921799750280e+02 0.000000000000000000e+00 1.160842655375313548e+01
1.547918252129049392e+02 0.000000000000000000e+00 1.151377564157582967e+01
1.546611163562498348e+02 0.000000000000000000e+00 1.146134332770673048e+01
1.545317807722751411e+02 0.000000000000000000e+00 1.133606080546257289e+01
1.544406107248781836e+02 0.000000000000000000e+00 1.125711669956799099e+01
1.544275455611821712e+02 0.000000000000000000e+00 1.124273548288654290e+01
1.544003566694322842e+02 0.000000000000000000e+00 1.121225645867307463e+01
1.544554783089672867e+02 0.000000000000000000e+00 1.119361237471270876e+01
1.545281950047206294e+02 0.000000000000000000e+00 1.118851028524017899e+01
1.546160367731906717e+02 0.000000000000000000e+00 1.124370821770186701e+01
1.545969158584384786e+02 0.000000000000000000e+00 1.122876434068606422e+01
1.545227877435413291e+02 0.000000000000000000e+00 1.122465405926052995e+01
1.544987745448650003e+02 0.000000000000000000e+00 1.125491374130975863e+01
1.544729875356431137e+02 0.000000000000000000e+00 1.131673008516197854e+01
1.545124977350537279e+02 0.000000000000000000e+00 1.136620604812176438e+01
1.545289770072192255e+02 0.000000000000000000e+00 1.139233637551378564e+01
1.545381703048855968e+02 0.000000000000000000e+00 1.136860927531256316e+01
1.545907075215289126e+02 0.000000000000000000e+00 1.128388598022105960e+01
1.545996051841043766e+02 0.000000000000000000e+00 1.119371727748691114e+01
1.546818203492308612e+02 0.000000000000000000e+00 1.121014886657320808e+01
1.547560152204388828e+02 0.000000000000000000e+00 1.116281864217663689e+01
1.548201108154760277e+02 0.000000000000000000e+00 1.120083159290094343e+01
1.548602408949160179e+02 0.000000000000000000e+00 1.128578376677252315e+01
1.549741271612355717e+02 0.000000000000000000e+00 1.133410579921608985e+01
1.550258442289169238e+02 0.000000000000000000e+00 1.140860584213086071e+01
1.550646201089081444e+02 0.000000000000000000e+00 1.146433782507939192e+01
1.551214678759095591e+02 0.000000000000000000e+00 1.146975462287452707e+01
1.551496581123222711e+02 0.000000000000000000e+00 1.140282665293393904e+01
1.552277534594073813e+02 0.000000000000000000e+00 1.135045155875985934e+01
1.552401605966106786e+02 0.000000000000000000e+00 1.131682545132034434e+01
1.553418876777386686e+02 0.000000000000000000e+00 1.135513403713558134e+01
1.553612946909659627e+02 0.000000000000000000e+00 1.134963140979791874e+01
1.553323033788229850e+02 0.000000000000000000e+00 1.134337538980917159e+01
1.553112656042876552e+02 0.000000000000000000e+00 1.131155170276275790e+01
1.553068501511553734e+02 0.000000000000000000e+00 1.135483840204465089e+01
1.552917918347495174e+02 0.000000000000000000e+00 1.139044812557815689e+01
1.552643168445245578e+02 0.000000000000000000e+00 1.133900761975605320e+01
1.550887954300536933e+02 0.000000000000000000e+00 1.130484746182969502e+01
1.548821560381083202e+02 0.000000000000000000e+00 1.123590726594760625e+01
1.547683651379471428e+02 3.147083226046405073e-04 1.117911671864122347e+01
1.544936247723132965e+02 0.000000000000000000e+00 1.102655947510466383e+01
1.544439962235001360e+02 0.000000000000000000e+00 1.108005035333161636e+01
1.544174653582429642e+02 0.000000000000000000e+00 1.115527517904996202e+01
1.544868347018376937e+02 0.000000000000000000e+00 1.121608064162351326e+01
1.543645943600454018e+02 0.000000000000000000e+00 1.118449536997301053e+01
1.543154903251032408e+02 0.000000000000000000e+00 1.118294090159166032e+01
1.543863759906159601e+02 0.000000000000000000e+00 1.128190236412706504e+01
1.544786808952974866e+02 0.000000000000000000e+00 1.122370039767688077e+01
1.544752191037488558e+02 0.000000000000000000e+00 1.113803297761756284e+01
1.545102947767955186e+02 0.000000000000000000e+00 1.111764369295911692e+01
1.544777463069455052e+02 0.000000000000000000e+00 1.105339551206858673e+01
1.544976587608121292e+02 0.000000000000000000e+00 1.104662451482466956e+01
1.544742940520127092e+02 0.000000000000000000e+00 1.095967918824326048e+01
1.545211855920807977e+02 0.000000000000000000e+00 1.097703582906569686e+01
1.545262018520107858e+02 0.000000000000000000e+00 1.097216261837324325e+01
1.545254961424388966e+02 0.000000000000000000e+00 1.100742902373663767e+01
1.544706987478423343e+02 0.000000000000000000e+00 1.096857685081871914e+01
1.545559179469573508e+02 0.000000000000000000e+00 1.106030002193421602e+01
1.546779484832012486e+02 0.000000000000000000e+00 1.123793856512078193e+01
1.547008363612088715e+02 0.000000000000000000e+00 1.128126341086601947e+01
1.547291601102432708e+02 0.000000000000000000e+00 1.134884940729932623e+01
1.547104778798195639e+02 0.000000000000000000e+00 1.136009307737056417e+01
1.546061186927207132e+02 0.000000000000000000e+00 1.133860708189092037e+01
1.544706033816839863e+02 0.000000000000000000e+00 1.123574514347838438e+01
1.544532372042457098e+02 0.000000000000000000e+00 1.127124042762185496e+01
1.544357661240332220e+02 0.000000000000000000e+00 1.128599357232092615e+01
1.544013007944001004e+02 0.000000000000000000e+00 1.124681715446456742e+01
1.544475724544388129e+02 0.000000000000000000e+00 1.122535023221659500e+01
1.545046300269886217e+02 0.000000000000000000e+00 1.125520937640069086e+01
1.545051926873229888e+02 0.000000000000000000e+00 1.122706682306716708e+01
1.544820187108402649e+02 0.000000000000000000e+00 1.117820120352091884e+01
1.544867870187585197e+02 0.000000000000000000e+00 1.122986105150726210e+01
1.544463994506909330e+02 0.000000000000000000e+00 1.116630904357279697e+01
1.543552294032939471e+02 0.000000000000000000e+00 1.110824058974432305e+01
1.541593473140121375e+02 0.000000000000000000e+00 1.106739526411657515e+01
1.540415510351996602e+02 0.000000000000000000e+00 1.100736226742578161e+01
1.540073813406574459e+02 0.000000000000000000e+00 1.102898177552713577e+01
1.539201213057534403e+02 0.000000000000000000e+00 1.097988727720081314e+01
1.538628443910394026e+02 0.000000000000000000e+00 1.094265632897509910e+01
1.538081900456803908e+02 0.000000000000000000e+00 1.090912558769395169e+01
1.538078562641261158e+02 0.000000000000000000e+00 1.089261770568096210e+01
1.538708170018787200e+02 0.000000000000000000e+00 1.094433477336232485e+01
1.539208460885570275e+02 0.000000000000000000e+00 1.093851743770205687e+01
1.539345788153615899e+02 0.000000000000000000e+00 1.093878446294547935e+01
1.539806215966202103e+02 0.000000000000000000e+00 1.094399145519220973e+01
1.539763778025729835e+02 0.000000000000000000e+00 1.090662699434478711e+01
1.539296197751266106e+02 0.000000000000000000e+00 1.086989195014257170e+01
1.538801628853984766e+02 0.000000000000000000e+00 1.090986944372919787e+01
1.538427698147035585e+02 0.000000000000000000e+00 1.093069741271612294e+01
1.538884406679445647e+02 0.000000000000000000e+00 1.098179460036811328e+01
1.538840538246597873e+02 0.000000000000000000e+00 1.102941092323977834e+01
1.539036992532829800e+02 0.000000000000000000e+00 1.094992323024251668e+01
1.539213229193488530e+02 0.000000000000000000e+00 1.096613547716457404e+01
1.538688333857847113e+02 0.000000000000000000e+00 1.092307765666275721e+01
1.539018014667315128e+02 0.000000000000000000e+00 1.094019588208928262e+01
1.539864484688963273e+02 0.000000000000000000e+00 1.097512850589839672e+01
1.540399202738915960e+02 0.000000000000000000e+00 1.098888030593463583e+01
1.540252911051984199e+02 0.000000000000000000e+00 1.100856388102118011e+01
1.541090798119379315e+02 0.000000000000000000e+00 1.100282283828760477e+01
1.541542166146921033e+02 0.000000000000000000e+00 1.110061129707512073e+01
1.542436414613910074e+02 0.000000000000000000e+00 1.097417484431474577e+01
1.541725364537140308e+02 0.000000000000000000e+00 1.108034598842254859e+01
1.541474742272957030e+02 0.000000000000000000e+00 1.114031222880248784e+01
1.540979315080250558e+02 0.000000000000000000e+00 1.118257851018987381e+01
1.540507252596343619e+02 0.000000000000000000e+00 1.120328250317092511e+01
1.540361151641728554e+02 0.000000000000000000e+00 1.122947958687380243e+01
1.540607863893418710e+02 0.000000000000000000e+00 1.129850561229842043e+01
1.540455468772351537e+02 0.000000000000000000e+00 1.121130279708942545e+01
1.538719137126999215e+02 0.000000000000000000e+00 1.113173881116546937e+01
1.537456679922562728e+02 0.000000000000000000e+00 1.095959335870073126e+01
1.536302272575553900e+02 0.000000000000000000e+00 1.085059937630532367e+01
1.534711565054024902e+02 0.000000000000000000e+00 1.083726718736589056e+01
1.534022449193679165e+02 0.000000000000000000e+00 1.074155771083073496e+01
1.535438159814608241e+02 0.000000000000000000e+00 1.078280357432361569e+01
1.535663128582191348e+02 0.000000000000000000e+00 1.075458472806339927e+01
1.536503209071229037e+02 0.000000000000000000e+00 1.077857885350804423e+01
1.536964590545399005e+02 0.000000000000000000e+00 1.080115202319304935e+01
1.535837362553524201e+02 0.000000000000000000e+00 1.076415949036324982e+01
1.535342602923926449e+02 0.000000000000000000e+00 1.071213725097511826e+01
1.534446923964561904e+02 0.000000000000000000e+00 1.066021991436118910e+01
1.534356516846431759e+02 0.000000000000000000e+00 1.070883758189568802e+01
1.533515101231177198e+02 0.000000000000000000e+00 1.067337090759972895e+01
1.533472663290704645e+02 0.000000000000000000e+00 1.073582620471299620e+01
1.534410494092066415e+02 0.000000000000000000e+00 1.081705909840833968e+01
1.534713758475667191e+02 0.000000000000000000e+00 1.083370049304303961e+01
1.535253054101221721e+02 0.000000000000000000e+00 1.091217730476163261e+01
1.535655880754155476e+02 0.000000000000000000e+00 1.094350508778454945e+01
1.535029420459855487e+02 0.000000000000000000e+00 1.085264974871017252e+01
1.535349660019645341e+02 0.000000000000000000e+00 1.077203673504420145e+01
1.535246664568611266e+02 0.000000000000000000e+00 1.082079745181624908e+01
1.535393337720176703e+02 0.000000000000000000e+00 1.077192229565416426e+01
1.535143001554468469e+02 0.000000000000000000e+00 1.071317674210129844e+01
1.534706987478423343e+02 0.000000000000000000e+00 1.068458596782345893e+01
1.533828855892197964e+02 0.000000000000000000e+00 1.060963770396437056e+01
1.534657301709915203e+02 0.000000000000000000e+00 1.066731515654354823e+01
1.534328288463555907e+02 0.000000000000000000e+00 1.065594751046643651e+01
1.534732831707340210e+02 0.000000000000000000e+00 1.068156286060328597e+01
1.535288339579816750e+02 0.000000000000000000e+00 1.070123689907399545e+01
1.536552704107420482e+02 0.000000000000000000e+00 1.072971323396179599e+01
1.536688791615407297e+02 0.000000000000000000e+00 1.075758876205189907e+01
1.537633870244804939e+02 0.000000000000000000e+00 1.080483315690594104e+01
1.538362467694713871e+02 0.000000000000000000e+00 1.085970684442918532e+01
1.538943152232998557e+02 0.000000000000000000e+00 1.084372347628720412e+01
1.538986543835054590e+02 0.000000000000000000e+00 1.080764645857770923e+01
1.538831096996919712e+02 0.000000000000000000e+00 1.078633212218312210e+01
1.537706825355954265e+02 0.000000000000000000e+00 1.072880725545732794e+01
1.535698509426944725e+02 0.000000000000000000e+00 1.066115450271316689e+01
1.534610858390791464e+02 0.000000000000000000e+00 1.066760125501864387e+01
1.532985437587617525e+02 0.000000000000000000e+00 1.069865247618230164e+01
1.531816534584537237e+02 0.000000000000000000e+00 1.068032310054454115e+01
1.531733566026759661e+02 0.000000000000000000e+00 1.072552665960957086e+01
1.531893495074338034e+02 0.000000000000000000e+00 1.071702953489924504e+01
1.531870321097855197e+02 0.000000000000000000e+00 1.076601913045136882e+01
1.532689897862844361e+02 0.000000000000000000e+00 1.083892655852144316e+01
1.533208212933558343e+02 0.000000000000000000e+00 1.084655585119064725e+01
1.532887878007610141e+02 0.000000000000000000e+00 1.082998121286680160e+01
1.534442155656643649e+02 0.000000000000000000e+00 1.090147722179307443e+01
1.533432323405716318e+02 0.000000000000000000e+00 1.086160463098065065e+01
1.532716791119503341e+02 0.000000000000000000e+00 1.078633212218312210e+01
1.532309482257126376e+02 0.000000000000000000e+00 1.079356087698719158e+01
1.533003461791548716e+02 0.000000000000000000e+00 1.073198294853088441e+01
1.532801857732764859e+02 0.000000000000000000e+00 1.073022821121696779e+01
1.533599595647488627e+02 0.000000000000000000e+00 1.078981298696344560e+01
1.534186860450700465e+02 0.000000000000000000e+00 1.084245510638094956e+01
1.534890185868642618e+02 0.000000000000000000e+00 1.084814846603534200e+01
1.535536100859249018e+02 0.000000000000000000e+00 1.085790442403608580e+01
1.536013885312657976e+02 0.000000000000000000e+00 1.087627194613719439e+01
1.534778416731038817e+02 0.000000000000000000e+00 1.080151441459483763e+01
1.535416511696659256e+02 0.000000000000000000e+00 1.080993524637847081e+01
1.535326009212370764e+02 0.000000000000000000e+00 1.082851257402798062e+01
1.535409073136306972e+02 0.000000000000000000e+00 1.077445903546667516e+01
1.535857484812939333e+02 0.000000000000000000e+00 1.076701093849836433e+01
1.536873229765685380e+02 0.000000000000000000e+00 1.080932490296493320e+01
1.537893456927874638e+02 0.000000000000000000e+00 1.080843799769213831e+01
1.538847118511525025e+02 0.000000000000000000e+00 1.082585185820959595e+01
1.538195386185258258e+02 0.000000000000000000e+00 1.084677519335488682e+01
1.537432075453704385e+02 0.000000000000000000e+00 1.078106791024137223e+01
1.534933291372223607e+02 0.000000000000000000e+00 1.074891997825651657e+01
1.533352120466531119e+02 0.000000000000000000e+00 1.071502684557357910e+01
1.531464824192487129e+02 0.000000000000000000e+00 1.069181472262752841e+01
1.530022411047215769e+02 0.000000000000000000e+00 1.068520584785283134e+01
1.530740804318179755e+02 0.000000000000000000e+00 1.076164182378241208e+01
1.529085247808962436e+02 0.000000000000000000e+00 1.072493538942770819e+01
1.527640545875890439e+02 0.000000000000000000e+00 1.070136087507986922e+01
1.526879810030612532e+02 0.000000000000000000e+00 1.070863731296312160e+01
1.525827444473054300e+02 0.000000000000000000e+00 1.065529902058955436e+01
1.525685348897090421e+02 0.000000000000000000e+00 1.067171153644417814e+01
1.526191647831850275e+02 0.000000000000000000e+00 1.064246273567361811e+01
1.526557853879972129e+02 0.000000000000000000e+00 1.056687551855348595e+01
1.526217301328450446e+02 0.000000000000000000e+00 1.053650139711422007e+01
1.526436929591165210e+02 0.000000000000000000e+00 1.053054101221640515e+01
1.527246588275684474e+02 0.000000000000000000e+00 1.059165164649672342e+01
1.528837963360321908e+02 0.000000000000000000e+00 1.055989471576116578e+01
1.530466435880563552e+02 0.000000000000000000e+00 1.051462440038528001e+01
1.533149276647688737e+02 0.000000000000000000e+00 1.061117309911404760e+01
1.533320649634270865e+02 0.000000000000000000e+00 1.056453904767354324e+01
1.533556490143907638e+02 0.000000000000000000e+00 1.058358366949904195e+01
1.534007953537607705e+02 0.000000000000000000e+00 1.075818003223376174e+01
1.534461610352950061e+02 0.000000000000000000e+00 1.077262800522606589e+01
1.534600558845687885e+02 0.000000000000000000e+00 1.075363106647974831e+01
1.535095223109127573e+02 0.000000000000000000e+00 1.079518210167939785e+01
1.535687160854099318e+02 0.000000000000000000e+00 1.080772275150440187e+01
1.536172002403227168e+02 0.000000000000000000e+00 1.077619469954891862e+01
1.535971161273710379e+02 0.000000000000000000e+00 1.063574895812472043e+01
1.535555078724763689e+02 0.000000000000000000e+00 1.060256153501368459e+01
1.535863111416282720e+02 0.000000000000000000e+00 1.054048770253387879e+01
1.535648442193803191e+02 0.000000000000000000e+00 1.046164849941349750e+01
1.535824964952936682e+02 0.000000000000000000e+00 1.062494397238195987e+01
1.535907265947605822e+02 0.000000000000000000e+00 1.063336480416559304e+01
1.536313430416082610e+02 0.000000000000000000e+00 1.072596534393805001e+01
1.536038966612308059e+02 0.000000000000000000e+00 1.074427564634413912e+01
1.532545132034446169e+02 0.000000000000000000e+00 1.064326381140388555e+01
1.531704860813091784e+02 0.000000000000000000e+00 1.057319829485308915e+01
1.531002202958258351e+02 0.000000000000000000e+00 1.051668430940596366e+01
1.530730886237709569e+02 0.000000000000000000e+00 1.055320954805977607e+01
1.530806130136659817e+02 0.000000000000000000e+00 1.056090559703983445e+01
1.530886714540478124e+02 0.000000000000000000e+00 1.056542595294633813e+01
1.530456613166251714e+02 0.000000000000000000e+00 1.059974823334191640e+01
1.530650015735416218e+02 0.000000000000000000e+00 1.065168464318751873e+01
1.530853622483525385e+02 0.000000000000000000e+00 1.071606633669975928e+01
1.531576688696249278e+02 0.000000000000000000e+00 1.067660382036830491e+01
1.530698175645390506e+02 0.000000000000000000e+00 1.062888259472243746e+01
1.530331015935685173e+02 0.000000000000000000e+00 1.067885446170571839e+01
1.529815371117405221e+02 0.000000000000000000e+00 1.072615607625477985e+01
1.529740890147722041e+02 0.000000000000000000e+00 1.081374989271307108e+01
1.529739555021505168e+02 0.000000000000000000e+00 1.085401348477479289e+01
1.530254246178201072e+02 0.000000000000000000e+00 1.083729579721340031e+01
1.530025844228916867e+02 0.000000000000000000e+00 1.079553495646534955e+01
1.530463574895812542e+02 0.000000000000000000e+00 1.068698919501425770e+01
1.530641051316529797e+02 0.000000000000000000e+00 1.062781449374874754e+01
1.530710382513661330e+02 0.000000000000000000e+00 1.059057400890719869e+01
1.531147636349764980e+02 0.000000000000000000e+00 1.055992332560867375e+01
1.532045127266138422e+02 0.000000000000000000e+00 1.065625268217320354e+01
1.533635357956875396e+02 0.000000000000000000e+00 1.067501120552360838e+01
1.534430044154531458e+02 0.000000000000000000e+00 1.071341515749721118e+01
1.534013866239426136e+02 0.000000000000000000e+00 1.069750808228192085e+01
1.534592834186860557e+02 0.000000000000000000e+00 1.074183427268999402e+01
1.535141380329776268e+02 0.000000000000000000e+00 1.069365528948397426e+01
1.535210902259224213e+02 0.000000000000000000e+00 1.066915572339999407e+01
1.535610104998140457e+02 0.000000000000000000e+00 1.065755919854280442e+01
1.535471251871560980e+02 0.000000000000000000e+00 1.061755309510867029e+01
1.536098761193602797e+02 0.000000000000000000e+00 1.065030183389122520e+01
1.535851095280328877e+02 0.000000000000000000e+00 1.064081290113390388e+01
1.535523035695553062e+02 0.000000000000000000e+00 1.073883023870149422e+01
1.533505946079974080e+02 0.000000000000000000e+00 1.067476325351185906e+01
1.531103481818441878e+02 0.000000000000000000e+00 1.056150640383753370e+01
1.529102509083626558e+02 0.000000000000000000e+00 1.053051240236889541e+01
1.527349392994402137e+02 0.000000000000000000e+00 1.046741815199458259e+01
1.525755156925013694e+02 0.000000000000000000e+00 1.041060853145652665e+01
1.524462850113008869e+02 0.000000000000000000e+00 1.036379328431512725e+01
1.523593396847194867e+02 0.000000000000000000e+00 1.031146587322022867e+01
1.523125244375780767e+02 0.000000000000000000e+00 1.042252930125215826e+01
1.523967709018777725e+02 0.000000000000000000e+00 1.047705013398945262e+01
1.524115335831926643e+02 0.000000000000000000e+00 1.041665474589687079e+01
1.525944268017051400e+02 0.000000000000000000e+00 1.047708828045279894e+01
1.526306468686521782e+02 0.000000000000000000e+00 1.046058039843980936e+01
1.526030479024213378e+02 0.000000000000000000e+00 1.048254322471127864e+01
1.525773562593577992e+02 0.000000000000000000e+00 1.049506480130460950e+01
1.525789011911233217e+02 0.000000000000000000e+00 1.055546972601302613e+01
1.526076064047911984e+02 0.000000000000000000e+00 1.061669479968338514e+01
1.526778340438112025e+02 0.000000000000000000e+00 1.061398640078581757e+01
1.527817831564290998e+02 0.000000000000000000e+00 1.068969759391182528e+01
1.528390600711431659e+02 0.000000000000000000e+00 1.064331149448306846e+01
1.529150764359759194e+02 0.000000000000000000e+00 1.066538876014457493e+01
1.529674133836866758e+02 0.000000000000000000e+00 1.066787781687790293e+01
1.529904443109318208e+02 0.000000000000000000e+00 1.068925890958334612e+01
1.530271221354390150e+02 0.000000000000000000e+00 1.069008859516112153e+01
1.531006208336909538e+02 0.000000000000000000e+00 1.068450967489676628e+01
1.531904652914866745e+02 0.000000000000000000e+00 1.070546161988956513e+01
1.531541880048445989e+02 0.000000000000000000e+00 1.069837591432304258e+01
1.531376705862157621e+02 0.000000000000000000e+00 1.066830696459054550e+01
1.531538351500586543e+02 0.000000000000000000e+00 1.067408615378746717e+01
1.531077351491049967e+02 0.000000000000000000e+00 1.070786484708036568e+01
1.532320735463813435e+02 0.000000000000000000e+00 1.078749558931517605e+01
1.532355925576250115e+02 0.000000000000000000e+00 1.081478938383925126e+01
1.532996404695829540e+02 0.000000000000000000e+00 1.087789317082939888e+01
1.533455688114515567e+02 0.000000000000000000e+00 1.092027389160682382e+01
1.532783452064200560e+02 0.000000000000000000e+00 1.083995651303178498e+01
1.531406841568201003e+02 0.000000000000000000e+00 1.067581228125387405e+01
1.529683765818861616e+02 0.000000000000000000e+00 1.060079726108393139e+01
1.526436548126531818e+02 0.000000000000000000e+00 1.026849388226094106e+01
1.526182206582172114e+02 0.000000000000000000e+00 1.024424226818871020e+01
1.526604106466779172e+02 0.000000000000000000e+00 1.027899369629693282e+01
1.527509512774296923e+02 0.000000000000000000e+00 1.036864742177590948e+01
1.527964981546648460e+02 0.000000000000000000e+00 1.040634566417761064e+01
1.528177648079802395e+02 0.000000000000000000e+00 1.042211922677118885e+01
1.528332808819462230e+02 0.000000000000000000e+00 1.047041264936724581e+01
1.527306382856979496e+02 0.000000000000000000e+00 1.046679827196521018e+01
1.526763749415882216e+02 0.000000000000000000e+00 1.059477011987526041e+01
1.526997396503876701e+02 0.000000000000000000e+00 1.069780371737285307e+01
1.526594760583259358e+02 0.000000000000000000e+00 1.075484221669098517e+01
1.525718345587884812e+02 0.000000000000000000e+00 1.066552227276628528e+01
1.525917756225026096e+02 0.000000000000000000e+00 1.068511048169446553e+01
1.526289207411857944e+02 0.000000000000000000e+00 1.071311952240627896e+01
1.526643492690184019e+02 0.000000000000000000e+00 1.069444682859840334e+01
1.528238110224205855e+02 0.000000000000000000e+00 1.076241428966516978e+01
1.529395950752915780e+02 0.000000000000000000e+00 1.080968729436672149e+01
1.530872886447515100e+02 0.000000000000000000e+00 1.079921609017823947e+01
1.532112837238577470e+02 0.000000000000000000e+00 1.067206439123012807e+01
1.533225092743589073e+02 0.000000000000000000e+00 1.071960442117510226e+01
1.533240351328927318e+02 0.000000000000000000e+00 1.066289970341124693e+01
1.532831135143383108e+02 0.000000000000000000e+00 1.065276228077704346e+01
1.532840862491536313e+02 0.000000000000000000e+00 1.070639620824154292e+01
1.531975986801323586e+02 0.000000000000000000e+00 1.074677423969330192e+01
1.531466636149496026e+02 0.000000000000000000e+00 1.077768241161941276e+01
1.530759019254427358e+02 0.000000000000000000e+00 1.074439008573417631e+01
1.531003633450633572e+02 0.000000000000000000e+00 1.079921609017823947e+01
1.531893399708179686e+02 0.000000000000000000e+00 1.073722808724096112e+01
1.532591956818203585e+02 0.000000000000000000e+00 1.073677032968080880e+01
1.532825890004672829e+02 0.000000000000000000e+00 1.068080946795220321e+01
1.533714035037526457e+02 0.000000000000000000e+00 1.073138214173318516e+01
1.533568220181386437e+02 0.000000000000000000e+00 1.072253216223690941e+01
1.533620957666962283e+02 0.000000000000000000e+00 1.078309920941454791e+01
1.532062197808485564e+02 0.000000000000000000e+00 1.081330167176875534e+01
1.530075053166633268e+02 0.000000000000000000e+00 1.079112903994888306e+01
1.528568840061415699e+02 0.000000000000000000e+00 1.079877740584976031e+01
1.528436662565921722e+02 0.000000000000000000e+00 1.080422281349240343e+01
1.527010461667572656e+02 0.000000000000000000e+00 1.067719509055016758e+01
1.526039729541574843e+02 0.000000000000000000e+00 1.057412334658922859e+01
1.525712146787591053e+02 0.000000000000000000e+00 1.054729684624114228e+01
1.525195643673885968e+02 0.000000000000000000e+00 1.052971132663862974e+01
1.524534851562574431e+02 0.000000000000000000e+00 1.047736484231205800e+01
1.525543348687284890e+02 0.000000000000000000e+00 1.057186316863597852e+01
1.525919472815876645e+02 0.000000000000000000e+00 1.060562278869720210e+01
1.526111063428031969e+02 0.000000000000000000e+00 1.062044268970713112e+01
1.526122221268560679e+02 0.000000000000000000e+00 1.064747899560362043e+01
1.526136621558473792e+02 0.000000000000000000e+00 1.068797146644541662e+01
1.525373692291553311e+02 0.000000000000000000e+00 1.058148561401501020e+01
1.524232254742082091e+02 0.000000000000000000e+00 1.041154311980850444e+01
1.524034751428108336e+02 0.000000000000000000e+00 1.036103720233837855e+01
1.523387882775918172e+02 0.000000000000000000e+00 1.030361723838678678e+01
1.523550768174405619e+02 0.000000000000000000e+00 1.028750035762309345e+01
1.523036267750026127e+02 0.000000000000000000e+00 1.033922696192029278e+01
1.523746173432895716e+02 0.000000000000000000e+00 1.044128782460256133e+01
1.524957895841081950e+02 0.000000000000000000e+00 1.048719709323949267e+01
1.526608397943905686e+02 0.000000000000000000e+00 1.054549442584804275e+01
1.526854061167854013e+02 0.000000000000000000e+00 1.055476401644112627e+01
1.528051478652285482e+02 0.000000000000000000e+00 1.054244270878036183e+01
1.528501320821293348e+02 0.000000000000000000e+00 1.050885474780419493e+01
1.528723333237967097e+02 0.000000000000000000e+00 1.048350642291076618e+01
1.528778931708293953e+02 0.000000000000000000e+00 1.025643006322776252e+01
1.528625392193326320e+02 0.000000000000000000e+00 1.027311914094164536e+01
1.527438464986314841e+02 0.000000000000000000e+00 1.025465625268217273e+01
1.526496247341668209e+02 0.000000000000000000e+00 1.033171210864112766e+01
1.526215012540649809e+02 0.000000000000000000e+00 1.036047454200402385e+01
1.526542976759267276e+02 0.000000000000000000e+00 1.040268360369639211e+01
1.526127275674953978e+02 0.000000000000000000e+00 1.041363163867669961e+01
1.525832403513289250e+02 0.000000000000000000e+00 1.050243660534622769e+01
1.526156457719413595e+02 0.000000000000000000e+00 1.059485594941778963e+01
1.526100096319819954e+02 0.000000000000000000e+00 1.058040797642548547e+01
1.525093887982910417e+02 0.000000000000000000e+00 1.055415367302758867e+01
1.523153282026340207e+02 0.000000000000000000e+00 1.051628377154083083e+01
1.521897977283780961e+02 0.000000000000000000e+00 1.042374045146339334e+01
1.521448325847089791e+02 0.000000000000000000e+00 1.043465987659619110e+01
1.520684061453952438e+02 0.000000000000000000e+00 1.043721568964037338e+01
1.520702657854833717e+02 0.000000000000000000e+00 1.047513327420631590e+01
1.521128658484250309e+02 0.000000000000000000e+00 1.045057648842731624e+01
1.521887391640202623e+02 0.000000000000000000e+00 1.047954872733861720e+01
1.521862977903660976e+02 0.000000000000000000e+00 1.048167539267015691e+01
1.522695905930821425e+02 0.000000000000000000e+00 1.052075644436815161e+01
1.523283838297141983e+02 0.000000000000000000e+00 1.055374359854661925e+01
1.523614663500510176e+02 0.000000000000000000e+00 1.057038499318131919e+01
1.523300241276380689e+02 0.000000000000000000e+00 1.055612775250574664e+01
1.522658236298267127e+02 0.000000000000000000e+00 1.059947167148265734e+01
1.522651083836389887e+02 0.000000000000000000e+00 1.058315452178639937e+01
1.522565826490811389e+02 0.000000000000000000e+00 1.060794018634547342e+01
1.523636025519984116e+02 0.000000000000000000e+00 1.067812967890214537e+01
1.523644131643445121e+02 0.000000000000000000e+00 1.061265127456870694e+01
1.523530836647307467e+02 0.000000000000000000e+00 1.056129659828913070e+01
1.523695724735120507e+02 0.000000000000000000e+00 1.049557977855977953e+01
1.524582057810965239e+02 0.000000000000000000e+00 1.051705623742358853e+01
1.524264393137451350e+02 0.000000000000000000e+00 1.055295205943219017e+01
1.524218140550644307e+02 0.000000000000000000e+00 1.057288358653048377e+01
1.524242077456393929e+02 0.000000000000000000e+00 1.061423435279756688e+01
1.525001859640088071e+02 0.000000000000000000e+00 1.068676031623418154e+01
1.524516922724801873e+02 0.000000000000000000e+00 1.070755967537359687e+01
1.523829332722989989e+02 0.000000000000000000e+00 1.065080727453056042e+01
1.524576335841463219e+02 0.000000000000000000e+00 1.070046443319123775e+01
1.525999008191953124e+02 0.000000000000000000e+00 1.074018443815027801e+01
1.526872085371784920e+02 0.000000000000000000e+00 1.075844705747718422e+01
1.527178878303245426e+02 0.000000000000000000e+00 1.079034703745029056e+01
1.527825270124643566e+02 0.000000000000000000e+00 1.076314860908457938e+01
1.527794180757016704e+02 0.000000000000000000e+00 1.072989442966268925e+01
1.528083807779971153e+02 0.000000000000000000e+00 1.067664196683164946e+01
1.527467456298458046e+02 0.000000000000000000e+00 1.057257841482371497e+01
1.527385918233055691e+02 0.000000000000000000e+00 1.059405487368752397e+01
1.526876853679703174e+02 0.000000000000000000e+00 1.053321126465062640e+01
1.525968300288959369e+02 0.000000000000000000e+00 1.056585510065898070e+01
1.523952355067280848e+02 0.000000000000000000e+00 1.047191943466941311e+01
1.523325799406822512e+02 0.000000000000000000e+00 1.046327926072154035e+01
1.522572216023421845e+02 0.000000000000000000e+00 1.050137804098837435e+01
1.522746163896279654e+02 0.000000000000000000e+00 1.051173480578681918e+01
1.522653181891873828e+02 0.000000000000000000e+00 1.049116432542747823e+01
1.522351348000648557e+02 0.000000000000000000e+00 1.048896136716924588e+01
1.521878427221316201e+02 0.000000000000000000e+00 1.050767220744046782e+01
1.521763892465119739e+02 0.000000000000000000e+00 1.051993629540621278e+01
1.522384058592967619e+02 0.000000000000000000e+00 1.056709486071772552e+01
1.522832947100392005e+02 0.000000000000000000e+00 1.052667868280262020e+01
1.523050763406097587e+02 0.000000000000000000e+00 1.051768565406879752e+01
1.523043610944220347e+02 0.000000000000000000e+00 1.042862319877168353e+01
1.523194289474436971e+02 0.000000000000000000e+00 1.038156953623437140e+01
1.523005941311666049e+02 0.000000000000000000e+00 1.039232683889794906e+01
1.523023965515597240e+02 0.000000000000000000e+00 1.052903422691423785e+01
1.522767621281911943e+02 0.000000000000000000e+00 1.055025319715045917e+01
1.522109785521509764e+02 0.000000000000000000e+00 1.059147998741166674e+01
1.522001926396399085e+02 0.000000000000000000e+00 1.067644169789908304e+01
1.521198275779856885e+02 0.000000000000000000e+00 1.070903785082825443e+01
1.522049895574056677e+02 0.000000000000000000e+00 1.067431503256754333e+01
1.522766286155694786e+02 0.000000000000000000e+00 1.061198371146015162e+01
1.523761145919758917e+02 0.000000000000000000e+00 1.054678186898597225e+01
1.524775078915496067e+02 0.000000000000000000e+00 1.063665493662918848e+01
1.525491183398659132e+02 0.000000000000000000e+00 1.061005731506117655e+01
1.526071963303102166e+02 0.000000000000000000e+00 1.062544941302129509e+01
1.525956474885322223e+02 0.000000000000000000e+00 1.062968367045270313e+01
1.526505593225188022e+02 0.000000000000000000e+00 1.059909974346503425e+01
1.526664663977340979e+02 0.000000000000000000e+00 1.062626956198323391e+01
1.526980993524637711e+02 0.000000000000000000e+00 1.067460113104263897e+01
1.527161712394739652e+02 0.000000000000000000e+00 1.063372719556738133e+01
1.527582849350079641e+02 0.000000000000000000e+00 1.065524180089453488e+01
1.527761565530855705e+02 0.000000000000000000e+00 1.060827396789975197e+01
1.527590001811956881e+02 0.000000000000000000e+00 1.060598518009899038e+01
1.527009126541355499e+02 0.000000000000000000e+00 1.057755652829037096e+01
1.526466969931050244e+02 0.000000000000000000e+00 1.063719852373186825e+01
1.524701646973555000e+02 0.000000000000000000e+00 1.055130222489247416e+01
1.522468839107754093e+02 0.000000000000000000e+00 1.050899779704174186e+01
1.521749492175206626e+02 0.000000000000000000e+00 1.048729245939785848e+01
1.520749196540115804e+02 0.000000000000000000e+00 1.052004119818041339e+01
1.520497048417398673e+02 0.000000000000000000e+00 1.042621043496504818e+01
1.520501816725316928e+02 0.000000000000000000e+00 1.037257650750054871e+01
1.520226017795325220e+02 0.000000000000000000e+00 1.036499489791052753e+01
1.520531761699043614e+02 0.000000000000000000e+00 1.034467236956293767e+01
1.520737180404161677e+02 0.000000000000000000e+00 1.033342869949169796e+01
1.522372805386280561e+02 0.000000000000000000e+00 1.044227963264955861e+01
1.522646220162313284e+02 0.000000000000000000e+00 1.054157487673924010e+01
1.522218407575887511e+02 0.000000000000000000e+00 1.061147827082081641e+01
1.522168531075062674e+02 0.000000000000000000e+00 1.059027837381626824e+01
1.521604249516016694e+02 0.000000000000000000e+00 1.059712566398687805e+01
1.521595761927922297e+02 0.000000000000000000e+00 1.048163724620681059e+01
1.522123995079106180e+02 0.000000000000000000e+00 1.046836227696239696e+01
1.523498888984255188e+02 0.000000000000000000e+00 1.046701761412944975e+01
1.524147855691929294e+02 0.000000000000000000e+00 1.042162332274769021e+01
1.524283466369124369e+02 0.000000000000000000e+00 1.044798252891978763e+01
1.525299306688028764e+02 0.000000000000000000e+00 1.046508168111463988e+01
1.526357584947405428e+02 0.000000000000000000e+00 1.047259653439380500e+01
1.526802849540812019e+02 0.000000000000000000e+00 1.053179984550682313e+01
1.525977550806320835e+02 0.000000000000000000e+00 1.053488017242201380e+01
1.526105436824688297e+02 0.000000000000000000e+00 1.054762109117958424e+01
1.525414509007333663e+02 0.000000000000000000e+00 1.052485718917784752e+01
1.523963512907809559e+02 0.000000000000000000e+00 1.050595561658989752e+01
1.523153568124815251e+02 0.000000000000000000e+00 1.052448526116022443e+01
1.521976272899798914e+02 0.000000000000000000e+00 1.043785464290142073e+01
1.521779341782774964e+02 0.000000000000000000e+00 1.047185267835855704e+01
1.522847061291830073e+02 0.000000000000000000e+00 1.051934502522434833e+01
1.523971619031270563e+02 0.000000000000000000e+00 1.053564310168893492e+01
1.524268112417627492e+02 0.000000000000000000e+00 1.054648623389504003e+01
1.524716714826576549e+02 0.000000000000000000e+00 1.056287967651799065e+01
1.524676661040063266e+02 0.000000000000000000e+00 1.051816248486062300e+01
1.524113047044126006e+02 0.000000000000000000e+00 1.043318170114153354e+01
1.522848587150363926e+02 0.000000000000000000e+00 1.025502818069979760e+01
1.521220877559389351e+02 0.000000000000000000e+00 1.014932433076798368e+01
1.518639220286289344e+02 0.000000000000000000e+00 9.930535290246902846e+00
1.518454496037536217e+02 0.000000000000000000e+00 9.936943896089033501e+00
1.518457166289970246e+02 0.000000000000000000e+00 1.006204522263229606e+01
1.517245443881784013e+02 0.000000000000000000e+00 1.012275531904748327e+01
1.517638161721931453e+02 0.000000000000000000e+00 1.021054940443834091e+01
1.518157716552704244e+02 0.000000000000000000e+00 1.027031537588571375e+01
1.518820892817974482e+02 0.000000000000000000e+00 1.025313039414833227e+01
1.518078944105894550e+02 0.000000000000000000e+00 1.027639020017356586e+01
1.517066060137899512e+02 0.000000000000000000e+00 1.026182778779122451e+01
1.517145023317025618e+02 0.000000000000000000e+00 1.033727195567380974e+01
1.516016555565092290e+02 0.000000000000000000e+00 1.034603610562755627e+01
1.515195071476935595e+02 0.000000000000000000e+00 1.029964046958296464e+01
1.516233990406164480e+02 0.000000000000000000e+00 1.034586444654249959e+01
1.517331178058154251e+02 0.000000000000000000e+00 1.032900370974356008e+01
1.518499604230442799e+02 0.000000000000000000e+00 1.040184438150278012e+01
1.520070094126398317e+02 0.000000000000000000e+00 1.041736045546877243e+01
1.520511830171945178e+02 0.000000000000000000e+00 1.046701761412944975e+01
1.520072859744990978e+02 0.000000000000000000e+00 1.038353407909669102e+01
1.519491412277439224e+02 0.000000000000000000e+00 1.034378546429014278e+01
1.518833195052403653e+02 0.000000000000000000e+00 1.028082472653754031e+01
1.518307822885970779e+02 0.000000000000000000e+00 1.028440095747622962e+01
1.517985103806063307e+02 0.000000000000000000e+00 1.021328641318341823e+01
1.518507519621587107e+02 0.000000000000000000e+00 1.023337052613509535e+01
1.520516407747546737e+02 0.000000000000000000e+00 1.042010700082968633e+01
1.520475781764083081e+02 0.000000000000000000e+00 1.041323110081156678e+01
1.520749864103224240e+02 0.000000000000000000e+00 1.038473569269209129e+01
1.521211340943552841e+02 0.000000000000000000e+00 1.044611335221583204e+01
1.522002784691824218e+02 0.000000000000000000e+00 1.042847061291830002e+01
1.522525963436614802e+02 0.000000000000000000e+00 1.045310369162399056e+01
1.522996500061987888e+02 0.000000000000000000e+00 1.049826910422567394e+01
1.523224711278955681e+02 0.000000000000000000e+00 1.053361180251575924e+01
1.523279928284648861e+02 0.000000000000000000e+00 1.052966364355944684e+01
1.522716314288711601e+02 0.000000000000000000e+00 1.048016860736798961e+01
1.522258747460876123e+02 0.000000000000000000e+00 1.039370011157840601e+01
1.519659542814636666e+02 0.000000000000000000e+00 1.026519421318151082e+01
1.518571319581533317e+02 0.000000000000000000e+00 1.021825499003423587e+01
1.517747069874784245e+02 0.000000000000000000e+00 1.021021562288406415e+01
1.516982233284696520e+02 0.000000000000000000e+00 1.015824106657511550e+01
1.517684795773371889e+02 0.000000000000000000e+00 1.019951553991550597e+01
1.517427974708894851e+02 0.000000000000000000e+00 1.023022344290904861e+01
1.517791891969215783e+02 0.000000000000000000e+00 1.026004444062979815e+01
1.517607549185096047e+02 0.000000000000000000e+00 1.026539448211407723e+01
1.517636540497239253e+02 0.000000000000000000e+00 1.026085505297590039e+01
1.517533449680046544e+02 0.000000000000000000e+00 1.033036744580818045e+01
1.517702533878827751e+02 0.000000000000000000e+00 1.035212046653124673e+01
1.517956970789345803e+02 0.000000000000000000e+00 1.033922696192029278e+01
1.518192715932823944e+02 0.000000000000000000e+00 1.037480807560629081e+01
1.518401949284277066e+02 0.000000000000000000e+00 1.030829018014667398e+01
1.518948492737866900e+02 0.000000000000000000e+00 1.021621415424522539e+01
1.518873058106600240e+02 0.000000000000000000e+00 1.017789603181415004e+01
1.519315938546047562e+02 0.000000000000000000e+00 1.018106218827186993e+01
1.519673561639916386e+02 0.000000000000000000e+00 1.020698271011548819e+01
1.521028142553333566e+02 0.000000000000000000e+00 1.032496018462888188e+01
1.521002393690575047e+02 0.000000000000000000e+00 1.037504649100220355e+01
1.521028333285650262e+02 0.000000000000000000e+00 1.038427793513193897e+01
1.521117023812929858e+02 0.000000000000000000e+00 1.039764827053471841e+01
1.521490191590612255e+02 0.000000000000000000e+00 1.045335164363573988e+01
1.520310416845478301e+02 0.000000000000000000e+00 1.047324502427068715e+01
1.520126932356783982e+02 0.000000000000000000e+00 1.049263296426630099e+01
1.519132644789669939e+02 0.000000000000000000e+00 1.050257965458377463e+01
1.519637799330529617e+02 0.000000000000000000e+00 1.054917555956093445e+01
1.519872686178582626e+02 0.000000000000000000e+00 1.055025319715045917e+01
1.520028609847509529e+02 0.000000000000000000e+00 1.049794485928723375e+01
1.521165374455220842e+02 0.000000000000000000e+00 1.047877626145585950e+01
1.521252634490124933e+02 0.000000000000000000e+00 1.053568124815228124e+01
1.521523188281406362e+02 0.000000000000000000e+00 1.051638867431503321e+01
1.522593196578262109e+02 0.000000000000000000e+00 1.051968834339446346e+01
1.521826166566532095e+02 0.000000000000000000e+00 1.041645447696430438e+01
1.519794104464089912e+02 0.000000000000000000e+00 1.035395149677185600e+01
1.518539276552322690e+02 0.000000000000000000e+00 1.030250145433391573e+01
1.517387730190064872e+02 0.000000000000000000e+00 1.020940501053796012e+01
1.516682592815113537e+02 0.000000000000000000e+00 1.010217530207230574e+01
1.516117452960642424e+02 0.000000000000000000e+00 1.013956837276723988e+01
1.516553562402845614e+02 0.000000000000000000e+00 1.029328908343585169e+01
1.516662184457223645e+02 0.000000000000000000e+00 1.034667505888860362e+01
1.516804184667029176e+02 0.000000000000000000e+00 1.036652075644436799e+01
1.515966679064267169e+02 0.000000000000000000e+00 1.031044545532572343e+01
1.516812576888965225e+02 0.000000000000000000e+00 1.034800064848987766e+01
1.516307040883472155e+02 0.000000000000000000e+00 1.027252787075978269e+01
1.516595332780209731e+02 0.000000000000000000e+00 1.022554096453332484e+01
1.517214163781840455e+02 0.000000000000000000e+00 1.022054377783499746e+01
1.516828216938937146e+02 0.000000000000000000e+00 1.014255333352406652e+01
1.516258594875022538e+02 0.000000000000000000e+00 1.017390018977865473e+01
1.515700798214745646e+02 0.000000000000000000e+00 1.015531332551330834e+01
1.514475247713596389e+02 0.000000000000000000e+00 1.016908419878122061e+01
1.515253340199696765e+02 0.000000000000000000e+00 1.022906951239283302e+01
1.514853565263830433e+02 0.000000000000000000e+00 1.021759696354151714e+01
1.515441974460942731e+02 0.000000000000000000e+00 1.024696974031795094e+01
1.516382284782422118e+02 0.000000000000000000e+00 1.030516217015230040e+01
1.517407947815638067e+02 0.000000000000000000e+00 1.034321326733995150e+01
1.517766333838773960e+02 0.000000000000000000e+00 1.034574047053662582e+01
1.519287805529329773e+02 0.000000000000000000e+00 1.041158126627185077e+01
1.519359139415786899e+02 0.000000000000000000e+00 1.036513794714807446e+01
1.518344348124624617e+02 0.000000000000000000e+00 1.034127733432514162e+01
1.518467275102757128e+02 0.000000000000000000e+00 1.037315824106657480e+01
1.518681372128286569e+02 0.000000000000000000e+00 1.035272127332894598e+01
1.518767106304656807e+02 0.000000000000000000e+00 1.037054520832737303e+01
1.519504763539610224e+02 0.000000000000000000e+00 1.041801848196149116e+01
1.521270372595580795e+02 0.000000000000000000e+00 1.040460046347952883e+01
1.522493443576612435e+02 0.000000000000000000e+00 1.042670633898854682e+01
1.522547897653038831e+02 0.000000000000000000e+00 1.038291419906731861e+01
1.522012225941502379e+02 0.000000000000000000e+00 1.031614835159595245e+01
1.521674343642415010e+02 0.000000000000000000e+00 1.027392975328774760e+01
1.520234505383419616e+02 0.000000000000000000e+00 1.021641442317779180e+01
1.518956122030536164e+02 0.000000000000000000e+00 1.016897929600701822e+01
1.519088108793713445e+02 0.000000000000000000e+00 1.017087708255848355e+01
1.519150096796650757e+02 0.000000000000000000e+00 1.016527908906245514e+01
1.518599071133617429e+02 0.000000000000000000e+00 1.013669785140045221e+01
1.518900428194050960e+02 0.000000000000000000e+00 1.011595571195605459e+01
1.518761288968996439e+02 0.000000000000000000e+00 1.014634890662699362e+01
1.518619098026874212e+02 0.000000000000000000e+00 1.011266557949246092e+01
1.518637789793913839e+02 0.000000000000000000e+00 1.009604325808943415e+01
1.519313268293613248e+02 0.000000000000000000e+00 1.020385470012111462e+01
1.519602895316567981e+02 0.000000000000000000e+00 1.031899979973106696e+01
1.519267778636073274e+02 0.000000000000000000e+00 1.033785368923983583e+01
1.519120533287557464e+02 0.000000000000000000e+00 1.037742110834549258e+01
1.519349316701475345e+02 0.000000000000000000e+00 1.040544922228897917e+01
1.518733060586120303e+02 0.000000000000000000e+00 1.039189769118530648e+01
1.518085142906188310e+02 0.000000000000000000e+00 1.043040654593310990e+01
1.517769004091208274e+02 0.000000000000000000e+00 1.043470755967537400e+01
1.517589238882690097e+02 0.000000000000000000e+00 1.037562822456822964e+01
1.517631581457004302e+02 0.000000000000000000e+00 1.034485356526383093e+01
1.518248791233942825e+02 0.000000000000000000e+00 1.034198304389704326e+01
1.518718851028523886e+02 0.000000000000000000e+00 1.034134409063599769e+01
1.519506194031985729e+02 0.000000000000000000e+00 1.033424884845363856e+01
1.519755767268427178e+02 0.000000000000000000e+00 1.028483010518887220e+01
1.520102900084876012e+02 0.000000000000000000e+00 1.028260807369896668e+01
1.519912835331254257e+02 0.000000000000000000e+00 1.024988794476392151e+01
1.519773505373883040e+02 0.000000000000000000e+00 1.023732822170724432e+01
1.519898148942866101e+02 0.000000000000000000e+00 1.023225474208222430e+01
1.520330157640259756e+02 0.000000000000000000e+00 1.026646258308776538e+01
1.520991045117729641e+02 0.000000000000000000e+00 1.030490468152471450e+01
1.521315003957695637e+02 0.000000000000000000e+00 1.028439142086039304e+01
1.522109404056876372e+02 0.000000000000000000e+00 1.031940987421203637e+01
1.522776681066956712e+02 0.000000000000000000e+00 1.034916411562192984e+01
1.521525286336890588e+02 0.000000000000000000e+00 1.031293451205905143e+01
1.519119388893657288e+02 0.000000000000000000e+00 1.019376496056609405e+01
1.518049285230643193e+02 0.000000000000000000e+00 1.021816916049170842e+01
1.516470403112751342e+02 0.000000000000000000e+00 1.018937811728130072e+01
1.515917946957342792e+02 0.000000000000000000e+00 1.019868585433773056e+01
1.515641480464242363e+02 0.000000000000000000e+00 1.022507367035733772e+01
1.515255056790547314e+02 0.000000000000000000e+00 1.025247236765561354e+01
1.515591794695734222e+02 0.000000000000000000e+00 1.024026549938488806e+01
1.515790156305133678e+02 0.000000000000000000e+00 1.022562679407585406e+01
1.515977836904795879e+02 0.000000000000000000e+00 1.023157764235783240e+01
1.516460103567648048e+02 0.000000000000000000e+00 1.025341649262342791e+01
1.516744676184209197e+02 0.000000000000000000e+00 1.030411314241028364e+01
1.516238758714082735e+02 0.000000000000000000e+00 1.021411609876119364e+01
1.515974403723094781e+02 0.000000000000000000e+00 1.018378012378527409e+01
1.516181252920588634e+02 0.000000000000000000e+00 1.018325560991426570e+01
1.515853765532762907e+02 0.000000000000000000e+00 1.015457900609389696e+01
1.516628234104845490e+02 0.000000000000000000e+00 1.017369038423025174e+01
1.516558426076922217e+02 0.000000000000000000e+00 1.021920865161788683e+01
1.515959908067023321e+02 0.000000000000000000e+00 1.024974489552637280e+01
1.515916707197283984e+02 0.000000000000000000e+00 1.021848386881431203e+01
1.515929581628663243e+02 0.000000000000000000e+00 1.026316291400833514e+01
1.515990425237700094e+02 0.000000000000000000e+00 1.030772751981231927e+01
1.516488522682840880e+02 0.000000000000000000e+00 1.031006399069226376e+01
1.517033921742530538e+02 0.000000000000000000e+00 1.034464375971542793e+01
1.517031632954729616e+02 0.000000000000000000e+00 1.034234543529882977e+01
1.517222937468409896e+02 0.000000000000000000e+00 1.035224444253712051e+01
1.516978132539886985e+02 0.000000000000000000e+00 1.033235106190217323e+01
1.518087717792464275e+02 0.000000000000000000e+00 1.036995393814551036e+01
1.518336909564272048e+02 0.000000000000000000e+00 1.036822781067910171e+01
1.518872199811175108e+02 0.000000000000000000e+00 1.037998645800551145e+01
1.520106619365052154e+02 0.000000000000000000e+00 1.045312276485566372e+01
1.520437921399212371e+02 0.000000000000000000e+00 1.051779055684299813e+01
1.521102623523016746e+02 0.000000000000000000e+00 1.051845811995155344e+01
1.520118158670214257e+02 0.000000000000000000e+00 1.047968223996032755e+01
1.518477574647860422e+02 0.000000000000000000e+00 1.041718879638371575e+01
1.516617553095108804e+02 0.000000000000000000e+00 1.031242907141971621e+01
1.514607425209090366e+02 0.000000000000000000e+00 1.021876043067357109e+01
1.514795773371861287e+02 0.000000000000000000e+00 1.026065478404333398e+01
1.515232931841806590e+02 0.000000000000000000e+00 1.028653715942360769e+01
1.515508349307164906e+02 0.000000000000000000e+00 1.030841415615254775e+01
1.515777949436862855e+02 0.000000000000000000e+00 1.031507071400642772e+01
1.515473445293203270e+02 0.000000000000000000e+00 1.028778645609818909e+01
1.515080059889947393e+02 0.000000000000000000e+00 1.025498049762061470e+01
1.514367388588485426e+02 0.000000000000000000e+00 1.023642224320277627e+01
1.514023879686054670e+02 0.000000000000000000e+00 1.024152433267530604e+01
1.514096071867936928e+02 0.000000000000000000e+00 1.016258976339656073e+01
1.513689335202510051e+02 0.000000000000000000e+00 1.014125635377030044e+01
1.512988203206210187e+02 0.000000000000000000e+00 1.013738448774068068e+01
1.513319791338845448e+02 0.000000000000000000e+00 1.015050687113171080e+01
1.513831716876948974e+02 0.000000000000000000e+00 1.022338568935427539e+01
1.514105417751456741e+02 0.000000000000000000e+00 1.021865552789937048e+01
1.514772694761536798e+02 0.000000000000000000e+00 1.020331111301843485e+01
1.513306249344357752e+02 0.000000000000000000e+00 1.013219656872562169e+01
1.512861652314059882e+02 0.000000000000000000e+00 1.007985008439904995e+01
1.513013952068968706e+02 0.000000000000000000e+00 1.006882575649205158e+01
1.513676270038814096e+02 0.000000000000000000e+00 1.001294118769013686e+01
1.513867097721702351e+02 0.000000000000000000e+00 1.003653477526964721e+01
1.513905625649682065e+02 0.000000000000000000e+00 1.009283895516836971e+01
1.514044574142419890e+02 0.000000000000000000e+00 1.014736932452150064e+01
1.513968662680361206e+02 0.000000000000000000e+00 1.020972925547640209e+01
1.514731878045756730e+02 0.000000000000000000e+00 1.027598012569259645e+01
1.515320001144393984e+02 0.000000000000000000e+00 1.035838602313583046e+01
1.516257069016488686e+02 0.000000000000000000e+00 1.030993047807055163e+01
1.517722846870559579e+02 0.000000000000000000e+00 1.032738248505135381e+01
1.519249849798300716e+02 0.000000000000000000e+00 1.039396713682182671e+01
1.519902917250784355e+02 0.000000000000000000e+00 1.041705528376200363e+01
1.520276180394625101e+02 0.000000000000000000e+00 1.043239016202710268e+01
1.520969396999780656e+02 0.000000000000000000e+00 1.051307946861976639e+01
1.520218388502655955e+02 0.000000000000000000e+00 1.041613023202586419e+01
1.519167453437473227e+02 0.000000000000000000e+00 1.035617352826176152e+01
1.516613547716457333e+02 0.000000000000000000e+00 1.032372996118597364e+01
1.515492137060242896e+02 0.000000000000000000e+00 1.027989013818556430e+01
1.514126112207821961e+02 0.000000000000000000e+00 1.015551359444587476e+01
1.513208022201241647e+02 0.000000000000000000e+00 1.011748157048989682e+01
1.512778302291648913e+02 0.000000000000000000e+00 1.005993763053242951e+01
1.512617514948645407e+02 0.000000000000000000e+00 1.000222203148990552e+01
1.512296226361113440e+02 0.000000000000000000e+00 1.005192687322976575e+01
1.513008420831783667e+02 0.000000000000000000e+00 1.002599681477031091e+01
1.513859945259825110e+02 0.000000000000000000e+00 9.986067004262867641e+00
1.513952736531914240e+02 0.000000000000000000e+00 9.931193316739621579e+00
1.514034465329633008e+02 0.000000000000000000e+00 9.916297122803001685e+00
1.512912673208785179e+02 0.000000000000000000e+00 9.887439323281739689e+00
1.512445188300479799e+02 0.000000000000000000e+00 9.987173251699902110e+00
1.512163953499461115e+02 0.000000000000000000e+00 1.003987259081242378e+01
1.511673485346989878e+02 0.000000000000000000e+00 1.009159919510962311e+01
1.511643063542471452e+02 0.000000000000000000e+00 1.010585643578519743e+01
1.512312915438827474e+02 0.000000000000000000e+00 1.017390018977865473e+01
1.513306630808991144e+02 0.000000000000000000e+00 1.018017528299907504e+01
1.514030364584823474e+02 0.000000000000000000e+00 1.021135048016860658e+01
1.515275083683804098e+02 0.000000000000000000e+00 1.022032443567075788e+01
1.516289207411857944e+02 0.000000000000000000e+00 1.023645085305028601e+01
1.516287395454848763e+02 0.000000000000000000e+00 1.025981556184972199e+01
1.516921294309501320e+02 0.000000000000000000e+00 1.027022954634318452e+01
1.516751065716819653e+02 0.000000000000000000e+00 1.025599137889928336e+01
1.516869415119350606e+02 0.000000000000000000e+00 1.024854328193097430e+01
1.517827940377077880e+02 0.000000000000000000e+00 1.027966125940548814e+01
1.518498936667334362e+02 0.000000000000000000e+00 1.027505507395645523e+01
1.518129488169828107e+02 0.000000000000000000e+00 1.032409235258776015e+01
1.517343289560266726e+02 0.000000000000000000e+00 1.031866601817679019e+01
1.516441316434450073e+02 0.000000000000000000e+00 1.033072983720996696e+01
1.516032958544330995e+02 0.000000000000000000e+00 1.027392975328774760e+01
1.515446552036544290e+02 0.000000000000000000e+00 1.029285993572320912e+01
1.514820950037669718e+02 0.000000000000000000e+00 1.021251394730066053e+01
1.515342221459293057e+02 0.000000000000000000e+00 1.021834081957676510e+01
1.514553638695772406e+02 0.000000000000000000e+00 1.015085018930182414e+01
1.513491068959269228e+02 0.000000000000000000e+00 9.951325112770481596e+00
1.513791186259643951e+02 0.000000000000000000e+00 9.971342469411304421e+00
1.514411733852125224e+02 0.000000000000000000e+00 1.000486367407661703e+01
1.514935770892341225e+02 0.000000000000000000e+00 1.010013446628329525e+01
1.514727491202471867e+02 0.000000000000000000e+00 1.014303016431589022e+01
1.514991369362668081e+02 0.000000000000000000e+00 1.012513947300660888e+01
1.515451320344462545e+02 0.000000000000000000e+00 1.013314069369343606e+01
1.515138328612708563e+02 0.000000000000000000e+00 1.010725831831316412e+01
1.515203845163505321e+02 0.000000000000000000e+00 1.005630417989872072e+01
1.513703640126264816e+02 0.000000000000000000e+00 9.917746688410151279e+00
1.513718898711603060e+02 0.000000000000000000e+00 9.852926310569431578e+00
1.513791567724277343e+02 0.000000000000000000e+00 9.925881421718688813e+00
1.512636683546476775e+02 0.000000000000000000e+00 1.000493996700330968e+01
1.512551426200898277e+02 0.000000000000000000e+00 1.009231444129736133e+01
1.512096815723972156e+02 0.000000000000000000e+00 1.013902478566455834e+01
1.511880525276800142e+02 0.000000000000000000e+00 1.017851591184352245e+01
1.512183312829609179e+02 0.000000000000000000e+00 1.019828531647259595e+01
1.513343537512278374e+02 0.000000000000000000e+00 1.027368180127600006e+01
1.514001373272680553e+02 0.000000000000000000e+00 1.032053519488074400e+01
1.513867574552494375e+02 0.000000000000000000e+00 1.028894992323024304e+01
1.515094937010652529e+02 0.000000000000000000e+00 1.035212046653124673e+01
1.515952946337462777e+02 0.000000000000000000e+00 1.039475867593625757e+01
1.516674105227019140e+02 0.000000000000000000e+00 1.035537245253149408e+01
1.517357880582496534e+02 0.000000000000000000e+00 1.033703354027789700e+01
1.518998559971008717e+02 0.000000000000000000e+00 1.033673790518696478e+01
1.519112522530254807e+02 0.000000000000000000e+00 1.037015420707807678e+01
1.519670509922848680e+02 0.000000000000000000e+00 1.034341353627251792e+01
1.520673189711898772e+02 0.000000000000000000e+00 1.033628014762681246e+01
1.520228211216967509e+02 0.000000000000000000e+00 1.030987325837553215e+01
1.520528709981975908e+02 0.000000000000000000e+00 1.032710592319209653e+01
1.520892722608455188e+02 0.000000000000000000e+00 1.032452150030040272e+01
1.520623217844915587e+02 0.000000000000000000e+00 1.034081957676498931e+01
1.519385841940129183e+02 0.000000000000000000e+00 1.030882423063351716e+01
1.516911471595189767e+02 0.000000000000000000e+00 1.021348668211598465e+01
1.514562698480817176e+02 0.000000000000000000e+00 1.014995374741319267e+01
1.513632210873649342e+02 0.000000000000000000e+00 1.010857437129860159e+01
1.512592433648995325e+02 0.000000000000000000e+00 1.007490058077990369e+01
1.512001831030240737e+02 0.000000000000000000e+00 1.013255896012740997e+01
1.512017471080212374e+02 0.000000000000000000e+00 1.017798186135667926e+01
1.511873658913397946e+02 0.000000000000000000e+00 1.019798014476582892e+01
1.512207440467675781e+02 0.000000000000000000e+00 1.021417331845621312e+01
1.511992866611354316e+02 0.000000000000000000e+00 1.018609752143354363e+01
1.513837915677242734e+02 0.000000000000000000e+00 1.023190188729627437e+01
1.515561277525057449e+02 0.000000000000000000e+00 1.027256601722312901e+01
1.516761746726556623e+02 0.000000000000000000e+00 1.028630828064353153e+01
1.517005311895021009e+02 0.000000000000000000e+00 1.026759744037230959e+01
1.516885055169322527e+02 0.000000000000000000e+00 1.024879123394272362e+01
1.516406889251280177e+02 0.000000000000000000e+00 1.025499957085228786e+01
1.516695848711126473e+02 0.000000000000000000e+00 1.031149448306773841e+01
1.515779093830763316e+02 0.000000000000000000e+00 1.026032100248905721e+01
1.515456756215489236e+02 0.000000000000000000e+00 1.024703649662880700e+01
1.516310664797489949e+02 0.000000000000000000e+00 1.031830362677500190e+01
1.517950581256735347e+02 0.000000000000000000e+00 1.023187327744876463e+01
1.518739259386414062e+02 0.000000000000000000e+00 1.020879466712442429e+01
1.519391182444997526e+02 0.000000000000000000e+00 1.019734119150478335e+01
1.520536720739278564e+02 0.000000000000000000e+00 1.020004959040234915e+01
1.521364022163095342e+02 0.000000000000000000e+00 1.025866163133350462e+01
1.521001726127466327e+02 0.000000000000000000e+00 1.025793684852992982e+01
1.521223643177981728e+02 0.000000000000000000e+00 1.029347981575258153e+01
1.520419897195281180e+02 0.000000000000000000e+00 1.026491765132225176e+01
1.520366587512755245e+02 0.000000000000000000e+00 1.019985885808561932e+01
1.520393480769414225e+02 0.000000000000000000e+00 1.022563633069169065e+01
1.521142486577213333e+02 0.000000000000000000e+00 1.026850341887677764e+01
1.522297370755013901e+02 0.000000000000000000e+00 1.031976272899798808e+01
1.522380148580474781e+02 0.000000000000000000e+00 1.030651636960108419e+01
1.522068587341096020e+02 0.000000000000000000e+00 1.029955464004043542e+01
1.522714597697861052e+02 0.000000000000000000e+00 1.034504429758056077e+01
1.522699339112522523e+02 0.000000000000000000e+00 1.045395245043343913e+01
1.521942704012054151e+02 0.000000000000000000e+00 1.039538809258146657e+01
1.521385765647202390e+02 0.000000000000000000e+00 1.038291419906731861e+01
1.520098513241591149e+02 0.000000000000000000e+00 1.035341744628501104e+01
1.518699014867584083e+02 0.000000000000000000e+00 1.033429653153281969e+01
1.518203015477927522e+02 0.000000000000000000e+00 1.030170037860364829e+01
1.518207974518162473e+02 0.000000000000000000e+00 1.020798405477832205e+01
1.517642357832899336e+02 0.000000000000000000e+00 1.014515682964743171e+01
1.517908429414737839e+02 0.000000000000000000e+00 1.018872009078858198e+01
1.517984245510638175e+02 0.000000000000000000e+00 1.015642910956617939e+01
1.517691566770615736e+02 0.000000000000000000e+00 1.014263916306659397e+01
1.517513518152948109e+02 0.000000000000000000e+00 1.016759648671072647e+01
1.517492632964266193e+02 0.000000000000000000e+00 1.012710401586892850e+01
1.517570547115650470e+02 0.000000000000000000e+00 1.018295997482333348e+01
1.517179927330987255e+02 0.000000000000000000e+00 1.021557520098417804e+01
1.517364270115106990e+02 0.000000000000000000e+00 1.026274330291152914e+01
1.517936943896089019e+02 0.000000000000000000e+00 1.029598794571758269e+01
1.518924841930592606e+02 0.000000000000000000e+00 1.033156905940358072e+01
1.518727433982776915e+02 0.000000000000000000e+00 1.034348982919921056e+01
1.519656395731410612e+02 0.000000000000000000e+00 1.039505431102718802e+01
1.519497038880782895e+02 0.000000000000000000e+00 1.038671930878608407e+01
1.519701790022792522e+02 0.000000000000000000e+00 1.044334773362324675e+01
1.519231920960527873e+02 0.000000000000000000e+00 1.050119684528748110e+01
1.519625687828417142e+02 0.000000000000000000e+00 1.054843170352568649e+01
1.519833299955177779e+02 0.000000000000000000e+00 1.057144355753917253e+01
1.520298496075682522e+02 0.000000000000000000e+00 1.050203606748109308e+01
1.521389675659695513e+02 0.000000000000000000e+00 1.036759839403389272e+01
1.521979610715341664e+02 0.000000000000000000e+00 1.039596028953165607e+01
1.522512326075968758e+02 0.000000000000000000e+00 1.039370964819424259e+01
1.522567447715503590e+02 0.000000000000000000e+00 1.034029506289398093e+01
1.523959507529158088e+02 0.000000000000000000e+00 1.041968738973287856e+01
1.524407156276523665e+02 0.000000000000000000e+00 1.041370793160339048e+01
1.524669127113552349e+02 0.000000000000000000e+00 1.046401358014095173e+01
1.525051068577804472e+02 0.000000000000000000e+00 1.052235859582868471e+01
1.525052785168655021e+02 0.000000000000000000e+00 1.056021896069960597e+01
1.524422224129545498e+02 0.000000000000000000e+00 1.052793751609303996e+01
1.522597201956913580e+02 0.000000000000000000e+00 1.047923401901601181e+01
1.521839136364069986e+02 0.000000000000000000e+00 1.045119636845668865e+01
1.519884130117586380e+02 0.000000000000000000e+00 1.034218331282960968e+01
1.517714740747098574e+02 0.000000000000000000e+00 1.021401119598699125e+01
1.517873239302301158e+02 0.000000000000000000e+00 1.019945832022048648e+01
1.517561296598289005e+02 0.000000000000000000e+00 1.023103405525515264e+01
1.517948101736617730e+02 0.000000000000000000e+00 1.023142505650444889e+01
1.518772351443366802e+02 0.000000000000000000e+00 1.024026549938488806e+01
1.518991598241448173e+02 0.000000000000000000e+00 1.022375761737190025e+01
1.518478242210969142e+02 0.000000000000000000e+00 1.025334019969673527e+01
1.517537550424856363e+02 0.000000000000000000e+00 1.020308223423835869e+01
1.517380005531237259e+02 0.000000000000000000e+00 1.026866554134599774e+01
1.516910041102814262e+02 0.000000000000000000e+00 1.025399822618945400e+01
1.516170858009326707e+02 0.000000000000000000e+00 1.023040463860994365e+01
1.516508549576097380e+02 0.000000000000000000e+00 1.031950524037040218e+01
1.516662470555698690e+02 0.000000000000000000e+00 1.035735606862548686e+01
1.517613938717706503e+02 0.000000000000000000e+00 1.040981699234209756e+01
1.518795239321374311e+02 0.000000000000000000e+00 1.050046252586806972e+01
1.519345406688982223e+02 0.000000000000000000e+00 1.052995927865037729e+01
1.519920750722398566e+02 0.000000000000000000e+00 1.048831287729236372e+01
1.520367731906655706e+02 0.000000000000000000e+00 1.049406345664177564e+01
1.520585548212361289e+02 0.000000000000000000e+00 1.042848968614997318e+01
1.522190179193011659e+02 0.000000000000000000e+00 1.045900685682678599e+01
1.522836189549776407e+02 0.000000000000000000e+00 1.042813683136402148e+01
1.522566684786236806e+02 0.000000000000000000e+00 1.051434783852602095e+01
1.521727653324941230e+02 0.000000000000000000e+00 1.044961329022783048e+01
1.520830829971676224e+02 0.000000000000000000e+00 1.041366024852420935e+01
1.520723733775832329e+02 0.000000000000000000e+00 1.040290294586063169e+01
1.521330834739984255e+02 0.000000000000000000e+00 1.040438112131528925e+01
1.522933558397467095e+02 0.000000000000000000e+00 1.047705013398945262e+01
1.524580913417064778e+02 0.000000000000000000e+00 1.063376534203072765e+01
1.525094460179860505e+02 0.000000000000000000e+00 1.065201842474179550e+01
1.526443128391458970e+02 0.000000000000000000e+00 1.074414213372242699e+01
1.526679254999570787e+02 0.000000000000000000e+00 1.071802134294624231e+01
1.527525534288902236e+02 0.000000000000000000e+00 1.069944401529673250e+01
1.529484641280195376e+02 0.000000000000000000e+00 1.076023040463861058e+01
1.530708761288969129e+02 0.000000000000000000e+00 1.075574819519545322e+01
1.529800207898225324e+02 0.000000000000000000e+00 1.067033826376372119e+01
1.528753850408643871e+02 0.000000000000000000e+00 1.055711956055274214e+01
1.524441011262743189e+02 0.000000000000000000e+00 1.050544063933472572e+01
1.520997243918023116e+02 0.000000000000000000e+00 1.042883300432008653e+01
1.519415882280014216e+02 0.000000000000000000e+00 1.041325971065907474e+01
1.518365137947148185e+02 0.000000000000000000e+00 1.040318904433572733e+01
1.518530693598069661e+02 0.000000000000000000e+00 1.039754336776051602e+01
1.519692062674639317e+02 0.000000000000000000e+00 1.045312276485566372e+01
1.520228497315442553e+02 0.000000000000000000e+00 1.044742940520126950e+01
1.520579254045909181e+02 0.000000000000000000e+00 1.049254713472377176e+01
1.520470727357689782e+02 0.000000000000000000e+00 1.044894572711927516e+01
1.520496380854289953e+02 0.000000000000000000e+00 1.045678482533688047e+01
1.520893771636197300e+02 0.000000000000000000e+00 1.046259262438131188e+01
1.521101193030641241e+02 0.000000000000000000e+00 1.048285793303388402e+01
1.521826166566532095e+02 0.000000000000000000e+00 1.049563699825479901e+01
1.521759124157201484e+02 0.000000000000000000e+00 1.053005464480874309e+01
1.522173108650664233e+02 0.000000000000000000e+00 1.055122593196578329e+01
1.523325417942189119e+02 0.000000000000000000e+00 1.064201451472930238e+01
1.523759333962750020e+02 0.000000000000000000e+00 1.065376362543987554e+01
1.525132129812414803e+02 0.000000000000000000e+00 1.071663853364994878e+01
1.525155017690422312e+02 0.000000000000000000e+00 1.076575210520794634e+01
1.525111530722207931e+02 0.000000000000000000e+00 1.073069550539295669e+01
1.525195357575410924e+02 0.000000000000000000e+00 1.057727996643111190e+01
1.526270420278659969e+02 0.000000000000000000e+00 1.051016126417379581e+01
1.527301996013694634e+02 0.000000000000000000e+00 1.037603829904919905e+01
1.527505221297170408e+02 0.000000000000000000e+00 1.034518734681810770e+01
1.527829656967928429e+02 0.000000000000000000e+00 1.029642663004606185e+01
1.528848835102375574e+02 0.000000000000000000e+00 1.045366635195834348e+01
1.529144947024099110e+02 0.000000000000000000e+00 1.056663710315757321e+01
1.529597364079382658e+02 0.000000000000000000e+00 1.059551397591050836e+01
1.529812319400337515e+02 0.000000000000000000e+00 1.067137775488989959e+01
1.529887467933129130e+02 0.000000000000000000e+00 1.068449060166509312e+01
1.530439447257746224e+02 0.000000000000000000e+00 1.071223261713348407e+01
1.530317283208880497e+02 0.000000000000000000e+00 1.069194823524923876e+01
1.531089081528528766e+02 0.000000000000000000e+00 1.072643263811403891e+01
1.531967689945545885e+02 0.000000000000000000e+00 1.073727577032014402e+01
1.532453008325465760e+02 0.000000000000000000e+00 1.065569002183885061e+01
1.532094908400804911e+02 0.000000000000000000e+00 1.070107477660477358e+01
1.529972534546390932e+02 0.000000000000000000e+00 1.064398859420746035e+01
1.527808962511563209e+02 0.000000000000000000e+00 1.059155628033835939e+01
1.524785187728282665e+02 0.000000000000000000e+00 1.046166757264517067e+01
1.524725107048512882e+02 0.000000000000000000e+00 1.045594560314326849e+01
1.524820377840719345e+02 0.000000000000000000e+00 1.046916335269266263e+01
1.524048865619546120e+02 0.000000000000000000e+00 1.038925604859859497e+01
1.524133264669699201e+02 0.000000000000000000e+00 1.035987373520632460e+01
1.523644894572711905e+02 0.000000000000000000e+00 1.033421070199029224e+01
1.523568983110653221e+02 0.000000000000000000e+00 1.031711154979543998e+01
1.524350794876930024e+02 0.000000000000000000e+00 1.038560352473321302e+01
1.524869491412277398e+02 0.000000000000000000e+00 1.050065325818480133e+01
1.524778416731038817e+02 0.000000000000000000e+00 1.050873077179831938e+01
1.525162074786141488e+02 0.000000000000000000e+00 1.048130346465253382e+01
1.524723390457662333e+02 0.000000000000000000e+00 1.046525334019969655e+01
1.524479539190722903e+02 0.000000000000000000e+00 1.044708608703115615e+01
1.524184953127533220e+02 0.000000000000000000e+00 1.045726165612870595e+01
1.524562412382342131e+02 0.000000000000000000e+00 1.051193507471938560e+01
1.524844886943419340e+02 0.000000000000000000e+00 1.055016736760792995e+01
1.525289674706033907e+02 0.000000000000000000e+00 1.056205952755605182e+01
1.525356431016889474e+02 0.000000000000000000e+00 1.053412677977093104e+01
1.525462859649624647e+02 0.000000000000000000e+00 1.042324454743989470e+01
1.526087317254599043e+02 0.000000000000000000e+00 1.043109318227333837e+01
1.526384287471747712e+02 0.000000000000000000e+00 1.042828941721740676e+01
1.526262028056723921e+02 0.000000000000000000e+00 1.038933234152528584e+01
1.527054520832737410e+02 0.000000000000000000e+00 1.047019330720300623e+01
1.527598107935418170e+02 0.000000000000000000e+00 1.058962034732354951e+01
1.528130060366778196e+02 0.000000000000000000e+00 1.065014924803784169e+01
1.528468896327449329e+02 0.000000000000000000e+00 1.064979639325188998e+01
1.529206553562402746e+02 0.000000000000000000e+00 1.072329509150382876e+01
1.530103090817192708e+02 0.000000000000000000e+00 1.076674391325494184e+01
1.529916268512955355e+02 0.000000000000000000e+00 1.076487473655098803e+01
1.530599185573007617e+02 0.000000000000000000e+00 1.078648470803650561e+01
1.530675383133541345e+02 0.000000000000000000e+00 1.073549242315871766e+01
1.529687485099037758e+02 0.000000000000000000e+00 1.070261017175445062e+01
1.527332131719738015e+02 0.000000000000000000e+00 1.060906550701418105e+01
1.524717763854318662e+02 0.000000000000000000e+00 1.048807446189645098e+01
1.523961128753850289e+02 0.000000000000000000e+00 1.047685940167272278e+01
1.523670452703153728e+02 0.000000000000000000e+00 1.046096186307326903e+01
1.522846489094879701e+02 0.000000000000000000e+00 1.043534651293641957e+01
1.523246359396904381e+02 0.000000000000000000e+00 1.041930592509941889e+01
1.522452245396198691e+02 0.000000000000000000e+00 1.036557663147655362e+01
1.523340485795210668e+02 0.000000000000000000e+00 1.041575830400823932e+01
1.524214707368942925e+02 0.000000000000000000e+00 1.045373310826919955e+01
1.524294814941969776e+02 0.000000000000000000e+00 1.042857551569250063e+01
1.524576145109146523e+02 0.000000000000000000e+00 1.045768126722551195e+01
1.524528271297647279e+02 0.000000000000000000e+00 1.043905625649681923e+01
1.524138891273042873e+02 0.000000000000000000e+00 1.046516751065716733e+01
1.524033797766524572e+02 0.000000000000000000e+00 1.048285793303388402e+01
1.523832861270849435e+02 0.000000000000000000e+00 1.044167882585185758e+01
1.524502617801047109e+02 0.000000000000000000e+00 1.043186564815609607e+01
1.525453323033788138e+02 0.000000000000000000e+00 1.039078190713243544e+01
1.525563375580541390e+02 0.000000000000000000e+00 1.039760058745553550e+01
1.526279193965229410e+02 0.000000000000000000e+00 1.039557882489819640e+01
1.526154073565454610e+02 0.000000000000000000e+00 1.040741376515129879e+01
1.526413755614682657e+02 0.000000000000000000e+00 1.049080193402569172e+01
1.527063103786990155e+02 0.000000000000000000e+00 1.060371546552990196e+01
1.527989490649348170e+02 0.000000000000000000e+00 1.068290752343623318e+01
1.527822790604525949e+02 0.000000000000000000e+00 1.070122736245815886e+01
1.528541279241648283e+02 0.000000000000000000e+00 1.078277496447610595e+01
1.528424932528442923e+02 0.000000000000000000e+00 1.073959316796841534e+01
1.528023727100201086e+02 0.000000000000000000e+00 1.068580665465053059e+01
1.528196149114525326e+02 0.000000000000000000e+00 1.068789517351872576e+01
1.529092877101631700e+02 0.000000000000000000e+00 1.062910193688667704e+01
1.529735931107487090e+02 0.000000000000000000e+00 1.063956360445932070e+01
1.529665360150297033e+02 0.000000000000000000e+00 1.062195901162513501e+01
1.529464328288463548e+02 0.000000000000000000e+00 1.061358586292068473e+01
1.529310884139654263e+02 0.000000000000000000e+00 1.056983186946280284e+01
1.529334630313087189e+02 0.000000000000000000e+00 1.057851972648985850e+01
1.528391649739173488e+02 0.000000000000000000e+00 1.049730590602618818e+01
1.526049456889728049e+02 0.000000000000000000e+00 1.041131424102842828e+01
1.524820568573036041e+02 0.000000000000000000e+00 1.037090759972915954e+01
1.523727481665856089e+02 0.000000000000000000e+00 1.035330300689497385e+01
1.523290990759019223e+02 0.000000000000000000e+00 1.039526411657559279e+01
1.522689134933577577e+02 0.000000000000000000e+00 1.038790184914981118e+01
1.523431751208765945e+02 0.000000000000000000e+00 1.042174729875356398e+01
1.523888745839651335e+02 0.000000000000000000e+00 1.044492127523627012e+01
1.524657969273023639e+02 0.000000000000000000e+00 1.047046986906226529e+01
1.525598565692978070e+02 0.000000000000000000e+00 1.049199401100525542e+01
1.525762786217682674e+02 0.000000000000000000e+00 1.049907971657177796e+01
1.525491374130975828e+02 0.000000000000000000e+00 1.037234762872047256e+01
1.524858810402540428e+02 0.000000000000000000e+00 1.034388083044850681e+01
1.524477727233713722e+02 0.000000000000000000e+00 1.029547296846241089e+01
1.524502999265680501e+02 0.000000000000000000e+00 1.031186641108536151e+01
1.524758962034732406e+02 0.000000000000000000e+00 1.033365757827177411e+01
1.525231978180222825e+02 0.000000000000000000e+00 1.038893180366015301e+01
1.524941874326476636e+02 0.000000000000000000e+00 1.033655670948607153e+01
1.525411266557949261e+02 0.000000000000000000e+00 1.034773362324645518e+01
1.525818480054167878e+02 0.000000000000000000e+00 1.038736779866296622e+01
1.525736465157974067e+02 0.000000000000000000e+00 1.036203854700121063e+01
1.525361580789441120e+02 0.000000000000000000e+00 1.038981870893294790e+01
1.526641966831650166e+02 0.000000000000000000e+00 1.045922619899102557e+01
1.526993486491383578e+02 0.000000000000000000e+00 1.049030603000219308e+01
1.527120704946642604e+02 0.000000000000000000e+00 1.047355019597745596e+01
1.527649796393251904e+02 0.000000000000000000e+00 1.050037669632554227e+01
1.528252319781802271e+02 0.000000000000000000e+00 1.053216223690861142e+01
1.528936858066546449e+02 0.000000000000000000e+00 1.053550005245138799e+01
1.529890519650196836e+02 0.000000000000000000e+00 1.062308433229384264e+01
1.529771311952240751e+02 0.000000000000000000e+00 1.057894887420250107e+01
1.530276943323892169e+02 0.000000000000000000e+00 1.062200669470431791e+01
1.531491622082987760e+02 0.000000000000000000e+00 1.071727748691099436e+01
1.531895974594455367e+02 0.000000000000000000e+00 1.075040769032701071e+01
1.531809477488818345e+02 0.000000000000000000e+00 1.071517943142696438e+01
1.530265785483363459e+02 0.000000000000000000e+00 1.070993429271688591e+01
1.528386023135830101e+02 0.000000000000000000e+00 1.060886523808161463e+01
1.525475066517895470e+02 0.000000000000000000e+00 1.042209061692367911e+01
1.523862329413784096e+02 0.000000000000000000e+00 1.033530741281149012e+01
1.522913340771893616e+02 0.000000000000000000e+00 1.029270734986982561e+01
1.522845153968662544e+02 0.000000000000000000e+00 1.026997205771559862e+01
1.522212399507910732e+02 0.000000000000000000e+00 1.019507147693569493e+01
1.521971695324197356e+02 0.000000000000000000e+00 1.036661612260273380e+01
1.521892446046595921e+02 0.000000000000000000e+00 1.034817230757493434e+01
1.523083664730733631e+02 0.000000000000000000e+00 1.048979105274702306e+01
1.524274406584079600e+02 0.000000000000000000e+00 1.054901343709171435e+01
1.524587207583516886e+02 0.000000000000000000e+00 1.059282465024461395e+01
1.525238367712833565e+02 0.000000000000000000e+00 1.055632802143831306e+01
1.526382666247055511e+02 0.000000000000000000e+00 1.055587980049399732e+01
1.525759829866773600e+02 0.000000000000000000e+00 1.050418180604430773e+01
1.526614978208832838e+02 0.000000000000000000e+00 1.046449994754861201e+01
1.527676689649910884e+02 0.000000000000000000e+00 1.049701980755109254e+01
1.528116804470765544e+02 0.000000000000000000e+00 1.056122984197827641e+01
