1.595056681681681710e+02 0.000000000000000000e+00 1.592911036036035988e+01
1.595177271021020999e+02 0.000000000000000000e+00 1.594118806306306269e+01
1.595054617117117175e+02 0.000000000000000000e+00 1.599908033033032950e+01
1.594278622372372354e+02 0.000000000000000000e+00 1.602046734234234293e+01
1.594403340840840713e+02 0.000000000000000000e+00 1.594986861861861804e+01
1.594710210210210164e+02 0.000000000000000000e+00 1.488246996996996963e+01
1.592844969969970066e+02 0.000000000000000000e+00 1.413053678678678615e+01
1.593704391891891987e+02 0.000000000000000000e+00 1.408875750750750733e+01
1.593818036786786649e+02 0.000000000000000000e+00 1.406388888888888822e+01
1.595173798798798828e+02 0.000000000000000000e+00 1.402480292792792760e+01
1.596213776276276235e+02 0.000000000000000000e+00 1.400420420420420342e+01
1.597153059309309242e+02 0.000000000000000000e+00 1.400838025525525588e+01
1.595509196696696677e+02 0.000000000000000000e+00 1.404357169669669680e+01
1.593625187687687799e+02 0.000000000000000000e+00 1.408696509009008935e+01
1.593014921171171068e+02 0.000000000000000000e+00 1.410442942942942857e+01
1.590599662162162247e+02 0.000000000000000000e+00 1.401374812312312379e+01
1.587993055555555486e+02 0.000000000000000000e+00 1.392794669669669716e+01
1.584729072822822786e+02 0.000000000000000000e+00 1.364544857357357444e+01
1.583614771021020999e+02 0.000000000000000000e+00 1.355292792792792866e+01
1.582785097597597712e+02 0.000000000000000000e+00 1.343987424924924845e+01
1.581947728978979058e+02 0.000000000000000000e+00 1.342100225225225252e+01
1.581933370870870874e+02 0.000000000000000000e+00 1.341519331831831785e+01
1.584176614114114159e+02 0.000000000000000000e+00 1.354007132132132085e+01
1.585719313063063112e+02 0.000000000000000000e+00 1.360505818318318383e+01
1.587341497747747781e+02 0.000000000000000000e+00 1.374176989489489564e+01
1.588722222222222342e+02 0.000000000000000000e+00 1.379682807807807876e+01
1.589549643393393410e+02 0.000000000000000000e+00 1.380302177177177114e+01
1.589991084834834965e+02 0.000000000000000000e+00 1.382550675675675755e+01
1.589580611861861996e+02 0.000000000000000000e+00 1.372353603603603567e+01
1.590411786786786763e+02 0.000000000000000000e+00 1.369831081081081159e+01
1.590879692192192181e+02 0.000000000000000000e+00 1.377552552552552534e+01
1.591813532282282324e+02 0.000000000000000000e+00 1.376560623123123150e+01
1.590714714714714830e+02 0.000000000000000000e+00 1.376219031531531556e+01
1.589939376876876906e+02 0.000000000000000000e+00 1.380046921921921843e+01
1.589370589339339404e+02 0.000000000000000000e+00 1.377961711711711779e+01
1.587755630630630606e+02 0.000000000000000000e+00 1.376292229729729755e+01
1.589487706456456522e+02 0.000000000000000000e+00 1.380231794294294367e+01
1.589688063063063055e+02 0.000000000000000000e+00 1.384567379879879923e+01
1.590999906156156101e+02 0.000000000000000000e+00 1.393431869369369380e+01
1.591490803303303210e+02 0.000000000000000000e+00 1.396880630630630549e+01
1.592498686186186205e+02 0.000000000000000000e+00 1.397238175675675720e+01
1.591839433183183132e+02 0.000000000000000000e+00 1.399987800300300300e+01
1.591684215465465400e+02 0.000000000000000000e+00 1.395106981981981953e+01
1.591136824324324266e+02 0.000000000000000000e+00 1.383161599099099170e+01
1.590973348348348395e+02 0.000000000000000000e+00 1.378768768768768815e+01
1.590728509759759675e+02 0.000000000000000000e+00 1.379305555555555607e+01
1.591242680180180287e+02 0.000000000000000000e+00 1.380141704204204167e+01
1.592781249999999886e+02 0.000000000000000000e+00 1.396023836336336288e+01
1.592430461711711587e+02 0.000000000000000000e+00 1.401323198198198128e+01
1.592663475975975871e+02 0.000000000000000000e+00 1.398483483483483525e+01
1.592524117867867801e+02 0.000000000000000000e+00 1.396420795795795833e+01
1.591679804804804803e+02 0.000000000000000000e+00 1.395882132132132192e+01
1.589042417417417425e+02 0.000000000000000000e+00 1.378143768768768851e+01
1.587406249999999943e+02 0.000000000000000000e+00 1.361722972972972912e+01
1.585801895645645629e+02 0.000000000000000000e+00 1.351088588588588557e+01
1.585517830330330469e+02 0.000000000000000000e+00 1.348887950450450468e+01
1.585637199699699806e+02 0.000000000000000000e+00 1.351142079579579658e+01
1.586913475975975985e+02 0.000000000000000000e+00 1.359734421921921843e+01
1.588809027777777771e+02 0.000000000000000000e+00 1.366986674174174254e+01
1.589813813813813681e+02 0.000000000000000000e+00 1.365916854354354371e+01
1.591902965465465343e+02 0.000000000000000000e+00 1.371870307807807876e+01
1.591769331831831948e+02 0.000000000000000000e+00 1.371880630630630549e+01
1.591988269519519577e+02 0.000000000000000000e+00 1.367870683183183189e+01
1.591116647897897849e+02 0.000000000000000000e+00 1.367159346846846901e+01
1.591430367867867801e+02 0.000000000000000000e+00 1.368739677177177150e+01
1.591791197447447530e+02 0.000000000000000000e+00 1.367935435435435387e+01
1.591512762762762634e+02 0.000000000000000000e+00 1.363170045045045065e+01
1.591515484234234350e+02 0.000000000000000000e+00 1.370294669669669751e+01
1.590641516516516560e+02 0.000000000000000000e+00 1.372078641141141198e+01
1.590972034534534600e+02 0.000000000000000000e+00 1.376903153153153170e+01
1.590800769519519520e+02 0.000000000000000000e+00 1.381141141141141127e+01
1.591572259759759618e+02 0.000000000000000000e+00 1.384429429429429348e+01
1.593265202702702652e+02 0.000000000000000000e+00 1.394222972972973018e+01
1.594546734234234293e+02 0.000000000000000000e+00 1.404732545045045100e+01
1.595598629879879979e+02 0.000000000000000000e+00 1.404878941441441498e+01
1.595039039039039039e+02 0.000000000000000000e+00 1.402105855855855943e+01
1.595606888138138117e+02 0.000000000000000000e+00 1.401382319819819777e+01
1.596234515765765707e+02 0.000000000000000000e+00 1.401269707207207205e+01
1.597087650150150182e+02 0.000000000000000000e+00 1.410298423423423486e+01
1.598220345345345379e+02 0.000000000000000000e+00 1.411995120120120184e+01
1.598765108858858923e+02 0.000000000000000000e+00 1.420091028528528554e+01
1.598844969969970009e+02 0.000000000000000000e+00 1.425426989489489493e+01
1.598170983483483383e+02 0.000000000000000000e+00 1.424729729729729755e+01
1.597997184684684555e+02 0.000000000000000000e+00 1.417435247747747695e+01
1.598383539789789722e+02 0.000000000000000000e+00 1.414086899399399400e+01
1.598833614864864785e+02 0.000000000000000000e+00 1.415625938438438425e+01
1.599318036786786763e+02 0.000000000000000000e+00 1.417469031531531520e+01
1.597592623873873947e+02 0.000000000000000000e+00 1.421402965465465407e+01
1.592948292042042056e+02 0.000000000000000000e+00 1.412422109609609677e+01
1.589467436186186262e+02 0.000000000000000000e+00 1.399213588588588664e+01
1.586285285285285340e+02 0.000000000000000000e+00 1.398260135135135052e+01
1.585881006006005975e+02 0.000000000000000000e+00 1.401832770270270245e+01
1.585627158408408377e+02 0.000000000000000000e+00 1.383654279279279287e+01
1.585375656906906841e+02 0.000000000000000000e+00 1.381089527027027053e+01
1.584753378378378272e+02 0.000000000000000000e+00 1.377512199699699735e+01
1.585030405405405531e+02 0.000000000000000000e+00 1.375941253753753735e+01
1.585016047297297348e+02 0.000000000000000000e+00 1.377692379879879958e+01
1.587394425675675791e+02 0.000000000000000000e+00 1.385917792792792724e+01
1.588675300300300250e+02 0.000000000000000000e+00 1.392256006006006075e+01
1.588616084834834794e+02 0.000000000000000000e+00 1.392352665165165249e+01
1.588348066816816697e+02 0.000000000000000000e+00 1.406294106606606675e+01
1.588392361111111200e+02 0.000000000000000000e+00 1.404936186186186120e+01
1.589193036786786877e+02 0.000000000000000000e+00 1.396175863363363412e+01
1.589284909909909800e+02 0.000000000000000000e+00 1.393857920420420449e+01
1.590586993243243228e+02 0.000000000000000000e+00 1.395381944444444500e+01
1.590474756006005919e+02 0.000000000000000000e+00 1.391242492492492566e+01
1.590912537537537617e+02 0.000000000000000000e+00 1.395746058558558644e+01
1.593110172672672604e+02 0.000000000000000000e+00 1.400838963963964012e+01
1.594308277027027145e+02 0.000000000000000000e+00 1.404043731231231185e+01
1.595572447447447360e+02 0.000000000000000000e+00 1.406922860360360339e+01
1.595813626126126223e+02 0.000000000000000000e+00 1.408587650150150239e+01
1.596388795045045015e+02 0.000000000000000000e+00 1.414710022522522515e+01
1.594341497747747667e+02 0.000000000000000000e+00 1.403114677177177150e+01
1.593779091591591452e+02 0.000000000000000000e+00 1.396222785285285362e+01
1.592492304804804917e+02 0.000000000000000000e+00 1.386052927927927847e+01
1.591534253003003130e+02 0.000000000000000000e+00 1.386341028528528518e+01
1.591583990240240212e+02 0.000000000000000000e+00 1.383143768768768744e+01
1.594617023273273162e+02 0.000000000000000000e+00 1.400554617117117040e+01
1.597801144894894776e+02 0.000000000000000000e+00 1.410022522522522515e+01
1.598822728978979058e+02 0.000000000000000000e+00 1.416168355855855943e+01
1.601086524024024129e+02 0.000000000000000000e+00 1.425222409909909871e+01
1.598694444444444400e+02 0.000000000000000000e+00 1.409221096096096026e+01
1.595016234984985033e+02 0.000000000000000000e+00 1.391052927927927918e+01
1.591316253753753642e+02 0.000000000000000000e+00 1.377745870870870881e+01
1.588810904654654621e+02 0.000000000000000000e+00 1.370249624624624651e+01
1.588062593843843899e+02 0.000000000000000000e+00 1.367377064564564648e+01
1.588041948198198270e+02 0.000000000000000000e+00 1.371924737237237224e+01
1.589146677927927840e+02 0.000000000000000000e+00 1.380533033033032986e+01
1.589041385135135158e+02 0.000000000000000000e+00 1.384095345345345329e+01
1.588896208708708571e+02 0.000000000000000000e+00 1.387595720720720749e+01
1.589753566066065957e+02 0.000000000000000000e+00 1.393199136636636659e+01
1.589826764264264227e+02 0.000000000000000000e+00 1.392541291291291294e+01
1.589206081081080981e+02 0.000000000000000000e+00 1.387037349849849832e+01
1.588713213213213180e+02 0.000000000000000000e+00 1.392159346846846901e+01
1.587309872372372297e+02 0.000000000000000000e+00 1.386635698198198163e+01
1.587329016516516447e+02 0.000000000000000000e+00 1.382339527027026982e+01
1.587557057057057079e+02 0.000000000000000000e+00 1.381387950450450397e+01
1.587918825075074949e+02 0.000000000000000000e+00 1.385853978978978951e+01
1.588807432432432449e+02 0.000000000000000000e+00 1.383050863363363447e+01
1.589111298798798657e+02 0.000000000000000000e+00 1.385646584084084054e+01
1.589834177927928067e+02 0.000000000000000000e+00 1.391897522522522479e+01
1.590399680930930799e+02 0.000000000000000000e+00 1.390293731231231256e+01
1.590956644144144150e+02 0.000000000000000000e+00 1.398969594594594668e+01
1.591018581081081038e+02 0.000000000000000000e+00 1.406124249249249303e+01
1.591910942192192238e+02 0.000000000000000000e+00 1.414585210210210242e+01
1.592368712462462383e+02 0.000000000000000000e+00 1.412441816816816775e+01
1.592499249249249260e+02 0.000000000000000000e+00 1.415995683183183118e+01
1.591676895645645686e+02 0.000000000000000000e+00 1.402012950450450468e+01
1.591377346096096232e+02 0.000000000000000000e+00 1.397583521021021014e+01
1.590847597597597485e+02 0.000000000000000000e+00 1.388250750750750839e+01
1.591293168168168108e+02 0.000000000000000000e+00 1.389936186186186262e+01
1.591396959459459595e+02 0.000000000000000000e+00 1.388187875375375313e+01
1.592667698948949067e+02 0.000000000000000000e+00 1.390716966966967050e+01
1.594103791291291259e+02 0.000000000000000000e+00 1.403939564564564613e+01
1.594689752252252219e+02 0.000000000000000000e+00 1.407994557057057072e+01
1.594434778528528511e+02 0.000000000000000000e+00 1.404445382882882853e+01
1.592033502252252219e+02 0.000000000000000000e+00 1.396076388888888964e+01
1.589955424174174254e+02 0.000000000000000000e+00 1.382359234234234258e+01
1.588033033033032950e+02 0.000000000000000000e+00 1.362299174174174254e+01
1.588165634384384362e+02 0.000000000000000000e+00 1.365929992492492495e+01
1.587950638138138117e+02 0.000000000000000000e+00 1.365701013513513473e+01
1.588407188438438311e+02 0.000000000000000000e+00 1.366659159159159209e+01
1.589725882132132142e+02 0.000000000000000000e+00 1.376302552552552605e+01
1.589043074324324323e+02 0.000000000000000000e+00 1.374624624624624580e+01
1.590235172672672661e+02 0.000000000000000000e+00 1.386655405405405439e+01
1.590332582582582575e+02 0.000000000000000000e+00 1.390682244744744800e+01
1.590706081081081038e+02 0.000000000000000000e+00 1.396794294294294225e+01
1.590722503753753756e+02 0.000000000000000000e+00 1.396010698198198163e+01
1.590994932432432449e+02 0.000000000000000000e+00 1.392131193693693625e+01
1.591884196696696563e+02 0.000000000000000000e+00 1.395215840840840826e+01
1.592385322822822786e+02 0.000000000000000000e+00 1.395139827327327353e+01
1.592843750000000114e+02 0.000000000000000000e+00 1.398644894894894897e+01
1.592429054054053950e+02 0.000000000000000000e+00 1.399797297297297227e+01
1.593121433933933986e+02 0.000000000000000000e+00 1.406979166666666714e+01
1.594371621621621671e+02 0.000000000000000000e+00 1.415840840840840897e+01
1.595627533783783747e+02 0.000000000000000000e+00 1.419431306306306340e+01
1.595106794294294161e+02 0.000000000000000000e+00 1.419574887387387463e+01
1.594248498498498634e+02 0.000000000000000000e+00 1.419572072072072011e+01
1.593398742492492488e+02 0.000000000000000000e+00 1.418644894894894826e+01
1.592804335585585704e+02 0.000000000000000000e+00 1.419057807807807770e+01
1.592736486486486456e+02 0.000000000000000000e+00 1.407576951951952005e+01
1.592433558558558673e+02 0.000000000000000000e+00 1.413428115615615610e+01
1.593414789789789836e+02 0.000000000000000000e+00 1.409833896396396469e+01
1.593703171921922035e+02 0.000000000000000000e+00 1.394646208708708635e+01
1.593983483483483496e+02 0.000000000000000000e+00 1.384644331831831821e+01
1.593441066066066014e+02 0.000000000000000000e+00 1.375302177177177221e+01
1.593844031531531584e+02 0.000000000000000000e+00 1.376388888888888928e+01
1.593344876126126053e+02 0.000000000000000000e+00 1.375778903903903938e+01
1.593717060810810722e+02 0.000000000000000000e+00 1.383233858858858945e+01
1.592817473723723651e+02 0.000000000000000000e+00 1.380150150150150168e+01
1.590409909909909913e+02 0.000000000000000000e+00 1.370542417417417447e+01
1.587209647147147109e+02 0.000000000000000000e+00 1.354357169669669680e+01
1.585322728978979114e+02 0.000000000000000000e+00 1.348482545045045100e+01
1.585001313813813795e+02 0.000000000000000000e+00 1.356546546546546494e+01
1.583909346846846802e+02 0.000000000000000000e+00 1.358057432432432421e+01
1.584487987987988049e+02 0.000000000000000000e+00 1.371823385885885926e+01
1.585021771771771739e+02 0.000000000000000000e+00 1.376595345345345400e+01
1.584448667417417482e+02 0.000000000000000000e+00 1.370381944444444500e+01
1.583614207957957944e+02 0.000000000000000000e+00 1.360703828828828854e+01
1.584565033783783861e+02 0.000000000000000000e+00 1.364693130630630691e+01
1.584518768768768666e+02 0.000000000000000000e+00 1.363359609609609535e+01
1.584748029279279251e+02 0.000000000000000000e+00 1.358579204204204238e+01
1.584706925675675677e+02 0.000000000000000000e+00 1.357180930930930884e+01
1.585129786036036137e+02 0.000000000000000000e+00 1.355568693693693660e+01
1.585657188438438538e+02 0.000000000000000000e+00 1.353076201201201201e+01
1.586349286786786763e+02 0.000000000000000000e+00 1.351693881381381424e+01
1.587226163663663669e+02 0.000000000000000000e+00 1.350372560060060145e+01
1.587172578828828762e+02 0.000000000000000000e+00 1.355671921921921985e+01
1.588222222222222229e+02 0.000000000000000000e+00 1.363180367867867915e+01
1.588436561561561575e+02 0.000000000000000000e+00 1.366435810810810736e+01
1.589429898648648702e+02 0.000000000000000000e+00 1.371845908408408476e+01
1.589892642642642784e+02 0.000000000000000000e+00 1.376663851351351298e+01
1.589358389639639597e+02 0.000000000000000000e+00 1.375783596096096062e+01
1.588198761261261325e+02 0.000000000000000000e+00 1.370658783783783718e+01
1.588603603603603744e+02 0.000000000000000000e+00 1.372545045045045065e+01
1.588395176426426474e+02 0.000000000000000000e+00 1.375136073573573547e+01
1.587561561561561518e+02 0.000000000000000000e+00 1.370414789789789722e+01
1.590769050300300194e+02 0.000000000000000000e+00 1.375732920420420413e+01
1.592841685435435295e+02 0.000000000000000000e+00 1.376648836336336323e+01
1.594852383633633508e+02 0.000000000000000000e+00 1.383597972972972912e+01
1.595725131381381345e+02 0.000000000000000000e+00 1.384396584084084125e+01
1.596497747747747837e+02 0.000000000000000000e+00 1.383863551051051033e+01
1.596008070570570681e+02 0.000000000000000000e+00 1.376996058558558644e+01
1.593090183933933872e+02 0.000000000000000000e+00 1.366013513513513544e+01
1.589754786036035910e+02 0.000000000000000000e+00 1.347181869369369345e+01
1.587241741741741805e+02 0.000000000000000000e+00 1.340963776276276320e+01
1.584862612612612622e+02 0.000000000000000000e+00 1.338138138138138089e+01
1.585307150900900979e+02 0.000000000000000000e+00 1.337220345345345329e+01
1.585711054804804689e+02 0.000000000000000000e+00 1.345264639639639626e+01
1.586126407657657751e+02 0.000000000000000000e+00 1.350191441441441498e+01
1.586529091591591509e+02 0.000000000000000000e+00 1.351878753753753770e+01
1.587414414414414523e+02 0.000000000000000000e+00 1.352383633633633586e+01
1.588549831081081152e+02 0.000000000000000000e+00 1.350623123123123115e+01
1.588842905405405475e+02 0.000000000000000000e+00 1.352193130630630691e+01
1.587949042792792795e+02 0.000000000000000000e+00 1.346350412912912908e+01
1.587784253003003130e+02 0.000000000000000000e+00 1.344670608108108034e+01
1.586885698198198327e+02 0.000000000000000000e+00 1.340700075075075048e+01
1.586540540540540576e+02 0.000000000000000000e+00 1.351380442942942928e+01
1.586977759009008935e+02 0.000000000000000000e+00 1.350682244744744764e+01
1.588350037537537673e+02 0.000000000000000000e+00 1.359721283783783718e+01
1.590269425675675734e+02 0.000000000000000000e+00 1.365030030030029984e+01
1.590167511261261382e+02 0.000000000000000000e+00 1.367487800300300371e+01
1.591548423423423344e+02 0.000000000000000000e+00 1.368043355855855836e+01
1.592881756756756886e+02 0.000000000000000000e+00 1.372719594594594561e+01
1.593511073573573640e+02 0.000000000000000000e+00 1.363205705705705739e+01
1.594724380630630662e+02 0.000000000000000000e+00 1.364289602102102172e+01
1.595334647147147109e+02 0.000000000000000000e+00 1.368565127627627653e+01
1.594612518768768723e+02 0.000000000000000000e+00 1.367113363363363376e+01
1.595879222972972968e+02 0.000000000000000000e+00 1.371897522522522550e+01
1.597510228978979114e+02 0.000000000000000000e+00 1.383023648648648596e+01
1.598254129129129240e+02 0.000000000000000000e+00 1.390373498498498428e+01
1.598316347597597655e+02 0.000000000000000000e+00 1.394419106606606640e+01
1.599998967717717733e+02 0.000000000000000000e+00 1.388232920420420413e+01
1.601026088588588721e+02 0.000000000000000000e+00 1.385384759759759810e+01
1.601976445195195140e+02 0.000000000000000000e+00 1.389629316816816740e+01
1.602302177177177214e+02 0.000000000000000000e+00 1.388427177177177185e+01
1.600947822822822957e+02 0.000000000000000000e+00 1.379242680180180258e+01
1.598261824324324323e+02 0.000000000000000000e+00 1.363182244744744764e+01
1.596384384384384418e+02 0.000000000000000000e+00 1.357720533033032950e+01
1.596207113363363419e+02 0.000000000000000000e+00 1.358304241741741691e+01
1.597838870120120021e+02 0.000000000000000000e+00 1.361328828828828819e+01
1.598262575075075063e+02 0.000000000000000000e+00 1.366232169669669716e+01
1.597827608858858923e+02 0.000000000000000000e+00 1.363892642642642627e+01
1.596627627627627533e+02 0.000000000000000000e+00 1.369096283783783718e+01
1.595471565315315274e+02 0.000000000000000000e+00 1.365340653153153205e+01
1.594900900900900922e+02 0.000000000000000000e+00 1.361182432432432421e+01
1.594750750750750683e+02 0.000000000000000000e+00 1.364772897897897863e+01
1.593489114114114216e+02 0.000000000000000000e+00 1.355954391891891930e+01
1.593981043543543592e+02 0.000000000000000000e+00 1.359745683183183118e+01
1.593171546546546438e+02 0.000000000000000000e+00 1.355480480480480487e+01
1.593456081081081095e+02 0.000000000000000000e+00 1.360135135135135087e+01
1.593238175675675734e+02 0.000000000000000000e+00 1.360627815315315381e+01
1.595030123873874004e+02 0.000000000000000000e+00 1.362699887387387321e+01
1.595934872372372411e+02 0.000000000000000000e+00 1.364045608108108176e+01
1.596525525525525495e+02 0.000000000000000000e+00 1.371727665165165178e+01
1.597171921921921864e+02 0.000000000000000000e+00 1.373658971471471446e+01
1.598160472972973025e+02 0.000000000000000000e+00 1.382563813813813880e+01
1.598157657657657751e+02 0.000000000000000000e+00 1.374343093093093060e+01
1.597729072822822900e+02 0.000000000000000000e+00 1.364557057057057143e+01
1.598736955705705611e+02 0.000000000000000000e+00 1.362932620120120042e+01
1.598949793543543478e+02 0.000000000000000000e+00 1.361312875375375420e+01
1.599099756006006032e+02 0.000000000000000000e+00 1.355779842342342256e+01
1.598397804054054063e+02 0.000000000000000000e+00 1.368900150150150097e+01
1.597961993243243342e+02 0.000000000000000000e+00 1.372316066066066043e+01
1.597657188438438425e+02 0.000000000000000000e+00 1.379654654654654600e+01
1.598206737987987935e+02 0.000000000000000000e+00 1.384311186186186227e+01
1.598487049549549681e+02 0.000000000000000000e+00 1.389817942942942963e+01
1.598754129129129069e+02 0.000000000000000000e+00 1.390099474474474484e+01
1.598004692192192238e+02 0.000000000000000000e+00 1.386360735735735794e+01
1.595211805555555600e+02 0.000000000000000000e+00 1.370311561561561575e+01
1.594011448948948839e+02 0.000000000000000000e+00 1.363344594594594561e+01
1.592212556306306226e+02 0.000000000000000000e+00 1.357542229729729755e+01
1.592106888138138174e+02 0.000000000000000000e+00 1.358046171171171146e+01
1.591969594594594639e+02 0.000000000000000000e+00 1.353682432432432492e+01
1.592896114864864785e+02 0.000000000000000000e+00 1.356059496996996927e+01
1.592984421921921978e+02 0.000000000000000000e+00 1.352038288288288292e+01
1.593245964714714660e+02 0.000000000000000000e+00 1.358814752252252234e+01
1.592318036786786877e+02 0.000000000000000000e+00 1.353984609609609535e+01
1.590712274774774642e+02 0.000000000000000000e+00 1.348648648648648596e+01
1.589684778528528568e+02 0.000000000000000000e+00 1.346265015015015010e+01
1.588186749249249203e+02 0.000000000000000000e+00 1.347560060060060039e+01
1.587649399399399499e+02 0.000000000000000000e+00 1.338036786786786791e+01
1.588050769519519463e+02 0.000000000000000000e+00 1.329153528528528483e+01
1.589423986486486626e+02 0.000000000000000000e+00 1.332667042042042027e+01
1.590302271021020886e+02 0.000000000000000000e+00 1.337621058558558573e+01
1.591158596096096005e+02 0.000000000000000000e+00 1.341844031531531556e+01
1.591635135135135215e+02 0.000000000000000000e+00 1.341906906906906904e+01
1.590740427927927954e+02 0.000000000000000000e+00 1.338627064564564506e+01
1.590181400150150068e+02 0.000000000000000000e+00 1.335913100600600600e+01
1.589629504504504496e+02 0.000000000000000000e+00 1.332950450450450397e+01
1.589240897147147109e+02 0.000000000000000000e+00 1.326739864864864948e+01
1.588908314564564535e+02 0.000000000000000000e+00 1.332386448948948932e+01
1.590870777027027145e+02 0.000000000000000000e+00 1.347359234234234293e+01
1.592148742492492488e+02 0.000000000000000000e+00 1.361306306306306269e+01
1.594396302552552527e+02 0.000000000000000000e+00 1.377722409909909906e+01
1.594715840840840713e+02 0.000000000000000000e+00 1.380274962462462440e+01
1.596189564564564591e+02 0.000000000000000000e+00 1.390545232732732650e+01
1.596063156906906784e+02 0.000000000000000000e+00 1.384226726726726753e+01
1.595435810810810722e+02 0.000000000000000000e+00 1.379082207207207134e+01
1.595450168918918905e+02 0.000000000000000000e+00 1.376960397897897970e+01
1.595393956456456408e+02 0.000000000000000000e+00 1.379059684684684761e+01
1.595782469969969952e+02 0.000000000000000000e+00 1.376278153153153205e+01
1.595415352852852777e+02 0.000000000000000000e+00 1.378314564564564648e+01
1.594192755255255349e+02 0.000000000000000000e+00 1.369178866366366343e+01
1.592140296546546665e+02 0.000000000000000000e+00 1.360909346846846901e+01
1.590569913663663613e+02 0.000000000000000000e+00 1.356815878378378315e+01
1.589866647897897849e+02 0.000000000000000000e+00 1.356309121621621649e+01
1.590601726726726781e+02 0.000000000000000000e+00 1.363025525525525516e+01
1.590698667417417482e+02 0.000000000000000000e+00 1.357833145645645700e+01
1.591884384384384248e+02 0.000000000000000000e+00 1.370057244744744729e+01
1.592837650150150068e+02 0.000000000000000000e+00 1.373742492492492495e+01
1.594475975975975928e+02 0.000000000000000000e+00 1.382088963963964012e+01
1.596144801051051161e+02 0.000000000000000000e+00 1.382112424924924987e+01
1.596097128378378329e+02 0.000000000000000000e+00 1.384047484984984955e+01
1.596153716216216196e+02 0.000000000000000000e+00 1.387240990990991030e+01
1.596125093843843956e+02 0.000000000000000000e+00 1.388969594594594525e+01
1.596210491741741748e+02 0.000000000000000000e+00 1.386410472972973018e+01
1.595241554054053950e+02 0.000000000000000000e+00 1.379820758258258273e+01
1.595072822822822900e+02 0.000000000000000000e+00 1.372353603603603567e+01
1.595757601351351411e+02 0.000000000000000000e+00 1.374451951951951933e+01
1.596116647897897849e+02 0.000000000000000000e+00 1.374843280780780752e+01
1.597566816816816697e+02 0.000000000000000000e+00 1.381524024024023944e+01
1.598805743243243285e+02 0.000000000000000000e+00 1.380225225225225216e+01
1.599150150150150012e+02 0.000000000000000000e+00 1.381652590090090094e+01
1.599462274774774642e+02 0.000000000000000000e+00 1.380855855855855907e+01
1.599658033033032893e+02 0.000000000000000000e+00 1.378743430930930991e+01
1.599679710960961074e+02 0.000000000000000000e+00 1.383103415915915946e+01
1.599607732732732757e+02 0.000000000000000000e+00 1.392034534534534451e+01
1.599495026276276235e+02 0.000000000000000000e+00 1.389755067567567615e+01
1.599452045795795812e+02 0.000000000000000000e+00 1.393462837837837753e+01
1.599219313063063055e+02 0.000000000000000000e+00 1.388831644144144128e+01
1.599519707207207091e+02 0.000000000000000000e+00 1.393643018018017976e+01
1.600136824324324323e+02 0.000000000000000000e+00 1.391951013513513580e+01
1.600830518018018154e+02 0.000000000000000000e+00 1.388399962462462511e+01
1.601818975225225188e+02 0.000000000000000000e+00 1.390964714714714745e+01
1.602432620120120248e+02 0.000000000000000000e+00 1.393886073573573547e+01
1.603775150150150068e+02 0.000000000000000000e+00 1.396843093093093024e+01
1.603408971471471602e+02 0.000000000000000000e+00 1.402359234234234187e+01
1.603318787537537560e+02 0.000000000000000000e+00 1.407227852852852834e+01
1.602307901651651605e+02 0.000000000000000000e+00 1.406397334834834822e+01
1.598592342342342363e+02 0.000000000000000000e+00 1.393065878378378386e+01
1.596167417417417482e+02 0.000000000000000000e+00 1.391367304804804839e+01
1.595278246996996927e+02 0.000000000000000000e+00 1.380929992492492531e+01
1.595466779279279308e+02 0.000000000000000000e+00 1.377850037537537453e+01
1.595559590840840940e+02 0.000000000000000000e+00 1.378946133633633586e+01
1.596082207207207091e+02 0.000000000000000000e+00 1.381453641141141198e+01
1.596463494744744764e+02 0.000000000000000000e+00 1.379508258258258202e+01
1.596415915915915775e+02 0.000000000000000000e+00 1.386585960960960939e+01
1.594831550300300194e+02 0.000000000000000000e+00 1.377191253753753841e+01
1.594222222222222172e+02 0.000000000000000000e+00 1.381490240240240297e+01
1.594545232732732813e+02 0.000000000000000000e+00 1.382752439939939926e+01
1.594427458708708798e+02 0.000000000000000000e+00 1.390734797297297298e+01
1.593940503003003073e+02 0.000000000000000000e+00 1.377968280780780752e+01
1.593232826576576713e+02 0.000000000000000000e+00 1.371204954954954935e+01
1.592557150900900922e+02 0.000000000000000000e+00 1.363154091591591666e+01
1.591732451201201286e+02 0.000000000000000000e+00 1.353341779279279322e+01
1.591838307057057023e+02 0.000000000000000000e+00 1.355564001501501536e+01
1.593316722972973025e+02 0.000000000000000000e+00 1.363817567567567579e+01
1.594394613363363362e+02 0.000000000000000000e+00 1.383460960960960939e+01
1.594890390390390280e+02 0.000000000000000000e+00 1.387248498498498428e+01
1.595859234234234236e+02 0.000000000000000000e+00 1.394933370870870881e+01
1.596100225225225131e+02 0.000000000000000000e+00 1.395069444444444429e+01
1.596677458708708741e+02 0.000000000000000000e+00 1.396161786786786863e+01
1.596339339339339460e+02 0.000000000000000000e+00 1.393210397897897934e+01
1.596641234984984976e+02 0.000000000000000000e+00 1.394268018018017941e+01
1.597122935435435522e+02 0.000000000000000000e+00 1.387920420420420342e+01
1.597575356606606647e+02 0.000000000000000000e+00 1.389485735735735794e+01
1.600389733483483496e+02 0.000000000000000000e+00 1.392881006006006039e+01
1.602141141141141247e+02 0.000000000000000000e+00 1.394179804804804768e+01
1.597928397147147166e+02 0.000000000000000000e+00 1.374323385885885962e+01
1.597014264264264227e+02 0.000000000000000000e+00 1.370172672672672753e+01
1.597560998498498464e+02 0.000000000000000000e+00 1.371080142642642663e+01
1.595797578828828875e+02 0.000000000000000000e+00 1.371786786786786827e+01
1.592458990240240269e+02 0.000000000000000000e+00 1.372078641141141198e+01
1.591109046546546608e+02 0.000000000000000000e+00 1.372579767267267314e+01
1.590450356606606590e+02 0.000000000000000000e+00 1.374269894894894861e+01
1.589071509009008878e+02 0.000000000000000000e+00 1.372320758258258344e+01
1.586265671921921978e+02 0.000000000000000000e+00 1.363368993993993961e+01
1.583412162162162247e+02 0.000000000000000000e+00 1.351197447447447431e+01
1.581212931681681653e+02 0.000000000000000000e+00 1.336795232732732686e+01
1.581423798798798828e+02 0.000000000000000000e+00 1.340336899399399329e+01
1.580486955705705725e+02 0.000000000000000000e+00 1.338662725225225181e+01
1.581377909159159287e+02 0.000000000000000000e+00 1.339805743243243263e+01
1.581782094594594525e+02 0.000000000000000000e+00 1.332608858858858802e+01
1.582766141141141247e+02 0.000000000000000000e+00 1.332031719219219212e+01
1.582883539789789893e+02 0.000000000000000000e+00 1.332276651651651633e+01
1.583529373123123207e+02 0.000000000000000000e+00 1.330919669669669680e+01
1.584417886636636581e+02 0.000000000000000000e+00 1.343506944444444429e+01
1.584929617117117004e+02 0.000000000000000000e+00 1.346631006006006004e+01
1.585016891891891930e+02 0.000000000000000000e+00 1.354839527027026946e+01
1.583441722972972912e+02 0.000000000000000000e+00 1.348856043543543493e+01
1.584075262762762861e+02 0.000000000000000000e+00 1.352491554054054035e+01
1.583524962462462327e+02 0.000000000000000000e+00 1.338891704204204203e+01
1.584828734984984919e+02 0.000000000000000000e+00 1.340081644144144057e+01
1.585518111861861996e+02 0.000000000000000000e+00 1.338627064564564506e+01
1.586179898648648532e+02 0.000000000000000000e+00 1.345701013513513544e+01
1.587005724474474562e+02 0.000000000000000000e+00 1.343351163663663606e+01
1.588346283783783690e+02 0.000000000000000000e+00 1.342148085585585626e+01
1.589977102102102151e+02 0.000000000000000000e+00 1.343639264264264277e+01
1.591449136636636581e+02 0.000000000000000000e+00 1.345670045045044994e+01
1.593556306306306283e+02 0.000000000000000000e+00 1.349123498498498464e+01
1.593368712462462327e+02 0.000000000000000000e+00 1.349817004504504503e+01
1.593142736486486513e+02 0.000000000000000000e+00 1.365538663663663677e+01
1.592194162912912816e+02 0.000000000000000000e+00 1.363760322822822779e+01
1.591903246996996870e+02 0.000000000000000000e+00 1.367871621621621614e+01
1.591128096846846915e+02 0.000000000000000000e+00 1.363466591591591559e+01
1.591361580330330412e+02 0.000000000000000000e+00 1.370645645645645594e+01
1.593057432432432563e+02 0.000000000000000000e+00 1.367030780780780752e+01
1.594130630630630492e+02 0.000000000000000000e+00 1.366116741741741691e+01
1.594907751501501423e+02 0.000000000000000000e+00 1.368509759759759703e+01
1.594875469219219326e+02 0.000000000000000000e+00 1.362558183183183225e+01
1.594521959459459595e+02 0.000000000000000000e+00 1.362814376876876921e+01
1.591031531531531584e+02 0.000000000000000000e+00 1.350526463963963941e+01
1.587650243993994081e+02 0.000000000000000000e+00 1.332497184684684655e+01
1.585336993243243171e+02 0.000000000000000000e+00 1.324124436936936888e+01
1.586080705705705611e+02 0.000000000000000000e+00 1.329623686186186227e+01
1.585997841591591566e+02 0.000000000000000000e+00 1.329302740240240155e+01
1.585769144144144036e+02 0.000000000000000000e+00 1.331969782282282289e+01
1.585284722222222342e+02 0.000000000000000000e+00 1.328307995495495497e+01
1.584545138888888971e+02 0.000000000000000000e+00 1.327219406906906940e+01
1.585002158408408377e+02 0.000000000000000000e+00 1.328651463963963941e+01
1.584468656156156214e+02 0.000000000000000000e+00 1.329627439939939926e+01
1.586477477477477578e+02 0.000000000000000000e+00 1.334228603603603602e+01
1.586270457957957944e+02 0.000000000000000000e+00 1.329550487987988028e+01
1.586735454204204245e+02 0.000000000000000000e+00 1.328215090090090023e+01
1.585765390390390337e+02 0.000000000000000000e+00 1.327989864864864877e+01
1.586251595345345322e+02 0.000000000000000000e+00 1.328975225225225287e+01
1.584838025525525609e+02 0.000000000000000000e+00 1.318123123123123186e+01
1.584253190690690758e+02 0.000000000000000000e+00 1.314515765765765742e+01
1.583429241741741862e+02 0.000000000000000000e+00 1.312289789789789829e+01
1.583722034534534657e+02 0.000000000000000000e+00 1.315310623123123079e+01
1.584165728228228147e+02 0.000000000000000000e+00 1.319179804804804768e+01
1.585670608108108013e+02 0.000000000000000000e+00 1.334560810810810771e+01
1.587846283783783861e+02 0.000000000000000000e+00 1.343476914414414480e+01
1.588708239489489529e+02 0.000000000000000000e+00 1.353002064564564577e+01
1.590779466966966993e+02 0.000000000000000000e+00 1.365643768768768851e+01
1.591424174174174198e+02 0.000000000000000000e+00 1.366720157657657708e+01
1.591492961711711587e+02 0.000000000000000000e+00 1.358351163663663641e+01
1.592143956456456522e+02 0.000000000000000000e+00 1.359070945945945930e+01
1.591339245495495618e+02 0.000000000000000000e+00 1.356245307807807876e+01
1.592073573573573526e+02 0.000000000000000000e+00 1.349616178678678757e+01
1.592198010510510642e+02 0.000000000000000000e+00 1.351048235735735759e+01
1.593666385135135215e+02 0.000000000000000000e+00 1.359557057057057072e+01
1.594289602102102208e+02 0.000000000000000000e+00 1.365749812312312272e+01
1.596485360360360346e+02 0.000000000000000000e+00 1.378232920420420449e+01
1.597135698198198099e+02 0.000000000000000000e+00 1.371356981981982059e+01
1.597450450450450319e+02 0.000000000000000000e+00 1.378416854354354371e+01
1.596221471471471602e+02 0.000000000000000000e+00 1.366064189189189193e+01
1.593957582582582688e+02 0.000000000000000000e+00 1.355807995495495533e+01
1.590966873123123264e+02 0.000000000000000000e+00 1.340048798798798835e+01
1.589679523273273389e+02 0.000000000000000000e+00 1.331708896396396469e+01
1.588755255255255179e+02 0.000000000000000000e+00 1.334598348348348296e+01
1.586966873123123207e+02 0.000000000000000000e+00 1.332614489489489529e+01
1.586318975225225358e+02 0.000000000000000000e+00 1.342526276276276320e+01
1.585332770270270260e+02 0.000000000000000000e+00 1.346717342342342327e+01
1.585656062312312429e+02 0.000000000000000000e+00 1.346756756756756701e+01
1.585595063813813681e+02 0.000000000000000000e+00 1.346851539039039025e+01
1.586420326576576656e+02 0.000000000000000000e+00 1.342236298798798799e+01
1.587873310810810779e+02 0.000000000000000000e+00 1.335360360360360410e+01
1.587023273273273389e+02 0.000000000000000000e+00 1.327364864864864913e+01
1.588544012762762634e+02 0.000000000000000000e+00 1.316153340840840791e+01
1.587916291291291202e+02 0.000000000000000000e+00 1.320073198198198128e+01
1.588089245495495447e+02 0.000000000000000000e+00 1.340114489489489458e+01
1.588027683933933929e+02 0.000000000000000000e+00 1.355535848348348260e+01
1.589473911411411393e+02 0.000000000000000000e+00 1.371762387387387427e+01
1.589482826576576713e+02 0.000000000000000000e+00 1.375591216216216139e+01
1.590303678678678807e+02 0.000000000000000000e+00 1.382246621621621685e+01
1.590689752252252163e+02 0.000000000000000000e+00 1.373318318318318276e+01
1.592912819069069030e+02 0.000000000000000000e+00 1.381441441441441498e+01
1.593944632132132142e+02 0.000000000000000000e+00 1.384587087087087021e+01
1.594174549549549624e+02 0.000000000000000000e+00 1.387331081081081052e+01
1.595467342342342363e+02 0.000000000000000000e+00 1.387808746246246194e+01
1.597114395645645573e+02 0.000000000000000000e+00 1.391356981981981988e+01
1.597960491741741862e+02 0.000000000000000000e+00 1.394832957957958008e+01
1.599285191441441327e+02 0.000000000000000000e+00 1.398872935435435494e+01
1.601191159909909913e+02 0.000000000000000000e+00 1.402399587087087163e+01
1.601523836336336331e+02 0.000000000000000000e+00 1.403973348348348260e+01
1.601952515015015024e+02 0.000000000000000000e+00 1.407987049549549496e+01
1.601021021021020942e+02 0.000000000000000000e+00 1.398361486486486527e+01
1.602004410660660767e+02 0.000000000000000000e+00 1.413394331831831785e+01
1.601554241741741862e+02 0.000000000000000000e+00 1.398630818318318347e+01
1.602577515015015024e+02 0.000000000000000000e+00 1.405968468468468480e+01
1.604032000750750626e+02 0.000000000000000000e+00 1.403730292792792866e+01
1.605261730480480367e+02 0.000000000000000000e+00 1.404765390390390323e+01
1.605315972222222172e+02 0.000000000000000000e+00 1.395950638138138089e+01
1.603972785285285170e+02 0.000000000000000000e+00 1.384175112612612679e+01
1.600722222222222229e+02 0.000000000000000000e+00 1.371546546546546530e+01
1.596343562312312372e+02 0.000000000000000000e+00 1.359408783783783825e+01
1.594748310810810779e+02 0.000000000000000000e+00 1.358254504504504467e+01
1.594287631381381516e+02 0.000000000000000000e+00 1.358398085585585591e+01
1.594688626126126110e+02 0.000000000000000000e+00 1.358882319819819884e+01
1.595092999249249317e+02 0.000000000000000000e+00 1.358941441441441356e+01
1.594902308558558559e+02 0.000000000000000000e+00 1.364706268768768815e+01
1.594827421171171125e+02 0.000000000000000000e+00 1.361281906906906869e+01
1.594092717717717846e+02 0.000000000000000000e+00 1.366494932432432385e+01
1.593906531531531527e+02 0.000000000000000000e+00 1.366813063063063005e+01
1.593040634384384475e+02 0.000000000000000000e+00 1.362807807807807770e+01
1.593984328078078079e+02 0.000000000000000000e+00 1.369612424924924987e+01
1.594665822072072103e+02 0.000000000000000000e+00 1.368980855855855872e+01
1.595739771021021056e+02 0.000000000000000000e+00 1.379805743243243299e+01
1.596205705705705782e+02 0.000000000000000000e+00 1.376091403903903831e+01
1.596984703453453562e+02 0.000000000000000000e+00 1.377534722222222285e+01
1.596823010510510414e+02 0.000000000000000000e+00 1.381709834834834894e+01
1.596991084834834851e+02 0.000000000000000000e+00 1.387645457957957973e+01
1.597115709459459367e+02 0.000000000000000000e+00 1.387149962462462405e+01
1.597699887387387321e+02 0.000000000000000000e+00 1.391851539039038954e+01
1.598028997747747724e+02 0.000000000000000000e+00 1.395411036036036023e+01
1.600432057057057023e+02 0.000000000000000000e+00 1.407389264264264206e+01
1.602161786786786877e+02 0.000000000000000000e+00 1.413934872372372453e+01
1.602600882132132085e+02 0.000000000000000000e+00 1.412753378378378422e+01
1.603065972222222229e+02 0.000000000000000000e+00 1.418273273273273283e+01
1.603301051051051047e+02 0.000000000000000000e+00 1.413899211711711779e+01
1.603572353603603631e+02 0.000000000000000000e+00 1.414062500000000000e+01
1.602913475975975928e+02 0.000000000000000000e+00 1.405331268768768815e+01
1.601559403153153198e+02 0.000000000000000000e+00 1.403471283783783718e+01
1.601506287537537503e+02 0.000000000000000000e+00 1.404206081081081159e+01
1.601692473723723822e+02 0.000000000000000000e+00 1.406372935435435423e+01
1.603529373123123207e+02 0.000000000000000000e+00 1.407537537537537453e+01
1.603165634384384362e+02 0.000000000000000000e+00 1.399301801801801837e+01
1.604936280030030105e+02 0.000000000000000000e+00 1.400335022522522443e+01
1.603906437687687685e+02 0.000000000000000000e+00 1.378019894894894826e+01
1.601872841591591623e+02 0.000000000000000000e+00 1.376314752252252305e+01
1.598988551051050990e+02 0.000000000000000000e+00 1.366939752252252305e+01
1.597999906156156271e+02 0.000000000000000000e+00 1.374348723723723786e+01
1.597363269519519520e+02 0.000000000000000000e+00 1.375831456456456436e+01
1.597606325075074949e+02 0.000000000000000000e+00 1.385059121621621614e+01
1.598008539789789779e+02 0.000000000000000000e+00 1.389544857357357444e+01
1.600568318318318290e+02 0.000000000000000000e+00 1.392347972972972947e+01
1.601439283033033121e+02 0.000000000000000000e+00 1.388867304804804803e+01
1.601565596846846802e+02 0.000000000000000000e+00 1.388143768768768815e+01
1.602395364114114216e+02 0.000000000000000000e+00 1.387626689189189122e+01
1.601706081081080981e+02 0.000000000000000000e+00 1.379837650150150097e+01
1.601206362612612679e+02 0.000000000000000000e+00 1.381233108108108176e+01
1.601041103603603517e+02 0.000000000000000000e+00 1.372755255255255236e+01
1.600247841591591680e+02 0.000000000000000000e+00 1.374996246246246301e+01
1.598708802552552584e+02 0.000000000000000000e+00 1.369281156156156243e+01
1.599246433933933815e+02 0.000000000000000000e+00 1.374510135135135158e+01
1.600168449699699806e+02 0.000000000000000000e+00 1.377607920420420484e+01
1.600214339339339347e+02 0.000000000000000000e+00 1.381554992492492495e+01
1.601315127627627533e+02 0.000000000000000000e+00 1.391247184684684690e+01
1.601865709459459595e+02 0.000000000000000000e+00 1.396394519519519584e+01
1.603321133633633622e+02 0.000000000000000000e+00 1.403648648648648667e+01
1.605452796546546494e+02 0.000000000000000000e+00 1.409176989489489529e+01
1.607682338588588493e+02 0.000000000000000000e+00 1.422292605105105068e+01
1.609010322822822729e+02 0.000000000000000000e+00 1.423051801801801730e+01
1.609249812312312429e+02 0.000000000000000000e+00 1.427597597597597634e+01
1.609978322072072103e+02 0.000000000000000000e+00 1.425918731231231185e+01
1.609068693693693604e+02 0.000000000000000000e+00 1.434528903903903974e+01
1.608868712462462440e+02 0.000000000000000000e+00 1.445465465465465549e+01
1.609381850600600501e+02 0.000000000000000000e+00 1.451411411411411478e+01
1.609764545795795812e+02 0.000000000000000000e+00 1.461497747747747766e+01
1.610101914414414352e+02 0.000000000000000000e+00 1.462496246246246301e+01
1.611097503753753699e+02 0.000000000000000000e+00 1.450289039039039096e+01
1.610935153903903938e+02 0.000000000000000000e+00 1.434454767267267350e+01
1.610899305555555543e+02 0.000000000000000000e+00 1.427042980480480416e+01
1.607505161411411336e+02 0.000000000000000000e+00 1.407085210210210136e+01
1.604447259759759845e+02 0.000000000000000000e+00 1.396736111111111178e+01
1.602983952702702766e+02 0.000000000000000000e+00 1.392209084084084125e+01
1.601252252252252219e+02 0.000000000000000000e+00 1.408636448948948861e+01
1.601349662162162133e+02 0.000000000000000000e+00 1.413617680180180258e+01
1.602689095345345436e+02 0.000000000000000000e+00 1.421769894894894826e+01
1.603423235735735659e+02 0.000000000000000000e+00 1.435122935435435387e+01
1.602750469219219269e+02 0.000000000000000000e+00 1.416844031531531556e+01
1.601685623123123037e+02 0.000000000000000000e+00 1.407183746246246159e+01
1.601374624624624516e+02 0.000000000000000000e+00 1.390536786786786827e+01
1.601966403903903995e+02 0.000000000000000000e+00 1.390220533033033057e+01
1.600595157657657523e+02 0.000000000000000000e+00 1.375710397897897863e+01
1.600927083333333201e+02 0.000000000000000000e+00 1.390936561561561646e+01
1.601166666666666742e+02 0.000000000000000000e+00 1.402817192192192230e+01
1.601603509759759731e+02 0.000000000000000000e+00 1.414008070570570652e+01
1.601777683933933929e+02 0.000000000000000000e+00 1.423429992492492424e+01
1.601688532282282154e+02 0.000000000000000000e+00 1.424945570570570652e+01
1.601983108108108240e+02 0.000000000000000000e+00 1.430216779279279216e+01
1.601616272522522593e+02 0.000000000000000000e+00 1.418673986486486527e+01
1.603087556306306283e+02 0.000000000000000000e+00 1.419695007507507434e+01
1.602919106606606476e+02 0.000000000000000000e+00 1.416939752252252305e+01
1.603635698198198156e+02 0.000000000000000000e+00 1.417824699699699664e+01
1.605586148648648646e+02 0.000000000000000000e+00 1.425221471471471446e+01
1.607038475975975871e+02 0.000000000000000000e+00 1.430898085585585555e+01
1.608237987987988049e+02 0.000000000000000000e+00 1.431849662162162140e+01
1.608965183933933929e+02 0.000000000000000000e+00 1.434717530030030019e+01
1.609384102852852720e+02 0.000000000000000000e+00 1.432228791291291259e+01
1.609076107357357444e+02 0.000000000000000000e+00 1.435115427927927989e+01
1.609372653903903938e+02 0.000000000000000000e+00 1.435877439939939926e+01
1.609155968468468529e+02 0.000000000000000000e+00 1.436775525525525588e+01
1.610051801801801901e+02 0.000000000000000000e+00 1.443710585585585626e+01
1.609297672672672661e+02 0.000000000000000000e+00 1.441237800300300265e+01
1.610552834084083997e+02 0.000000000000000000e+00 1.445442004504504574e+01
1.611294200450450376e+02 0.000000000000000000e+00 1.436859046546546459e+01
1.612307713963963920e+02 0.000000000000000000e+00 1.443975225225225145e+01
1.611235829579579502e+02 0.000000000000000000e+00 1.430408220720720713e+01
1.609050863363363248e+02 0.000000000000000000e+00 1.422203453453453470e+01
1.607536317567567608e+02 0.000000000000000000e+00 1.407399587087087056e+01
1.606093750000000000e+02 0.000000000000000000e+00 1.397771208708708635e+01
1.605932338588588664e+02 0.000000000000000000e+00 1.403684309309309342e+01
1.605702608858858866e+02 0.000000000000000000e+00 1.405405405405405439e+01
1.606809121621621728e+02 0.000000000000000000e+00 1.405739489489489458e+01
1.605349662162162190e+02 0.000000000000000000e+00 1.409824512012012043e+01
1.605077702702702709e+02 0.000000000000000000e+00 1.412654842342342398e+01
1.604773554804804689e+02 0.000000000000000000e+00 1.414338400900900972e+01
1.605816347597597655e+02 0.000000000000000000e+00 1.420014076576576656e+01
1.605194632132132142e+02 0.000000000000000000e+00 1.414949324324324387e+01
1.606633727477477578e+02 0.000000000000000000e+00 1.416547484984985061e+01
1.608694162912912873e+02 0.000000000000000000e+00 1.413391516516516511e+01
1.609738269519519633e+02 0.000000000000000000e+00 1.413608295795795833e+01
1.610659440690690758e+02 0.000000000000000000e+00 1.420994744744744764e+01
1.610907000750750626e+02 0.000000000000000000e+00 1.418748123123123150e+01
1.612396490240240325e+02 0.000000000000000000e+00 1.423333333333333250e+01
1.611516422672672775e+02 0.000000000000000000e+00 1.419618993993993961e+01
1.611863081831831721e+02 0.000000000000000000e+00 1.426594406906906976e+01
1.612658689939939904e+02 0.000000000000000000e+00 1.422564752252252340e+01
1.612770364114114159e+02 0.000000000000000000e+00 1.432352665165165106e+01
1.611986392642642727e+02 0.000000000000000000e+00 1.432276651651651633e+01
1.611600975975975985e+02 0.000000000000000000e+00 1.436219031531531520e+01
1.612021114864864728e+02 0.000000000000000000e+00 1.443178490990990959e+01
1.611687593843843729e+02 0.000000000000000000e+00 1.442606043543543493e+01
1.611669951201201343e+02 0.000000000000000000e+00 1.444445382882882889e+01
1.610302927927928067e+02 0.000000000000000000e+00 1.432009196696696662e+01
1.611784065315315218e+02 0.000000000000000000e+00 1.432073010510510436e+01
1.611155405405405361e+02 0.000000000000000000e+00 1.433518205705705739e+01
1.612814564564564535e+02 0.000000000000000000e+00 1.439471659159159245e+01
1.613642642642642784e+02 0.000000000000000000e+00 1.440819256756756772e+01
1.613306118618618541e+02 0.000000000000000000e+00 1.443444069069069080e+01
1.611978228228228147e+02 0.000000000000000000e+00 1.436782094594594561e+01
1.611866835585585704e+02 0.000000000000000000e+00 1.440608108108108176e+01
1.610598442192192294e+02 0.000000000000000000e+00 1.433524774774774713e+01
1.607485548048047974e+02 0.000000000000000000e+00 1.415625000000000000e+01
1.605137105855855850e+02 0.000000000000000000e+00 1.410739489489489529e+01
1.603146396396396369e+02 0.000000000000000000e+00 1.403765953453453541e+01
1.602692849099099135e+02 0.000000000000000000e+00 1.407143393393393360e+01
1.602000093843843729e+02 0.000000000000000000e+00 1.407024211711711636e+01
1.603543825075074949e+02 0.000000000000000000e+00 1.417077702702702702e+01
1.604932432432432563e+02 0.000000000000000000e+00 1.415609046546546601e+01
1.605803490990990952e+02 0.000000000000000000e+00 1.422053303303303373e+01
1.606869369369369451e+02 0.000000000000000000e+00 1.418815690690690623e+01
1.608416291291291316e+02 0.000000000000000000e+00 1.418862612612612573e+01
1.608215746996997098e+02 0.000000000000000000e+00 1.424416291291291259e+01
1.607219406906907011e+02 0.000000000000000000e+00 1.424004316816816740e+01
1.606408220720720692e+02 0.000000000000000000e+00 1.422914789789789758e+01
1.604077233483483553e+02 0.000000000000000000e+00 1.418002064564564613e+01
1.604217342342342363e+02 0.000000000000000000e+00 1.412141516516516582e+01
1.605013982732732813e+02 0.000000000000000000e+00 1.413492867867867808e+01
1.607049831081081095e+02 0.000000000000000000e+00 1.431591591591591595e+01
1.608869275525525495e+02 0.000000000000000000e+00 1.434968093093093167e+01
1.610087087087086957e+02 0.000000000000000000e+00 1.443664602102102101e+01
1.611078359609609549e+02 0.000000000000000000e+00 1.449493243243243157e+01
1.611374906156156044e+02 0.000000000000000000e+00 1.454913663663663748e+01
1.610282376126125996e+02 0.000000000000000000e+00 1.449848911411411478e+01
1.610436280030029934e+02 0.000000000000000000e+00 1.447735548048047960e+01
1.610899211711711700e+02 0.000000000000000000e+00 1.451321321321321278e+01
1.610158596096096062e+02 0.000000000000000000e+00 1.451475225225225252e+01
1.611093843843843842e+02 0.000000000000000000e+00 1.464224849849849797e+01
1.611144050300300421e+02 0.000000000000000000e+00 1.451238738738738654e+01
1.611090465465465513e+02 0.000000000000000000e+00 1.445732920420420342e+01
1.610275713213213180e+02 0.000000000000000000e+00 1.440842717717717747e+01
1.610991084834834908e+02 0.000000000000000000e+00 1.439862049549549461e+01
1.611980292792792682e+02 0.000000000000000000e+00 1.435225225225225287e+01
1.611568412162162076e+02 0.000000000000000000e+00 1.435809872372372453e+01
1.610631193693693604e+02 0.000000000000000000e+00 1.435216779279279287e+01
1.607978322072071933e+02 0.000000000000000000e+00 1.421708896396396327e+01
1.605056400150150182e+02 0.000000000000000000e+00 1.419681869369369309e+01
1.603105762012012008e+02 0.000000000000000000e+00 1.407200638138138160e+01
1.604597128378378272e+02 0.000000000000000000e+00 1.400758258258258238e+01
1.605363926426426531e+02 0.000000000000000000e+00 1.390660660660660675e+01
1.607170701951951912e+02 0.000000000000000000e+00 1.397169669669669645e+01
1.607623404654654564e+02 0.000000000000000000e+00 1.391288475975975913e+01
1.608778997747747610e+02 0.000000000000000000e+00 1.392206268768768851e+01
1.609396865615615582e+02 0.000000000000000000e+00 1.395067567567567579e+01
1.608454110360360403e+02 0.000000000000000000e+00 1.405843656156156207e+01
1.608989489489489415e+02 0.000000000000000000e+00 1.408291103603603567e+01
1.608500469219219156e+02 0.000000000000000000e+00 1.405889639639639555e+01
1.608207301051050990e+02 0.000000000000000000e+00 1.415533033033032950e+01
1.607387105855855793e+02 0.000000000000000000e+00 1.403672109609609642e+01
1.607302740240240269e+02 0.000000000000000000e+00 1.401415165165165178e+01
1.607971565315315274e+02 0.000000000000000000e+00 1.393411223723723680e+01
1.608206644144144093e+02 0.000000000000000000e+00 1.392238175675675649e+01
1.608483389639639540e+02 0.000000000000000000e+00 1.392226914414414374e+01
1.609326201201201343e+02 0.000000000000000000e+00 1.406395457957957973e+01
1.610077045795795812e+02 0.000000000000000000e+00 1.413517267267267208e+01
1.611514827327327453e+02 0.000000000000000000e+00 1.429002439939939961e+01
1.612327327327327282e+02 0.000000000000000000e+00 1.436095157657657673e+01
1.611889639639639711e+02 0.000000000000000000e+00 1.433335210210210242e+01
1.610981981981981903e+02 0.000000000000000000e+00 1.438765015015015081e+01
1.610339808558558445e+02 0.000000000000000000e+00 1.434732545045044994e+01
1.609699793543543649e+02 0.000000000000000000e+00 1.439586148648648667e+01
1.608194256756756886e+02 0.000000000000000000e+00 1.435809872372372453e+01
1.609065409159159117e+02 0.000000000000000000e+00 1.446955705705705775e+01
1.611093186936936945e+02 0.000000000000000000e+00 1.443004879879879887e+01
1.612036692942942864e+02 0.000000000000000000e+00 1.444697822822822886e+01
1.612645551801801673e+02 0.000000000000000000e+00 1.442545983483483418e+01
1.611492117117117004e+02 0.000000000000000000e+00 1.439192942942942999e+01
1.608459177927927897e+02 0.000000000000000000e+00 1.426818693693693696e+01
1.605301332582582461e+02 0.000000000000000000e+00 1.404974662162162247e+01
1.602783783783783917e+02 0.000000000000000000e+00 1.398234797297297227e+01
1.602363644894894890e+02 0.000000000000000000e+00 1.397970157657657708e+01
1.602373967717717846e+02 0.000000000000000000e+00 1.398175675675675755e+01
1.602673141891891930e+02 0.000000000000000000e+00 1.396584084084084054e+01
1.601743806306306226e+02 0.000000000000000000e+00 1.398232920420420378e+01
1.601210867117117118e+02 0.000000000000000000e+00 1.399712837837837753e+01
1.600907282282282154e+02 0.000000000000000000e+00 1.406935060060060039e+01
1.600689846096096005e+02 0.000000000000000000e+00 1.401556869369369451e+01
1.599777308558558673e+02 0.000000000000000000e+00 1.403581081081081017e+01
1.600312969219219212e+02 0.000000000000000000e+00 1.409881756756756843e+01
1.600367774024024072e+02 0.000000000000000000e+00 1.399142267267267314e+01
1.601671640390390507e+02 0.000000000000000000e+00 1.407069256756756737e+01
1.601036505255255236e+02 0.000000000000000000e+00 1.400052552552552498e+01
1.602541291291291259e+02 0.000000000000000000e+00 1.411043543543543599e+01
1.604699418168168279e+02 0.000000000000000000e+00 1.414893956456456436e+01
1.606324699699699750e+02 0.000000000000000000e+00 1.422811561561561611e+01
1.607310529279279194e+02 0.000000000000000000e+00 1.427943881381381352e+01
1.607753753753753756e+02 0.000000000000000000e+00 1.437725225225225145e+01
1.607232075825825746e+02 0.000000000000000000e+00 1.440410097597597527e+01
1.605372747747747724e+02 0.000000000000000000e+00 1.418129692192192159e+01
1.604632413663663613e+02 0.000000000000000000e+00 1.411213400900900972e+01
1.603819162912913043e+02 0.000000000000000000e+00 1.408376501501501465e+01
1.604599380630630492e+02 0.000000000000000000e+00 1.410064752252252340e+01
1.603229635885885784e+02 0.000000000000000000e+00 1.400972222222222285e+01
1.605352477477477464e+02 0.000000000000000000e+00 1.413730292792792831e+01
1.606552364864864728e+02 0.000000000000000000e+00 1.415216779279279358e+01
1.607607826576576713e+02 0.000000000000000000e+00 1.417200638138138125e+01
1.607612800300300364e+02 0.000000000000000000e+00 1.417631381381381317e+01
1.606233671171171125e+02 0.000000000000000000e+00 1.413951764264264277e+01
1.604246903153153028e+02 0.000000000000000000e+00 1.400978791291291259e+01
1.601070007507507569e+02 0.000000000000000000e+00 1.395240240240240226e+01
1.601012481231231277e+02 0.000000000000000000e+00 1.398077139639639555e+01
1.599890578078077965e+02 0.000000000000000000e+00 1.391824324324324280e+01
1.601120870870870760e+02 0.000000000000000000e+00 1.407115240240240261e+01
1.599977008258258309e+02 0.000000000000000000e+00 1.396888138138138125e+01
1.601068412162162247e+02 0.000000000000000000e+00 1.393239489489489458e+01
1.601784253003002902e+02 0.000000000000000000e+00 1.386758633633633586e+01
1.601760135135135101e+02 0.000000000000000000e+00 1.387036411411411407e+01
1.601769237987988106e+02 0.000000000000000000e+00 1.382889451951951898e+01
1.602591310060060152e+02 0.000000000000000000e+00 1.389179804804804874e+01
1.601543262012012008e+02 0.000000000000000000e+00 1.395357545045045100e+01
1.601377627627627760e+02 0.000000000000000000e+00 1.395950638138138089e+01
1.602194350600600501e+02 0.000000000000000000e+00 1.394221096096096169e+01
1.601949512012012065e+02 0.000000000000000000e+00 1.393781906906906976e+01
1.603409628378378500e+02 0.000000000000000000e+00 1.402554429429429383e+01
1.602947916666666686e+02 0.000000000000000000e+00 1.401741741741741798e+01
1.604620307807807933e+02 0.000000000000000000e+00 1.406170232732732650e+01
1.605077515015015024e+02 0.000000000000000000e+00 1.411277214714714745e+01
1.606580799549549567e+02 0.000000000000000000e+00 1.417118055555555500e+01
1.605457582582582461e+02 0.000000000000000000e+00 1.413609234234234258e+01
1.604673329579579502e+02 0.000000000000000000e+00 1.412860360360360445e+01
1.605216216216216196e+02 0.000000000000000000e+00 1.414519519519519442e+01
1.604611674174174141e+02 0.000000000000000000e+00 1.412560060060060074e+01
1.604822165915915946e+02 0.000000000000000000e+00 1.409588963963964048e+01
1.604391422672672718e+02 0.000000000000000000e+00 1.411897522522522586e+01
1.605603603603603631e+02 0.000000000000000000e+00 1.422291666666666643e+01
1.606286223723723765e+02 0.000000000000000000e+00 1.417082394894894826e+01
1.607179429429429547e+02 0.000000000000000000e+00 1.423842905405405368e+01
1.608185341591591566e+02 0.000000000000000000e+00 1.421131756756756737e+01
1.607053490990990952e+02 0.000000000000000000e+00 1.425556493993994067e+01
1.604356981981981960e+02 0.000000000000000000e+00 1.413170045045045065e+01
1.601429054054054006e+02 0.000000000000000000e+00 1.403837274774774713e+01
1.599481794294294161e+02 0.000000000000000000e+00 1.392169669669669751e+01
1.598523836336336217e+02 0.000000000000000000e+00 1.392585397897897970e+01
1.598723817567567664e+02 0.000000000000000000e+00 1.392849099099099064e+01
1.598480292792792739e+02 0.000000000000000000e+00 1.387080518018018083e+01
1.600160566816816754e+02 0.000000000000000000e+00 1.391166478978978915e+01
1.600323198198198327e+02 0.000000000000000000e+00 1.393266704204204132e+01
1.600643674924924937e+02 0.000000000000000000e+00 1.399132882882882889e+01
1.601025056306306169e+02 0.000000000000000000e+00 1.390004692192192159e+01
1.601242961711711814e+02 0.000000000000000000e+00 1.382301989489489458e+01
1.600808370870870760e+02 0.000000000000000000e+00 1.377569444444444358e+01
1.601305367867867915e+02 0.000000000000000000e+00 1.375096659159159174e+01
1.600940503003002959e+02 0.000000000000000000e+00 1.373297672672672753e+01
1.598971940690690587e+02 0.000000000000000000e+00 1.371209647147147059e+01
1.599503096846846972e+02 0.000000000000000000e+00 1.380464527027027088e+01
1.599315878378378386e+02 0.000000000000000000e+00 1.382257882882882960e+01
1.599951670420420555e+02 0.000000000000000000e+00 1.390445758258258202e+01
1.601215746996996927e+02 0.000000000000000000e+00 1.398474099099099099e+01
1.603530311561561632e+02 0.000000000000000000e+00 1.408573573573573512e+01
1.605068693693693831e+02 0.000000000000000000e+00 1.413638325825825781e+01
1.605270270270270316e+02 0.000000000000000000e+00 1.417665165165165142e+01
1.605960679429429376e+02 0.000000000000000000e+00 1.422435247747747766e+01
1.605146677927928067e+02 0.000000000000000000e+00 1.421052927927927989e+01
1.604917042042042112e+02 0.000000000000000000e+00 1.422502815315315239e+01
1.604886355105105054e+02 0.000000000000000000e+00 1.426275337837837753e+01
1.606644331831831778e+02 0.000000000000000000e+00 1.432160285285285362e+01
1.605355762012011951e+02 0.000000000000000000e+00 1.427875375375375455e+01
1.605925487987987879e+02 0.000000000000000000e+00 1.433156906906906869e+01
1.606522991741741748e+02 0.000000000000000000e+00 1.431108295795795726e+01
1.608020551801801901e+02 0.000000000000000000e+00 1.443869181681681724e+01
1.607920608108108240e+02 0.000000000000000000e+00 1.444056869369369345e+01
1.607593750000000057e+02 0.000000000000000000e+00 1.447643581081081088e+01
1.606250187687687685e+02 0.000000000000000000e+00 1.438551051051051033e+01
1.605051051051051161e+02 0.000000000000000000e+00 1.423828828828828819e+01
1.602870026276276292e+02 0.000000000000000000e+00 1.410649399399399329e+01
1.601843093093092989e+02 0.000000000000000000e+00 1.401576576576576549e+01
1.602729354354354427e+02 0.000000000000000000e+00 1.402119932432432492e+01
1.602743806306306169e+02 0.000000000000000000e+00 1.398059309309309306e+01
1.603434121621621671e+02 0.000000000000000000e+00 1.405149211711711743e+01
1.604257976726726724e+02 0.000000000000000000e+00 1.405234609609609642e+01
1.605603134384384418e+02 0.000000000000000000e+00 1.413223536036035988e+01
1.604942286036036023e+02 0.000000000000000000e+00 1.413753753753753806e+01
1.604346565315315445e+02 0.000000000000000000e+00 1.408921734234234258e+01
1.604838963963964034e+02 0.000000000000000000e+00 1.402579767267267208e+01
1.604481231231231106e+02 0.000000000000000000e+00 1.403983671171171110e+01
1.605969031531531641e+02 0.000000000000000000e+00 1.407531906906906904e+01
1.605685247747747724e+02 0.000000000000000000e+00 1.409954016516516440e+01
1.607516985735735773e+02 0.000000000000000000e+00 1.414490427927927918e+01
1.607193787537537446e+02 0.000000000000000000e+00 1.412772147147147095e+01
1.607080611861861996e+02 0.000000000000000000e+00 1.417633258258258344e+01
1.606021396396396312e+02 0.000000000000000000e+00 1.411732357357357337e+01
1.606092905405405418e+02 0.000000000000000000e+00 1.416708896396396433e+01
1.606690409159159287e+02 0.000000000000000000e+00 1.417424924924924845e+01
1.606564846096096062e+02 0.000000000000000000e+00 1.421081081081081088e+01
1.607294951201201343e+02 0.000000000000000000e+00 1.422176238738738796e+01
1.606935716966966936e+02 0.000000000000000000e+00 1.423687124624624545e+01
1.607403528528528511e+02 0.000000000000000000e+00 1.427039226726726717e+01
1.606526463963963920e+02 0.000000000000000000e+00 1.422580705705705739e+01
1.606059496996996927e+02 0.000000000000000000e+00 1.421780217717717676e+01
1.605661223723723765e+02 0.000000000000000000e+00 1.413797860360360303e+01
1.606688813813813681e+02 0.000000000000000000e+00 1.423563250750750697e+01
1.606698010510510528e+02 0.000000000000000000e+00 1.415853040540540597e+01
1.607296452702702823e+02 0.000000000000000000e+00 1.423415915915915875e+01
1.607755442942942921e+02 0.000000000000000000e+00 1.420050675675675755e+01
1.606276182432432336e+02 0.000000000000000000e+00 1.409516704204204274e+01
1.603335585585585648e+02 0.000000000000000000e+00 1.394452890390390465e+01
1.600892173423423515e+02 0.000000000000000000e+00 1.375558370870870917e+01
1.600971753003003073e+02 0.000000000000000000e+00 1.379558933933933851e+01
1.601148742492492545e+02 0.000000000000000000e+00 1.389281156156156172e+01
1.601938719969969895e+02 0.000000000000000000e+00 1.398169106606606604e+01
1.601899305555555486e+02 0.000000000000000000e+00 1.406204016516516475e+01
1.602321039789789836e+02 0.000000000000000000e+00 1.416184309309309342e+01
1.602818599849849761e+02 0.000000000000000000e+00 1.411705142642642663e+01
1.603794669669669588e+02 0.000000000000000000e+00 1.413600788288288257e+01
1.604588776276276292e+02 0.000000000000000000e+00 1.407266328828828783e+01
1.603525994744744878e+02 0.000000000000000000e+00 1.401023836336336359e+01
1.603329954954954815e+02 0.000000000000000000e+00 1.398287349849849903e+01
1.602912443693693660e+02 0.000000000000000000e+00 1.393444069069069080e+01
1.603160285285285340e+02 0.000000000000000000e+00 1.400818318318318312e+01
1.602083145645645743e+02 0.000000000000000000e+00 1.412669857357357373e+01
1.602607451201201343e+02 0.000000000000000000e+00 1.423037725225225181e+01
1.602340090090090143e+02 0.000000000000000000e+00 1.423184121621621578e+01
1.603696884384384305e+02 0.000000000000000000e+00 1.422658596096096062e+01
1.603341028528528511e+02 0.000000000000000000e+00 1.419413475975975913e+01
1.603990521771771682e+02 0.000000000000000000e+00 1.428139076576576549e+01
1.603336524024024072e+02 0.000000000000000000e+00 1.426846846846846795e+01
1.604065315315315274e+02 0.000000000000000000e+00 1.430160472972973018e+01
1.604311936936937002e+02 0.000000000000000000e+00 1.431400150150150097e+01
1.606576482732732813e+02 0.000000000000000000e+00 1.427949512012012079e+01
1.609724943693693717e+02 0.000000000000000000e+00 1.426959459459459545e+01
1.609725882132132142e+02 0.000000000000000000e+00 1.414497935435435494e+01
1.612017079579579502e+02 0.000000000000000000e+00 1.417696133633633693e+01
1.612474380630630719e+02 0.000000000000000000e+00 1.417618243243243192e+01
1.611695476726726781e+02 0.000000000000000000e+00 1.431313813813813773e+01
1.610456644144144036e+02 0.000000000000000000e+00 1.436082019519519548e+01
1.610023930180180116e+02 0.000000000000000000e+00 1.439650900900900865e+01
1.610468750000000000e+02 0.000000000000000000e+00 1.437896021021020942e+01
1.610216403903903881e+02 0.000000000000000000e+00 1.440537725225225252e+01
1.610607638888888857e+02 0.000000000000000000e+00 1.441766141141141055e+01
1.609277590090090087e+02 0.000000000000000000e+00 1.427479354354354335e+01
1.607643111861861769e+02 0.000000000000000000e+00 1.422144331831831821e+01
1.606144613363363476e+02 0.000000000000000000e+00 1.410799549549549603e+01
1.607107545045045072e+02 0.000000000000000000e+00 1.420245870870870952e+01
1.605838870120120134e+02 0.000000000000000000e+00 1.418734046546546601e+01
1.604951858108108240e+02 0.000000000000000000e+00 1.423135322822822779e+01
1.604623404654654735e+02 0.000000000000000000e+00 1.421361674174174183e+01
1.602977008258258138e+02 0.000000000000000000e+00 1.418550112612612679e+01
1.603738457207207091e+02 0.000000000000000000e+00 1.420806118618618541e+01
1.604895176426426531e+02 0.000000000000000000e+00 1.422007319819819848e+01
1.606202702702702823e+02 0.000000000000000000e+00 1.419744744744744658e+01
1.606306587837837867e+02 0.000000000000000000e+00 1.422526276276276214e+01
1.606618806306306340e+02 0.000000000000000000e+00 1.424098160660660639e+01
1.606617867867867915e+02 0.000000000000000000e+00 1.420696321321321243e+01
1.605724005255255236e+02 0.000000000000000000e+00 1.417599474474474519e+01
1.603654091591591566e+02 0.000000000000000000e+00 1.407444632132132156e+01
1.604404466966967107e+02 0.000000000000000000e+00 1.405664414414414409e+01
1.604658596096096232e+02 0.000000000000000000e+00 1.401151463963963906e+01
1.605611674174174084e+02 0.000000000000000000e+00 1.406238738738738725e+01
1.606610078828828705e+02 0.000000000000000000e+00 1.409768205705705668e+01
1.607886824324324380e+02 0.000000000000000000e+00 1.422362987987987992e+01
1.609598160660660540e+02 0.000000000000000000e+00 1.433053678678678722e+01
1.610218843843843786e+02 0.000000000000000000e+00 1.438748123123123079e+01
1.611235923423423344e+02 0.000000000000000000e+00 1.440518956456456401e+01
1.610459928678678807e+02 0.000000000000000000e+00 1.436864677177177185e+01
1.610926051051050933e+02 0.000000000000000000e+00 1.452117117117117040e+01
1.610524962462462497e+02 0.000000000000000000e+00 1.456376689189189122e+01
1.611140108858858753e+02 0.000000000000000000e+00 1.461957582582582660e+01
1.612416572822822900e+02 0.000000000000000000e+00 1.467185623123123150e+01
1.612611111111111200e+02 0.000000000000000000e+00 1.461038851351351298e+01
1.612576858108108127e+02 0.000000000000000000e+00 1.453292980480480523e+01
1.611978885135135044e+02 0.000000000000000000e+00 1.447463400900900865e+01
1.612638795045045015e+02 0.000000000000000000e+00 1.450153903903903974e+01
1.612102102102102208e+02 0.000000000000000000e+00 1.440403528528528554e+01
1.611066722972973082e+02 0.000000000000000000e+00 1.440056306306306233e+01
1.607204954954954985e+02 0.000000000000000000e+00 1.427500938438438460e+01
1.604797391141141247e+02 0.000000000000000000e+00 1.414378753753753770e+01
1.602135041291291202e+02 0.000000000000000000e+00 1.402689564564564506e+01
1.601494557057057193e+02 0.000000000000000000e+00 1.405128566066066043e+01
1.603361580330330298e+02 0.000000000000000000e+00 1.415072259759759810e+01
1.604002439939939961e+02 0.000000000000000000e+00 1.426181493993994032e+01
1.605518393393393524e+02 0.000000000000000000e+00 1.429713776276276249e+01
1.605668825075075006e+02 0.000000000000000000e+00 1.431092342342342327e+01
1.606375844594594469e+02 0.000000000000000000e+00 1.436411411411411443e+01
1.606105292792792909e+02 0.000000000000000000e+00 1.438116554054054141e+01
1.605882976726726667e+02 0.000000000000000000e+00 1.446204954954954935e+01
1.604962087087087070e+02 0.000000000000000000e+00 1.442876313813813738e+01
1.604470439189189221e+02 0.000000000000000000e+00 1.446206831831831785e+01
1.604037068318318404e+02 0.000000000000000000e+00 1.450075075075075048e+01
1.605765671921921864e+02 0.000000000000000000e+00 1.453593280780780717e+01
1.607577327327327339e+02 0.000000000000000000e+00 1.450198948948948896e+01
1.609423141891891760e+02 0.000000000000000000e+00 1.455184872372372418e+01
1.610090465465465570e+02 0.000000000000000000e+00 1.453121246246246301e+01
1.611358952702702823e+02 0.000000000000000000e+00 1.464033408408408476e+01
1.611678021771771796e+02 0.000000000000000000e+00 1.441830893393393431e+01
1.611580236486486513e+02 0.000000000000000000e+00 1.432130255255255236e+01
1.612450825825825689e+02 0.000000000000000000e+00 1.423412162162162176e+01
1.612294857357357216e+02 0.000000000000000000e+00 1.413372747747747660e+01
1.613404842342342249e+02 0.000000000000000000e+00 1.418007695195195161e+01
1.612816722972972912e+02 0.000000000000000000e+00 1.426281906906906904e+01
1.613721471471471602e+02 0.000000000000000000e+00 1.438035848348348367e+01
1.614124061561561518e+02 0.000000000000000000e+00 1.442108671171171252e+01
1.613530780780780844e+02 0.000000000000000000e+00 1.450820195195195161e+01
1.615432620120120077e+02 0.000000000000000000e+00 1.460588400900900830e+01
1.615831644144144263e+02 0.000000000000000000e+00 1.461034159159159174e+01
1.615072259759759845e+02 0.000000000000000000e+00 1.459112237237237153e+01
1.615519894894895003e+02 0.000000000000000000e+00 1.460966591591591524e+01
1.616548517267267187e+02 0.000000000000000000e+00 1.467634196696696769e+01
1.617144144144144207e+02 0.000000000000000000e+00 1.466559684684684761e+01
1.618364114114114045e+02 0.000000000000000000e+00 1.465733858858858873e+01
1.616037537537537503e+02 0.000000000000000000e+00 1.439582394894894968e+01
1.614213963963964034e+02 0.000000000000000000e+00 1.432435247747747731e+01
1.610385698198198270e+02 0.000000000000000000e+00 1.408731231231231185e+01
1.608524211711711587e+02 0.000000000000000000e+00 1.402240990990991065e+01
1.607232638888888800e+02 0.000000000000000000e+00 1.402225975975975913e+01
1.606001595345345265e+02 0.000000000000000000e+00 1.410106043543543564e+01
1.605976257507507512e+02 0.000000000000000000e+00 1.417078641141141127e+01
1.606358858858858980e+02 0.000000000000000000e+00 1.425676614114114038e+01
1.607063813813813908e+02 0.000000000000000000e+00 1.431353228228228147e+01
1.605984234234234123e+02 0.000000000000000000e+00 1.429171358858858909e+01
1.606132132132132142e+02 0.000000000000000000e+00 1.432940127627627547e+01
1.605160379129129069e+02 0.000000000000000000e+00 1.432603228228228254e+01
1.604743055555555600e+02 0.000000000000000000e+00 1.440165165165165106e+01
1.603209647147147052e+02 0.000000000000000000e+00 1.433834459459459509e+01
1.603158971471471546e+02 0.000000000000000000e+00 1.430537725225225287e+01
1.604259102852852834e+02 0.000000000000000000e+00 1.420892454954955042e+01
1.605513231981981903e+02 0.000000000000000000e+00 1.424800112612612679e+01
1.608169857357357273e+02 0.000000000000000000e+00 1.424863926426426453e+01
1.608067098348348338e+02 0.000000000000000000e+00 1.425868993993993961e+01
1.608544388138138004e+02 0.000000000000000000e+00 1.433154091591591595e+01
1.609521584084084225e+02 0.000000000000000000e+00 1.436392642642642592e+01
1.610918449699699693e+02 0.000000000000000000e+00 1.446892830330330249e+01
1.610962462462462383e+02 0.000000000000000000e+00 1.447564752252252340e+01
1.612072447447447416e+02 0.000000000000000000e+00 1.457773085585585626e+01
1.610785566816816754e+02 0.000000000000000000e+00 1.443839151651651598e+01
1.610780686936936945e+02 0.000000000000000000e+00 1.439556118618618541e+01
1.611499906156156214e+02 0.000000000000000000e+00 1.431848723723723715e+01
1.610715746996997098e+02 0.000000000000000000e+00 1.426035097597597634e+01
1.611560810810810835e+02 0.000000000000000000e+00 1.427374249249249161e+01
1.612340183933933986e+02 0.000000000000000000e+00 1.439468843843843793e+01
1.613731606606606590e+02 0.000000000000000000e+00 1.465560247747747802e+01
1.613628472222222285e+02 0.000000000000000000e+00 1.462853791291291294e+01
1.614753472222222115e+02 0.000000000000000000e+00 1.476882507507507469e+01
1.614870870870870760e+02 0.000000000000000000e+00 1.471342905405405332e+01
1.613717248498498407e+02 0.000000000000000000e+00 1.462854729729729719e+01
1.603446790540540405e+02 0.000000000000000000e+00 1.415397897897897828e+01
1.594672015765765707e+02 0.000000000000000000e+00 1.380571509009008935e+01
1.593545514264264398e+02 0.000000000000000000e+00 1.369324324324324316e+01
1.593251783033032893e+02 0.000000000000000000e+00 1.370203641141141127e+01
1.593835022522522422e+02 0.000000000000000000e+00 1.385397897897897934e+01
1.594692942942942864e+02 0.000000000000000000e+00 1.391895645645645629e+01
1.594952045795795925e+02 0.000000000000000000e+00 1.405633445945945859e+01
1.594928209459459367e+02 0.000000000000000000e+00 1.406448010510510471e+01
1.595228791291291373e+02 0.000000000000000000e+00 1.417940127627627689e+01
1.597303584834834851e+02 0.000000000000000000e+00 1.409198573573573654e+01
1.598809872372372354e+02 0.000000000000000000e+00 1.411074512012011972e+01
1.599677177177177043e+02 0.000000000000000000e+00 1.406482732732732721e+01
1.599858295795795868e+02 0.000000000000000000e+00 1.405174549549549567e+01
1.599336617867867858e+02 0.000000000000000000e+00 1.407583521021020978e+01
1.598810435435435409e+02 0.000000000000000000e+00 1.401710773273273247e+01
1.599450168918918962e+02 0.000000000000000000e+00 1.404759759759759774e+01
1.599822072072072103e+02 0.000000000000000000e+00 1.406819632132132192e+01
1.601367774024024015e+02 0.000000000000000000e+00 1.414122560060060074e+01
1.601746715465465343e+02 0.000000000000000000e+00 1.410046921921921914e+01
1.601291197447447416e+02 0.000000000000000000e+00 1.411034159159159174e+01
1.601217342342342249e+02 0.000000000000000000e+00 1.391872184684684655e+01
1.601293918918918848e+02 0.000000000000000000e+00 1.394056869369369345e+01
1.601289695945945937e+02 0.000000000000000000e+00 1.390670983483483525e+01
1.601950544294294332e+02 0.000000000000000000e+00 1.396174924924924987e+01
1.603741929429429547e+02 0.000000000000000000e+00 1.399522334834834858e+01
1.604731231231231163e+02 0.000000000000000000e+00 1.405737612612612608e+01
1.605690784534534430e+02 0.000000000000000000e+00 1.409737237237237295e+01
1.604568693693693717e+02 0.000000000000000000e+00 1.402761824324324280e+01
1.605192567567567608e+02 0.000000000000000000e+00 1.410610923423423380e+01
1.605205518018018154e+02 0.000000000000000000e+00 1.405807995495495533e+01
1.606865240240240382e+02 0.000000000000000000e+00 1.417448385885885820e+01
1.607843843843843956e+02 0.000000000000000000e+00 1.418917980480480523e+01
1.608350131381381516e+02 0.000000000000000000e+00 1.427629504504504432e+01
1.608303209459459424e+02 0.000000000000000000e+00 1.426035097597597634e+01
1.606603978978978944e+02 0.000000000000000000e+00 1.423814752252252269e+01
1.603470157657657751e+02 0.000000000000000000e+00 1.407173423423423486e+01
1.599375281531531527e+02 0.000000000000000000e+00 1.397233483483483418e+01
1.597233952702702595e+02 0.000000000000000000e+00 1.384903340840840791e+01
1.595726445195195140e+02 0.000000000000000000e+00 1.386061373873873848e+01
1.597873592342342306e+02 0.000000000000000000e+00 1.385739489489489529e+01
1.598466403903903768e+02 0.000000000000000000e+00 1.385634384384384354e+01
1.600131193693693774e+02 0.000000000000000000e+00 1.394930555555555607e+01
1.601576201201201286e+02 0.000000000000000000e+00 1.390991929429429419e+01
1.602194725975975871e+02 0.000000000000000000e+00 1.398348348348348402e+01
1.602116835585585477e+02 0.000000000000000000e+00 1.392550675675675720e+01
1.601019988738738675e+02 0.000000000000000000e+00 1.390751689189189122e+01
1.599979823573573583e+02 0.000000000000000000e+00 1.393118430930930884e+01
1.599864489489489472e+02 0.000000000000000000e+00 1.396296921921921985e+01
1.600454485735735659e+02 0.000000000000000000e+00 1.400730105105105139e+01
1.597147804054054063e+02 0.000000000000000000e+00 1.394252064564564542e+01
1.596609891141141020e+02 0.000000000000000000e+00 1.402408971471471411e+01
1.596002064564564478e+02 0.000000000000000000e+00 1.403975225225225287e+01
1.596150150150150182e+02 0.000000000000000000e+00 1.408811936936936959e+01
1.596553960210210334e+02 0.000000000000000000e+00 1.411730480480480487e+01
1.599104260510510471e+02 0.000000000000000000e+00 1.414015578078078050e+01
1.601114020270270260e+02 0.000000000000000000e+00 1.414454767267267243e+01
1.601032376126126167e+02 0.000000000000000000e+00 1.410061936936936888e+01
1.601183933933934043e+02 0.000000000000000000e+00 1.408907657657657708e+01
1.602428397147147052e+02 0.000000000000000000e+00 1.403645833333333393e+01
1.603321321321321307e+02 0.000000000000000000e+00 1.412453078078078050e+01
1.602893299549549511e+02 0.000000000000000000e+00 1.410079767267267314e+01
1.605385041291291373e+02 0.000000000000000000e+00 1.422011073573573547e+01
1.605934403153153198e+02 0.000000000000000000e+00 1.415000938438438460e+01
1.607133258258258195e+02 0.000000000000000000e+00 1.418027402402402437e+01
1.610035379129129183e+02 0.000000000000000000e+00 1.429279279279279358e+01
1.614917135885885955e+02 0.000000000000000000e+00 1.453394331831831821e+01
1.616253753753753699e+02 0.000000000000000000e+00 1.460394144144144057e+01
1.618266141141141077e+02 0.000000000000000000e+00 1.480403528528528589e+01
1.620128378378378500e+02 0.000000000000000000e+00 1.497723348348348260e+01
1.620865803303303210e+02 0.000000000000000000e+00 1.503416854354354371e+01
1.619485923423423515e+02 0.000000000000000000e+00 1.506295983483483525e+01
1.615480011261261382e+02 0.000000000000000000e+00 1.485788288288288328e+01
1.612602008258258195e+02 0.000000000000000000e+00 1.483552927927927989e+01
1.608794388138138061e+02 0.000000000000000000e+00 1.466387012012011937e+01
1.609466779279279365e+02 0.000000000000000000e+00 1.469882695195195232e+01
1.611619463213213237e+02 0.000000000000000000e+00 1.465510510510510578e+01
1.612344782282282267e+02 0.000000000000000000e+00 1.473284534534534451e+01
1.612985172672672718e+02 0.000000000000000000e+00 1.472725225225225287e+01
1.612856888138138061e+02 0.000000000000000000e+00 1.475991929429429383e+01
1.614856231231231334e+02 0.000000000000000000e+00 1.471385135135135158e+01
1.616072165915915946e+02 0.000000000000000000e+00 1.471088588588588664e+01
1.618018018018018154e+02 0.000000000000000000e+00 1.485292792792792760e+01
1.618234328078078192e+02 0.000000000000000000e+00 1.484441629129129048e+01
1.618864864864864899e+02 0.000000000000000000e+00 1.492715840840840791e+01
1.619521490240240382e+02 0.000000000000000000e+00 1.494365615615615539e+01
1.621208239489489529e+02 0.000000000000000000e+00 1.513351163663663712e+01
1.621931118618618655e+02 0.000000000000000000e+00 1.522344219219219141e+01
1.622412162162162304e+02 0.000000000000000000e+00 1.537676426426426346e+01
1.626062875375375256e+02 0.000000000000000000e+00 1.551149587087087056e+01
1.627939470720720863e+02 0.000000000000000000e+00 1.559167605105105103e+01
1.630450075075075063e+02 0.000000000000000000e+00 1.568079016516516511e+01
1.631241178678678807e+02 0.000000000000000000e+00 1.570723536036036094e+01
1.632272991741741635e+02 0.000000000000000000e+00 1.574292417417417411e+01
1.632368430930930856e+02 0.000000000000000000e+00 1.574954954954954900e+01
1.635731512762762634e+02 0.000000000000000000e+00 1.589950262762762812e+01
1.637545232732732643e+02 0.000000000000000000e+00 1.597732732732732686e+01
1.638537725225225188e+02 0.000000000000000000e+00 1.604711899399399400e+01
1.640443318318318404e+02 0.000000000000000000e+00 1.606899399399399542e+01
1.641638513513513544e+02 0.000000000000000000e+00 1.610947822822822673e+01
1.640411505255255236e+02 0.000000000000000000e+00 1.607925112612612750e+01
1.638846565315315331e+02 0.000000000000000000e+00 1.604435998498498606e+01
1.638295983483483553e+02 0.000000000000000000e+00 1.598115615615615681e+01
1.637914320570570510e+02 0.000000000000000000e+00 1.596800863363363376e+01
1.638051520270270203e+02 0.000000000000000000e+00 1.602339527027027088e+01
1.636554992492492602e+02 0.000000000000000000e+00 1.594341216216216139e+01
1.635779466966966993e+02 0.000000000000000000e+00 1.605735735735735759e+01
1.632463588588588550e+02 0.000000000000000000e+00 1.583537912912912837e+01
1.632481137387387378e+02 0.000000000000000000e+00 1.591439564564564613e+01
1.632929898648648646e+02 0.000000000000000000e+00 1.587436186186186227e+01
1.630689283033032950e+02 0.000000000000000000e+00 1.583697447447447360e+01
1.630212650150150182e+02 0.000000000000000000e+00 1.593955518018018047e+01
1.628305461711711644e+02 0.000000000000000000e+00 1.592279466966967050e+01
1.628155123873874004e+02 0.000000000000000000e+00 1.590471096096096026e+01
1.627071321321321307e+02 0.000000000000000000e+00 1.590673798798798799e+01
1.628127158408408377e+02 0.000000000000000000e+00 1.588365240240240261e+01
1.627963870120120191e+02 0.000000000000000000e+00 1.568131569069069009e+01
1.627893111861861826e+02 0.000000000000000000e+00 1.563056493993994067e+01
1.626150150150150182e+02 0.000000000000000000e+00 1.558385885885885891e+01
1.625546546546546551e+02 0.000000000000000000e+00 1.565246809309309306e+01
1.626069538288288356e+02 0.000000000000000000e+00 1.564289602102102172e+01
1.627670701951952026e+02 0.000000000000000000e+00 1.587164977477477557e+01
1.627761167417417312e+02 0.000000000000000000e+00 1.580106043543543493e+01
1.627974286786786706e+02 0.000000000000000000e+00 1.595335022522522550e+01
1.629035848348348452e+02 0.000000000000000000e+00 1.598603603603603673e+01
1.628572259759759788e+02 0.000000000000000000e+00 1.584891141141141091e+01
1.629008633633633565e+02 0.000000000000000000e+00 1.585244932432432385e+01
1.629126783033032950e+02 0.000000000000000000e+00 1.577376126126126188e+01
1.630935435435435465e+02 0.000000000000000000e+00 1.587781531531531520e+01
1.630530123873873833e+02 0.000000000000000000e+00 1.587225975975976056e+01
1.631223536036036137e+02 0.000000000000000000e+00 1.587864114114114145e+01
1.631585304054054006e+02 0.000000000000000000e+00 1.574198573573573512e+01
1.632296921921922035e+02 0.000000000000000000e+00 1.579884572072072046e+01
1.632879598348348225e+02 0.000000000000000000e+00 1.574845157657657602e+01
1.634030030030029934e+02 0.000000000000000000e+00 1.571975412912912873e+01
1.635677083333333428e+02 0.000000000000000000e+00 1.579187312312312308e+01
1.635828359609609493e+02 0.000000000000000000e+00 1.591763325825825781e+01
1.636708239489489358e+02 0.000000000000000000e+00 1.601424549549549425e+01
1.634178021771771796e+02 0.000000000000000000e+00 1.585951576576576549e+01
1.630723160660660653e+02 0.000000000000000000e+00 1.573810060060060145e+01
1.626435153903903768e+02 0.000000000000000000e+00 1.541518393393393360e+01
1.625313532282282267e+02 0.000000000000000000e+00 1.531844031531531591e+01
1.623687406156156214e+02 0.000000000000000000e+00 1.525690690690690765e+01
1.622956174924924824e+02 0.000000000000000000e+00 1.529562687687687728e+01
1.623173986486486626e+02 0.000000000000000000e+00 1.528888888888888964e+01
1.623493524774774812e+02 0.000000000000000000e+00 1.527729917417417482e+01
1.623540446696696620e+02 0.000000000000000000e+00 1.535957207207207276e+01
1.624625187687687742e+02 0.000000000000000000e+00 1.540636261261261275e+01
1.625964620870870760e+02 0.000000000000000000e+00 1.545804241741741691e+01
1.625739864864864899e+02 0.000000000000000000e+00 1.538338963963964012e+01
1.625503847597597655e+02 0.000000000000000000e+00 1.540847409909909871e+01
1.623042323573573640e+02 0.000000000000000000e+00 1.531000375375375455e+01
1.620794294294294389e+02 0.000000000000000000e+00 1.521613175675675755e+01
1.622137762762762634e+02 0.000000000000000000e+00 1.517502815315315345e+01
1.621094782282282267e+02 0.000000000000000000e+00 1.518621433933933851e+01
1.622687312312312429e+02 0.000000000000000000e+00 1.519407845345345365e+01
1.623397428678678693e+02 0.000000000000000000e+00 1.520335960960960975e+01
1.624098536036036080e+02 0.000000000000000000e+00 1.520606231231231220e+01
1.624362987987987879e+02 0.000000000000000000e+00 1.511387950450450468e+01
1.625769519519519406e+02 0.000000000000000000e+00 1.514687499999999964e+01
1.623361861861861826e+02 0.000000000000000000e+00 1.515015953453453434e+01
1.622924455705705782e+02 0.000000000000000000e+00 1.519004316816816846e+01
1.620833802552552640e+02 0.000000000000000000e+00 1.508719969969969910e+01
1.620816535285285340e+02 0.000000000000000000e+00 1.502397710210210136e+01
1.619475037537537503e+02 0.000000000000000000e+00 1.491557807807807734e+01
1.619494087837837810e+02 0.000000000000000000e+00 1.502075825825825817e+01
1.620289508258258309e+02 0.000000000000000000e+00 1.500258070570570545e+01
1.621390296546546494e+02 0.000000000000000000e+00 1.501588776276276249e+01
1.621394050300300194e+02 0.000000000000000000e+00 1.497921358858858909e+01
1.621693506006006089e+02 0.000000000000000000e+00 1.495754504504504467e+01
1.622307620120120077e+02 0.000000000000000000e+00 1.488711524024023980e+01
1.620378378378378272e+02 0.000000000000000000e+00 1.466346659159159138e+01
1.619200168918918905e+02 0.000000000000000000e+00 1.465847409909909871e+01
1.615311467717717733e+02 0.000000000000000000e+00 1.441678866366366307e+01
1.611182807807807933e+02 0.000000000000000000e+00 1.427027027027027017e+01
1.608551332582582631e+02 0.000000000000000000e+00 1.417452139639639697e+01
1.607507695195195083e+02 0.000000000000000000e+00 1.421651651651651704e+01
1.606683464714714660e+02 0.000000000000000000e+00 1.420803303303303267e+01
1.607078547297297177e+02 0.000000000000000000e+00 1.427439001501501536e+01
1.607326013513513487e+02 0.000000000000000000e+00 1.427889451951952005e+01
1.608862143393393467e+02 0.000000000000000000e+00 1.427195007507507540e+01
1.609806306306306283e+02 0.000000000000000000e+00 1.428865427927927989e+01
1.610218093093093046e+02 0.000000000000000000e+00 1.431860923423423415e+01
1.610079204204204188e+02 0.000000000000000000e+00 1.441496809309309235e+01
1.608990146396396312e+02 0.000000000000000000e+00 1.432821884384384425e+01
1.605551707957957888e+02 0.000000000000000000e+00 1.437817192192192195e+01
1.603204673423423401e+02 0.000000000000000000e+00 1.428941441441441462e+01
1.603016328828828705e+02 0.000000000000000000e+00 1.434990615615615539e+01
1.602951764264264227e+02 0.000000000000000000e+00 1.433203828828828819e+01
1.603530593093093159e+02 0.000000000000000000e+00 1.442668918918918841e+01
1.604956268768768837e+02 0.000000000000000000e+00 1.448765015015015045e+01
1.607034816066066014e+02 0.000000000000000000e+00 1.450503003003002966e+01
1.607981231231231334e+02 0.000000000000000000e+00 1.464080330330330249e+01
1.607769801051051104e+02 0.000000000000000000e+00 1.447105855855855872e+01
1.609347409909910027e+02 0.000000000000000000e+00 1.462855668168168144e+01
1.608144801051051047e+02 0.000000000000000000e+00 1.454668731231231149e+01
1.607600319069069030e+02 0.000000000000000000e+00 1.458233858858858945e+01
1.607261918168168222e+02 0.000000000000000000e+00 1.447622935435435387e+01
1.607454391891891987e+02 0.000000000000000000e+00 1.459145082582582553e+01
1.607103134384384475e+02 0.000000000000000000e+00 1.458442192192192266e+01
1.606958427177177100e+02 0.000000000000000000e+00 1.445751689189189193e+01
1.607091591591591566e+02 0.000000000000000000e+00 1.440189564564564506e+01
1.607062124624624744e+02 0.000000000000000000e+00 1.433833521021021085e+01
1.608373873873873947e+02 0.000000000000000000e+00 1.438317379879879887e+01
1.608295232732732813e+02 0.000000000000000000e+00 1.429024962462462511e+01
1.610950638138138231e+02 0.000000000000000000e+00 1.452813438438438354e+01
1.612095251501501423e+02 0.000000000000000000e+00 1.459095345345345329e+01
1.613264545795795755e+02 0.000000000000000000e+00 1.473353978978978951e+01
1.612310435435435352e+02 0.000000000000000000e+00 1.466554992492492460e+01
1.610773648648648759e+02 0.000000000000000000e+00 1.462919481981981917e+01
1.608724662162162247e+02 0.000000000000000000e+00 1.445533971471471446e+01
1.605787349849849761e+02 0.000000000000000000e+00 1.437504692192192124e+01
1.604264264264264170e+02 0.000000000000000000e+00 1.421691066066066078e+01
1.603754316816816754e+02 0.000000000000000000e+00 1.425076013513513473e+01
1.604557057057056966e+02 0.000000000000000000e+00 1.431497747747747695e+01
1.602223160660660710e+02 0.000000000000000000e+00 1.424197635135135087e+01
1.603021959459459538e+02 0.000000000000000000e+00 1.432015765765765813e+01
1.602124061561561632e+02 0.000000000000000000e+00 1.423411223723723751e+01
1.603488926426426531e+02 0.000000000000000000e+00 1.443678678678678651e+01
1.603484234234234123e+02 0.000000000000000000e+00 1.438631756756756808e+01
1.604491366366366378e+02 0.000000000000000000e+00 1.436271584084084019e+01
