1.591170589760580754e+02 0.000000000000000000e+00 1.559140280618859720e+01
1.590536652357217520e+02 0.000000000000000000e+00 1.564497200533963372e+01
1.590826682800810659e+02 0.000000000000000000e+00 1.566483236816579705e+01
1.589991356708634669e+02 0.000000000000000000e+00 1.567359090341602013e+01
1.592139214612924718e+02 0.000000000000000000e+00 1.554212644174901747e+01
1.593682042121639881e+02 0.000000000000000000e+00 1.478075811268931261e+01
1.591167900736600416e+02 0.000000000000000000e+00 1.405010227894782382e+01
1.586259951789641605e+02 0.000000000000000000e+00 1.376076329866413062e+01
1.583662642734353199e+02 0.000000000000000000e+00 1.358248100876813957e+01
1.582399473719592322e+02 0.000000000000000000e+00 1.332762876103220151e+01
1.582954949244672491e+02 0.000000000000000000e+00 1.328039797554908930e+01
1.585142182142959939e+02 0.000000000000000000e+00 1.336772402931036119e+01
1.585822889356266785e+02 0.000000000000000000e+00 1.337332296138369436e+01
1.588634840147128102e+02 0.000000000000000000e+00 1.341256350418239229e+01
1.588280561237719439e+02 0.000000000000000000e+00 1.333147022386124725e+01
1.590044560968816825e+02 0.000000000000000000e+00 1.339137783668020809e+01
1.587579398234847758e+02 0.000000000000000000e+00 1.329308440654201107e+01
1.587142239764902456e+02 0.000000000000000000e+00 1.349211059571484839e+01
1.585258482430109268e+02 0.000000000000000000e+00 1.349186090063096088e+01
1.583750900342850514e+02 0.000000000000000000e+00 1.358122292969162714e+01
1.583084502578581976e+02 0.000000000000000000e+00 1.358284594773689768e+01
1.582051821333563737e+02 0.000000000000000000e+00 1.364753618177802075e+01
1.585297953460677718e+02 0.000000000000000000e+00 1.355457278131512489e+01
1.585721762847292382e+02 0.000000000000000000e+00 1.342688255687765952e+01
1.587687535413485591e+02 0.000000000000000000e+00 1.342371335004369648e+01
1.589649466516849543e+02 0.000000000000000000e+00 1.345292767485858576e+01
1.591931967693297736e+02 0.000000000000000000e+00 1.349819931429888520e+01
1.589380660155387091e+02 0.000000000000000000e+00 1.343734093942973473e+01
1.591506909831263670e+02 0.000000000000000000e+00 1.359325631200361073e+01
1.591632237556061398e+02 0.000000000000000000e+00 1.355366043389322606e+01
1.591541867143008062e+02 0.000000000000000000e+00 1.365664044868285920e+01
1.591954536287418307e+02 0.000000000000000000e+00 1.360644213316430928e+01
1.590686949590404140e+02 0.000000000000000000e+00 1.357456759534030510e+01
1.590702987697715400e+02 0.000000000000000000e+00 1.351766592718507276e+01
1.589180231832281720e+02 0.000000000000000000e+00 1.352495510290318492e+01
1.590536172174363969e+02 0.000000000000000000e+00 1.355834701854466218e+01
1.589186282136237480e+02 0.000000000000000000e+00 1.355512979342533697e+01
1.590393557866835579e+02 0.000000000000000000e+00 1.364340660923679671e+01
1.588508840166335290e+02 0.000000000000000000e+00 1.356277430445513588e+01
1.586966300767332143e+02 0.000000000000000000e+00 1.353190815062375840e+01
1.584288993248628969e+02 0.000000000000000000e+00 1.339999231707434113e+01
1.582853918772268571e+02 0.000000000000000000e+00 1.347191410489114283e+01
1.585731270467794047e+02 0.000000000000000000e+00 1.352225647526578101e+01
1.586434258165509448e+02 0.000000000000000000e+00 1.353542308911233327e+01
1.587624535423089185e+02 0.000000000000000000e+00 1.350547888635992599e+01
1.588696591662104822e+02 0.000000000000000000e+00 1.355106744648362138e+01
1.590560853573040561e+02 0.000000000000000000e+00 1.362824243471914087e+01
1.589493887272273298e+02 0.000000000000000000e+00 1.354167506986660463e+01
1.589614605241675918e+02 0.000000000000000000e+00 1.346892736754156061e+01
1.587231265665965623e+02 0.000000000000000000e+00 1.324626657831302090e+01
1.587611090303187495e+02 0.000000000000000000e+00 1.326487846571974671e+01
1.586539130100742341e+02 0.000000000000000000e+00 1.320087009133077949e+01
1.586422733777022245e+02 0.000000000000000000e+00 1.328025392069299926e+01
1.588255975875613331e+02 0.000000000000000000e+00 1.340220115820104319e+01
1.588569631315604909e+02 0.000000000000000000e+00 1.356015250607431355e+01
1.589792753080373018e+02 0.000000000000000000e+00 1.366986468447184677e+01
1.590617707222910440e+02 0.000000000000000000e+00 1.373364257109107101e+01
1.590809492254650479e+02 0.000000000000000000e+00 1.365589136343119492e+01
1.589513670805842764e+02 0.000000000000000000e+00 1.363219914143305722e+01
1.590123791139666025e+02 0.000000000000000000e+00 1.364012215851796306e+01
1.589480730262083910e+02 0.000000000000000000e+00 1.370266117337482115e+01
1.589117135805314547e+02 0.000000000000000000e+00 1.369622672313617073e+01
1.588207381370825999e+02 0.000000000000000000e+00 1.363653999442987974e+01
1.587881433249781651e+02 0.000000000000000000e+00 1.369654364381956668e+01
1.586912424251154903e+02 0.000000000000000000e+00 1.357065890691175269e+01
1.586584075215842233e+02 0.000000000000000000e+00 1.361362566865462398e+01
1.587641918042390614e+02 0.000000000000000000e+00 1.364979304119008496e+01
1.591279879378067221e+02 0.000000000000000000e+00 1.371478098860045947e+01
1.594873663891209787e+02 0.000000000000000000e+00 1.387693873827153368e+01
1.595001872713129103e+02 0.000000000000000000e+00 1.384331633486031521e+01
1.596865078221786973e+02 0.000000000000000000e+00 1.385667502184831967e+01
1.591897970747260445e+02 0.000000000000000000e+00 1.366891392242165892e+01
1.586254669778251696e+02 0.000000000000000000e+00 1.343442142767966097e+01
1.583935002448932607e+02 0.000000000000000000e+00 1.325092435199323937e+01
1.581965676529622442e+02 0.000000000000000000e+00 1.326404294755442947e+01
1.582896078826817359e+02 0.000000000000000000e+00 1.322106658215448505e+01
1.582931228211703001e+02 0.000000000000000000e+00 1.327824675636482432e+01
1.584734410863656819e+02 0.000000000000000000e+00 1.334286976480643894e+01
1.584951069367214984e+02 0.000000000000000000e+00 1.331468303129831909e+01
1.585210560181317021e+02 0.000000000000000000e+00 1.343133865375935088e+01
1.585322154676500759e+02 0.000000000000000000e+00 1.343689917120439503e+01
1.587469436361366490e+02 0.000000000000000000e+00 1.352082553036196266e+01
1.587006732163607978e+02 0.000000000000000000e+00 1.341580954027293515e+01
1.588680073371940011e+02 0.000000000000000000e+00 1.350959885524407689e+01
1.589777867411910393e+02 0.000000000000000000e+00 1.355362201926493526e+01
1.590974579119728674e+02 0.000000000000000000e+00 1.365436438195664870e+01
1.591453705571081514e+02 0.000000000000000000e+00 1.357975357015951623e+01
1.590789708721081013e+02 0.000000000000000000e+00 1.355530265925264288e+01
1.591211213229998123e+02 0.000000000000000000e+00 1.345191929086596261e+01
1.588878196817348112e+02 0.000000000000000000e+00 1.337572387565184862e+01
1.587384924179127381e+02 0.000000000000000000e+00 1.334785406282712472e+01
1.584048133529248048e+02 0.000000000000000000e+00 1.318297847820450031e+01
1.583335061991606381e+02 0.000000000000000000e+00 1.325520758304762481e+01
1.581088286419468432e+02 0.000000000000000000e+00 1.322888395901159164e+01
1.581697638460725841e+02 0.000000000000000000e+00 1.324098456692308368e+01
1.581660088161571878e+02 0.000000000000000000e+00 1.317623671093952531e+01
1.580988504422484198e+02 0.000000000000000000e+00 1.323221642801578923e+01
1.583442142767966061e+02 0.000000000000000000e+00 1.325513075379104322e+01
1.583774045156395687e+02 0.000000000000000000e+00 1.334210147224062837e+01
1.585512211049967846e+02 0.000000000000000000e+00 1.342774688601419442e+01
1.584953758391195322e+02 0.000000000000000000e+00 1.345115099830015204e+01
1.586936145284124109e+02 0.000000000000000000e+00 1.345957340555283466e+01
1.586290779528844723e+02 0.000000000000000000e+00 1.355200860487673786e+01
1.589422916246506645e+02 0.000000000000000000e+00 1.366818404448413915e+01
1.589035408683626827e+02 0.000000000000000000e+00 1.356848848041334143e+01
1.587146849520297280e+02 0.000000000000000000e+00 1.359032719659646382e+01
1.584659214228778410e+02 0.000000000000000000e+00 1.343633255543710980e+01
1.579198286707578234e+02 0.000000000000000000e+00 1.337210329693547273e+01
1.576315556964091797e+02 0.000000000000000000e+00 1.301669115599220206e+01
1.574249042035206969e+02 0.000000000000000000e+00 1.292227760331134157e+01
1.576649956303360227e+02 0.000000000000000000e+00 1.290598019725911705e+01
1.576597040152890088e+02 0.000000000000000000e+00 1.291321175103479391e+01
1.577152419641399490e+02 0.000000000000000000e+00 1.294302150258818607e+01
1.576040412188961568e+02 0.000000000000000000e+00 1.287437456183314666e+01
1.579115887329895145e+02 0.000000000000000000e+00 1.303964389639574684e+01
1.578890393461830399e+02 0.000000000000000000e+00 1.296806784023356052e+01
1.578318591719726953e+02 0.000000000000000000e+00 1.305348276623738357e+01
1.581642129322846131e+02 0.000000000000000000e+00 1.292021281704072955e+01
1.580533675223525165e+02 0.000000000000000000e+00 1.289776907046203114e+01
1.580465873404592401e+02 0.000000000000000000e+00 1.287642974444668553e+01
1.578843431578745253e+02 0.000000000000000000e+00 1.270188327715193921e+01
1.580762242261853316e+02 0.000000000000000000e+00 1.273948159459122031e+01
1.578789459025996962e+02 0.000000000000000000e+00 1.278607853870754063e+01
1.577972475918829787e+02 0.000000000000000000e+00 1.287644895176083004e+01
1.577189297684558369e+02 0.000000000000000000e+00 1.300135411564723853e+01
1.578900285228615132e+02 0.000000000000000000e+00 1.304572301132271228e+01
1.578746146532599539e+02 0.000000000000000000e+00 1.299661951271044025e+01
1.578236192342043864e+02 0.000000000000000000e+00 1.305969633236336414e+01
1.578086567364852613e+02 0.000000000000000000e+00 1.296254573741680893e+01
1.578411459083619093e+02 0.000000000000000000e+00 1.299878033555177836e+01
1.578680937701076630e+02 0.000000000000000000e+00 1.298182988081861566e+01
1.578820286765200080e+02 0.000000000000000000e+00 1.303402575700826915e+01
1.578532081016450945e+02 0.000000000000000000e+00 1.298655488009834080e+01
1.577529747327782559e+02 0.000000000000000000e+00 1.302258780143478667e+01
1.578466103892362185e+02 0.000000000000000000e+00 1.321056018131704590e+01
1.578089832608257268e+02 0.000000000000000000e+00 1.318916323335926322e+01
1.579885428371123623e+02 0.000000000000000000e+00 1.327948562812719047e+01
1.580217138686411715e+02 0.000000000000000000e+00 1.325230727861169555e+01
1.583645068041910235e+02 0.000000000000000000e+00 1.334467525233609031e+01
1.584271322519615524e+02 0.000000000000000000e+00 1.329937480192457322e+01
1.584989676068646816e+02 0.000000000000000000e+00 1.332694690138004567e+01
1.586280407579206155e+02 0.000000000000000000e+00 1.334593333141260274e+01
1.584898057180174078e+02 0.000000000000000000e+00 1.327765132962632144e+01
1.581483284834865231e+02 0.000000000000000000e+00 1.316759341957417462e+01
1.577372535461503844e+02 0.000000000000000000e+00 1.305652712552940109e+01
1.575392741555984628e+02 0.000000000000000000e+00 1.301694085107608956e+01
1.573530496413034143e+02 0.000000000000000000e+00 1.291170397687439397e+01
1.576158537170954617e+02 0.000000000000000000e+00 1.309746751562995115e+01
1.577239716884189420e+02 0.000000000000000000e+00 1.314673427641245773e+01
1.579120305012148719e+02 0.000000000000000000e+00 1.321651444870206582e+01
1.580428227068867955e+02 0.000000000000000000e+00 1.315488778126710656e+01
1.580244605145639412e+02 0.000000000000000000e+00 1.318802039816762139e+01
1.581614950973330735e+02 0.000000000000000000e+00 1.312426171886254345e+01
1.581133327571139091e+02 0.000000000000000000e+00 1.311932543912721982e+01
1.580092579254180123e+02 0.000000000000000000e+00 1.302484466084685089e+01
1.579479385750093741e+02 0.000000000000000000e+00 1.301841981426527184e+01
1.579958512201446297e+02 0.000000000000000000e+00 1.301349313818702136e+01
1.576863637673226037e+02 0.000000000000000000e+00 1.289965138724826410e+01
1.577481248859565710e+02 0.000000000000000000e+00 1.298598826433105735e+01
1.577013838869841607e+02 0.000000000000000000e+00 1.299237469628434560e+01
1.577295610168352198e+02 0.000000000000000000e+00 1.302682301420380817e+01
1.578649533742449194e+02 0.000000000000000000e+00 1.306078154561256888e+01
1.577851757949427167e+02 0.000000000000000000e+00 1.309915775927473192e+01
1.578870802001402183e+02 0.000000000000000000e+00 1.315355287293401254e+01
1.578918820286765197e+02 0.000000000000000000e+00 1.324925331566260489e+01
1.579320541262112556e+02 0.000000000000000000e+00 1.329726199736859726e+01
1.578538131320406706e+02 0.000000000000000000e+00 1.321434402220365456e+01
1.579593093049833499e+02 0.000000000000000000e+00 1.312568306010929042e+01
1.579053367522352573e+02 0.000000000000000000e+00 1.304552133452418694e+01
1.581125356535768844e+02 0.000000000000000000e+00 1.310796431281031893e+01
1.580548560891987790e+02 0.000000000000000000e+00 1.301800685701114979e+01
1.582253690205230043e+02 0.000000000000000000e+00 1.319441643377798279e+01
1.583922997877591854e+02 0.000000000000000000e+00 1.316131262784868561e+01
1.584511029800147810e+02 0.000000000000000000e+00 1.317814783869697592e+01
1.585295552546409681e+02 0.000000000000000000e+00 1.326580041679871691e+01
1.586816675790140891e+02 0.000000000000000000e+00 1.332959751073208743e+01
1.588322241109414392e+02 0.000000000000000000e+00 1.337693393644299711e+01
1.588812795912683669e+02 0.000000000000000000e+00 1.340504384069453714e+01
1.588728379767015326e+02 0.000000000000000000e+00 1.340682051725296908e+01
1.584984201984115657e+02 0.000000000000000000e+00 1.319922786597136266e+01
1.583273694622912444e+02 0.000000000000000000e+00 1.312637452341851763e+01
1.580774438906335604e+02 0.000000000000000000e+00 1.300620396246890742e+01
1.579730617419113230e+02 0.000000000000000000e+00 1.304311081659896132e+01
1.579688265291422908e+02 0.000000000000000000e+00 1.299930853669077102e+01
1.578986526069127194e+02 0.000000000000000000e+00 1.303480365323115109e+01
1.580785483111968972e+02 0.000000000000000000e+00 1.297429101001661422e+01
1.580441192005915809e+02 0.000000000000000000e+00 1.299033872098495124e+01
1.580377039576670768e+02 0.000000000000000000e+00 1.298036052128650653e+01
1.578748931593150644e+02 0.000000000000000000e+00 1.290259970996955552e+01
1.579421187588233693e+02 0.000000000000000000e+00 1.290986007471645181e+01
1.579134518424615976e+02 0.000000000000000000e+00 1.285730886321511157e+01
1.578500388948111492e+02 0.000000000000000000e+00 1.286398340488057812e+01
1.576759341957417462e+02 0.000000000000000000e+00 1.286501099618734756e+01
1.575958781103844331e+02 0.000000000000000000e+00 1.296723232206824328e+01
1.575919406109846648e+02 0.000000000000000000e+00 1.301008383992624395e+01
1.575963582932380689e+02 0.000000000000000000e+00 1.309729464980264524e+01
1.576898787058111679e+02 0.000000000000000000e+00 1.315355287293401254e+01
1.578199890518309303e+02 0.000000000000000000e+00 1.314838610542894770e+01
1.579685672304013337e+02 0.000000000000000000e+00 1.311397620213777415e+01
1.579375762290280250e+02 0.000000000000000000e+00 1.306610197163079690e+01
1.581012801674877721e+02 0.000000000000000000e+00 1.306055105784282588e+01
1.580021896338125487e+02 0.000000000000000000e+00 1.295629375666253758e+01
1.582675963006713005e+02 0.000000000000000000e+00 1.312133260345539654e+01
1.583522429341093130e+02 0.000000000000000000e+00 1.316999433384232709e+01
1.584781756893024749e+02 0.000000000000000000e+00 1.329049141913240639e+01
1.585164750737080794e+02 0.000000000000000000e+00 1.324186810337376485e+01
1.585335599796402448e+02 0.000000000000000000e+00 1.325904904587667055e+01
1.586573991375915966e+02 0.000000000000000000e+00 1.326894081266146230e+01
1.585732422906642967e+02 0.000000000000000000e+00 1.321539082082457028e+01
1.585700538765161696e+02 0.000000000000000000e+00 1.315795134787327036e+01
1.585492523552968862e+02 0.000000000000000000e+00 1.317796536921259687e+01
1.587303004984298127e+02 0.000000000000000000e+00 1.324467237123896801e+01
1.588102413399022339e+02 0.000000000000000000e+00 1.318665667886331150e+01
1.588946382782563660e+02 0.000000000000000000e+00 1.321529478425384418e+01
1.585892131723760485e+02 0.000000000000000000e+00 1.300789420611368818e+01
1.582403891401845897e+02 0.000000000000000000e+00 1.286426191093568505e+01
1.579773257656515568e+02 0.000000000000000000e+00 1.264691194406830199e+01
1.577142143728331689e+02 0.000000000000000000e+00 1.264283999346951326e+01
1.576871320598883983e+02 0.000000000000000000e+00 1.266180721618792404e+01
1.577289271754684137e+02 0.000000000000000000e+00 1.276578601131310720e+01
1.578124789920001660e+02 0.000000000000000000e+00 1.279801588444879812e+01
1.577802875334927535e+02 0.000000000000000000e+00 1.283072594043811954e+01
1.578882422426459868e+02 0.000000000000000000e+00 1.291306769617870565e+01
1.577839945451227948e+02 0.000000000000000000e+00 1.284075215842192641e+01
1.578888088584132845e+02 0.000000000000000000e+00 1.285019255332430532e+01
1.577649216821765776e+02 0.000000000000000000e+00 1.275855445753743034e+01
1.578509704495471908e+02 0.000000000000000000e+00 1.290363690493339810e+01
1.578556858451698304e+02 0.000000000000000000e+00 1.281685825962526515e+01
1.578193648141212293e+02 0.000000000000000000e+00 1.291030184294179151e+01
1.578707635867738475e+02 0.000000000000000000e+00 1.299027149538544279e+01
1.578771596223841982e+02 0.000000000000000000e+00 1.302723597145793200e+01
1.580239899353673820e+02 0.000000000000000000e+00 1.304679862091484388e+01
1.581572886955352715e+02 0.000000000000000000e+00 1.322336185619483828e+01
1.581937633850970428e+02 0.000000000000000000e+00 1.324167603023231266e+01
1.579784397898719703e+02 0.000000000000000000e+00 1.312796873049257229e+01
1.581079162945249550e+02 0.000000000000000000e+00 1.332081976816771807e+01
1.581154167506986710e+02 0.000000000000000000e+00 1.326066246026486972e+01
1.582409653596089356e+02 0.000000000000000000e+00 1.326147877111604068e+01
1.583675799744542587e+02 0.000000000000000000e+00 1.326193974665552666e+01
1.582261181057746739e+02 0.000000000000000000e+00 1.314260470387123370e+01
1.584844948956562689e+02 0.000000000000000000e+00 1.321248091273156788e+01
1.582763260249502935e+02 0.000000000000000000e+00 1.307272849501089951e+01
1.582245815206430564e+02 0.000000000000000000e+00 1.315713503702209763e+01
1.581789065276057045e+02 0.000000000000000000e+00 1.321459371728754384e+01
1.583204356218848261e+02 0.000000000000000000e+00 1.341606883901389580e+01
1.582662133740528532e+02 0.000000000000000000e+00 1.335886945748941201e+01
1.584039970420736267e+02 0.000000000000000000e+00 1.342510588031922580e+01
1.583664851575479986e+02 0.000000000000000000e+00 1.326584843508408085e+01
1.584679285872060177e+02 0.000000000000000000e+00 1.319738396381342049e+01
1.585467073861726419e+02 0.000000000000000000e+00 1.316378076771634653e+01
1.582901168765065734e+02 0.000000000000000000e+00 1.312195684116511529e+01
1.578776686162090641e+02 0.000000000000000000e+00 1.288204788383416322e+01
1.576036666762703362e+02 0.000000000000000000e+00 1.280411420668990807e+01
1.575877053982156326e+02 0.000000000000000000e+00 1.276847503529343975e+01
1.574458209686248438e+02 0.000000000000000000e+00 1.277132732144400507e+01
1.576495433461061850e+02 0.000000000000000000e+00 1.299849222583960007e+01
1.575647430541550307e+02 0.000000000000000000e+00 1.291113736110710875e+01
1.576967453206180778e+02 0.000000000000000000e+00 1.298104238093866059e+01
1.576858739808118912e+02 0.000000000000000000e+00 1.282530947784916542e+01
1.578522189249666212e+02 0.000000000000000000e+00 1.289874864348343841e+01
1.578789555062567729e+02 0.000000000000000000e+00 1.284708096843277936e+01
1.577746597904481973e+02 0.000000000000000000e+00 1.279938920741018116e+01
1.578391483476908093e+02 0.000000000000000000e+00 1.279048661730386982e+01
1.577753896683857135e+02 0.000000000000000000e+00 1.284797410854053190e+01
1.577377625399752219e+02 0.000000000000000000e+00 1.282771039211731789e+01
1.576476514256629002e+02 0.000000000000000000e+00 1.283630566519730642e+01
1.577432078135354061e+02 0.000000000000000000e+00 1.291288522669432481e+01
1.577827364660462592e+02 0.000000000000000000e+00 1.297978430186214993e+01
1.579476504652971869e+02 0.000000000000000000e+00 1.318931689187242462e+01
1.579063547398849607e+02 0.000000000000000000e+00 1.311618504326447443e+01
1.579002756249579704e+02 0.000000000000000000e+00 1.316080363402383568e+01
1.580530121870408209e+02 0.000000000000000000e+00 1.314993229421763843e+01
1.579001795883872603e+02 0.000000000000000000e+00 1.313142604703871186e+01
1.578491745656746161e+02 0.000000000000000000e+00 1.303228749507812623e+01
1.577987841770145963e+02 0.000000000000000000e+00 1.302956966012657603e+01
1.577949042995572597e+02 0.000000000000000000e+00 1.298718872146513448e+01
1.576983683386633572e+02 0.000000000000000000e+00 1.297205335791869629e+01
1.578296887454742716e+02 0.000000000000000000e+00 1.295212576949302274e+01
1.577850797583719782e+02 0.000000000000000000e+00 1.296593582836344005e+01
1.580441192005915809e+02 0.000000000000000000e+00 1.308377270064440623e+01
1.580786347441105590e+02 0.000000000000000000e+00 1.305143718728091606e+01
1.582155444793377228e+02 0.000000000000000000e+00 1.312472269440202766e+01
1.581462348862446845e+02 0.000000000000000000e+00 1.308628885879742931e+01
1.579795730214065657e+02 0.000000000000000000e+00 1.319077664774746239e+01
1.579776907046203291e+02 0.000000000000000000e+00 1.318633015452284241e+01
1.577766093328339423e+02 0.000000000000000000e+00 1.316504845044993210e+01
1.574767831590269509e+02 0.000000000000000000e+00 1.303844343926167149e+01
1.571215054692827096e+02 0.000000000000000000e+00 1.283278112305165841e+01
1.571510751294092927e+02 0.000000000000000000e+00 1.282589530093059516e+01
1.570006530486809311e+02 0.000000000000000000e+00 1.275701787240581275e+01
1.571861957033238184e+02 0.000000000000000000e+00 1.290825626398532577e+01
1.572617668808282190e+02 0.000000000000000000e+00 1.291231861092704136e+01
1.575425201916889932e+02 0.000000000000000000e+00 1.301483765017718675e+01
1.577666311331354905e+02 0.000000000000000000e+00 1.294912942848636739e+01
1.577831110086721083e+02 0.000000000000000000e+00 1.301805487529651373e+01
1.578498852362979790e+02 0.000000000000000000e+00 1.302180990521190473e+01
1.578480701451112509e+02 0.000000000000000000e+00 1.302508475227366525e+01
1.580340833789506974e+02 0.000000000000000000e+00 1.301472240629231614e+01
1.579112718123061256e+02 0.000000000000000000e+00 1.296627195636098229e+01
1.580144823148654893e+02 0.000000000000000000e+00 1.305694968644059628e+01
1.580585438935146385e+02 0.000000000000000000e+00 1.299054039778347658e+01
1.581559922018304576e+02 0.000000000000000000e+00 1.305607575364698825e+01
1.580106792666647380e+02 0.000000000000000000e+00 1.296439924323182247e+01
1.580332478607853943e+02 0.000000000000000000e+00 1.303155761714060645e+01
1.580755039519048921e+02 0.000000000000000000e+00 1.293193888232639033e+01
1.579982137197845020e+02 0.000000000000000000e+00 1.296398628597770042e+01
1.581330586687410573e+02 0.000000000000000000e+00 1.293399406493992920e+01
1.580829371824790996e+02 0.000000000000000000e+00 1.304130532906930995e+01
1.581722704005685500e+02 0.000000000000000000e+00 1.308926599248994016e+01
1.581934176534424239e+02 0.000000000000000000e+00 1.312623046856242937e+01
1.581704649130388987e+02 0.000000000000000000e+00 1.317808061309746748e+01
1.581875978372564191e+02 0.000000000000000000e+00 1.316720927329126845e+01
1.581146004398474929e+02 0.000000000000000000e+00 1.331939842692097109e+01
1.579757987841770159e+02 0.000000000000000000e+00 1.319822908563581088e+01
1.579832992403507319e+02 0.000000000000000000e+00 1.328037876823494301e+01
1.581220240667646237e+02 0.000000000000000000e+00 1.325951962507322790e+01
1.580886225474660876e+02 0.000000000000000000e+00 1.328375925552450454e+01
1.582922392847196136e+02 0.000000000000000000e+00 1.325660971698022550e+01
1.583322289127699776e+02 0.000000000000000000e+00 1.338549079489469662e+01
1.582839417250088729e+02 0.000000000000000000e+00 1.329244096151814603e+01
1.579451054961729426e+02 0.000000000000000000e+00 1.314920241628011865e+01
1.576472576757229263e+02 0.000000000000000000e+00 1.305459679045780597e+01
1.572068339623728832e+02 0.000000000000000000e+00 1.289489757699732131e+01
1.571621481460140046e+02 0.000000000000000000e+00 1.288550520038030456e+01
1.571354307720379779e+02 0.000000000000000000e+00 1.290197547225983676e+01
1.571633005848627249e+02 0.000000000000000000e+00 1.298740000192073119e+01
1.572144496624314627e+02 0.000000000000000000e+00 1.296705945624093737e+01
1.573887944529276695e+02 0.000000000000000000e+00 1.284745551105861061e+01
1.575834125635041687e+02 0.000000000000000000e+00 1.291623690301266691e+01
1.575920942694978351e+02 0.000000000000000000e+00 1.293530976595887694e+01
1.578019821948198000e+02 0.000000000000000000e+00 1.295943415252528119e+01
1.576383550856166096e+02 0.000000000000000000e+00 1.292005915852756814e+01
1.576335820680515099e+02 0.000000000000000000e+00 1.312118854859930650e+01
1.574773113601659418e+02 0.000000000000000000e+00 1.314020378960308122e+01
1.574738732509339627e+02 0.000000000000000000e+00 1.325027130331230119e+01
1.574595638018957686e+02 0.000000000000000000e+00 1.326241992950915716e+01
1.574851863589655068e+02 0.000000000000000000e+00 1.339143545862264340e+01
1.576953047720571988e+02 0.000000000000000000e+00 1.324538304186234150e+01
1.578524109981080699e+02 0.000000000000000000e+00 1.313779327167785560e+01
1.578600939237661578e+02 0.000000000000000000e+00 1.311029800147896296e+01
1.578930824858105950e+02 0.000000000000000000e+00 1.308530928577602381e+01
1.578898652606912663e+02 0.000000000000000000e+00 1.300821112679708413e+01
1.577794712226415754e+02 0.000000000000000000e+00 1.295776311619464671e+01
1.579055192217196293e+02 0.000000000000000000e+00 1.305484648554169347e+01
1.577974588723385807e+02 0.000000000000000000e+00 1.305053444351609038e+01
1.578278352396592652e+02 0.000000000000000000e+00 1.306118489920961956e+01
1.577961239640054885e+02 0.000000000000000000e+00 1.302829237373591909e+01
1.578651070327580612e+02 0.000000000000000000e+00 1.319010439175237970e+01
1.579584161648755867e+02 0.000000000000000000e+00 1.324268441422493758e+01
1.578916227299355626e+02 0.000000000000000000e+00 1.330990041007615687e+01
1.580122926810529407e+02 0.000000000000000000e+00 1.339243423895819518e+01
1.580778760552018127e+02 0.000000000000000000e+00 1.331639248225724437e+01
1.581105957148482162e+02 0.000000000000000000e+00 1.330023913106110811e+01
1.582283557578726061e+02 0.000000000000000000e+00 1.331297358033939382e+01
1.583198113841750967e+02 0.000000000000000000e+00 1.335741930527144739e+01
1.579599143353789259e+02 0.000000000000000000e+00 1.320886993767226514e+01
1.575392069299989544e+02 0.000000000000000000e+00 1.305833261305905246e+01
1.572337530131474068e+02 0.000000000000000000e+00 1.289360108329251808e+01
1.571489335138820991e+02 0.000000000000000000e+00 1.291341342783331925e+01
1.570959693451266332e+02 0.000000000000000000e+00 1.281800109481690697e+01
1.571750746684337514e+02 0.000000000000000000e+00 1.280277929835681405e+01
1.573724874432183753e+02 0.000000000000000000e+00 1.293636616823686403e+01
1.573426200697225568e+02 0.000000000000000000e+00 1.276905125471779634e+01
1.573765017718747288e+02 0.000000000000000000e+00 1.270922047115541531e+01
1.573871042092828816e+02 0.000000000000000000e+00 1.266570630095940508e+01
1.576317381658935801e+02 0.000000000000000000e+00 1.269240446762126950e+01
1.576328233791427635e+02 0.000000000000000000e+00 1.259099945259154651e+01
1.576772210857894549e+02 0.000000000000000000e+00 1.285522486963035504e+01
1.575605558596713536e+02 0.000000000000000000e+00 1.283770779912990889e+01
1.575656361942627655e+02 0.000000000000000000e+00 1.294347287447059891e+01
1.576787480672640243e+02 0.000000000000000000e+00 1.293482958310524644e+01
1.574301574039394325e+02 0.000000000000000000e+00 1.295286525108761388e+01
1.575011956553055370e+02 0.000000000000000000e+00 1.290767044090389604e+01
1.575803105822697319e+02 0.000000000000000000e+00 1.299678277488067479e+01
1.577504009526827815e+02 0.000000000000000000e+00 1.302396112439616971e+01
1.577319427237892171e+02 0.000000000000000000e+00 1.307535989704879675e+01
1.580029771336924966e+02 0.000000000000000000e+00 1.320212817040729192e+01
1.578778126710651293e+02 0.000000000000000000e+00 1.307657956149701839e+01
1.579539696716509525e+02 0.000000000000000000e+00 1.304412880424865762e+01
1.578992480336512187e+02 0.000000000000000000e+00 1.297297530899766649e+01
1.580021320118701169e+02 0.000000000000000000e+00 1.305471203434267835e+01
1.580099301814130683e+02 0.000000000000000000e+00 1.295104055624381800e+01
1.581494905259922916e+02 0.000000000000000000e+00 1.316159113390379076e+01
1.583458949167843173e+02 0.000000000000000000e+00 1.319739356747049364e+01
1.583099868429898152e+02 0.000000000000000000e+00 1.327742084185657845e+01
1.583849721974127647e+02 0.000000000000000000e+00 1.330569400827835302e+01
1.583466728130071886e+02 0.000000000000000000e+00 1.337865299105899553e+01
1.585559172933052992e+02 0.000000000000000000e+00 1.335921518914402562e+01
1.584061194502866670e+02 0.000000000000000000e+00 1.312724845621212566e+01
1.584865404746127240e+02 0.000000000000000000e+00 1.319860362826164213e+01
1.582725229767495421e+02 0.000000000000000000e+00 1.293418613808138140e+01
1.579754722598365504e+02 0.000000000000000000e+00 1.285083599834817036e+01
1.576952375464576903e+02 0.000000000000000000e+00 1.278846024566154860e+01
1.574588627349294541e+02 0.000000000000000000e+00 1.280626542587417305e+01
1.575196250732278713e+02 0.000000000000000000e+00 1.280445033468744853e+01
1.575190680611176788e+02 0.000000000000000000e+00 1.292562927962968367e+01
1.577332296138369543e+02 0.000000000000000000e+00 1.293968903358398848e+01
1.577052157461561421e+02 0.000000000000000000e+00 1.288180779240734886e+01
1.576338413667924669e+02 0.000000000000000000e+00 1.288077059744350628e+01
1.575158412323412733e+02 0.000000000000000000e+00 1.276691924284767587e+01
1.576235750573818564e+02 0.000000000000000000e+00 1.291927165864761307e+01
1.575078701969709982e+02 0.000000000000000000e+00 1.282162167353328108e+01
1.574152333208485857e+02 0.000000000000000000e+00 1.282639469109837016e+01
1.573221834874720173e+02 0.000000000000000000e+00 1.274846101395411324e+01
1.572671257214747413e+02 0.000000000000000000e+00 1.282034438714262414e+01
1.572317266415050767e+02 0.000000000000000000e+00 1.280353798726555148e+01
1.572456615479174502e+02 0.000000000000000000e+00 1.278024911886446446e+01
1.574152525281627106e+02 0.000000000000000000e+00 1.277202838841030719e+01
1.574199006981858702e+02 0.000000000000000000e+00 1.271055537948850933e+01
1.575907401538505894e+02 0.000000000000000000e+00 1.271307153764153419e+01
1.574559624304935426e+02 0.000000000000000000e+00 1.256647171242809335e+01
1.575999596646402949e+02 0.000000000000000000e+00 1.262206728322145111e+01
1.576842509627666118e+02 0.000000000000000000e+00 1.260693191967501292e+01
1.576649572157077444e+02 0.000000000000000000e+00 1.273768571071864208e+01
1.578096747241349647e+02 0.000000000000000000e+00 1.276375003601371461e+01
1.577977277747366145e+02 0.000000000000000000e+00 1.284483371267778828e+01
1.578143805161005275e+02 0.000000000000000000e+00 1.281809713138763307e+01
1.577333064430935394e+02 0.000000000000000000e+00 1.282442594139848424e+01
1.578900573338327149e+02 0.000000000000000000e+00 1.295609207986401223e+01
1.578075907305502028e+02 0.000000000000000000e+00 1.294629634964994658e+01
1.579995678354317192e+02 0.000000000000000000e+00 1.306285593554025404e+01
1.580236249963986381e+02 0.000000000000000000e+00 1.301576920491323008e+01
1.580995611128717826e+02 0.000000000000000000e+00 1.310866537977661928e+01
1.579599239390359742e+02 0.000000000000000000e+00 1.300374542625831964e+01
1.580857318466872243e+02 0.000000000000000000e+00 1.303738703698368262e+01
1.580539821564051692e+02 0.000000000000000000e+00 1.291970382321588140e+01
1.572179838082341803e+02 0.000000000000000000e+00 1.269363373572656428e+01
1.563456452217004369e+02 0.000000000000000000e+00 1.226840300786539473e+01
1.560127920712207299e+02 0.000000000000000000e+00 1.223455011668443326e+01
1.559969844516791966e+02 0.000000000000000000e+00 1.215497421418075952e+01
1.559586850672736205e+02 0.000000000000000000e+00 1.210575547168361688e+01
1.560747548666532225e+02 0.000000000000000000e+00 1.220944615709662173e+01
1.558507207544633104e+02 0.000000000000000000e+00 1.215989128660193863e+01
1.559404957407780898e+02 0.000000000000000000e+00 1.223008441614566877e+01
1.560598403872194524e+02 0.000000000000000000e+00 1.225458334533790428e+01
1.560913307787605504e+02 0.000000000000000000e+00 1.232723501109222397e+01
1.562353664275356095e+02 0.000000000000000000e+00 1.226622297770991210e+01
1.561769665888770362e+02 0.000000000000000000e+00 1.229222007740547618e+01
1.562590586495337561e+02 0.000000000000000000e+00 1.219197710488153952e+01
1.561221777252777940e+02 0.000000000000000000e+00 1.220353030433989261e+01
1.561098754405677766e+02 0.000000000000000000e+00 1.216165835950329921e+01
1.561773603388170102e+02 0.000000000000000000e+00 1.210326812450180967e+01
1.562715434037281454e+02 0.000000000000000000e+00 1.228626581002045626e+01
1.562824435545055621e+02 0.000000000000000000e+00 1.238738271533800095e+01
1.563708068032306642e+02 0.000000000000000000e+00 1.246589261190661446e+01
1.564426997800762535e+02 0.000000000000000000e+00 1.242231121611109579e+01
1.563355133634888148e+02 0.000000000000000000e+00 1.250570937412966899e+01
1.565127200437926831e+02 0.000000000000000000e+00 1.246774611772162800e+01
1.563100060503039685e+02 0.000000000000000000e+00 1.250175266741575264e+01
1.563054539168515475e+02 0.000000000000000000e+00 1.241683713157970637e+01
1.562249464596118287e+02 0.000000000000000000e+00 1.245835374110461302e+01
1.563416981186435919e+02 0.000000000000000000e+00 1.240465009075455960e+01
1.565723587542136102e+02 0.000000000000000000e+00 1.251462156789305347e+01
1.568400606951126974e+02 0.000000000000000000e+00 1.265766803998962864e+01
1.568139675588464002e+02 0.000000000000000000e+00 1.258035860055509225e+01
1.570477013646796820e+02 0.000000000000000000e+00 1.276512335897509764e+01
1.571478194896616571e+02 0.000000000000000000e+00 1.272867748038452973e+01
1.569166786712380031e+02 0.000000000000000000e+00 1.265715904616477872e+01
1.568938027600910345e+02 0.000000000000000000e+00 1.260260067033526354e+01
1.567941648179626668e+02 0.000000000000000000e+00 1.256270707885562743e+01
1.566857299259557976e+02 0.000000000000000000e+00 1.240511106629404559e+01
1.563705859191180139e+02 0.000000000000000000e+00 1.233096123003639732e+01
1.560861448039413517e+02 0.000000000000000000e+00 1.226469599623536588e+01
1.559235068714166346e+02 0.000000000000000000e+00 1.223538563484975050e+01
1.558107311264129464e+02 0.000000000000000000e+00 1.220223381063508938e+01
1.557355729061626732e+02 0.000000000000000000e+00 1.219490622028868643e+01
1.559159487933004868e+02 0.000000000000000000e+00 1.237593515610744532e+01
1.560446954200159553e+02 0.000000000000000000e+00 1.235692951876074375e+01
1.560004225609112041e+02 0.000000000000000000e+00 1.230553074610811848e+01
1.562742324277084833e+02 0.000000000000000000e+00 1.227423242770847089e+01
1.562853534625985503e+02 0.000000000000000000e+00 1.236539994429878853e+01
1.564100665533435119e+02 0.000000000000000000e+00 1.236484293218857822e+01
1.563246324200255515e+02 0.000000000000000000e+00 1.235073515994890769e+01
1.561996696341967095e+02 0.000000000000000000e+00 1.233646412553900440e+01
1.560288205748749135e+02 0.000000000000000000e+00 1.228559355402537356e+01
1.558989695275961083e+02 0.000000000000000000e+00 1.232792647440145295e+01
1.557911108550135850e+02 0.000000000000000000e+00 1.216470271879531673e+01
1.557450133010650575e+02 0.000000000000000000e+00 1.243278880597731550e+01
1.557957206104084378e+02 0.000000000000000000e+00 1.244088468888952903e+01
1.558210358504518638e+02 0.000000000000000000e+00 1.254623680697609700e+01
1.560018150911867281e+02 0.000000000000000000e+00 1.253465479654652448e+01
1.558580003265243477e+02 0.000000000000000000e+00 1.265454685144102953e+01
1.560703179770856650e+02 0.000000000000000000e+00 1.254516119738396362e+01
1.561227827556733700e+02 0.000000000000000000e+00 1.258320128304858443e+01
1.562046827431886129e+02 0.000000000000000000e+00 1.253220586399300807e+01
1.560867690416510527e+02 0.000000000000000000e+00 1.245336944308392724e+01
1.560899094375137963e+02 0.000000000000000000e+00 1.247466075081391068e+01
1.561499418978746974e+02 0.000000000000000000e+00 1.233664659502338523e+01
1.561546188788690870e+02 0.000000000000000000e+00 1.247650465297185107e+01
1.562851229748288233e+02 0.000000000000000000e+00 1.244317035927281090e+01
1.563023615392741590e+02 0.000000000000000000e+00 1.256262064594197447e+01
1.564863676087854287e+02 0.000000000000000000e+00 1.261495097333064486e+01
1.565221220240667606e+02 0.000000000000000000e+00 1.253309900410076239e+01
1.567163847993315926e+02 0.000000000000000000e+00 1.247021425758929070e+01
1.567453782400338014e+02 0.000000000000000000e+00 1.248287187761099482e+01
1.568740384338356080e+02 0.000000000000000000e+00 1.250078269805141851e+01
1.567841289963218117e+02 0.000000000000000000e+00 1.240037646335724730e+01
1.565406474785598334e+02 0.000000000000000000e+00 1.249722934493455107e+01
1.559732826260240017e+02 0.000000000000000000e+00 1.242477935597875671e+01
1.557385020215698148e+02 0.000000000000000000e+00 1.251179809271370580e+01
1.556832329751169368e+02 0.000000000000000000e+00 1.245144871166940348e+01
1.555659339076320293e+02 0.000000000000000000e+00 1.258887704437849919e+01
1.558485695352790401e+02 0.000000000000000000e+00 1.256193878628981864e+01
1.558264042947554344e+02 0.000000000000000000e+00 1.248351532263485986e+01
1.559752801866951017e+02 0.000000000000000000e+00 1.241601121707146049e+01
1.558514890470291050e+02 0.000000000000000000e+00 1.235146503788642747e+01
1.560473172183967563e+02 0.000000000000000000e+00 1.235493195808964018e+01
1.561645970785675104e+02 0.000000000000000000e+00 1.237904674099897306e+01
1.563987342379978429e+02 0.000000000000000000e+00 1.254586226435026397e+01
1.563623267740355516e+02 0.000000000000000000e+00 1.250751486165932036e+01
1.563601851585083580e+02 0.000000000000000000e+00 1.258647613011034672e+01
1.562744437081640569e+02 0.000000000000000000e+00 1.248407233474507017e+01
1.560992730031595954e+02 0.000000000000000000e+00 1.252955525464096809e+01
1.563308555898086070e+02 0.000000000000000000e+00 1.251102980014789701e+01
1.561778885399560011e+02 0.000000000000000000e+00 1.260126576200217130e+01
1.563503606173230764e+02 0.000000000000000000e+00 1.259942185984422913e+01
1.563393932409461513e+02 0.000000000000000000e+00 1.263755798207957604e+01
1.565298817789814336e+02 0.000000000000000000e+00 1.257071652885418800e+01
1.564143113697696208e+02 0.000000000000000000e+00 1.252353376165643795e+01
1.565696505229191189e+02 0.000000000000000000e+00 1.251723376261680443e+01
1.564394441403286464e+02 0.000000000000000000e+00 1.240489978583844710e+01
1.565291326937297640e+02 0.000000000000000000e+00 1.246545084368127299e+01
1.564995246189749025e+02 0.000000000000000000e+00 1.230884400779816978e+01
1.564826798044695408e+02 0.000000000000000000e+00 1.242577813631430850e+01
1.565120093731692918e+02 0.000000000000000000e+00 1.230369644760724945e+01
1.564522362115493479e+02 0.000000000000000000e+00 1.235669903099100075e+01
1.567118134585650182e+02 0.000000000000000000e+00 1.235834125635041758e+01
1.567567489700077772e+02 0.000000000000000000e+00 1.244988331556656824e+01
1.569161408664419355e+02 0.000000000000000000e+00 1.247440145207295004e+01
1.569203376645826609e+02 0.000000000000000000e+00 1.251412217772527846e+01
1.569903387209849370e+02 0.000000000000000000e+00 1.258332613059052818e+01
1.569565914700317819e+02 0.000000000000000000e+00 1.257005387651617667e+01
1.573116002573780179e+02 0.000000000000000000e+00 1.279148539763942161e+01
1.572662325813669781e+02 0.000000000000000000e+00 1.272182046923468413e+01
1.570024009142681507e+02 0.000000000000000000e+00 1.269876208860334010e+01
1.567745061319350270e+02 0.000000000000000000e+00 1.251607172011101810e+01
1.563804104603032954e+02 0.000000000000000000e+00 1.242035207006828124e+01
1.562580406618840527e+02 0.000000000000000000e+00 1.237542616228259718e+01
1.560742074582000782e+02 0.000000000000000000e+00 1.238030482007548549e+01
1.562021473777214453e+02 0.000000000000000000e+00 1.238614384357563303e+01
1.561835739049429890e+02 0.000000000000000000e+00 1.238011274693403330e+01
1.563524638182219917e+02 0.000000000000000000e+00 1.251958665859959474e+01
1.563927127450133128e+02 0.000000000000000000e+00 1.249288849193773032e+01
1.566695957820738272e+02 0.000000000000000000e+00 1.265600660731606553e+01
1.565755567720187855e+02 0.000000000000000000e+00 1.255364122657908155e+01
1.565985863416789243e+02 0.000000000000000000e+00 1.269443083926359073e+01
1.566864117856079588e+02 0.000000000000000000e+00 1.260867978526222721e+01
1.564657101424222390e+02 0.000000000000000000e+00 1.261781286313828332e+01
1.563634215909418401e+02 0.000000000000000000e+00 1.240127920712207121e+01
1.563665043648621520e+02 0.000000000000000000e+00 1.239991548781776132e+01
1.564042179261863055e+02 0.000000000000000000e+00 1.235290558644731895e+01
1.564244624352953679e+02 0.000000000000000000e+00 1.237469628434507918e+01
1.564742189825885816e+02 0.000000000000000000e+00 1.255238314750256912e+01
1.563740912539495014e+02 0.000000000000000000e+00 1.257755433268988909e+01
1.563845688438157140e+02 0.000000000000000000e+00 1.280494012119815217e+01
1.563613760119853566e+02 0.000000000000000000e+00 1.280932899248033685e+01
1.563497555869275004e+02 0.000000000000000000e+00 1.288316190805458739e+01
1.565996715549281078e+02 0.000000000000000000e+00 1.273187549818971043e+01
1.565909898489344698e+02 0.000000000000000000e+00 1.271151574519577032e+01
1.566974848022126707e+02 0.000000000000000000e+00 1.251664793953537469e+01
1.566725633121092471e+02 0.000000000000000000e+00 1.257068771788297035e+01
1.569273099196173860e+02 0.000000000000000000e+00 1.259337155588848312e+01
1.569178022991154933e+02 0.000000000000000000e+00 1.261089823004600063e+01
1.570298193552104635e+02 0.000000000000000000e+00 1.275851604290913954e+01
1.569094567211193976e+02 0.000000000000000000e+00 1.261017795576555578e+01
1.570879983097563581e+02 0.000000000000000000e+00 1.274629058745570376e+01
1.570874701086173673e+02 0.000000000000000000e+00 1.266867383099484279e+01
1.569581664697917063e+02 0.000000000000000000e+00 1.274371680736024359e+01
1.572266174959424632e+02 0.000000000000000000e+00 1.277152899824253041e+01
1.571221201033353623e+02 0.000000000000000000e+00 1.277732000345731578e+01
1.571110855013589287e+02 0.000000000000000000e+00 1.274117183823600108e+01
1.567264206209724762e+02 0.000000000000000000e+00 1.268396285305444238e+01
1.561926397572195526e+02 0.000000000000000000e+00 1.248557050524839873e+01
1.557401058323009408e+02 0.000000000000000000e+00 1.239522890316632520e+01
1.557325189432135630e+02 0.000000000000000000e+00 1.251882796969085909e+01
1.557178349515495484e+02 0.000000000000000000e+00 1.239851335388515885e+01
1.557941552143056185e+02 0.000000000000000000e+00 1.249543346106197284e+01
1.560808051706089543e+02 0.000000000000000000e+00 1.253956226531063045e+01
1.562415703900045116e+02 0.000000000000000000e+00 1.256424366398724679e+01
1.564575950521958703e+02 0.000000000000000000e+00 1.254547811806735957e+01
1.564917552604031528e+02 0.000000000000000000e+00 1.266000172865827267e+01
1.566123291749498208e+02 0.000000000000000000e+00 1.267751879915871882e+01
1.564628290453004524e+02 0.000000000000000000e+00 1.259563801895761870e+01
1.563175065064776561e+02 0.000000000000000000e+00 1.252055662796392888e+01
1.562262717642878442e+02 0.000000000000000000e+00 1.247923209158047442e+01
1.561375819912222482e+02 0.000000000000000000e+00 1.247245190968720863e+01
1.561015970881711894e+02 0.000000000000000000e+00 1.241620329021291269e+01
1.562678075811269025e+02 0.000000000000000000e+00 1.259123954401836265e+01
1.564812200485945084e+02 0.000000000000000000e+00 1.267991010976979993e+01
1.565409836065573757e+02 0.000000000000000000e+00 1.282958310524647771e+01
1.566712956293756633e+02 0.000000000000000000e+00 1.281097121783975368e+01
1.566908870898037947e+02 0.000000000000000000e+00 1.300993018141308255e+01
1.566566884669682338e+02 0.000000000000000000e+00 1.284988523629798252e+01
1.564356987140703268e+02 0.000000000000000000e+00 1.283886023797862208e+01
1.565393605885120962e+02 0.000000000000000000e+00 1.279715155531226323e+01
1.565698041814322892e+02 0.000000000000000000e+00 1.280809972437504207e+01
1.566481027975453060e+02 0.000000000000000000e+00 1.285126816291643870e+01
1.568532753272446030e+02 0.000000000000000000e+00 1.285999788719544412e+01
1.570122638700817390e+02 0.000000000000000000e+00 1.292585016374235352e+01
1.570245277401634496e+02 0.000000000000000000e+00 1.287254026333227763e+01
1.570702027332008015e+02 0.000000000000000000e+00 1.308966934608698907e+01
1.573223179386710342e+02 0.000000000000000000e+00 1.308982300460015225e+01
1.571354307720379779e+02 0.000000000000000000e+00 1.311614662863618541e+01
1.572701316661384681e+02 0.000000000000000000e+00 1.302401874633860501e+01
1.571581818356430063e+02 0.000000000000000000e+00 1.300725076108982314e+01
1.569473527519279230e+02 0.000000000000000000e+00 1.281381390033324763e+01
1.565208543413331768e+02 0.000000000000000000e+00 1.267774928692846181e+01
1.562692289223736282e+02 0.000000000000000000e+00 1.248877812671065080e+01
1.561494521113640133e+02 0.000000000000000000e+00 1.237763500340929745e+01
1.561483957090860315e+02 0.000000000000000000e+00 1.250219443564109234e+01
1.562076598768811095e+02 0.000000000000000000e+00 1.250447050236730107e+01
1.563781151862629315e+02 0.000000000000000000e+00 1.266172078327427108e+01
1.564942426075849653e+02 0.000000000000000000e+00 1.257669960721042557e+01
1.563474795202012899e+02 0.000000000000000000e+00 1.254803269084867523e+01
1.564831887982943783e+02 0.000000000000000000e+00 1.253913970439943526e+01
1.565690935108089263e+02 0.000000000000000000e+00 1.256804671218800173e+01
1.565946200313079260e+02 0.000000000000000000e+00 1.255115387939727434e+01
1.564344982569362514e+02 0.000000000000000000e+00 1.240128881077914436e+01
1.565157067811422564e+02 0.000000000000000000e+00 1.238597097774832712e+01
1.562899824253075565e+02 0.000000000000000000e+00 1.223367618389082523e+01
1.562644270938373268e+02 0.000000000000000000e+00 1.228843623651886574e+01
1.563546534520345404e+02 0.000000000000000000e+00 1.225885697273521835e+01
1.564342581655094193e+02 0.000000000000000000e+00 1.251567797017104056e+01
1.566377980735063886e+02 0.000000000000000000e+00 1.262934685528249190e+01
1.566328906047422720e+02 0.000000000000000000e+00 1.281256542491380657e+01
1.568755654153101489e+02 0.000000000000000000e+00 1.281134576046558493e+01
1.567294841875786346e+02 0.000000000000000000e+00 1.282258203924054207e+01
1.568095882912213028e+02 0.000000000000000000e+00 1.273451650388467904e+01
1.567766765584334507e+02 0.000000000000000000e+00 1.269069501666234423e+01
1.567635771701864087e+02 0.000000000000000000e+00 1.269148251654229931e+01
1.568093289924803457e+02 0.000000000000000000e+00 1.264048709748672294e+01
1.568497891997272689e+02 0.000000000000000000e+00 1.270857702613155027e+01
1.566701623978410964e+02 0.000000000000000000e+00 1.256965052291912777e+01
1.565204029694507710e+02 0.000000000000000000e+00 1.265063816301247535e+01
1.566430032556397407e+02 0.000000000000000000e+00 1.263508984221191511e+01
1.567172971467534808e+02 0.000000000000000000e+00 1.271557809213748591e+01
1.567077799225945114e+02 0.000000000000000000e+00 1.268439501762271071e+01
1.568687660261027474e+02 0.000000000000000000e+00 1.273965446041852800e+01
1.570397207256523302e+02 0.000000000000000000e+00 1.272956101683521091e+01
1.569575422320819769e+02 0.000000000000000000e+00 1.275411756796988350e+01
1.566992902897423221e+02 0.000000000000000000e+00 1.265570889394681409e+01
1.562048460053588315e+02 0.000000000000000000e+00 1.242030405178291907e+01
1.559655900967088371e+02 0.000000000000000000e+00 1.237772143632295219e+01
1.559218550424001535e+02 0.000000000000000000e+00 1.230404217926186305e+01
1.558318591719726953e+02 0.000000000000000000e+00 1.236240360329213317e+01
1.559675684500657837e+02 0.000000000000000000e+00 1.231067830629903881e+01
1.559050102278947918e+02 0.000000000000000000e+00 1.229965330797967837e+01
1.560922719371536687e+02 0.000000000000000000e+00 1.243033026976672772e+01
1.559339748576257705e+02 0.000000000000000000e+00 1.245845938133241226e+01
1.560919166018419730e+02 0.000000000000000000e+00 1.251192294025564955e+01
1.561786472288647474e+02 0.000000000000000000e+00 1.261024518136506423e+01
1.562409461522947822e+02 0.000000000000000000e+00 1.258425768532657152e+01
1.562224399051158628e+02 0.000000000000000000e+00 1.241043149231227183e+01
1.562091004254420170e+02 0.000000000000000000e+00 1.235140741594399216e+01
1.561941955496653236e+02 0.000000000000000000e+00 1.224205057285814391e+01
1.561848703986478029e+02 0.000000000000000000e+00 1.233532129034736435e+01
1.563416789113294385e+02 0.000000000000000000e+00 1.223606749450190634e+01
1.561048623315758732e+02 0.000000000000000000e+00 1.231445254352857610e+01
1.562106081996024045e+02 0.000000000000000000e+00 1.232337434094903372e+01
1.561416731491351868e+02 0.000000000000000000e+00 1.241751899123186043e+01
1.563307115349525134e+02 0.000000000000000000e+00 1.248429321885774179e+01
1.562322932572723744e+02 0.000000000000000000e+00 1.247478559835585443e+01
1.563415540637874983e+02 0.000000000000000000e+00 1.259411103748307426e+01
1.562934589491678423e+02 0.000000000000000000e+00 1.248895099253795848e+01
1.563189950733239186e+02 0.000000000000000000e+00 1.257115829707952770e+01
1.563516763183420153e+02 0.000000000000000000e+00 1.252322644463011514e+01
1.564508532849309006e+02 0.000000000000000000e+00 1.259012551979793848e+01
1.566588204788383507e+02 0.000000000000000000e+00 1.269390263812459807e+01
1.565899718612847664e+02 0.000000000000000000e+00 1.283287715962238451e+01
1.567604847926090201e+02 0.000000000000000000e+00 1.286983203203780057e+01
1.567977853966790462e+02 0.000000000000000000e+00 1.291221297069924212e+01
1.569007654114686829e+02 0.000000000000000000e+00 1.297512652818193146e+01
1.568349707568642089e+02 0.000000000000000000e+00 1.288338279216725724e+01
1.570011812498199220e+02 0.000000000000000000e+00 1.303704130532906902e+01
1.567738722905682494e+02 0.000000000000000000e+00 1.279943722569554510e+01
1.563365985767380266e+02 0.000000000000000000e+00 1.271855522582999676e+01
1.559995102134892875e+02 0.000000000000000000e+00 1.254063787490276383e+01
1.557606864694075455e+02 0.000000000000000000e+00 1.227246535480711032e+01
1.557991491159833686e+02 0.000000000000000000e+00 1.205453916851537066e+01
1.558634936183698869e+02 0.000000000000000000e+00 1.213306827239812868e+01
1.561281896146052475e+02 0.000000000000000000e+00 1.212351263361087916e+01
1.562296810625486216e+02 0.000000000000000000e+00 1.217767725950041857e+01
1.560845890114955807e+02 0.000000000000000000e+00 1.234545314855897047e+01
1.559591364391560262e+02 0.000000000000000000e+00 1.236565924303974917e+01
1.561727889980504642e+02 0.000000000000000000e+00 1.252017248168102448e+01
1.560080958829122153e+02 0.000000000000000000e+00 1.251132751351714667e+01
1.560895637058591774e+02 0.000000000000000000e+00 1.260185158508359926e+01
1.560163262170234475e+02 0.000000000000000000e+00 1.246884093462790588e+01
1.559047989474391898e+02 0.000000000000000000e+00 1.248859565722627174e+01
1.559546995495884971e+02 0.000000000000000000e+00 1.239641015298625781e+01
1.559790928385529298e+02 0.000000000000000000e+00 1.249693163156529963e+01
1.560335167631834281e+02 0.000000000000000000e+00 1.247773392107714585e+01
1.563080084896328401e+02 0.000000000000000000e+00 1.254793665427794913e+01
1.564476264561544951e+02 0.000000000000000000e+00 1.255926896962363237e+01
1.564959424548868299e+02 0.000000000000000000e+00 1.260215890210992384e+01
1.566020628655392102e+02 0.000000000000000000e+00 1.266377596588780996e+01
1.565419535759217240e+02 0.000000000000000000e+00 1.257964792993171876e+01
1.566991462348862569e+02 0.000000000000000000e+00 1.265916621049295543e+01
1.566409768839974390e+02 0.000000000000000000e+00 1.269205873596665590e+01
1.564874816330058422e+02 0.000000000000000000e+00 1.275369500705868830e+01
1.565886369529516742e+02 0.000000000000000000e+00 1.271661528710132849e+01
1.563727563456164091e+02 0.000000000000000000e+00 1.273992336281656002e+01
1.563435324171444449e+02 0.000000000000000000e+00 1.263482093981388132e+01
1.564030942983087868e+02 0.000000000000000000e+00 1.265703419862283496e+01
1.565215362009853379e+02 0.000000000000000000e+00 1.261698694863003745e+01
1.566127901504893032e+02 0.000000000000000000e+00 1.267041209292498571e+01
1.566424942618149032e+02 0.000000000000000000e+00 1.267632794568171484e+01
1.567499495808003758e+02 0.000000000000000000e+00 1.274488845352310129e+01
1.569393529055864462e+02 0.000000000000000000e+00 1.293708644251731066e+01
1.567763308267788318e+02 0.000000000000000000e+00 1.273029089477272890e+01
1.564821035850451949e+02 0.000000000000000000e+00 1.271680736024278069e+01
1.562751447751303715e+02 0.000000000000000000e+00 1.260454060906393181e+01
1.557048219962161681e+02 0.000000000000000000e+00 1.243344185465825369e+01
1.557493061357764930e+02 0.000000000000000000e+00 1.227925514035744747e+01
1.556543163636712848e+02 0.000000000000000000e+00 1.223780575643204926e+01
1.557320867786453107e+02 0.000000000000000000e+00 1.225023288868401039e+01
1.556755020311734654e+02 0.000000000000000000e+00 1.225685941206411478e+01
1.556024182008508774e+02 0.000000000000000000e+00 1.223681657975357062e+01
1.554531581626283412e+02 0.000000000000000000e+00 1.219159295859863512e+01
1.555729829919233111e+02 0.000000000000000000e+00 1.231735284796450536e+01
1.555147368117779365e+02 0.000000000000000000e+00 1.207407300700106667e+01
1.554064843892554393e+02 0.000000000000000000e+00 1.214524570956620231e+01
1.556348305434709403e+02 0.000000000000000000e+00 1.218298808186157345e+01
1.556683953249397234e+02 0.000000000000000000e+00 1.226345712447299974e+01
1.558315806659175848e+02 0.000000000000000000e+00 1.230134355162445914e+01
1.557504105563398582e+02 0.000000000000000000e+00 1.224725575499150132e+01
1.559221719630835423e+02 0.000000000000000000e+00 1.224673715750958003e+01
1.558548119123762206e+02 0.000000000000000000e+00 1.238740192265214546e+01
1.558933898028369072e+02 0.000000000000000000e+00 1.243293286083340554e+01
1.558492706022453262e+02 0.000000000000000000e+00 1.243143469033007698e+01
1.558793684635109003e+02 0.000000000000000000e+00 1.245683636328713995e+01
1.558493282241877580e+02 0.000000000000000000e+00 1.240804018170119249e+01
1.559742525953883217e+02 0.000000000000000000e+00 1.265020599844420701e+01
1.561644050054260617e+02 0.000000000000000000e+00 1.265369212596156601e+01
1.560713359647353684e+02 0.000000000000000000e+00 1.270868266635934951e+01
1.561726737541655723e+02 0.000000000000000000e+00 1.266575431924476902e+01
1.560622989234300348e+02 0.000000000000000000e+00 1.273782016191765898e+01
1.562972716010256704e+02 0.000000000000000000e+00 1.261727505834221752e+01
1.563779519240926845e+02 0.000000000000000000e+00 1.257567201590365613e+01
1.564857721820469294e+02 0.000000000000000000e+00 1.246726593486799750e+01
1.565984230795086773e+02 0.000000000000000000e+00 1.242173499668673919e+01
1.567113524830255358e+02 0.000000000000000000e+00 1.243943453667156440e+01
1.566249867949715338e+02 0.000000000000000000e+00 1.241948774093174634e+01
1.567153091897394575e+02 0.000000000000000000e+00 1.256900707789526273e+01
1.568366033785665650e+02 0.000000000000000000e+00 1.254068589318812599e+01
1.563460005570121041e+02 0.000000000000000000e+00 1.242979246497066015e+01
1.560720658426728846e+02 0.000000000000000000e+00 1.225986535672784150e+01
1.555361913816781509e+02 0.000000000000000000e+00 1.220513411507101864e+01
1.552664246545084268e+02 0.000000000000000000e+00 1.229863532032998208e+01
1.549300085472548005e+02 0.000000000000000000e+00 1.228692846235846581e+01
1.551252508955410292e+02 0.000000000000000000e+00 1.230203501493368634e+01
1.550712111171934282e+02 0.000000000000000000e+00 1.228890681571542487e+01
1.554414320973426697e+02 0.000000000000000000e+00 1.238835268470233508e+01
1.555708509800531942e+02 0.000000000000000000e+00 1.231985940246045708e+01
1.557496134528028335e+02 0.000000000000000000e+00 1.237037463866240294e+01
1.560411132559278542e+02 0.000000000000000000e+00 1.235964735371229395e+01
1.559913278976634388e+02 0.000000000000000000e+00 1.240408347498727437e+01
1.558901437667463767e+02 0.000000000000000000e+00 1.228923334005589396e+01
1.556995399848262309e+02 0.000000000000000000e+00 1.230918973945278339e+01
1.555332718699280576e+02 0.000000000000000000e+00 1.222865347124184865e+01
1.555779384789727828e+02 0.000000000000000000e+00 1.227265742794856251e+01
1.556774227625879803e+02 0.000000000000000000e+00 1.226920011140242117e+01
1.558832387373111601e+02 0.000000000000000000e+00 1.228918532177053002e+01
1.561152726958425774e+02 0.000000000000000000e+00 1.243397005579724812e+01
1.561087518126902864e+02 0.000000000000000000e+00 1.233753973513113777e+01
1.562174940217234678e+02 0.000000000000000000e+00 1.247032950147416130e+01
1.563250741882508805e+02 0.000000000000000000e+00 1.242484658157826516e+01
1.562519039250146591e+02 0.000000000000000000e+00 1.242834231275269552e+01
1.564686200505152271e+02 0.000000000000000000e+00 1.240791533415924697e+01
1.563781824118624399e+02 0.000000000000000000e+00 1.250508513641994845e+01
1.565260499198094521e+02 0.000000000000000000e+00 1.246257935021656316e+01
1.564962017536277870e+02 0.000000000000000000e+00 1.254990540397783505e+01
1.565252432126153508e+02 0.000000000000000000e+00 1.256873817549722894e+01
1.564655468802519920e+02 0.000000000000000000e+00 1.256297598125366122e+01
1.564803077011726202e+02 0.000000000000000000e+00 1.264110173153937033e+01
1.563830802769694799e+02 0.000000000000000000e+00 1.257896607027956293e+01
1.564052167065218555e+02 0.000000000000000000e+00 1.270037550299153928e+01
1.564567211194022605e+02 0.000000000000000000e+00 1.262127017968442466e+01
1.564736427631642073e+02 0.000000000000000000e+00 1.277994180183813988e+01
1.565999692682973716e+02 0.000000000000000000e+00 1.281223890057333747e+01
1.566382590490458711e+02 0.000000000000000000e+00 1.288163492658004117e+01
1.566514352665494982e+02 0.000000000000000000e+00 1.283139819643320223e+01
1.562244662767581929e+02 0.000000000000000000e+00 1.273795461311667410e+01
1.559206737925802031e+02 0.000000000000000000e+00 1.257424107099983601e+01
1.558316190805458632e+02 0.000000000000000000e+00 1.247969306711995863e+01
1.558327907267087369e+02 0.000000000000000000e+00 1.244627234050726550e+01
1.557930603973993300e+02 0.000000000000000000e+00 1.250547888635992599e+01
1.558207189297684465e+02 0.000000000000000000e+00 1.252720235865817777e+01
1.559344934551077131e+02 0.000000000000000000e+00 1.242212874662671496e+01
1.559494847637980683e+02 0.000000000000000000e+00 1.243871426239111777e+01
1.560991769665888853e+02 0.000000000000000000e+00 1.236974079729561105e+01
1.561234550116684545e+02 0.000000000000000000e+00 1.248661730386931268e+01
1.561384943386441648e+02 0.000000000000000000e+00 1.243769627474142148e+01
1.559902330807571502e+02 0.000000000000000000e+00 1.255367964120737234e+01
1.559849030510818579e+02 0.000000000000000000e+00 1.257925417999174122e+01
1.559114638854475743e+02 0.000000000000000000e+00 1.248784657197460746e+01
1.558591431617159913e+02 0.000000000000000000e+00 1.260553938939948360e+01
1.559526059523466586e+02 0.000000000000000000e+00 1.248972888876084042e+01
1.561514688793492667e+02 0.000000000000000000e+00 1.262188481373707027e+01
1.563731212845851815e+02 0.000000000000000000e+00 1.248857644991212723e+01
1.564678037396640775e+02 0.000000000000000000e+00 1.263918100012484835e+01
1.566636031000604987e+02 0.000000000000000000e+00 1.256881500475381053e+01
1.564720485560901579e+02 0.000000000000000000e+00 1.252716394402988698e+01
1.562786981282472425e+02 0.000000000000000000e+00 1.234843988590855446e+01
1.561728274126787426e+02 0.000000000000000000e+00 1.233995025305636339e+01
1.563815821064661407e+02 0.000000000000000000e+00 1.243750420159996928e+01
1.561572790918781948e+02 0.000000000000000000e+00 1.234013272254074423e+01
1.562706982819057373e+02 0.000000000000000000e+00 1.247076166604242964e+01
1.562756537689552090e+02 0.000000000000000000e+00 1.250489306327849626e+01
1.563088344041410949e+02 0.000000000000000000e+00 1.253454915631872701e+01
1.564361116713244542e+02 0.000000000000000000e+00 1.259470646422157536e+01
1.564954814793473474e+02 0.000000000000000000e+00 1.272398129207602224e+01
1.567361875402153260e+02 0.000000000000000000e+00 1.259521545804642351e+01
1.566420044753041907e+02 0.000000000000000000e+00 1.261556560738329225e+01
1.568079556695189467e+02 0.000000000000000000e+00 1.254645769108876685e+01
1.567181998905183207e+02 0.000000000000000000e+00 1.252202598749603801e+01
1.568202675578860408e+02 0.000000000000000000e+00 1.249614413168534632e+01
1.565761714060714382e+02 0.000000000000000000e+00 1.239092646479779525e+01
1.562657523985133423e+02 0.000000000000000000e+00 1.229415041247707130e+01
1.557946161898451010e+02 0.000000000000000000e+00 1.212232178013387518e+01
1.556475649927492384e+02 0.000000000000000000e+00 1.216116857299259557e+01
1.555818279600871961e+02 0.000000000000000000e+00 1.209619022923929421e+01
1.555968288724346280e+02 0.000000000000000000e+00 1.228622739539216546e+01
1.556531831321367179e+02 0.000000000000000000e+00 1.221248091273156788e+01
1.554165970401528796e+02 0.000000000000000000e+00 1.222997877591786953e+01
1.555265589136343181e+02 0.000000000000000000e+00 1.218097131387632359e+01
1.555909130196778847e+02 0.000000000000000000e+00 1.228354797506890606e+01
1.557553180251039464e+02 0.000000000000000000e+00 1.242756441652981536e+01
1.558590471251452527e+02 0.000000000000000000e+00 1.238904414801156229e+01
1.559303062606240360e+02 0.000000000000000000e+00 1.255472643982828629e+01
1.558016940851076129e+02 0.000000000000000000e+00 1.254511317909860146e+01
1.558248965205950469e+02 0.000000000000000000e+00 1.266667627032373922e+01
1.559506468063038369e+02 0.000000000000000000e+00 1.258269228922373628e+01
1.558724634340756836e+02 0.000000000000000000e+00 1.262585112410805976e+01
1.560180260643252836e+02 0.000000000000000000e+00 1.254633284354682310e+01
1.560415838351244133e+02 0.000000000000000000e+00 1.268900477301756524e+01
1.561238583652655052e+02 0.000000000000000000e+00 1.265241483957090907e+01
1.560780873356574148e+02 0.000000000000000000e+00 1.268067840233560872e+01
1.562550443208774027e+02 0.000000000000000000e+00 1.283005368444303507e+01
1.561242617188625559e+02 0.000000000000000000e+00 1.282961191621769537e+01
1.563475275384866450e+02 0.000000000000000000e+00 1.290125519797939013e+01
1.562515485897029635e+02 0.000000000000000000e+00 1.287779346375099720e+01
1.563119555926896851e+02 0.000000000000000000e+00 1.291682272609409665e+01
1.563999250914748416e+02 0.000000000000000000e+00 1.278421542923545218e+01
1.563554217446003349e+02 0.000000000000000000e+00 1.286662441057554673e+01
1.566005646950358710e+02 0.000000000000000000e+00 1.283147502568978204e+01
1.565206334572204980e+02 0.000000000000000000e+00 1.277376665034045011e+01
1.565927857328070445e+02 0.000000000000000000e+00 1.278586725825194215e+01
1.565802625639843768e+02 0.000000000000000000e+00 1.274518616689235273e+01
1.566872953220586453e+02 0.000000000000000000e+00 1.269349928452754739e+01
1.566577064546179088e+02 0.000000000000000000e+00 1.264915919982329306e+01
1.567039096487942516e+02 0.000000000000000000e+00 1.268610446858163598e+01
1.564335570985431332e+02 0.000000000000000000e+00 1.251886638431914811e+01
1.561016355027994678e+02 0.000000000000000000e+00 1.248624276124348143e+01
1.557804796066342021e+02 0.000000000000000000e+00 1.227405956188116498e+01
1.554272859104747226e+02 0.000000000000000000e+00 1.231213806217407658e+01
1.555563494578735515e+02 0.000000000000000000e+00 1.222919127603791445e+01
1.555676337549338655e+02 0.000000000000000000e+00 1.235812997589482087e+01
1.557404035456702047e+02 0.000000000000000000e+00 1.235538332997205302e+01
1.556408040181701153e+02 0.000000000000000000e+00 1.240599460274472499e+01
1.557175948601227446e+02 0.000000000000000000e+00 1.234842067859440817e+01
1.557208601035274285e+02 0.000000000000000000e+00 1.233088440077981751e+01
1.557068387642014216e+02 0.000000000000000000e+00 1.241960298481661873e+01
1.556767505065929242e+02 0.000000000000000000e+00 1.237492677211482217e+01
1.556762511164251350e+02 0.000000000000000000e+00 1.246865846514352683e+01
1.556057794808262997e+02 0.000000000000000000e+00 1.238853515418671414e+01
1.554273531360742311e+02 0.000000000000000000e+00 1.249342629673379612e+01
1.557291384559240157e+02 0.000000000000000000e+00 1.235958973176985864e+01
1.558696015442680505e+02 0.000000000000000000e+00 1.240898134009430720e+01
1.560416126460956434e+02 0.000000000000000000e+00 1.239885908553977423e+01
1.560693288004071917e+02 0.000000000000000000e+00 1.245693239985786605e+01
1.563023615392741590e+02 0.000000000000000000e+00 1.241922844219078570e+01
1.562594523994737301e+02 0.000000000000000000e+00 1.231607556157384664e+01
1.563412947650465412e+02 0.000000000000000000e+00 1.235962814639814766e+01
1.562034150604550291e+02 0.000000000000000000e+00 1.220418335302083079e+01
1.562973868449105339e+02 0.000000000000000000e+00 1.230466641697158359e+01
1.563450113803336308e+02 0.000000000000000000e+00 1.222910484312426149e+01
1.562028388410306547e+02 0.000000000000000000e+00 1.224053319504067083e+01
1.561680063768282878e+02 0.000000000000000000e+00 1.225815590576891623e+01
1.561909014952894097e+02 0.000000000000000000e+00 1.232212586552959444e+01
1.561546861044685954e+02 0.000000000000000000e+00 1.221303792484177997e+01
1.561719630835422095e+02 0.000000000000000000e+00 1.222449508772940696e+01
1.562615363930584635e+02 0.000000000000000000e+00 1.222778914210531376e+01
1.563438973561132173e+02 0.000000000000000000e+00 1.232108867056575185e+01
1.565044320877390192e+02 0.000000000000000000e+00 1.235286717181902816e+01
1.564775610552498506e+02 0.000000000000000000e+00 1.236914537055710817e+01
1.565171185187319338e+02 0.000000000000000000e+00 1.244862523649005581e+01
1.559937000009603594e+02 0.000000000000000000e+00 1.228873394988811718e+01
1.553663411026919050e+02 0.000000000000000000e+00 1.218370835614201830e+01
1.551286121755164231e+02 0.000000000000000000e+00 1.205740105832300912e+01
1.549165538236960629e+02 0.000000000000000000e+00 1.208525166383358851e+01
1.551164443420054226e+02 0.000000000000000000e+00 1.211759678085415004e+01
1.553508888184620673e+02 0.000000000000000000e+00 1.219211155608055464e+01
1.555809636309506629e+02 0.000000000000000000e+00 1.228262602398993586e+01
1.555502415319753879e+02 0.000000000000000000e+00 1.228628501733460077e+01
1.556120698762088637e+02 0.000000000000000000e+00 1.232752312080440227e+01
1.555636866518770489e+02 0.000000000000000000e+00 1.220503807850029254e+01
1.556021781094240737e+02 0.000000000000000000e+00 1.221673533281473567e+01
1.556122907603215424e+02 0.000000000000000000e+00 1.221967405187895572e+01
1.555668942733393010e+02 0.000000000000000000e+00 1.230307220989752892e+01
1.556998473018525431e+02 0.000000000000000000e+00 1.225786779605673793e+01
1.554377635003409353e+02 0.000000000000000000e+00 1.223133289156510806e+01
1.555450651608132375e+02 0.000000000000000000e+00 1.220208015212192798e+01
1.554703967270736769e+02 0.000000000000000000e+00 1.221710027178349556e+01
1.557059648314078117e+02 0.000000000000000000e+00 1.225114523610590922e+01
1.557059936423790134e+02 0.000000000000000000e+00 1.226537785588752172e+01
1.558096555168208113e+02 0.000000000000000000e+00 1.236654277949043035e+01
1.558314174037473379e+02 0.000000000000000000e+00 1.230996763567566532e+01
1.559480826298654392e+02 0.000000000000000000e+00 1.235712159190219595e+01
1.559674051878955368e+02 0.000000000000000000e+00 1.230955467842154327e+01
1.559151708970776156e+02 0.000000000000000000e+00 1.241723088151968213e+01
1.560101894801540539e+02 0.000000000000000000e+00 1.233767418633015467e+01
1.559097832454598631e+02 0.000000000000000000e+00 1.239127219645240885e+01
1.561062740691655506e+02 0.000000000000000000e+00 1.226541627051581251e+01
1.559620943655343979e+02 0.000000000000000000e+00 1.232365284700413888e+01
1.559783917715866153e+02 0.000000000000000000e+00 1.224207938382936156e+01
1.560530121870408209e+02 0.000000000000000000e+00 1.221977969210675496e+01
1.560607911492696473e+02 0.000000000000000000e+00 1.237561823542404937e+01
1.560495356631805350e+02 0.000000000000000000e+00 1.243754261622826007e+01
1.561753819854600636e+02 0.000000000000000000e+00 1.252611714540897125e+01
1.561023653807369840e+02 0.000000000000000000e+00 1.244483179194637401e+01
1.559143833971976392e+02 0.000000000000000000e+00 1.245586639392280581e+01
1.555652520479798682e+02 0.000000000000000000e+00 1.225369020523015173e+01
1.549333026016307144e+02 0.000000000000000000e+00 1.209209907132636097e+01
1.548911329434248501e+02 0.000000000000000000e+00 1.193199650426882563e+01
1.547636732067571472e+02 0.000000000000000000e+00 1.191903156722079693e+01
1.548440366091407725e+02 0.000000000000000000e+00 1.190253248437004885e+01
1.550341986228355893e+02 0.000000000000000000e+00 1.200144054856089149e+01
1.551651925053060097e+02 0.000000000000000000e+00 1.209528748547446853e+01
1.551133327571139091e+02 0.000000000000000000e+00 1.197890076541146875e+01
1.552536902052301571e+02 0.000000000000000000e+00 1.209596934512662436e+01
1.552646671852641589e+02 0.000000000000000000e+00 1.208657696850960761e+01
1.551498554649610639e+02 0.000000000000000000e+00 1.215121918426536851e+01
1.552342331960010426e+02 0.000000000000000000e+00 1.203828017709143694e+01
1.551202473902062025e+02 0.000000000000000000e+00 1.211826903684923273e+01
1.551538890009315423e+02 0.000000000000000000e+00 1.209443275999500678e+01
1.550191304848886489e+02 0.000000000000000000e+00 1.209710257666119304e+01
1.551205066889471595e+02 0.000000000000000000e+00 1.199239390359849011e+01
1.551209676644866420e+02 0.000000000000000000e+00 1.195923247572675763e+01
1.552286342639277166e+02 0.000000000000000000e+00 1.195072363556042205e+01
1.552908083398158112e+02 0.000000000000000000e+00 1.195850259778923785e+01
1.554170772230065154e+02 0.000000000000000000e+00 1.208268748739519971e+01
1.553432443074322578e+02 0.000000000000000000e+00 1.215021080027274358e+01
1.552766621529478357e+02 0.000000000000000000e+00 1.216683473066543719e+01
1.553414484235596831e+02 0.000000000000000000e+00 1.220784234636549570e+01
1.551912952452293837e+02 0.000000000000000000e+00 1.230921855042400104e+01
1.552982895886753738e+02 0.000000000000000000e+00 1.223896779893783560e+01
1.552664150508513501e+02 0.000000000000000000e+00 1.229546611349601903e+01
1.555199708048824903e+02 0.000000000000000000e+00 1.229225849203376697e+01
1.556120122542664319e+02 0.000000000000000000e+00 1.235069674532061867e+01
1.556803326706809969e+02 0.000000000000000000e+00 1.239995390244605211e+01
1.557496710747452653e+02 0.000000000000000000e+00 1.237175756528085913e+01
1.557438800695304906e+02 0.000000000000000000e+00 1.237873942397264848e+01
1.556730050803346046e+02 0.000000000000000000e+00 1.235076397092012712e+01
1.555837775024729410e+02 0.000000000000000000e+00 1.237482113188702293e+01
1.552623527039096416e+02 0.000000000000000000e+00 1.215370653144717572e+01
1.548360079518280656e+02 0.000000000000000000e+00 1.205767956437811605e+01
1.547241637615603906e+02 0.000000000000000000e+00 1.191225138532753292e+01
1.547066274837458195e+02 0.000000000000000000e+00 1.198473978891161806e+01
1.547786453081333491e+02 0.000000000000000000e+00 1.190069818586917982e+01
1.548466968221498803e+02 0.000000000000000000e+00 1.196595503567758634e+01
1.550581597472317412e+02 0.000000000000000000e+00 1.205038078500292897e+01
1.549914143305770722e+02 0.000000000000000000e+00 1.202458536210589024e+01
1.550008067071941014e+02 0.000000000000000000e+00 1.214301766112535574e+01
1.549915295744619641e+02 0.000000000000000000e+00 1.212878504134374325e+01
1.548212087162791590e+02 0.000000000000000000e+00 1.216470271879531673e+01
1.549910782025795299e+02 0.000000000000000000e+00 1.206102163703938501e+01
1.548266828008105449e+02 0.000000000000000000e+00 1.215725028090697002e+01
1.547407780882960253e+02 0.000000000000000000e+00 1.193456068070721265e+01
1.545337712600958469e+02 0.000000000000000000e+00 1.196789497440625460e+01
1.547426411977681084e+02 0.000000000000000000e+00 1.199644664688313256e+01
1.547700020167679895e+02 0.000000000000000000e+00 1.198686219712466539e+01
1.548791667867123749e+02 0.000000000000000000e+00 1.205660395478598268e+01
1.549228442190786268e+02 0.000000000000000000e+00 1.206881980658234710e+01
1.549664448221882935e+02 0.000000000000000000e+00 1.211012513565165527e+01
1.548695535259826954e+02 0.000000000000000000e+00 1.205584526587724525e+01
1.549631507678123796e+02 0.000000000000000000e+00 1.220118701201417544e+01
1.550358792628232720e+02 0.000000000000000000e+00 1.218527375224485532e+01
1.549500225685941075e+02 0.000000000000000000e+00 1.235964735371229395e+01
1.551138897692241301e+02 0.000000000000000000e+00 1.232340315192025137e+01
1.550872300171905351e+02 0.000000000000000000e+00 1.238430954507476400e+01
1.553274078769195228e+02 0.000000000000000000e+00 1.238987966617687952e+01
1.551324152237172029e+02 0.000000000000000000e+00 1.220327100559893196e+01
1.552667415751918440e+02 0.000000000000000000e+00 1.218641658743649536e+01
1.552595100214161619e+02 0.000000000000000000e+00 1.210400760609640081e+01
1.555391781190277243e+02 0.000000000000000000e+00 1.214065516148549406e+01
1.554496816387680553e+02 0.000000000000000000e+00 1.205721858883863007e+01
1.552909139800435980e+02 0.000000000000000000e+00 1.213855196058659125e+01
1.551794443324017720e+02 0.000000000000000000e+00 1.203717575652808591e+01
1.548420294448125958e+02 0.000000000000000000e+00 1.216307970075004619e+01
1.547928395132866513e+02 0.000000000000000000e+00 1.215001872713129139e+01
1.548564349304215000e+02 0.000000000000000000e+00 1.221618792436159673e+01
1.550612617284662065e+02 0.000000000000000000e+00 1.218578274606970346e+01
1.550632016671948747e+02 0.000000000000000000e+00 1.218762664822764563e+01
1.550702699588003100e+02 0.000000000000000000e+00 1.215424433624324152e+01
1.550535595954939652e+02 0.000000000000000000e+00 1.216014098168582613e+01
1.551048143132904897e+02 0.000000000000000000e+00 1.221622633898988752e+01
1.550596195031067737e+02 0.000000000000000000e+00 1.204290913980043598e+01
1.549845477157701623e+02 0.000000000000000000e+00 1.203945182325429464e+01
1.552019553045799967e+02 0.000000000000000000e+00 1.199968307931660405e+01
1.550316440500542683e+02 0.000000000000000000e+00 1.205536508302361476e+01
1.550416702680380752e+02 0.000000000000000000e+00 1.191671708586629741e+01
1.549785646374139390e+02 0.000000000000000000e+00 1.197081448615632837e+01
1.550785579148539739e+02 0.000000000000000000e+00 1.203023231246458735e+01
1.551078202579542165e+02 0.000000000000000000e+00 1.206238535634369491e+01
1.553375589424452698e+02 0.000000000000000000e+00 1.216172558510280766e+01
1.553383848569535246e+02 0.000000000000000000e+00 1.212346461532551523e+01
1.552235635329933530e+02 0.000000000000000000e+00 1.216503884679285896e+01
1.550353126470560028e+02 0.000000000000000000e+00 1.206068550904184278e+01
1.549331201321463141e+02 0.000000000000000000e+00 1.205943703362240349e+01
1.549022347710007921e+02 0.000000000000000000e+00 1.194816906277910640e+01
1.548983356862293022e+02 0.000000000000000000e+00 1.204712514525531297e+01
1.550147224062923215e+02 0.000000000000000000e+00 1.205691127181230549e+01
1.549678661634350476e+02 0.000000000000000000e+00 1.213522909523946680e+01
1.551683232975117051e+02 0.000000000000000000e+00 1.224569996254573745e+01
1.549613932985680833e+02 0.000000000000000000e+00 1.222714569708144872e+01
1.541830264964898731e+02 0.000000000000000000e+00 1.203631142739155102e+01
1.543506967453206187e+02 0.000000000000000000e+00 1.194975366619608792e+01
1.545591345184246279e+02 0.000000000000000000e+00 1.202315441720207012e+01
1.545400136371930557e+02 0.000000000000000000e+00 1.190240763682810332e+01
1.544526107541751969e+02 0.000000000000000000e+00 1.186592334360924639e+01
1.541249915968000721e+02 0.000000000000000000e+00 1.157795768628693800e+01
1.536046366456346561e+02 0.000000000000000000e+00 1.168675751726257417e+01
1.534763413908016219e+02 0.000000000000000000e+00 1.155880799408414639e+01
1.534360252384107923e+02 0.000000000000000000e+00 1.173210598595945342e+01
1.535553410738809248e+02 0.000000000000000000e+00 1.179985978660674029e+01
1.535356631805391601e+02 0.000000000000000000e+00 1.181843325938517353e+01
1.536136832905970664e+02 0.000000000000000000e+00 1.173283586389697142e+01
1.534490958156866043e+02 0.000000000000000000e+00 1.160252384107868195e+01
1.535163406225090625e+02 0.000000000000000000e+00 1.166485157547994334e+01
1.533245651944260430e+02 0.000000000000000000e+00 1.148468696879771755e+01
1.533658897308094993e+02 0.000000000000000000e+00 1.159521545804642351e+01
1.536591662104929696e+02 0.000000000000000000e+00 1.149442507706934791e+01
1.537487299163521470e+02 0.000000000000000000e+00 1.161124396170061601e+01
1.538757382811374441e+02 0.000000000000000000e+00 1.159147963544517701e+01
1.537301372362595657e+02 0.000000000000000000e+00 1.161054289473431567e+01
1.537984480490170540e+02 0.000000000000000000e+00 1.152067187184879948e+01
1.535242348286227525e+02 0.000000000000000000e+00 1.143154033055787622e+01
1.535343378758631161e+02 0.000000000000000000e+00 1.144414993229421817e+01
1.535009651675358100e+02 0.000000000000000000e+00 1.137786549117904045e+01
1.535385538813179949e+02 0.000000000000000000e+00 1.141997752744244998e+01
1.535416750698666135e+02 0.000000000000000000e+00 1.134299461234838269e+01
1.535895012820882073e+02 0.000000000000000000e+00 1.147817568930248555e+01
1.536971294669010035e+02 0.000000000000000000e+00 1.148248773132809042e+01
1.534451199016585576e+02 0.000000000000000000e+00 1.148286227395392167e+01
1.537377913509464520e+02 0.000000000000000000e+00 1.147064642215755725e+01
1.537887099407454343e+02 0.000000000000000000e+00 1.163485935444217212e+01
1.539969364333938415e+02 0.000000000000000000e+00 1.163217033046183957e+01
1.540112554860891123e+02 0.000000000000000000e+00 1.170478358158786847e+01
1.541804623200514754e+02 0.000000000000000000e+00 1.175118845256273659e+01
1.540754367263053837e+02 0.000000000000000000e+00 1.169697580838783324e+01
1.541103172087931057e+02 0.000000000000000000e+00 1.180622701124588225e+01
1.541943107935501871e+02 0.000000000000000000e+00 1.183309804373505436e+01
1.542728687084041610e+02 0.000000000000000000e+00 1.185906633245940078e+01
1.542097726814371015e+02 0.000000000000000000e+00 1.168573952961287610e+01
1.535159564762261368e+02 0.000000000000000000e+00 1.155644549444428471e+01
1.533475275384866450e+02 0.000000000000000000e+00 1.139171396467774855e+01
1.528925158700433258e+02 0.000000000000000000e+00 1.131364583633447651e+01
1.529621615911339063e+02 0.000000000000000000e+00 1.118926887358706246e+01
1.530524263639593983e+02 0.000000000000000000e+00 1.131887022578197843e+01
1.532722252633803066e+02 0.000000000000000000e+00 1.135667982367685624e+01
1.533659377490948543e+02 0.000000000000000000e+00 1.138773805064968769e+01
1.533678776878235226e+02 0.000000000000000000e+00 1.144511029800147917e+01
1.533091033065391287e+02 0.000000000000000000e+00 1.121881932639949220e+01
1.533123493426296875e+02 0.000000000000000000e+00 1.126234310025257557e+01
1.534609467285142159e+02 0.000000000000000000e+00 1.118439021579417414e+01
1.533196577256619264e+02 0.000000000000000000e+00 1.121576536345040154e+01
1.536331018851978740e+02 0.000000000000000000e+00 1.136698454771577005e+01
1.535109721782054635e+02 0.000000000000000000e+00 1.163023999539024445e+01
1.537804796066342021e+02 0.000000000000000000e+00 1.173182747990434827e+01
1.537543480557396265e+02 0.000000000000000000e+00 1.189419651003101919e+01
1.538990175458814633e+02 0.000000000000000000e+00 1.195434421427679617e+01
1.538568286803614740e+02 0.000000000000000000e+00 1.188690733431290703e+01
1.538578754789824075e+02 0.000000000000000000e+00 1.180445033468744853e+01
1.539011687650657336e+02 0.000000000000000000e+00 1.170533099004100741e+01
1.539596358293238154e+02 0.000000000000000000e+00 1.176785079758371921e+01
1.540309910013733088e+02 0.000000000000000000e+00 1.168269517032085858e+01
1.536073928952145025e+02 0.000000000000000000e+00 1.156700951722415915e+01
1.535724163761560419e+02 0.000000000000000000e+00 1.142023682618341063e+01
1.533119363853755601e+02 0.000000000000000000e+00 1.149335907113428767e+01
1.535537948850922305e+02 0.000000000000000000e+00 1.130952586745032562e+01
1.534727880376847509e+02 0.000000000000000000e+00 1.141289963217993453e+01
1.538034227433806791e+02 0.000000000000000000e+00 1.154727400193993958e+01
1.539647641822005824e+02 0.000000000000000000e+00 1.163387017776369170e+01
1.540648150815830775e+02 0.000000000000000000e+00 1.163515706781142178e+01
1.539594725671535684e+02 0.000000000000000000e+00 1.153260921759005875e+01
1.538622835575787349e+02 0.000000000000000000e+00 1.160274472519135358e+01
1.537818241186243711e+02 0.000000000000000000e+00 1.151113544037569447e+01
1.533391147348910408e+02 0.000000000000000000e+00 1.152405235913835924e+01
1.530392021281704160e+02 0.000000000000000000e+00 1.131248379382869018e+01
1.527083561420188857e+02 0.000000000000000000e+00 1.133360223573136594e+01
1.528321856963131609e+02 0.000000000000000000e+00 1.135953210982742156e+01
1.528322145072843625e+02 0.000000000000000000e+00 1.126361078298616114e+01
1.530942598941676920e+02 0.000000000000000000e+00 1.130894964802596903e+01
1.531396467774928567e+02 0.000000000000000000e+00 1.122532100223765283e+01
1.533446560450219351e+02 0.000000000000000000e+00 1.135152265982886277e+01
1.532757209945547174e+02 0.000000000000000000e+00 1.127954325006962577e+01
1.533837045146791809e+02 0.000000000000000000e+00 1.143193408049785376e+01
1.534582769118480314e+02 0.000000000000000000e+00 1.141077722396688721e+01
1.531542347325861613e+02 0.000000000000000000e+00 1.137266030904568481e+01
1.531944548484062807e+02 0.000000000000000000e+00 1.132886763279456765e+01
1.529834528988638738e+02 0.000000000000000000e+00 1.128325026169965462e+01
1.530209455760753769e+02 0.000000000000000000e+00 1.128824416337741354e+01
1.528225244172980979e+02 0.000000000000000000e+00 1.132847388285459189e+01
1.529470262275874575e+02 0.000000000000000000e+00 1.127429004965090620e+01
1.528397533780863853e+02 0.000000000000000000e+00 1.124121505469282667e+01
1.530178820094692185e+02 0.000000000000000000e+00 1.125013685211328429e+01
1.531554543970343900e+02 0.000000000000000000e+00 1.137649216821765741e+01
1.534009718900957466e+02 0.000000000000000000e+00 1.156651973071345552e+01
1.535732518943213449e+02 0.000000000000000000e+00 1.160218771308114150e+01
1.536192342043850374e+02 0.000000000000000000e+00 1.176391329818394915e+01
1.537830437830725998e+02 0.000000000000000000e+00 1.177490948553209016e+01
1.537303004984298127e+02 0.000000000000000000e+00 1.187947410373870305e+01
1.538473306635166580e+02 0.000000000000000000e+00 1.175061223313837822e+01
1.538625620636338454e+02 0.000000000000000000e+00 1.177693585717441138e+01
1.539447789718324771e+02 0.000000000000000000e+00 1.179675780537228569e+01
1.540029483227212950e+02 0.000000000000000000e+00 1.181853889961297277e+01
1.538459957551835657e+02 0.000000000000000000e+00 1.160347460312887158e+01
1.537555293055595484e+02 0.000000000000000000e+00 1.141933408241858494e+01
1.535913355805890887e+02 0.000000000000000000e+00 1.136458363344761757e+01
1.536697782515581991e+02 0.000000000000000000e+00 1.120335743851258492e+01
1.535541694277180795e+02 0.000000000000000000e+00 1.124288609102346115e+01
1.537070500446569952e+02 0.000000000000000000e+00 1.126702008124693855e+01
1.533406321127085334e+02 0.000000000000000000e+00 1.137496518674311119e+01
1.533134153485647460e+02 0.000000000000000000e+00 1.136177936558241441e+01
1.531564723846840934e+02 0.000000000000000000e+00 1.139506564099609065e+01
1.532519135286717074e+02 0.000000000000000000e+00 1.145293727851565890e+01
1.530928673638921680e+02 0.000000000000000000e+00 1.149138071777733039e+01
1.533056171790217661e+02 0.000000000000000000e+00 1.156215006674541712e+01
1.532357889884468136e+02 0.000000000000000000e+00 1.150638163012475168e+01
1.532451909687208911e+02 0.000000000000000000e+00 1.156232293257272303e+01
1.535516820805362670e+02 0.000000000000000000e+00 1.156698070625294150e+01
1.532763548359215235e+02 0.000000000000000000e+00 1.161744792416952343e+01
1.532122312176476839e+02 0.000000000000000000e+00 1.144482218828930087e+01
1.529033583988782823e+02 0.000000000000000000e+00 1.135667022001978310e+01
1.529786414666704957e+02 0.000000000000000000e+00 1.126586764239822536e+01
1.528597001738261838e+02 0.000000000000000000e+00 1.127890940870283387e+01
1.530628175209119775e+02 0.000000000000000000e+00 1.136706137697235164e+01
1.531117097390686297e+02 0.000000000000000000e+00 1.145179444332401708e+01
1.532066995111738663e+02 0.000000000000000000e+00 1.150144535038942806e+01
1.531705033276671770e+02 0.000000000000000000e+00 1.138623988014635913e+01
1.532061424990636453e+02 0.000000000000000000e+00 1.156639488317151176e+01
1.534482602975213013e+02 0.000000000000000000e+00 1.146789017257771803e+01
1.536413898412515380e+02 0.000000000000000000e+00 1.162112612482833462e+01
1.538045271639440159e+02 0.000000000000000000e+00 1.159940265253008285e+01
1.538023375301314672e+02 0.000000000000000000e+00 1.166247947218300673e+01
1.540266405447194416e+02 0.000000000000000000e+00 1.171226483044743460e+01
1.539484859834624899e+02 0.000000000000000000e+00 1.176553631622921969e+01
1.539804181432289454e+02 0.000000000000000000e+00 1.179480826298654605e+01
1.539644568651742702e+02 0.000000000000000000e+00 1.176765872444226702e+01
1.539949100617515114e+02 0.000000000000000000e+00 1.183103325746444234e+01
1.540543470953739131e+02 0.000000000000000000e+00 1.180031115848915313e+01
1.541064181240216158e+02 0.000000000000000000e+00 1.186212989906556459e+01
1.543694046692980635e+02 0.000000000000000000e+00 1.178547350831196461e+01
1.541851393010458366e+02 0.000000000000000000e+00 1.184680246237767420e+01
1.544303398734238044e+02 0.000000000000000000e+00 1.182679804469542084e+01
1.542379978295735157e+02 0.000000000000000000e+00 1.181406359541713513e+01
1.544865788892410308e+02 0.000000000000000000e+00 1.173991375915948865e+01
1.543506679343493886e+02 0.000000000000000000e+00 1.170224821612069910e+01
1.540236249963986381e+02 0.000000000000000000e+00 1.162279716115896910e+01
1.535701883277151865e+02 0.000000000000000000e+00 1.143426776916649779e+01
1.534242319475256124e+02 0.000000000000000000e+00 1.141204490670047100e+01
1.532307374648266034e+02 0.000000000000000000e+00 1.139068637337097911e+01
1.532117990530794032e+02 0.000000000000000000e+00 1.147039672707366975e+01
1.534281790505824574e+02 0.000000000000000000e+00 1.136374811528230033e+01
1.534137831686306015e+02 0.000000000000000000e+00 1.145161197383963803e+01
1.536102739923362890e+02 0.000000000000000000e+00 1.145417615027802505e+01
1.535766323816109207e+02 0.000000000000000000e+00 1.152724077328646679e+01
1.538318015500302636e+02 0.000000000000000000e+00 1.137979582625063557e+01
1.538729148059581178e+02 0.000000000000000000e+00 1.144041410969297168e+01
1.538485791389361168e+02 0.000000000000000000e+00 1.130793166037627095e+01
1.538584613020638301e+02 0.000000000000000000e+00 1.126983395276921485e+01
1.537987745733575480e+02 0.000000000000000000e+00 1.135541214094327067e+01
1.536681264225417181e+02 0.000000000000000000e+00 1.135704476264561613e+01
1.535770933571504031e+02 0.000000000000000000e+00 1.135282875719073736e+01
1.537580742746837927e+02 0.000000000000000000e+00 1.132903089496480220e+01
1.537479232091580457e+02 0.000000000000000000e+00 1.141037387036983652e+01
1.541378797045915121e+02 0.000000000000000000e+00 1.138532753272446207e+01
1.540148280465201083e+02 0.000000000000000000e+00 1.154291394162897255e+01
1.543179098600747068e+02 0.000000000000000000e+00 1.154249138071777736e+01
1.542947650465297045e+02 0.000000000000000000e+00 1.167811422589722170e+01
1.543348026928654519e+02 0.000000000000000000e+00 1.158737887387517240e+01
1.543359263207429422e+02 0.000000000000000000e+00 1.166588877044378414e+01
1.543455491851296983e+02 0.000000000000000000e+00 1.165155051043437417e+01
1.543285987303965214e+02 0.000000000000000000e+00 1.163241042188865570e+01
1.543905231112007357e+02 0.000000000000000000e+00 1.172080248158498783e+01
1.544237805756432067e+02 0.000000000000000000e+00 1.169867565568968715e+01
1.540701931295437248e+02 0.000000000000000000e+00 1.161343359551317178e+01
1.542123752725037775e+02 0.000000000000000000e+00 1.160945768148510915e+01
1.540248734718180685e+02 0.000000000000000000e+00 1.161757277171146718e+01
1.541329338211991171e+02 0.000000000000000000e+00 1.147466075081391068e+01
1.540409307864434822e+02 0.000000000000000000e+00 1.149174565674608850e+01
1.542329847205815838e+02 0.000000000000000000e+00 1.158525646566212330e+01
1.542274626177648429e+02 0.000000000000000000e+00 1.165245325419919986e+01
1.542442786212990029e+02 0.000000000000000000e+00 1.166259471606787912e+01
1.540319705743947338e+02 0.000000000000000000e+00 1.167164136103028049e+01
1.537265646758285413e+02 0.000000000000000000e+00 1.156011409144602275e+01
1.535551586043965528e+02 0.000000000000000000e+00 1.141804719237085486e+01
