1.580786070014776499e+02 0.000000000000000000e+00 1.471831731032344059e+01
1.582796942554317070e+02 0.000000000000000000e+00 1.487740117116952732e+01
1.579350292792381936e+02 0.000000000000000000e+00 1.479534633416640865e+01
1.581605067770946960e+02 0.000000000000000000e+00 1.495633653793531259e+01
1.583232391411423521e+02 0.000000000000000000e+00 1.496834923472645329e+01
1.582365142200412151e+02 0.000000000000000000e+00 1.401121914734480178e+01
1.583331721911085879e+02 0.000000000000000000e+00 1.322747505335935969e+01
1.579415509787109784e+02 0.000000000000000000e+00 1.286779648649141627e+01
1.575976157031577713e+02 0.000000000000000000e+00 1.259183282558330497e+01
1.569286170348614462e+02 0.000000000000000000e+00 1.206530820730795206e+01
1.566404217669700927e+02 0.000000000000000000e+00 1.201795975700968633e+01
1.568821259828155519e+02 0.000000000000000000e+00 1.196319572395424835e+01
1.565002918802561283e+02 0.000000000000000000e+00 1.208332269186566243e+01
1.568760512249849626e+02 0.000000000000000000e+00 1.207704726635897607e+01
1.566055876826531801e+02 0.000000000000000000e+00 1.209269934509367594e+01
1.567976357699253924e+02 0.000000000000000000e+00 1.214766404582520032e+01
1.566771074666617949e+02 0.000000000000000000e+00 1.214115146761041331e+01
1.568472371709506206e+02 0.000000000000000000e+00 1.219085320247368465e+01
1.567996515679442382e+02 0.000000000000000000e+00 1.217591258186329028e+01
1.568011930605469217e+02 0.000000000000000000e+00 1.226829268292682862e+01
1.568119835087655360e+02 0.000000000000000000e+00 1.220888592954740304e+01
1.566213674589999414e+02 0.000000000000000000e+00 1.218309101191236365e+01
1.569723717095061772e+02 0.000000000000000000e+00 1.220502763741175123e+01
1.565756881989163958e+02 0.000000000000000000e+00 1.213244066621668438e+01
1.569438677782439697e+02 0.000000000000000000e+00 1.212009960413740295e+01
1.567984566831457300e+02 0.000000000000000000e+00 1.219470237335133334e+01
1.570054271485123252e+02 0.000000000000000000e+00 1.208551179378659945e+01
1.569043544885710730e+02 0.000000000000000000e+00 1.230830764178995551e+01
1.570177590893335946e+02 0.000000000000000000e+00 1.242268821715891036e+01
1.568957257784993828e+02 0.000000000000000000e+00 1.234985497199773796e+01
1.569047923089552512e+02 0.000000000000000000e+00 1.251321670284765730e+01
1.568768903807213064e+02 0.000000000000000000e+00 1.238848349964427165e+01
1.568293686265209601e+02 0.000000000000000000e+00 1.239831621577248022e+01
1.571918382983380980e+02 0.000000000000000000e+00 1.244854698359997869e+01
1.570311490960833396e+02 0.000000000000000000e+00 1.235543718189612683e+01
1.575349617819289563e+02 0.000000000000000000e+00 1.239470419760293396e+01
1.572903205210062652e+02 0.000000000000000000e+00 1.240797562799861353e+01
1.574772424612802695e+02 0.000000000000000000e+00 1.251025229399638761e+01
1.572948720287502056e+02 0.000000000000000000e+00 1.253193352427166829e+01
1.574195778681795730e+02 0.000000000000000000e+00 1.259166864293923460e+01
1.569320010215809020e+02 0.000000000000000000e+00 1.230773300253570923e+01
1.566548789609063022e+02 0.000000000000000000e+00 1.231911633252458138e+01
1.563023970666034188e+02 0.000000000000000000e+00 1.214294835543718243e+01
1.560856850976886676e+02 0.000000000000000000e+00 1.199815750588321173e+01
1.564898206760676374e+02 0.000000000000000000e+00 1.202888702409836341e+01
1.561587737380739611e+02 0.000000000000000000e+00 1.211335899447251840e+01
1.564894649470055015e+02 0.000000000000000000e+00 1.211361438969662707e+01
1.565630096502909794e+02 0.000000000000000000e+00 1.211242862615612026e+01
1.569662787091595533e+02 0.000000000000000000e+00 1.214188116825072505e+01
1.568551726654140168e+02 0.000000000000000000e+00 1.220552018534396232e+01
1.571240308663370797e+02 0.000000000000000000e+00 1.219742050823649571e+01
1.570960377255231037e+02 0.000000000000000000e+00 1.210737544922195674e+01
1.568332634036886475e+02 0.000000000000000000e+00 1.222772132732546524e+01
1.565806866483025317e+02 0.000000000000000000e+00 1.204670996223799229e+01
1.564873944214386086e+02 0.000000000000000000e+00 1.209454183921046422e+01
1.566165331922578901e+02 0.000000000000000000e+00 1.209713227648357226e+01
1.564589452177244198e+02 0.000000000000000000e+00 1.211579437035955920e+01
1.570139737672619731e+02 0.000000000000000000e+00 1.214113322509440529e+01
1.567835799113413771e+02 0.000000000000000000e+00 1.214749986318112995e+01
1.570588503566411873e+02 0.000000000000000000e+00 1.220611306711421662e+01
1.568376689713045096e+02 0.000000000000000000e+00 1.215325537698159408e+01
1.570163088093109707e+02 0.000000000000000000e+00 1.219411861283908216e+01
1.569921009905686162e+02 0.000000000000000000e+00 1.218353795355455382e+01
1.570914679752631571e+02 0.000000000000000000e+00 1.223940565882846521e+01
1.571679041173358655e+02 0.000000000000000000e+00 1.210575186529726111e+01
1.569877319079847382e+02 0.000000000000000000e+00 1.215434080668405770e+01
1.574220953353886614e+02 0.000000000000000000e+00 1.226257365415838230e+01
1.570667584873305600e+02 0.000000000000000000e+00 1.222181075213893564e+01
1.574982578397212478e+02 0.000000000000000000e+00 1.229668715909298271e+01
1.572195942864439928e+02 0.000000000000000000e+00 1.231115347428717399e+01
1.574554244121349313e+02 0.000000000000000000e+00 1.242077275297809003e+01
1.573478665377528785e+02 0.000000000000000000e+00 1.241975117208165358e+01
1.573117372347994376e+02 0.000000000000000000e+00 1.236953864677016313e+01
1.569783643760147527e+02 0.000000000000000000e+00 1.214017549300399423e+01
1.566820603097579294e+02 0.000000000000000000e+00 1.206156849152635147e+01
1.564096630607293434e+02 0.000000000000000000e+00 1.186992173960632613e+01
1.563085995220460802e+02 0.000000000000000000e+00 1.193308645128336032e+01
1.567064596749183636e+02 0.000000000000000000e+00 1.196915190543079710e+01
1.564584161847602104e+02 0.000000000000000000e+00 1.194838280095590832e+01
1.568463980152142483e+02 0.000000000000000000e+00 1.191418720469927273e+01
1.566038455223744563e+02 0.000000000000000000e+00 1.188659539923746244e+01
1.569274039075469318e+02 0.000000000000000000e+00 1.192576208110622638e+01
1.568596968093839621e+02 0.000000000000000000e+00 1.200651257821478701e+01
1.569495959282704405e+02 0.000000000000000000e+00 1.212235255486436714e+01
1.568193808490067056e+02 0.000000000000000000e+00 1.208542970246456427e+01
1.568685261871317209e+02 0.000000000000000000e+00 1.216117262892898232e+01
1.568229472608862238e+02 0.000000000000000000e+00 1.211813853366656346e+01
1.565002189101921033e+02 0.000000000000000000e+00 1.206502544830983048e+01
1.567281865114836705e+02 0.000000000000000000e+00 1.210360836966634501e+01
1.564721801630880975e+02 0.000000000000000000e+00 1.198900888410529575e+01
1.568447653100315620e+02 0.000000000000000000e+00 1.207520477224218780e+01
1.566134046007625500e+02 0.000000000000000000e+00 1.204702920626812812e+01
1.568840505682543665e+02 0.000000000000000000e+00 1.197384023204480386e+01
1.568766076217231955e+02 0.000000000000000000e+00 1.194117700713282382e+01
1.569027217833883583e+02 0.000000000000000000e+00 1.190066950033748583e+01
1.567950544539102964e+02 0.000000000000000000e+00 1.180055457248663764e+01
1.567883959355674222e+02 0.000000000000000000e+00 1.186503274531623475e+01
1.568211503730594529e+02 0.000000000000000000e+00 1.191242680190451786e+01
1.565259591002791240e+02 0.000000000000000000e+00 1.203917580312676705e+01
1.570438914935147920e+02 0.000000000000000000e+00 1.216328876078588728e+01
1.567159549045004212e+02 0.000000000000000000e+00 1.212273564770053014e+01
1.570452688034733626e+02 0.000000000000000000e+00 1.232061221883722268e+01
1.565263330718572661e+02 0.000000000000000000e+00 1.206825437364321374e+01
1.567056478829560149e+02 0.000000000000000000e+00 1.199182735282850132e+01
1.565380265246182887e+02 0.000000000000000000e+00 1.191113158326796473e+01
1.565372420964299351e+02 0.000000000000000000e+00 1.184318733239688370e+01
1.561504825145484006e+02 0.000000000000000000e+00 1.166959155006658477e+01
1.558810861594031110e+02 0.000000000000000000e+00 1.156614736304431190e+01
1.556297498951055331e+02 0.000000000000000000e+00 1.148970209971359324e+01
1.552891438787237632e+02 0.000000000000000000e+00 1.145225933560756637e+01
1.556901964718973943e+02 0.000000000000000000e+00 1.150490723680610117e+01
1.555099604137402594e+02 0.000000000000000000e+00 1.159984129011073151e+01
1.561335717022091671e+02 0.000000000000000000e+00 1.172463834212014433e+01
1.560029917726252791e+02 0.000000000000000000e+00 1.178052428991006373e+01
1.563137712753342896e+02 0.000000000000000000e+00 1.179214477260703831e+01
1.562547567360490461e+02 0.000000000000000000e+00 1.190258496451830617e+01
1.562383111078679860e+02 0.000000000000000000e+00 1.185629458014849469e+01
1.561642373716182988e+02 0.000000000000000000e+00 1.174033602714486335e+01
1.560384552237444495e+02 0.000000000000000000e+00 1.177502417133371004e+01
1.559963971030884693e+02 0.000000000000000000e+00 1.167761825711002110e+01
1.558050239889085447e+02 0.000000000000000000e+00 1.166548698396482919e+01
1.560875549555794635e+02 0.000000000000000000e+00 1.166155572176514532e+01
1.559065618330079985e+02 0.000000000000000000e+00 1.172871554444789055e+01
1.563214696170895763e+02 0.000000000000000000e+00 1.184581425470200777e+01
1.561281719174708655e+02 0.000000000000000000e+00 1.187533976686064463e+01
1.564118521626502627e+02 0.000000000000000000e+00 1.199772880675702780e+01
1.564255066858821124e+02 0.000000000000000000e+00 1.212951274239743071e+01
1.568541054782275523e+02 0.000000000000000000e+00 1.225151868945765088e+01
1.568903716000510826e+02 0.000000000000000000e+00 1.224470510972873427e+01
1.569677381104401945e+02 0.000000000000000000e+00 1.231002243829468945e+01
1.571368644763485918e+02 0.000000000000000000e+00 1.238929529160661858e+01
1.569383402958935960e+02 0.000000000000000000e+00 1.240763814145246968e+01
1.572026652315887532e+02 0.000000000000000000e+00 1.248474925661747292e+01
1.566933250633927344e+02 0.000000000000000000e+00 1.234056041009175964e+01
1.569174799788386849e+02 0.000000000000000000e+00 1.234949924293558610e+01
1.566915829031140106e+02 0.000000000000000000e+00 1.228697301931882357e+01
1.569667986208658021e+02 0.000000000000000000e+00 1.239820676067643213e+01
1.569795410182972546e+02 0.000000000000000000e+00 1.234851414707116390e+01
1.573051425652625994e+02 0.000000000000000000e+00 1.244263640841344909e+01
1.571289837094332142e+02 0.000000000000000000e+00 1.240783880912855430e+01
1.569089424813470259e+02 0.000000000000000000e+00 1.237093419924475945e+01
1.565629184377109198e+02 0.000000000000000000e+00 1.212270828392651900e+01
1.563122115402156282e+02 0.000000000000000000e+00 1.203552729992520653e+01
1.564886257912691292e+02 0.000000000000000000e+00 1.206803546345111933e+01
1.561811481839575322e+02 0.000000000000000000e+00 1.201273327617344933e+01
1.565744021015378564e+02 0.000000000000000000e+00 1.207795939215936620e+01
1.562403451484028665e+02 0.000000000000000000e+00 1.198502289435758961e+01
1.562259882883047339e+02 0.000000000000000000e+00 1.195181239396537620e+01
1.560439644635788170e+02 0.000000000000000000e+00 1.192002480982177026e+01
1.560596986336355485e+02 0.000000000000000000e+00 1.195928270427057249e+01
1.559773975226663367e+02 0.000000000000000000e+00 1.194982395972052380e+01
1.560318879179816349e+02 0.000000000000000000e+00 1.196660707444770821e+01
1.562599649743692680e+02 0.000000000000000000e+00 1.198572523122389022e+01
1.561328420015688607e+02 0.000000000000000000e+00 1.215031833190433552e+01
1.565804951018844520e+02 0.000000000000000000e+00 1.225250378532207129e+01
1.563021416713793030e+02 0.000000000000000000e+00 1.230923801010635366e+01
1.566472718317310182e+02 0.000000000000000000e+00 1.233371034533082877e+01
1.562806702300381403e+02 0.000000000000000000e+00 1.230140284948100060e+01
1.566043107065326581e+02 0.000000000000000000e+00 1.228794899392524265e+01
1.564496506558184592e+02 0.000000000000000000e+00 1.234290457339876390e+01
1.565915044602951696e+02 0.000000000000000000e+00 1.240628819526789073e+01
1.564674006238940365e+02 0.000000000000000000e+00 1.230589050841892096e+01
1.567493934363427286e+02 0.000000000000000000e+00 1.223169819581516649e+01
1.568647408650600994e+02 0.000000000000000000e+00 1.212542641881168315e+01
1.566920298447561777e+02 0.000000000000000000e+00 1.212905667949723565e+01
1.571032343980881762e+02 0.000000000000000000e+00 1.226217231880620950e+01
1.569805717204516782e+02 0.000000000000000000e+00 1.226970647791743474e+01
1.573290220187168131e+02 0.000000000000000000e+00 1.227680281664447115e+01
1.570930459528978247e+02 0.000000000000000000e+00 1.236525165550832739e+01
1.573726854807815130e+02 0.000000000000000000e+00 1.238021963989273466e+01
1.571362715945783179e+02 0.000000000000000000e+00 1.237751062626557541e+01
1.573126767243738300e+02 0.000000000000000000e+00 1.246067825674517060e+01
1.572383749566740221e+02 0.000000000000000000e+00 1.241869310615320110e+01
1.573283744093985490e+02 0.000000000000000000e+00 1.251202181804914559e+01
1.573684440958097071e+02 0.000000000000000000e+00 1.239256070197201609e+01
1.571341554627214236e+02 0.000000000000000000e+00 1.243239323567506460e+01
1.572537442764106004e+02 0.000000000000000000e+00 1.234815841800901204e+01
1.565656913001441239e+02 0.000000000000000000e+00 1.220960650892971167e+01
1.565508145283397425e+02 0.000000000000000000e+00 1.203278180126603125e+01
1.559901490413557781e+02 0.000000000000000000e+00 1.198112811718992354e+01
1.562896729116879726e+02 0.000000000000000000e+00 1.194879325756608424e+01
1.562015706806282651e+02 0.000000000000000000e+00 1.207068974953025453e+01
1.563373314847583799e+02 0.000000000000000000e+00 1.210700147764379686e+01
1.561774540744659419e+02 0.000000000000000000e+00 1.208597697794479764e+01
1.561644289180363785e+02 0.000000000000000000e+00 1.220327635587500303e+01
1.562621358337741810e+02 0.000000000000000000e+00 1.221692175784884249e+01
1.561803181494791772e+02 0.000000000000000000e+00 1.226688800919422739e+01
1.566980498750387767e+02 0.000000000000000000e+00 1.249657952824853524e+01
1.565181148183957589e+02 0.000000000000000000e+00 1.253051060802305905e+01
1.568497820019337041e+02 0.000000000000000000e+00 1.246436324497874715e+01
1.563229928671762536e+02 0.000000000000000000e+00 1.224982213546892318e+01
1.561755933378331633e+02 0.000000000000000000e+00 1.208847620263786737e+01
1.557236258824817128e+02 0.000000000000000000e+00 1.199914260174763392e+01
1.558281372566904395e+02 0.000000000000000000e+00 1.183667475418209669e+01
1.558377510626265519e+02 0.000000000000000000e+00 1.184668077421237875e+01
1.560131619752996244e+02 0.000000000000000000e+00 1.192021635623985176e+01
1.561472900742470529e+02 0.000000000000000000e+00 1.193721838115912881e+01
1.560286225076162623e+02 0.000000000000000000e+00 1.198579820128792228e+01
1.564432110476676883e+02 0.000000000000000000e+00 1.204627214185380524e+01
1.562653647591075696e+02 0.000000000000000000e+00 1.207318897422332427e+01
1.567350000912125836e+02 0.000000000000000000e+00 1.209248043490158153e+01
1.564994527245197560e+02 0.000000000000000000e+00 1.208329532809164952e+01
1.567315613769451090e+02 0.000000000000000000e+00 1.207763102687122547e+01
1.566321852709925793e+02 0.000000000000000000e+00 1.204844300125873424e+01
1.566124286261561167e+02 0.000000000000000000e+00 1.209575496652498394e+01
1.565399237462830797e+02 0.000000000000000000e+00 1.202289435758979863e+01
1.565727420325811465e+02 0.000000000000000000e+00 1.213602532061221950e+01
1.564755094222595062e+02 0.000000000000000000e+00 1.204408303993286822e+01
1.563169363518616422e+02 0.000000000000000000e+00 1.210969224875494810e+01
1.565813798639108256e+02 0.000000000000000000e+00 1.203010927267088626e+01
1.562469033329076638e+02 0.000000000000000000e+00 1.205926993450936813e+01
1.565241530911943357e+02 0.000000000000000000e+00 1.206475181056971380e+01
1.563346315923892291e+02 0.000000000000000000e+00 1.212855501030702143e+01
1.566070653264498276e+02 0.000000000000000000e+00 1.216173814692522370e+01
1.563615666672747579e+02 0.000000000000000000e+00 1.213552365142200351e+01
1.562025740190086935e+02 0.000000000000000000e+00 1.201508656073845671e+01
1.558400769834175605e+02 0.000000000000000000e+00 1.186004341718809840e+01
1.555188536402940827e+02 0.000000000000000000e+00 1.180158527464107898e+01
1.551916011456300168e+02 0.000000000000000000e+00 1.166641735228122734e+01
1.550512067424339193e+02 0.000000000000000000e+00 1.171494244486199499e+01
1.552943612383019740e+02 0.000000000000000000e+00 1.166397285513617987e+01
1.550906835470748035e+02 0.000000000000000000e+00 1.172635313862487827e+01
1.556720360472116340e+02 0.000000000000000000e+00 1.191822792199500114e+01
1.554894740682634904e+02 0.000000000000000000e+00 1.197094879325756622e+01
1.558743729135122180e+02 0.000000000000000000e+00 1.204566101756754293e+01
1.557504697447872104e+02 0.000000000000000000e+00 1.210604374555338758e+01
1.559104839739496811e+02 0.000000000000000000e+00 1.210594341171534438e+01
1.557988762610139304e+02 0.000000000000000000e+00 1.201933706696827642e+01
1.557289709396719957e+02 0.000000000000000000e+00 1.201575241257274129e+01
1.556212306401298804e+02 0.000000000000000000e+00 1.196465512523487185e+01
1.555960377255231037e+02 0.000000000000000000e+00 1.198505025813160074e+01
1.559648193078789404e+02 0.000000000000000000e+00 1.202233796085156037e+01
1.557681193790247676e+02 0.000000000000000000e+00 1.193142638232665043e+01
1.562615429520039356e+02 0.000000000000000000e+00 1.191412335589324556e+01
1.561123374135760855e+02 0.000000000000000000e+00 1.196141707864348724e+01
1.564186201360891744e+02 0.000000000000000000e+00 1.208109710491270938e+01
1.562343159968622786e+02 0.000000000000000000e+00 1.206968641114982610e+01
1.563279821953043722e+02 0.000000000000000000e+00 1.216389988507214959e+01
1.562526223616761172e+02 0.000000000000000000e+00 1.214338617582136948e+01
1.563256106682233622e+02 0.000000000000000000e+00 1.237736468613751128e+01
1.562937136289837099e+02 0.000000000000000000e+00 1.224552602294908432e+01
1.561737964500063924e+02 0.000000000000000000e+00 1.235885765364759159e+01
1.566363172008683478e+02 0.000000000000000000e+00 1.241424193224729500e+01
1.564473338562854678e+02 0.000000000000000000e+00 1.233399310432894858e+01
1.569295747669518448e+02 0.000000000000000000e+00 1.245417479978838671e+01
1.566779010161081374e+02 0.000000000000000000e+00 1.246767426163416381e+01
1.570068683072769318e+02 0.000000000000000000e+00 1.259653939471331974e+01
1.568170731707317032e+02 0.000000000000000000e+00 1.250633927431271353e+01
1.569609336519692704e+02 0.000000000000000000e+00 1.253466078041483556e+01
1.569906233467719971e+02 0.000000000000000000e+00 1.247821843588667790e+01
1.572460276921393074e+02 0.000000000000000000e+00 1.252129813743911591e+01
1.570069230348249505e+02 0.000000000000000000e+00 1.237350639400186125e+01
1.566464691610266868e+02 0.000000000000000000e+00 1.236307167484539526e+01
1.565289599941623919e+02 0.000000000000000000e+00 1.213463888939562629e+01
1.560658463615301912e+02 0.000000000000000000e+00 1.208476385063027969e+01
1.564205538427860063e+02 0.000000000000000000e+00 1.213530474122991087e+01
1.562580768739624659e+02 0.000000000000000000e+00 1.226659612893810269e+01
1.566780469562362157e+02 0.000000000000000000e+00 1.226542860791360390e+01
1.566296769250415082e+02 0.000000000000000000e+00 1.223119652662495227e+01
1.569064706204279673e+02 0.000000000000000000e+00 1.227985843807577915e+01
1.568654614444424169e+02 0.000000000000000000e+00 1.218184139956582790e+01
1.569050203404053434e+02 0.000000000000000000e+00 1.229628582374080992e+01
1.566626685152416201e+02 0.000000000000000000e+00 1.220006567305762779e+01
1.564922013244066648e+02 0.000000000000000000e+00 1.236099202802050456e+01
1.566690260320703487e+02 0.000000000000000000e+00 1.243505664301220470e+01
1.562763558750022810e+02 0.000000000000000000e+00 1.241292847109473385e+01
1.565069868836309865e+02 0.000000000000000000e+00 1.244952295820639598e+01
1.562808526551982027e+02 0.000000000000000000e+00 1.235179779995256943e+01
1.567876023861210797e+02 0.000000000000000000e+00 1.234548588941386882e+01
1.566356969553240788e+02 0.000000000000000000e+00 1.244251783205939788e+01
1.570344965977707545e+02 0.000000000000000000e+00 1.248518707700165997e+01
1.570291150555484592e+02 0.000000000000000000e+00 1.251938267325829557e+01
1.571241312001751282e+02 0.000000000000000000e+00 1.257810533228742855e+01
1.571243136253352191e+02 0.000000000000000000e+00 1.246834923472645329e+01
1.570721309082948665e+02 0.000000000000000000e+00 1.257995694766222172e+01
1.572353558202747195e+02 0.000000000000000000e+00 1.265096594122261386e+01
1.569189667438933213e+02 0.000000000000000000e+00 1.263091741613003194e+01
1.574345276100479794e+02 0.000000000000000000e+00 1.273097761643285786e+01
1.570456518963095505e+02 0.000000000000000000e+00 1.266432858419833352e+01
1.573683528832296474e+02 0.000000000000000000e+00 1.270085010124596359e+01
1.571445080905558598e+02 0.000000000000000000e+00 1.271382965138551846e+01
1.573526460769469395e+02 0.000000000000000000e+00 1.272464746337814923e+01
1.572732272835069409e+02 0.000000000000000000e+00 1.252688946859550789e+01
1.572342156630242584e+02 0.000000000000000000e+00 1.257681923490887854e+01
1.571758396117992618e+02 0.000000000000000000e+00 1.246501997555502861e+01
1.571490413557837940e+02 0.000000000000000000e+00 1.256843679880329034e+01
1.571081963624422997e+02 0.000000000000000000e+00 1.236549792947443294e+01
1.566393545797836566e+02 0.000000000000000000e+00 1.227812539905503719e+01
1.566487768393016893e+02 0.000000000000000000e+00 1.214158928799460035e+01
1.561868124851779669e+02 0.000000000000000000e+00 1.210796833099221104e+01
1.565034022292354621e+02 0.000000000000000000e+00 1.211910538701497764e+01
1.564625937209259803e+02 0.000000000000000000e+00 1.223719831439152017e+01
1.566752467300290164e+02 0.000000000000000000e+00 1.227030848094569215e+01
1.563414907784081720e+02 0.000000000000000000e+00 1.232549209186931094e+01
1.565037123520075966e+02 0.000000000000000000e+00 1.250147764379663329e+01
1.564527245197657521e+02 0.000000000000000000e+00 1.235991571957604407e+01
1.564828702774686633e+02 0.000000000000000000e+00 1.245547001842494161e+01
1.567706459674918449e+02 0.000000000000000000e+00 1.237435467099622421e+01
1.566427020814710716e+02 0.000000000000000000e+00 1.247851031614280259e+01
1.569738402320448074e+02 0.000000000000000000e+00 1.238602988124122106e+01
1.567591623036649082e+02 0.000000000000000000e+00 1.230653811773719752e+01
1.570886130215079390e+02 0.000000000000000000e+00 1.226806465147673109e+01
1.565811153474287210e+02 0.000000000000000000e+00 1.220996223799186353e+01
1.566798164802889630e+02 0.000000000000000000e+00 1.225408176295674778e+01
1.564656675848733016e+02 0.000000000000000000e+00 1.210162905667949751e+01
1.566934892460368189e+02 0.000000000000000000e+00 1.213191163325245903e+01
1.566266030610941868e+02 0.000000000000000000e+00 1.207960121860006986e+01
1.569713227648357190e+02 0.000000000000000000e+00 1.230649251144717837e+01
1.570970866701935620e+02 0.000000000000000000e+00 1.235322983745918179e+01
1.570922797672255058e+02 0.000000000000000000e+00 1.247235346699016745e+01
1.573319408212780672e+02 0.000000000000000000e+00 1.256005436269770392e+01
1.569828702774686633e+02 0.000000000000000000e+00 1.245874455004834225e+01
1.572621905613222282e+02 0.000000000000000000e+00 1.254926391447908429e+01
1.569196417169856090e+02 0.000000000000000000e+00 1.255469106299140769e+01
1.571265483335461681e+02 0.000000000000000000e+00 1.268892861703486119e+01
1.570238429684222012e+02 0.000000000000000000e+00 1.267045806957695575e+01
1.571525895251473059e+02 0.000000000000000000e+00 1.275178320593976267e+01
1.571112975901636446e+02 0.000000000000000000e+00 1.267496397103088412e+01
1.572611233741357637e+02 0.000000000000000000e+00 1.279901307988397718e+01
1.572777514274768862e+02 0.000000000000000000e+00 1.281640731889742213e+01
1.571399839465859145e+02 0.000000000000000000e+00 1.276784574128463845e+01
1.572386850794461566e+02 0.000000000000000000e+00 1.275269533174015280e+01
1.566741613003265456e+02 0.000000000000000000e+00 1.244243574073736269e+01
1.567252585876643991e+02 0.000000000000000000e+00 1.227298100954083537e+01
1.562405914223689649e+02 0.000000000000000000e+00 1.212404910885309306e+01
1.564281153656712320e+02 0.000000000000000000e+00 1.212580951164784615e+01
1.563669390882390360e+02 0.000000000000000000e+00 1.208410712005399823e+01
1.563536129302953555e+02 0.000000000000000000e+00 1.220103252640604197e+01
1.561990349709031989e+02 0.000000000000000000e+00 1.206260831493879593e+01
1.561316471167703526e+02 0.000000000000000000e+00 1.218255285769013341e+01
1.561883539777806220e+02 0.000000000000000000e+00 1.209249867741758955e+01
1.559712224309976705e+02 0.000000000000000000e+00 1.211169892551580674e+01
1.565054545122863203e+02 0.000000000000000000e+00 1.229562909316452846e+01
1.564104018826276388e+02 0.000000000000000000e+00 1.231995548826094122e+01
1.567635222649907973e+02 0.000000000000000000e+00 1.232040242990313139e+01
1.565449495594432392e+02 0.000000000000000000e+00 1.235481693635186140e+01
1.568484502982651350e+02 0.000000000000000000e+00 1.236072751153839100e+01
1.565073608552091571e+02 0.000000000000000000e+00 1.232871189594468930e+01
1.566348486783297176e+02 0.000000000000000000e+00 1.246525712826312926e+01
1.563307094514475466e+02 0.000000000000000000e+00 1.234264917817465346e+01
1.563960359012715173e+02 0.000000000000000000e+00 1.244301037999160897e+01
1.565576281080686556e+02 0.000000000000000000e+00 1.243076053049236585e+01
1.566331886093730077e+02 0.000000000000000000e+00 1.230302643340569446e+01
1.572369429191674044e+02 0.000000000000000000e+00 1.233687542185818309e+01
1.569099002134374246e+02 0.000000000000000000e+00 1.220451684696353389e+01
1.572003210682817382e+02 0.000000000000000000e+00 1.222125435540069738e+01
1.569680208694383055e+02 0.000000000000000000e+00 1.210804130105624132e+01
1.569930860864330384e+02 0.000000000000000000e+00 1.226171625590601444e+01
1.567214002955287526e+02 0.000000000000000000e+00 1.227573562945801555e+01
1.568960450225295062e+02 0.000000000000000000e+00 1.244811828447379476e+01
1.567458726307532402e+02 0.000000000000000000e+00 1.243568600981447325e+01
1.567821843588667718e+02 0.000000000000000000e+00 1.248660087199226432e+01
1.569892551580713871e+02 0.000000000000000000e+00 1.244009157743035843e+01
1.568233668387543958e+02 0.000000000000000000e+00 1.247069339803345756e+01
1.571011091449732646e+02 0.000000000000000000e+00 1.235151504095444785e+01
1.564213838772643612e+02 0.000000000000000000e+00 1.225487531240308670e+01
1.564706113067114188e+02 0.000000000000000000e+00 1.209264461754565190e+01
1.558572431909809097e+02 0.000000000000000000e+00 1.196670740828575141e+01
1.559834996442709496e+02 0.000000000000000000e+00 1.193129868471459609e+01
1.557482259153182440e+02 0.000000000000000000e+00 1.200485250925807712e+01
1.560493186420271172e+02 0.000000000000000000e+00 1.209900213437437344e+01
1.560103252640604126e+02 0.000000000000000000e+00 1.208807486728569636e+01
1.564762664866738362e+02 0.000000000000000000e+00 1.228471094733385627e+01
1.566489410219457454e+02 0.000000000000000000e+00 1.217978911651495011e+01
1.566150737909772488e+02 0.000000000000000000e+00 1.227920170749949769e+01
1.571217414305781119e+02 0.000000000000000000e+00 1.230339128372585122e+01
1.568399766495795120e+02 0.000000000000000000e+00 1.229911341372202038e+01
1.567658025794917762e+02 0.000000000000000000e+00 1.228065198752211984e+01
1.563178302351460331e+02 0.000000000000000000e+00 1.221843588667749003e+01
1.565006476093182641e+02 0.000000000000000000e+00 1.229848404691975183e+01
1.564232354926391508e+02 0.000000000000000000e+00 1.231486582629476345e+01
1.565930003466077949e+02 0.000000000000000000e+00 1.242486819782184426e+01
1.565536238758049592e+02 0.000000000000000000e+00 1.232431544958680725e+01
1.565053724209643065e+02 0.000000000000000000e+00 1.231628874254337092e+01
1.566604611708046662e+02 0.000000000000000000e+00 1.230767827498768696e+01
1.564682945071784275e+02 0.000000000000000000e+00 1.241214404290639806e+01
1.568993834029589323e+02 0.000000000000000000e+00 1.240064213656347469e+01
1.565370596712698728e+02 0.000000000000000000e+00 1.230941131400842892e+01
1.568811773719831422e+02 0.000000000000000000e+00 1.223971578160059792e+01
1.566696918839046191e+02 0.000000000000000000e+00 1.221858182680555238e+01
1.569943995475856013e+02 0.000000000000000000e+00 1.222583322691865604e+01
1.566811664264735384e+02 0.000000000000000000e+00 1.214296659795319044e+01
1.565584581425470105e+02 0.000000000000000000e+00 1.221858182680555238e+01
1.562779429738949659e+02 0.000000000000000000e+00 1.209300946786580866e+01
1.563585384096174664e+02 0.000000000000000000e+00 1.221009905686192276e+01
1.563655526570224481e+02 0.000000000000000000e+00 1.214787383475928984e+01
1.562880219639892800e+02 0.000000000000000000e+00 1.223248262400350228e+01
1.564500063848805951e+02 0.000000000000000000e+00 1.215277195030738611e+01
1.557494755276647709e+02 0.000000000000000000e+00 1.193709068354707448e+01
1.558976868489702099e+02 0.000000000000000000e+00 1.193729135122316087e+01
1.555056460587044285e+02 0.000000000000000000e+00 1.187268548078150943e+01
1.556568491526351181e+02 0.000000000000000000e+00 1.188606636627323709e+01
1.557409927577211590e+02 0.000000000000000000e+00 1.202024007151066343e+01
1.559833172191108588e+02 0.000000000000000000e+00 1.211667001112793507e+01
1.559598482222668281e+02 0.000000000000000000e+00 1.206156849152635147e+01
1.559749712680372795e+02 0.000000000000000000e+00 1.222499407118229797e+01
1.560414196325957334e+02 0.000000000000000000e+00 1.215907473958808360e+01
1.559662422241275408e+02 0.000000000000000000e+00 1.214222777605487380e+01
1.563684258532936724e+02 0.000000000000000000e+00 1.211289381031431844e+01
1.559693616943648919e+02 0.000000000000000000e+00 1.201008811135231724e+01
1.561878796723644029e+02 0.000000000000000000e+00 1.204551507743948058e+01
1.558295510516810509e+02 0.000000000000000000e+00 1.185546454567013797e+01
1.559086870861229102e+02 0.000000000000000000e+00 1.192112848204024367e+01
1.557181166426473453e+02 0.000000000000000000e+00 1.196870496378860516e+01
1.558708885929547421e+02 0.000000000000000000e+00 1.205067770946969041e+01
1.559301494062061124e+02 0.000000000000000000e+00 1.199005782877574511e+01
1.559919003228925192e+02 0.000000000000000000e+00 1.215611945199481880e+01
1.562399529343086897e+02 0.000000000000000000e+00 1.219057956473356796e+01
1.562521115712279141e+02 0.000000000000000000e+00 1.241565572723790112e+01
1.565593793896054251e+02 0.000000000000000000e+00 1.253830928361639607e+01
1.560704708393381566e+02 0.000000000000000000e+00 1.250303737891529998e+01
1.563980060930003333e+02 0.000000000000000000e+00 1.256219785832862001e+01
1.564407391867486297e+02 0.000000000000000000e+00 1.249764671543499261e+01
1.567905850374883698e+02 0.000000000000000000e+00 1.261435321159494372e+01
1.566570498203112152e+02 0.000000000000000000e+00 1.259559990513891670e+01
1.569193589579874981e+02 0.000000000000000000e+00 1.264942444861995341e+01
1.567023733513326249e+02 0.000000000000000000e+00 1.260525019610704689e+01
1.570602732728897877e+02 0.000000000000000000e+00 1.264702555776492687e+01
1.571842676541948549e+02 0.000000000000000000e+00 1.246049583158509222e+01
1.568506667639600778e+02 0.000000000000000000e+00 1.235439735848368237e+01
1.570628728314209184e+02 0.000000000000000000e+00 1.217365963113632610e+01
1.564103471550796201e+02 0.000000000000000000e+00 1.210659102103362095e+01
1.562510078990094371e+02 0.000000000000000000e+00 1.194996077859058303e+01
1.557119962785267262e+02 0.000000000000000000e+00 1.203840961745443927e+01
1.558932083112902944e+02 0.000000000000000000e+00 1.206804458470912245e+01
1.558332725249466364e+02 0.000000000000000000e+00 1.205070507324370155e+01
1.559520769104474880e+02 0.000000000000000000e+00 1.215152233796085213e+01
1.558957713847893842e+02 0.000000000000000000e+00 1.218333728587846920e+01
1.558924968531659943e+02 0.000000000000000000e+00 1.230147581954503089e+01
1.558484959045551648e+02 0.000000000000000000e+00 1.209606508929711666e+01
1.557578397212543564e+02 0.000000000000000000e+00 1.216940000364850327e+01
1.559610522283233252e+02 0.000000000000000000e+00 1.211557546016746656e+01
1.557481803090282142e+02 0.000000000000000000e+00 1.222877027199591282e+01
1.561522337960851701e+02 0.000000000000000000e+00 1.223411532918620104e+01
1.558612474232446061e+02 0.000000000000000000e+00 1.207020632285604833e+01
1.561188682343068876e+02 0.000000000000000000e+00 1.218323695204042600e+01
1.560202583140266768e+02 0.000000000000000000e+00 1.219767590346060615e+01
1.562022000474305514e+02 0.000000000000000000e+00 1.215939398361822121e+01
1.560572906215225260e+02 0.000000000000000000e+00 1.210483973949687098e+01
1.562056387616980260e+02 0.000000000000000000e+00 1.220291150555484627e+01
1.562179433387452718e+02 0.000000000000000000e+00 1.211403396756480610e+01
1.561353777112939554e+02 0.000000000000000000e+00 1.214893190068774231e+01
1.566669007789554371e+02 0.000000000000000000e+00 1.213898060820548430e+01
1.563451119178357089e+02 0.000000000000000000e+00 1.213027892806976027e+01
1.566793421748727724e+02 0.000000000000000000e+00 1.218478756590108958e+01
1.564240564058594885e+02 0.000000000000000000e+00 1.220832041155116165e+01
1.568252914241932388e+02 0.000000000000000000e+00 1.224439498695660156e+01
1.563626977032672301e+02 0.000000000000000000e+00 1.225272269551416571e+01
1.564492584417242824e+02 0.000000000000000000e+00 1.231475637119871536e+01
1.564862907492201316e+02 0.000000000000000000e+00 1.224402101537844167e+01
1.565162449605049630e+02 0.000000000000000000e+00 1.238226280168560933e+01
1.563453034642537887e+02 0.000000000000000000e+00 1.218856376671470443e+01
1.560099330499662642e+02 0.000000000000000000e+00 1.216770344965977735e+01
1.560303008190889784e+02 0.000000000000000000e+00 1.203370304832442450e+01
1.554894102194574543e+02 0.000000000000000000e+00 1.190147217104182964e+01
1.558550084827699322e+02 0.000000000000000000e+00 1.190531222066147343e+01
1.556273418829925106e+02 0.000000000000000000e+00 1.189973001076308456e+01
1.558208767353193309e+02 0.000000000000000000e+00 1.189780542532426111e+01
1.555738639473156013e+02 0.000000000000000000e+00 1.195859860992027990e+01
1.555654176624040019e+02 0.000000000000000000e+00 1.195322618895598055e+01
1.553955524745973094e+02 0.000000000000000000e+00 1.187601473995293411e+01
1.546816772169217700e+02 0.000000000000000000e+00 1.157764926938723349e+01
1.543661090537606810e+02 0.000000000000000000e+00 1.145135633106518114e+01
1.542025740190086935e+02 0.000000000000000000e+00 1.158986263385446058e+01
1.544845941952314092e+02 0.000000000000000000e+00 1.159571848149296791e+01
1.541086159403105000e+02 0.000000000000000000e+00 1.162072897093967150e+01
1.546469161026688823e+02 0.000000000000000000e+00 1.160295163909006355e+01
1.544859532626740020e+02 0.000000000000000000e+00 1.161521973110531469e+01
1.549335516354415461e+02 0.000000000000000000e+00 1.160384552237444566e+01
1.547569367167119765e+02 0.000000000000000000e+00 1.160125508510133763e+01
1.549146067825674606e+02 0.000000000000000000e+00 1.161231917106007216e+01
1.549116514949741941e+02 0.000000000000000000e+00 1.161056788952332219e+01
1.549937154532352963e+02 0.000000000000000000e+00 1.183220533776018435e+01
1.547405640585949698e+02 0.000000000000000000e+00 1.166262290895160270e+01
1.544816206651221364e+02 0.000000000000000000e+00 1.181424558075049625e+01
1.547339055402521240e+02 0.000000000000000000e+00 1.173480854479449853e+01
1.544170147946804832e+02 0.000000000000000000e+00 1.179382308407975621e+01
1.547506248061732776e+02 0.000000000000000000e+00 1.163587025922615226e+01
1.543731415436816974e+02 0.000000000000000000e+00 1.158717186274330935e+01
1.547310049802068761e+02 0.000000000000000000e+00 1.151013371764233639e+01
1.545773482678731057e+02 0.000000000000000000e+00 1.137859605596803902e+01
1.547778426400569174e+02 0.000000000000000000e+00 1.145926446175456448e+01
1.546088986993086110e+02 0.000000000000000000e+00 1.147829140595070818e+01
1.546554444789025240e+02 0.000000000000000000e+00 1.151374573581188265e+01
1.544827060948246071e+02 0.000000000000000000e+00 1.145247824579966078e+01
1.543497363956436743e+02 0.000000000000000000e+00 1.152451794151449427e+01
1.543179032052100581e+02 0.000000000000000000e+00 1.139765948519619876e+01
1.536562562708648727e+02 0.000000000000000000e+00 1.127883685717934270e+01
1.536168706788040197e+02 0.000000000000000000e+00 1.111517412481529377e+01
1.531055694401371738e+02 0.000000000000000000e+00 1.111643285841983264e+01
1.535013773099585990e+02 0.000000000000000000e+00 1.105698049875038791e+01
1.532866720178047046e+02 0.000000000000000000e+00 1.115130342776875771e+01
1.533987813999306695e+02 0.000000000000000000e+00 1.107662768849079704e+01
1.533028987357936330e+02 0.000000000000000000e+00 1.112881952678913500e+01
1.534118156776182502e+02 0.000000000000000000e+00 1.117137019537734588e+01
1.534705657004213890e+02 0.000000000000000000e+00 1.123806483390189115e+01
1.534747979641352060e+02 0.000000000000000000e+00 1.128469270481784825e+01
1.538267508254738516e+02 0.000000000000000000e+00 1.116723826550157739e+01
1.534554700184249327e+02 0.000000000000000000e+00 1.114671543499279416e+01
1.538408887753799092e+02 0.000000000000000000e+00 1.109709579145155622e+01
1.534788934089789620e+02 0.000000000000000000e+00 1.110943685353083943e+01
1.537290074247040081e+02 0.000000000000000000e+00 1.104375467464472749e+01
1.534410310670047579e+02 0.000000000000000000e+00 1.124919276866665463e+01
1.535932831056059342e+02 0.000000000000000000e+00 1.121995001550613935e+01
1.534539558895963012e+02 0.000000000000000000e+00 1.131994636700293633e+01
1.536134319645365451e+02 0.000000000000000000e+00 1.135310213984712746e+01
1.535913858839411148e+02 0.000000000000000000e+00 1.137052374263458354e+01
1.536984603316489313e+02 0.000000000000000000e+00 1.138776292026196302e+01
1.541420544721528074e+02 0.000000000000000000e+00 1.136229636791506259e+01
1.539767863983800567e+02 0.000000000000000000e+00 1.143118010836054488e+01
1.542950544539102964e+02 0.000000000000000000e+00 1.131109874673914995e+01
1.540487804878048905e+02 0.000000000000000000e+00 1.140718207855227462e+01
1.542327015341955985e+02 0.000000000000000000e+00 1.134115329186201393e+01
1.540752594997902065e+02 0.000000000000000000e+00 1.145413831475637068e+01
1.541660160169290634e+02 0.000000000000000000e+00 1.143955342320812818e+01
1.542124705839429453e+02 0.000000000000000000e+00 1.154116423737161767e+01
1.543578634365251787e+02 0.000000000000000000e+00 1.159637521206924937e+01
1.541720542897276403e+02 0.000000000000000000e+00 1.160566065271722280e+01
1.539590455515624683e+02 0.000000000000000000e+00 1.159324662057390931e+01
1.542589707572468285e+02 0.000000000000000000e+00 1.161217323093200982e+01
1.539205173577539938e+02 0.000000000000000000e+00 1.160147399529343026e+01
1.541397011875878036e+02 0.000000000000000000e+00 1.154663699217396022e+01
1.539541839210463934e+02 0.000000000000000000e+00 1.148198551544228962e+01
1.539769505810241412e+02 0.000000000000000000e+00 1.128659904774066369e+01
1.534679661418902867e+02 0.000000000000000000e+00 1.121052775598810669e+01
1.535496196435412344e+02 0.000000000000000000e+00 1.106786215954904584e+01
1.534302314975281263e+02 0.000000000000000000e+00 1.108155316781290445e+01
1.533652698980243372e+02 0.000000000000000000e+00 1.105832132367696197e+01
1.534286261561194635e+02 0.000000000000000000e+00 1.113168360180235972e+01
1.533264680664757407e+02 0.000000000000000000e+00 1.115092945619059783e+01
1.537536348213145629e+02 0.000000000000000000e+00 1.112684021380228749e+01
1.534388784501158511e+02 0.000000000000000000e+00 1.124511556633891018e+01
1.538301712972253199e+02 0.000000000000000000e+00 1.114165313680062752e+01
1.535607749420800019e+02 0.000000000000000000e+00 1.118386631884269455e+01
1.537880037214732738e+02 0.000000000000000000e+00 1.107119141872047052e+01
1.535907473958808396e+02 0.000000000000000000e+00 1.121758760968312707e+01
1.535679260083550730e+02 0.000000000000000000e+00 1.108114271120272853e+01
1.535154058047685908e+02 0.000000000000000000e+00 1.114589452177244233e+01
1.536827808891402185e+02 0.000000000000000000e+00 1.121520696134410855e+01
1.536868124851779669e+02 0.000000000000000000e+00 1.111463597059306352e+01
1.536472353466990057e+02 0.000000000000000000e+00 1.121021763321597398e+01
1.538757684659868232e+02 0.000000000000000000e+00 1.123315759709579176e+01
1.539014083222357954e+02 0.000000000000000000e+00 1.135951438422387128e+01
1.544430559862816210e+02 0.000000000000000000e+00 1.141120455333199502e+01
1.542360672783990481e+02 0.000000000000000000e+00 1.147758906908440757e+01
1.545416111790138132e+02 0.000000000000000000e+00 1.149233814327672043e+01
1.545761442618165802e+02 0.000000000000000000e+00 1.156780743200102179e+01
1.546776547421420389e+02 0.000000000000000000e+00 1.161153474287173637e+01
1.545926081325136465e+02 0.000000000000000000e+00 1.153302807523213680e+01
1.546813397303756119e+02 0.000000000000000000e+00 1.164600397686849043e+01
1.546565025448309711e+02 0.000000000000000000e+00 1.159742415673969695e+01
1.545814437127168617e+02 0.000000000000000000e+00 1.162547202510170230e+01
1.549784920736267964e+02 0.000000000000000000e+00 1.165332834704562437e+01
1.547434463761241830e+02 0.000000000000000000e+00 1.169503073863947229e+01
1.550971231552255745e+02 0.000000000000000000e+00 1.163256836382873871e+01
1.548734699089698381e+02 0.000000000000000000e+00 1.167802871372019702e+01
1.552110841527263574e+02 0.000000000000000000e+00 1.164572121787036885e+01
1.550145392852582233e+02 0.000000000000000000e+00 1.167656931243957175e+01
1.548973767261980754e+02 0.000000000000000000e+00 1.164197238083076336e+01
1.543956345659193232e+02 0.000000000000000000e+00 1.146954411952496500e+01
1.542627469580604611e+02 0.000000000000000000e+00 1.137805790174580878e+01
1.541352956199719131e+02 0.000000000000000000e+00 1.128921684878778464e+01
1.540003739715781705e+02 0.000000000000000000e+00 1.149283069120893153e+01
1.543955707171133156e+02 0.000000000000000000e+00 1.160372694602039445e+01
1.542391046573143285e+02 0.000000000000000000e+00 1.177293540325081622e+01
1.547036868124851878e+02 0.000000000000000000e+00 1.185727055475491198e+01
1.543759782549209092e+02 0.000000000000000000e+00 1.187106189685681379e+01
1.546763777660214885e+02 0.000000000000000000e+00 1.175044238101318861e+01
1.543957987485634078e+02 0.000000000000000000e+00 1.170254665523468951e+01
1.543777660214896912e+02 0.000000000000000000e+00 1.155101519601583426e+01
1.541714887717313900e+02 0.000000000000000000e+00 1.149979021106591048e+01
1.542087217469033362e+02 0.000000000000000000e+00 1.143609646642464917e+01
1.541605158983527133e+02 0.000000000000000000e+00 1.140425415473302095e+01
1.540988561942463093e+02 0.000000000000000000e+00 1.154186657423791829e+01
1.544323658719010552e+02 0.000000000000000000e+00 1.155774668442271569e+01
1.542955196380684697e+02 0.000000000000000000e+00 1.158382436105587665e+01
1.546715799843114496e+02 0.000000000000000000e+00 1.156822700986920083e+01
1.543315486071838905e+02 0.000000000000000000e+00 1.165496105222832313e+01
1.545431891566484808e+02 0.000000000000000000e+00 1.163556013645401954e+01
1.543520714376927003e+02 0.000000000000000000e+00 1.173396938905813869e+01
1.545637028658992733e+02 0.000000000000000000e+00 1.182733458598609921e+01
1.544458014849408016e+02 0.000000000000000000e+00 1.175225751135596575e+01
1.546845960194829956e+02 0.000000000000000000e+00 1.170551106408595921e+01
1.547789554335333833e+02 0.000000000000000000e+00 1.158012113030629209e+01
1.547101720269259602e+02 0.000000000000000000e+00 1.147761643285842048e+01
1.550800572815002738e+02 0.000000000000000000e+00 1.152773774558987263e+01
1.548911651494974251e+02 0.000000000000000000e+00 1.164337705456336458e+01
1.552790101610814304e+02 0.000000000000000000e+00 1.171013554189393879e+01
1.550893974496962642e+02 0.000000000000000000e+00 1.181046937993688140e+01
1.554189849864093276e+02 0.000000000000000000e+00 1.187380739551598907e+01
1.552638962365689395e+02 0.000000000000000000e+00 1.189777806155024820e+01
1.554059142236897344e+02 0.000000000000000000e+00 1.198479486290749207e+01
1.550885582939598919e+02 0.000000000000000000e+00 1.181049674371089253e+01
1.547591987886969491e+02 0.000000000000000000e+00 1.164977105642410216e+01
1.542812995968403982e+02 0.000000000000000000e+00 1.142471313643577702e+01
1.539088877537990072e+02 0.000000000000000000e+00 1.138537315066493960e+01
1.541828082529142421e+02 0.000000000000000000e+00 1.137150883849900573e+01
1.540673969753908352e+02 0.000000000000000000e+00 1.141561924220588509e+01
1.545903186967546503e+02 0.000000000000000000e+00 1.152878669026032021e+01
1.542939142966598070e+02 0.000000000000000000e+00 1.157840633380155815e+01
1.546690077895543425e+02 0.000000000000000000e+00 1.155203677691227249e+01
1.545112100260867862e+02 0.000000000000000000e+00 1.171444077567178077e+01
1.548928981885181599e+02 0.000000000000000000e+00 1.171675757520477212e+01
1.548253826367732700e+02 0.000000000000000000e+00 1.167365050987832298e+01
1.548578543152671614e+02 0.000000000000000000e+00 1.165942134739223235e+01
1.546062079281974491e+02 0.000000000000000000e+00 1.166616195705711689e+01
1.544503894777167545e+02 0.000000000000000000e+00 1.172179250962292762e+01
1.544871481474725101e+02 0.000000000000000000e+00 1.165083824361055953e+01
1.540876461681595231e+02 0.000000000000000000e+00 1.171714978929894002e+01
1.544000036485032012e+02 0.000000000000000000e+00 1.168566320666946368e+01
1.540623711622307042e+02 0.000000000000000000e+00 1.181086159403104929e+01
1.543772461097834707e+02 0.000000000000000000e+00 1.179480817994417841e+01
1.543571793421748737e+02 0.000000000000000000e+00 1.178754765857306985e+01
1.547449513836948256e+02 0.000000000000000000e+00 1.182523669664520050e+01
1.548298702957111743e+02 0.000000000000000000e+00 1.182056661254720176e+01
1.549963697393144457e+02 0.000000000000000000e+00 1.189742233248809633e+01
1.548586934710035337e+02 0.000000000000000000e+00 1.183660178411806640e+01
1.547993870514621335e+02 0.000000000000000000e+00 1.195400149588631322e+01
1.549889815203312935e+02 0.000000000000000000e+00 1.183988543699947016e+01
1.547210080814346043e+02 0.000000000000000000e+00 1.186852618713172980e+01
1.551620117846653386e+02 0.000000000000000000e+00 1.198408340478318834e+01
1.549627943886020773e+02 0.000000000000000000e+00 1.199423536494153275e+01
1.552525402703540749e+02 0.000000000000000000e+00 1.198607183902803897e+01
1.551284090701789466e+02 0.000000000000000000e+00 1.196505646058704464e+01
1.552347173322144727e+02 0.000000000000000000e+00 1.190808508309465985e+01
1.551906981410876085e+02 0.000000000000000000e+00 1.187192841636718477e+01
1.552293905175401676e+02 0.000000000000000000e+00 1.195671963077147559e+01
1.549649013992009827e+02 0.000000000000000000e+00 1.165986828903442429e+01
1.545268712260794928e+02 0.000000000000000000e+00 1.161729025667220050e+01
1.545315048251454755e+02 0.000000000000000000e+00 1.150017330390207349e+01
1.541579801886276186e+02 0.000000000000000000e+00 1.154077202327744978e+01
1.545393673495448468e+02 0.000000000000000000e+00 1.156375759344728849e+01
1.542208165350164961e+02 0.000000000000000000e+00 1.152040425415473379e+01
1.544832260065308276e+02 0.000000000000000000e+00 1.153508947954101771e+01
1.543067752704452857e+02 0.000000000000000000e+00 1.156959519856978602e+01
1.544827790648886321e+02 0.000000000000000000e+00 1.163222175602459174e+01
1.544807267818377454e+02 0.000000000000000000e+00 1.156673112355656130e+01
1.546351040735538334e+02 0.000000000000000000e+00 1.155132531878796698e+01
1.544335607566995634e+02 0.000000000000000000e+00 1.136280715836328170e+01
1.543775288687815817e+02 0.000000000000000000e+00 1.142039878139993014e+01
1.545148220442563343e+02 0.000000000000000000e+00 1.128732874838097722e+01
1.543126493605998064e+02 0.000000000000000000e+00 1.138638561030337293e+01
1.547293266687341600e+02 0.000000000000000000e+00 1.143516609810825102e+01
1.545378623419742041e+02 0.000000000000000000e+00 1.159087509349289391e+01
1.548933451301603554e+02 0.000000000000000000e+00 1.163834212014521086e+01
1.548216064359596373e+02 0.000000000000000000e+00 1.180871809840013142e+01
1.549809092069978362e+02 0.000000000000000000e+00 1.186245142930112983e+01
1.546223251910903684e+02 0.000000000000000000e+00 1.166130032654103665e+01
1.545992392870824688e+02 0.000000000000000000e+00 1.157433825273181682e+01
1.543618494262728689e+02 0.000000000000000000e+00 1.147292810624441373e+01
1.543574621011729846e+02 0.000000000000000000e+00 1.155773756316471079e+01
1.545954448437528583e+02 0.000000000000000000e+00 1.142946531185581094e+01
1.543956619296933468e+02 0.000000000000000000e+00 1.149831256726927720e+01
1.547179524600032892e+02 0.000000000000000000e+00 1.146374299943448172e+01
1.543834029589361023e+02 0.000000000000000000e+00 1.152846744623018438e+01
1.546261287556779962e+02 0.000000000000000000e+00 1.147633033547986869e+01
1.545032927741393962e+02 0.000000000000000000e+00 1.150838243610558820e+01
1.547744495320794726e+02 0.000000000000000000e+00 1.161904153820895047e+01
1.548217341335717094e+02 0.000000000000000000e+00 1.168248900888410446e+01
1.549878596055968103e+02 0.000000000000000000e+00 1.179935968768812593e+01
1.549329040261232819e+02 0.000000000000000000e+00 1.167664228250360203e+01
1.547058120656000995e+02 0.000000000000000000e+00 1.165319152817556514e+01
1.543374500611124347e+02 0.000000000000000000e+00 1.147513545068135876e+01
1.535565974059142320e+02 0.000000000000000000e+00 1.138156046481930872e+01
1.537140576828356302e+02 0.000000000000000000e+00 1.133546162686757697e+01
1.533600251746721028e+02 0.000000000000000000e+00 1.139997628472919011e+01
1.537754893554919136e+02 0.000000000000000000e+00 1.128745644599303155e+01
1.538748107338964246e+02 0.000000000000000000e+00 1.138281919842384582e+01
1.540964299396172805e+02 0.000000000000000000e+00 1.130051808745462161e+01
1.539998996661619515e+02 0.000000000000000000e+00 1.131938997026469806e+01
1.542670248280642795e+02 0.000000000000000000e+00 1.136276155207326255e+01
1.542560975609756042e+02 0.000000000000000000e+00 1.142664684313260537e+01
1.541905157159275461e+02 0.000000000000000000e+00 1.161465421310907153e+01
1.542920079537369702e+02 0.000000000000000000e+00 1.160120947881131848e+01
1.537950909389423089e+02 0.000000000000000000e+00 1.169488479851140994e+01
1.539847036503274467e+02 0.000000000000000000e+00 1.162502508345951036e+01
1.533983800645785038e+02 0.000000000000000000e+00 1.158303993286754086e+01
1.537507525037853213e+02 0.000000000000000000e+00 1.150235328456500739e+01
1.536424831712789967e+02 0.000000000000000000e+00 1.145542441213492246e+01
1.540291150555484592e+02 0.000000000000000000e+00 1.164957951000602066e+01
1.540444296477370187e+02 0.000000000000000000e+00 1.174266194793585960e+01
1.543161519236733170e+02 0.000000000000000000e+00 1.181374391156028203e+01
1.546135414196325826e+02 0.000000000000000000e+00 1.197190652534797550e+01
1.547749694437856931e+02 0.000000000000000000e+00 1.197996059616542297e+01
1.549385500848277104e+02 0.000000000000000000e+00 1.183052702628746644e+01
1.547854862542641854e+02 0.000000000000000000e+00 1.196719083495995761e+01
1.552597916704671945e+02 0.000000000000000000e+00 1.203055621431307820e+01
1.550425141835561931e+02 0.000000000000000000e+00 1.201127387489282583e+01
1.552702537533976681e+02 0.000000000000000000e+00 1.197019172884324156e+01
1.549487567725340682e+02 0.000000000000000000e+00 1.189102833062736053e+01
1.551117992593538588e+02 0.000000000000000000e+00 1.191029242753160489e+01
1.550555484612437738e+02 0.000000000000000000e+00 1.194517211813853308e+01
1.551725650801758718e+02 0.000000000000000000e+00 1.201545141105861347e+01
1.550825291424193324e+02 0.000000000000000000e+00 1.191086706678585116e+01
1.550707535983362959e+02 0.000000000000000000e+00 1.194987868726854785e+01
1.552316161044931278e+02 0.000000000000000000e+00 1.191914004779539127e+01
1.546661984420891258e+02 0.000000000000000000e+00 1.178923509130379266e+01
1.545296988160607157e+02 0.000000000000000000e+00 1.154435667767298490e+01
1.536944560993852349e+02 0.000000000000000000e+00 1.137578670850283658e+01
1.537888063921776052e+02 0.000000000000000000e+00 1.120459893828556908e+01
1.534865279019282411e+02 0.000000000000000000e+00 1.114337705456336458e+01
1.536750369410949020e+02 0.000000000000000000e+00 1.111063173832935114e+01
1.536386522429173453e+02 0.000000000000000000e+00 1.121932064870386903e+01
1.538268967656019015e+02 0.000000000000000000e+00 1.123043034095262449e+01
1.538703504387325154e+02 0.000000000000000000e+00 1.130328182862980491e+01
1.539303044675921797e+02 0.000000000000000000e+00 1.141149643358811971e+01
1.540109819946366940e+02 0.000000000000000000e+00 1.136896400751591685e+01
1.535952806611087738e+02 0.000000000000000000e+00 1.138542787821296365e+01
1.538098035281026057e+02 0.000000000000000000e+00 1.134407209442326270e+01
1.534201798712078357e+02 0.000000000000000000e+00 1.135549190944415088e+01
1.537842822482076599e+02 0.000000000000000000e+00 1.131045113742087338e+01
1.535704799605961739e+02 0.000000000000000000e+00 1.146429939617271998e+01
1.540524654760384635e+02 0.000000000000000000e+00 1.160393673495448574e+01
1.539132021088348381e+02 0.000000000000000000e+00 1.159836364631410000e+01
1.541538482587518502e+02 0.000000000000000000e+00 1.167559333783315445e+01
1.541445172118138487e+02 0.000000000000000000e+00 1.162893810314318621e+01
1.542402448145648179e+02 0.000000000000000000e+00 1.163252275753871956e+01
1.543045861685243665e+02 0.000000000000000000e+00 1.162840907017895908e+01
1.541677034496597685e+02 0.000000000000000000e+00 1.170334932593903332e+01
1.545973238229016431e+02 0.000000000000000000e+00 1.158487330572632601e+01
1.543775653538135941e+02 0.000000000000000000e+00 1.166174726818322860e+01
1.546857544192494913e+02 0.000000000000000000e+00 1.159521681230275192e+01
1.543796541218964933e+02 0.000000000000000000e+00 1.157836984876954212e+01
1.545244540927084529e+02 0.000000000000000000e+00 1.142926464417972454e+01
1.543425762081106143e+02 0.000000000000000000e+00 1.147436014375102609e+01
1.545632924092890903e+02 0.000000000000000000e+00 1.158265684003137785e+01
1.544549957130087421e+02 0.000000000000000000e+00 1.155446303154131016e+01
1.546561741795428304e+02 0.000000000000000000e+00 1.163431052410748556e+01
1.546794060236787800e+02 0.000000000000000000e+00 1.152390681722823196e+01
1.543213327982195437e+02 0.000000000000000000e+00 1.155971687615155830e+01
1.543552000291880120e+02 0.000000000000000000e+00 1.127822573289308039e+01
1.536433679333053703e+02 0.000000000000000000e+00 1.119776711604064445e+01
1.536397285513617987e+02 0.000000000000000000e+00 1.104703832752613302e+01
1.532430997683200360e+02 0.000000000000000000e+00 1.113778572340697259e+01
1.533901618111169967e+02 0.000000000000000000e+00 1.116057062590072491e+01
1.532341882992502349e+02 0.000000000000000000e+00 1.125545907291533609e+01
1.534626302059579928e+02 0.000000000000000000e+00 1.125967309411313977e+01
1.535615593702683555e+02 0.000000000000000000e+00 1.122692777787912455e+01
1.537806246237481105e+02 0.000000000000000000e+00 1.138906726015652104e+01
1.539800609300034751e+02 0.000000000000000000e+00 1.140936205921520674e+01
1.539819763941842723e+02 0.000000000000000000e+00 1.150822737471952095e+01
1.542782257328930768e+02 0.000000000000000000e+00 1.137828593319590631e+01
1.538170458069577080e+02 0.000000000000000000e+00 1.149792947443311419e+01
1.540633927431271388e+02 0.000000000000000000e+00 1.151444807267818327e+01
1.535913676414251086e+02 0.000000000000000000e+00 1.161385154240472772e+01
1.539985314774613698e+02 0.000000000000000000e+00 1.169977379280150309e+01
1.539633599065983276e+02 0.000000000000000000e+00 1.178414542933761489e+01
1.539100005472754731e+02 0.000000000000000000e+00 1.173669664520130596e+01
1.536768429501796902e+02 0.000000000000000000e+00 1.161191783570790115e+01
1.536921666636262387e+02 0.000000000000000000e+00 1.174949377018078245e+01
1.537645985734352507e+02 0.000000000000000000e+00 1.169510370870350435e+01
1.536357151978400850e+02 0.000000000000000000e+00 1.170303920316690061e+01
1.541685608479121470e+02 0.000000000000000000e+00 1.165328274075560522e+01
1.540407902657934471e+02 0.000000000000000000e+00 1.171948483134793939e+01
1.544306419541383093e+02 0.000000000000000000e+00 1.163712899283069113e+01
1.542591440611489020e+02 0.000000000000000000e+00 1.161963441997920299e+01
1.545794370359560048e+02 0.000000000000000000e+00 1.150242625462903767e+01
1.542589889997628347e+02 0.000000000000000000e+00 1.161515588229928753e+01
1.542408103325610682e+02 0.000000000000000000e+00 1.165149497418683922e+01
1.542391228998303347e+02 0.000000000000000000e+00 1.162605578561395170e+01
1.542039057226772627e+02 0.000000000000000000e+00 1.167124249776529155e+01
1.543305726325774856e+02 0.000000000000000000e+00 1.168351971103854581e+01
1.541096648849809299e+02 0.000000000000000000e+00 1.170064031231187407e+01
1.545883941113158357e+02 0.000000000000000000e+00 1.154600762537169167e+01
1.543398854369994808e+02 0.000000000000000000e+00 1.158750934928945320e+01
1.546238484411770173e+02 0.000000000000000000e+00 1.150300089388328395e+01
1.539543207399164544e+02 0.000000000000000000e+00 1.136562562708648727e+01
1.539040352445409212e+02 0.000000000000000000e+00 1.126492693872338791e+01
1.534327489647372147e+02 0.000000000000000000e+00 1.120941496251163016e+01
1.533533575350712397e+02 0.000000000000000000e+00 1.122414579418793501e+01
1.532452159001769587e+02 0.000000000000000000e+00 1.123357717496397079e+01
1.534638889395625370e+02 0.000000000000000000e+00 1.137878760238612053e+01
1.535033201379134198e+02 0.000000000000000000e+00 1.130671142163927279e+01
1.534370724410310629e+02 0.000000000000000000e+00 1.135130525202035834e+01
1.538179488115000879e+02 0.000000000000000000e+00 1.131368006275425486e+01
1.536111881350675787e+02 0.000000000000000000e+00 1.144017366875239361e+01
1.539691975117208074e+02 0.000000000000000000e+00 1.136860827845376498e+01
1.535737088859295341e+02 0.000000000000000000e+00 1.128530382910411056e+01
1.536672473867595841e+02 0.000000000000000000e+00 1.105927905576737125e+01
1.533381980042687474e+02 0.000000000000000000e+00 1.107513180217815574e+01
1.534451356331065313e+02 0.000000000000000000e+00 1.097344801795063596e+01
1.532206614736304573e+02 0.000000000000000000e+00 1.094790849553970524e+01
1.534208730868161297e+02 0.000000000000000000e+00 1.112008136162139493e+01
1.533388638561030461e+02 0.000000000000000000e+00 1.109824506996004878e+01
1.532466844227155889e+02 0.000000000000000000e+00 1.125791269131838668e+01
1.537550942225951758e+02 0.000000000000000000e+00 1.126013827827133973e+01
1.535265063757593396e+02 0.000000000000000000e+00 1.133098308918766151e+01
1.537104821496980946e+02 0.000000000000000000e+00 1.130322710108178086e+01
1.534639710308845792e+02 0.000000000000000000e+00 1.139343634274039019e+01
1.535939763212142282e+02 0.000000000000000000e+00 1.141926774540744738e+01
1.535433898243245778e+02 0.000000000000000000e+00 1.144830070963387314e+01
1.536055147125891551e+02 0.000000000000000000e+00 1.144050203404053434e+01
1.536056880164912286e+02 0.000000000000000000e+00 1.139744969626210924e+01
1.538273619497601032e+02 0.000000000000000000e+00 1.161739059051024370e+01
1.537891165149497397e+02 0.000000000000000000e+00 1.145214988051152005e+01
1.536756845504131945e+02 0.000000000000000000e+00 1.150114927850849256e+01
1.540781600598354544e+02 0.000000000000000000e+00 1.132461645110093507e+01
1.538205301275151839e+02 0.000000000000000000e+00 1.146570406990532121e+01
1.542817100534505812e+02 0.000000000000000000e+00 1.141833737709104923e+01
1.539997263622598780e+02 0.000000000000000000e+00 1.145919149169053419e+01
1.543402776510936292e+02 0.000000000000000000e+00 1.142744951383694918e+01
1.539493222905303185e+02 0.000000000000000000e+00 1.141435138734334309e+01
1.533828465621978694e+02 0.000000000000000000e+00 1.113128226645018870e+01
1.529817209989601849e+02 0.000000000000000000e+00 1.098004268748745815e+01
1.528024517941514375e+02 0.000000000000000000e+00 1.096810296076034774e+01
1.526680318149479092e+02 0.000000000000000000e+00 1.094830983089187626e+01
1.526752011237389866e+02 0.000000000000000000e+00 1.100413192987576849e+01
1.531704307058029428e+02 0.000000000000000000e+00 1.106169618913840580e+01
1.530064669719247661e+02 0.000000000000000000e+00 1.112817191747085843e+01
1.534554426546509376e+02 0.000000000000000000e+00 1.112117591258186344e+01
1.531879982487184577e+02 0.000000000000000000e+00 1.122367148877173193e+01
1.534761935166098112e+02 0.000000000000000000e+00 1.116205739095536131e+01
1.532773956984147219e+02 0.000000000000000000e+00 1.117822938139628164e+01
1.534920188992465739e+02 0.000000000000000000e+00 1.115234325118120218e+01
1.533639017093237555e+02 0.000000000000000000e+00 1.112293631537661653e+01
1.533095481328784899e+02 0.000000000000000000e+00 1.119081671744167039e+01
1.531943557655471864e+02 0.000000000000000000e+00 1.100518999580422097e+01
1.529410766732947877e+02 0.000000000000000000e+00 1.104553331995548859e+01
1.531708867687031272e+02 0.000000000000000000e+00 1.104847036503274538e+01
1.528520805589506892e+02 0.000000000000000000e+00 1.109887443676231911e+01
1.532250761625043367e+02 0.000000000000000000e+00 1.106167794662239778e+01
1.530110914497327599e+02 0.000000000000000000e+00 1.126150646697192492e+01
1.533973037561340504e+02 0.000000000000000000e+00 1.119000492547932168e+01
1.533264224601857109e+02 0.000000000000000000e+00 1.130429428826823823e+01
1.534403196088804577e+02 0.000000000000000000e+00 1.129244577412116612e+01
1.532832880310852488e+02 0.000000000000000000e+00 1.116893481949030331e+01
1.534388602075998449e+02 0.000000000000000000e+00 1.127580859952204584e+01
1.532087217469033362e+02 0.000000000000000000e+00 1.122657204881697268e+01
1.530990568619224064e+02 0.000000000000000000e+00 1.118334640713647232e+01
1.532947899374281633e+02 0.000000000000000000e+00 1.109123082255504755e+01
1.531128755677983122e+02 0.000000000000000000e+00 1.125290512067424409e+01
1.535645055366036047e+02 0.000000000000000000e+00 1.116126384150902062e+01
1.534599759198788718e+02 0.000000000000000000e+00 1.136697557327106622e+01
1.538306273601255043e+02 0.000000000000000000e+00 1.138438805480051741e+01
1.535598354525056095e+02 0.000000000000000000e+00 1.137492018899246560e+01
1.534113596147180658e+02 0.000000000000000000e+00 1.111811116989255233e+01
1.530550923983435894e+02 0.000000000000000000e+00 1.110672783990368018e+01
1.527455351442070821e+02 0.000000000000000000e+00 1.095121951219512191e+01
1.523040297717861336e+02 0.000000000000000000e+00 1.083841691446084177e+01
1.523908367842092844e+02 0.000000000000000000e+00 1.085218089278873421e+01
1.525714924202345912e+02 0.000000000000000000e+00 1.071937537625189307e+01
1.523253461517412575e+02 0.000000000000000000e+00 1.085961471806191447e+01
1.528315942134739203e+02 0.000000000000000000e+00 1.094473429775434603e+01
1.526475272269551340e+02 0.000000000000000000e+00 1.111041282813725672e+01
1.530785340314136249e+02 0.000000000000000000e+00 1.118560847912143963e+01
1.528476202637867800e+02 0.000000000000000000e+00 1.114996260284218366e+01
1.529962876479924034e+02 0.000000000000000000e+00 1.119415509787109819e+01
1.526124833537041354e+02 0.000000000000000000e+00 1.105516536840761077e+01
1.525302643340569659e+02 0.000000000000000000e+00 1.086305343232938725e+01
1.523581735592972848e+02 0.000000000000000000e+00 1.083320867614061278e+01
1.523422022365324722e+02 0.000000000000000000e+00 1.078412718682160687e+01
1.525627086487768338e+02 0.000000000000000000e+00 1.077680281664447115e+01
1.523919769414597738e+02 0.000000000000000000e+00 1.087049637886057241e+01
1.529032325738365898e+02 0.000000000000000000e+00 1.089126548333546118e+01
1.525631555904190293e+02 0.000000000000000000e+00 1.105003922140941697e+01
1.529405476403305499e+02 0.000000000000000000e+00 1.087699071455935140e+01
1.526352135286498708e+02 0.000000000000000000e+00 1.096091540945327125e+01
1.528151121002608761e+02 0.000000000000000000e+00 1.097057482167940634e+01
1.527358757319809683e+02 0.000000000000000000e+00 1.115882846562197805e+01
1.528044675921703117e+02 0.000000000000000000e+00 1.105314044913074412e+01
1.526834923472645471e+02 0.000000000000000000e+00 1.102906944925844179e+01
1.527151704763120961e+02 0.000000000000000000e+00 1.121067369611616904e+01
1.528585931371654851e+02 0.000000000000000000e+00 1.105515624714960765e+01
1.527353558202747195e+02 0.000000000000000000e+00 1.120185343962639379e+01
1.531358976230001758e+02 0.000000000000000000e+00 1.114613167448054476e+01
1.529553514420708780e+02 0.000000000000000000e+00 1.130302643340569446e+01
1.532962219749347810e+02 0.000000000000000000e+00 1.117386029881241249e+01
1.530697502599558391e+02 0.000000000000000000e+00 1.111626867577576228e+01
1.530518087454621821e+02 0.000000000000000000e+00 1.093782038418738800e+01
1.525439188572887872e+02 0.000000000000000000e+00 1.072098071766057892e+01
1.524329313898973055e+02 0.000000000000000000e+00 1.063479395078169176e+01
1.522423427039057344e+02 0.000000000000000000e+00 1.058929711585821920e+01
1.519569841472535927e+02 0.000000000000000000e+00 1.071049127095609066e+01
1.520335297444223386e+02 0.000000000000000000e+00 1.061326778189247833e+01
1.518403050148676527e+02 0.000000000000000000e+00 1.093979969717423373e+01
1.521495156611999846e+02 0.000000000000000000e+00 1.079785468011748151e+01
1.518286206833646474e+02 0.000000000000000000e+00 1.086676578433697493e+01
1.523712534432748953e+02 0.000000000000000000e+00 1.082979732564715292e+01
1.522328292318076421e+02 0.000000000000000000e+00 1.090844993341481661e+01
1.524590364303044794e+02 0.000000000000000000e+00 1.083807942791469792e+01
1.523192440301366446e+02 0.000000000000000000e+00 1.085669591550066571e+01
1.524496780195924543e+02 0.000000000000000000e+00 1.078502107010598898e+01
1.521891748910009596e+02 0.000000000000000000e+00 1.082169764853968630e+01
1.521774358319499356e+02 0.000000000000000000e+00 1.082927741394093069e+01
1.522790922524034443e+02 0.000000000000000000e+00 1.077366510389112797e+01
1.521171351952861244e+02 0.000000000000000000e+00 1.082267362314610359e+01
1.525583304449349669e+02 0.000000000000000000e+00 1.084556798073590222e+01
1.524777897367604851e+02 0.000000000000000000e+00 1.092797854680117453e+01
1.528475837787547675e+02 0.000000000000000000e+00 1.088772643522994699e+01
1.526861466333436681e+02 0.000000000000000000e+00 1.101184851414707033e+01
1.528929073097761773e+02 0.000000000000000000e+00 1.093910648156593801e+01
1.527995147490742056e+02 0.000000000000000000e+00 1.103453308280277945e+01
1.527399346917926835e+02 0.000000000000000000e+00 1.103883831658062320e+01
1.526032161555721700e+02 0.000000000000000000e+00 1.106707773136071005e+01
1.525557126438878583e+02 0.000000000000000000e+00 1.114495503219804107e+01
1.526520878559570917e+02 0.000000000000000000e+00 1.103449659777076519e+01
1.525315869164675178e+02 0.000000000000000000e+00 1.104868927522483979e+01
1.529609336519692704e+02 0.000000000000000000e+00 1.106095736724008916e+01
1.528127314519218487e+02 0.000000000000000000e+00 1.121442253315577275e+01
1.530414926026597584e+02 0.000000000000000000e+00 1.109578233029899508e+01
1.527164292099166403e+02 0.000000000000000000e+00 1.112396701753105788e+01
1.527808982614882325e+02 0.000000000000000000e+00 1.093495630917416150e+01
1.520838608460879016e+02 0.000000000000000000e+00 1.093586843497455163e+01
1.516674480544356811e+02 0.000000000000000000e+00 1.052222850575551405e+01
1.513215425871536297e+02 0.000000000000000000e+00 1.051281536749548451e+01
1.512271193242972060e+02 0.000000000000000000e+00 1.060338945947425060e+01
1.513364649652480125e+02 0.000000000000000000e+00 1.057265082000109402e+01
1.513728405421675802e+02 0.000000000000000000e+00 1.070760895342685615e+01
1.519773154313442944e+02 0.000000000000000000e+00 1.080885491727019065e+01
1.516834011346844875e+02 0.000000000000000000e+00 1.085985187077001690e+01
1.520351077220570346e+02 0.000000000000000000e+00 1.083429410584307817e+01
1.518188791798164914e+02 0.000000000000000000e+00 1.087660762172318840e+01
1.519741229910429183e+02 0.000000000000000000e+00 1.075096229271941262e+01
1.516991079409672238e+02 0.000000000000000000e+00 1.071231552255687092e+01
1.516826075852381450e+02 0.000000000000000000e+00 1.061807468486053629e+01
1.515710545998504131e+02 0.000000000000000000e+00 1.054471240673513677e+01
1.515142747687761187e+02 0.000000000000000000e+00 1.056717806519875147e+01
1.516467427987668088e+02 0.000000000000000000e+00 1.047179707025192918e+01
1.515093128044219952e+02 0.000000000000000000e+00 1.069108123392378218e+01
1.519320283853548972e+02 0.000000000000000000e+00 1.060763996570407031e+01
1.517133918310013314e+02 0.000000000000000000e+00 1.070721673933268825e+01
1.521234744695988468e+02 0.000000000000000000e+00 1.071748727584508387e+01
1.519918455953445005e+02 0.000000000000000000e+00 1.075306930331831445e+01
1.522474232446138842e+02 0.000000000000000000e+00 1.061587646168159438e+01
1.521783479577503329e+02 0.000000000000000000e+00 1.066601601692905454e+01
1.523021507926373204e+02 0.000000000000000000e+00 1.060338033821624748e+01
1.522162194209825543e+02 0.000000000000000000e+00 1.070179871207836975e+01
1.521340004013353564e+02 0.000000000000000000e+00 1.064164401554262440e+01
1.519539011620482825e+02 0.000000000000000000e+00 1.051669190214714433e+01
1.517534341536384659e+02 0.000000000000000000e+00 1.059429556524435867e+01
1.521631428206578391e+02 0.000000000000000000e+00 1.051945564332232763e+01
1.518423390554025332e+02 0.000000000000000000e+00 1.054509549957130154e+01
1.522090592334494659e+02 0.000000000000000000e+00 1.065247094879325829e+01
1.519785285586588088e+02 0.000000000000000000e+00 1.083815239797872998e+01
1.520163452943429832e+02 0.000000000000000000e+00 1.065357462101172992e+01
1.514076198989364741e+02 0.000000000000000000e+00 1.062132185270992579e+01
1.511083787876023905e+02 0.000000000000000000e+00 1.045819727456810888e+01
1.507324187751974875e+02 0.000000000000000000e+00 1.040220187168214316e+01
1.507878942663772079e+02 0.000000000000000000e+00 1.035655909663060648e+01
1.508431599686228708e+02 0.000000000000000000e+00 1.033049966251345353e+01
1.508351515040954496e+02 0.000000000000000000e+00 1.042836163963733931e+01
1.511065454147436071e+02 0.000000000000000000e+00 1.037445500483426741e+01
1.509797052009413107e+02 0.000000000000000000e+00 1.043740080631920719e+01
1.513976321214221912e+02 0.000000000000000000e+00 1.042007041611178941e+01
1.511907255048616321e+02 0.000000000000000000e+00 1.057292445774121248e+01
1.513919313351697440e+02 0.000000000000000000e+00 1.048614480909206925e+01
1.512551580714012118e+02 0.000000000000000000e+00 1.048110075341591063e+01
1.514255340496561359e+02 0.000000000000000000e+00 1.042506886549792888e+01
1.513343761971651134e+02 0.000000000000000000e+00 1.041714249229253753e+01
1.514893007643614169e+02 0.000000000000000000e+00 1.039755915135815556e+01
1.514320375066129145e+02 0.000000000000000000e+00 1.039786927413028828e+01
1.513914114234635235e+02 0.000000000000000000e+00 1.045970228213875330e+01
1.517395242351825289e+02 0.000000000000000000e+00 1.047010051626320326e+01
1.515949522958206330e+02 0.000000000000000000e+00 1.055249283981246755e+01
1.520205775580568002e+02 0.000000000000000000e+00 1.053757046171807943e+01
1.517985114106937488e+02 0.000000000000000000e+00 1.062477880949340481e+01
1.520606381232099409e+02 0.000000000000000000e+00 1.055396136235109594e+01
1.517504058959811744e+02 0.000000000000000000e+00 1.066722914424357427e+01
1.518837678092562555e+02 0.000000000000000000e+00 1.058331357060765754e+01
1.516659065618329976e+02 0.000000000000000000e+00 1.061967090501121902e+01
1.519002225586953045e+02 0.000000000000000000e+00 1.074340076983417624e+01
1.517243464618640303e+02 0.000000000000000000e+00 1.060569713774923883e+01
1.517148056259919429e+02 0.000000000000000000e+00 1.071847237170950606e+01
1.521517138843789212e+02 0.000000000000000000e+00 1.071188682343068699e+01
1.518398489519674683e+02 0.000000000000000000e+00 1.078864220953353836e+01
1.522599011255632320e+02 0.000000000000000000e+00 1.071496980863600790e+01
1.521592115584581393e+02 0.000000000000000000e+00 1.082505427148512389e+01
1.523176204462119472e+02 0.000000000000000000e+00 1.084627031760220284e+01
1.519798420198113718e+02 0.000000000000000000e+00 1.081573234580513265e+01
1.518279365890143708e+02 0.000000000000000000e+00 1.068711348669208405e+01
1.514288450663115384e+02 0.000000000000000000e+00 1.062849116150099427e+01
1.512917981648028842e+02 0.000000000000000000e+00 1.059329222686392846e+01
1.512210354452085994e+02 0.000000000000000000e+00 1.050342959300946788e+01
1.512372074356495375e+02 0.000000000000000000e+00 1.055335935932283853e+01
1.515308663370852003e+02 0.000000000000000000e+00 1.054715690388018245e+01
1.512624277140303093e+02 0.000000000000000000e+00 1.059767043070580250e+01
1.516566302424430432e+02 0.000000000000000000e+00 1.053333819800426951e+01
1.515604739405658847e+02 0.000000000000000000e+00 1.071973110531404494e+01
1.518090282211722695e+02 0.000000000000000000e+00 1.067274750533593597e+01
1.516708137986391023e+02 0.000000000000000000e+00 1.064708940657095404e+01
1.517492110111826662e+02 0.000000000000000000e+00 1.057045259682215388e+01
1.516341007351734049e+02 0.000000000000000000e+00 1.063317948811500102e+01
1.515351989346370658e+02 0.000000000000000000e+00 1.061161683419377155e+01
1.513783862670339602e+02 0.000000000000000000e+00 1.048389185836510507e+01
1.513168086542495985e+02 0.000000000000000000e+00 1.050406808106974132e+01
1.515472481164602243e+02 0.000000000000000000e+00 1.046423554736669281e+01
1.513323786416622454e+02 0.000000000000000000e+00 1.046104310706532559e+01
1.514513928160971830e+02 0.000000000000000000e+00 1.047141397741576441e+01
1.510527117500045620e+02 0.000000000000000000e+00 1.061352317711658877e+01
1.513936005253844712e+02 0.000000000000000000e+00 1.080092854406479752e+01
1.510238064833901888e+02 0.000000000000000000e+00 1.078334275863327107e+01
1.512647718773373242e+02 0.000000000000000000e+00 1.069503985989747719e+01
1.514724081945381897e+02 0.000000000000000000e+00 1.081851432949632397e+01
1.517050276374117459e+02 0.000000000000000000e+00 1.093366109053760660e+01
1.516768520714376791e+02 0.000000000000000000e+00 1.098216794060236801e+01
1.516913183866318775e+02 0.000000000000000000e+00 1.108098764981666307e+01
1.520163452943429832e+02 0.000000000000000000e+00 1.096660707444770821e+01
1.519042450334750072e+02 0.000000000000000000e+00 1.106408595873542922e+01
1.523497911231917215e+02 0.000000000000000000e+00 1.091464326759946779e+01
1.520603736067278362e+02 0.000000000000000000e+00 1.098106426838389638e+01
1.523544612072897166e+02 0.000000000000000000e+00 1.094888447014612254e+01
1.520250013681886969e+02 0.000000000000000000e+00 1.096987248481310573e+01
1.521064906871955884e+02 0.000000000000000000e+00 1.084722804969261389e+01
1.515843625152781158e+02 0.000000000000000000e+00 1.083164894102194609e+01
1.512780706715070096e+02 0.000000000000000000e+00 1.076004706569129965e+01
1.511184395351806984e+02 0.000000000000000000e+00 1.068503383986719513e+01
1.511247332032033910e+02 0.000000000000000000e+00 1.078956345659193339e+01
1.512719411861284016e+02 0.000000000000000000e+00 1.065593702683474042e+01
1.510119306054691037e+02 0.000000000000000000e+00 1.068893773829286609e+01
1.514386595399237478e+02 0.000000000000000000e+00 1.070787346990896971e+01
1.512133279821952954e+02 0.000000000000000000e+00 1.072398161154386464e+01
1.516027509714139683e+02 0.000000000000000000e+00 1.067673349508364211e+01
1.515171570863053319e+02 0.000000000000000000e+00 1.073674225149132511e+01
1.516607074447707930e+02 0.000000000000000000e+00 1.065414013900797130e+01
1.515264881332433333e+02 0.000000000000000000e+00 1.061438057536895485e+01
1.514062608314938814e+02 0.000000000000000000e+00 1.045016144626666943e+01
1.513236404764945178e+02 0.000000000000000000e+00 1.056647572833245086e+01
1.511320666946385245e+02 0.000000000000000000e+00 1.065180509695897193e+01
1.512943794808179803e+02 0.000000000000000000e+00 1.055698962000839103e+01
1.511080230585402262e+02 0.000000000000000000e+00 1.071146724556250796e+01
1.516070470839338213e+02 0.000000000000000000e+00 1.058370578470182544e+01
1.512857690132622963e+02 0.000000000000000000e+00 1.071579984311436284e+01
1.518635642227775975e+02 0.000000000000000000e+00 1.076797343889669278e+01
1.515374518853640211e+02 0.000000000000000000e+00 1.085847456081142681e+01
1.518340113468449601e+02 0.000000000000000000e+00 1.069592462192385618e+01
1.517255231041465322e+02 0.000000000000000000e+00 1.079292007953736920e+01
1.518244978747468963e+02 0.000000000000000000e+00 1.084990969954576201e+01
1.517597643066931710e+02 0.000000000000000000e+00 1.082831056059251651e+01
1.517395698414725302e+02 0.000000000000000000e+00 1.093325975518543558e+01
1.516294944998814174e+02 0.000000000000000000e+00 1.081127205064122521e+01
1.514556798073590187e+02 0.000000000000000000e+00 1.087354287903387551e+01
1.519759837276757253e+02 0.000000000000000000e+00 1.097882043891493531e+01
1.517582228140905158e+02 0.000000000000000000e+00 1.096383421201452180e+01
1.521648758596785740e+02 0.000000000000000000e+00 1.078966379042997659e+01
1.518797088494445120e+02 0.000000000000000000e+00 1.092061769159202456e+01
1.521209661236477757e+02 0.000000000000000000e+00 1.077529780907382673e+01
1.518823448930076552e+02 0.000000000000000000e+00 1.073082255504679239e+01
1.517407920900450620e+02 0.000000000000000000e+00 1.075317875841436077e+01
1.513053614754547027e+02 0.000000000000000000e+00 1.055663389094623916e+01
1.510301457577029112e+02 0.000000000000000000e+00 1.038793622416403650e+01
1.507992137475600600e+02 0.000000000000000000e+00 1.031041465238885735e+01
1.505451684696353425e+02 0.000000000000000000e+00 1.041051133772369930e+01
1.509311618658445298e+02 0.000000000000000000e+00 1.048203112173230878e+01
1.506091358520167205e+02 0.000000000000000000e+00 1.084075195650984114e+01
1.508818797088494534e+02 0.000000000000000000e+00 1.067417954284254833e+01
1.507423974314537531e+02 0.000000000000000000e+00 1.076056697739752188e+01
1.509372366236751475e+02 0.000000000000000000e+00 1.079683309922104506e+01
1.507643887845011648e+02 0.000000000000000000e+00 1.073647773500921332e+01
1.508857744860171124e+02 0.000000000000000000e+00 1.059459656675848649e+01
1.507197402265720427e+02 0.000000000000000000e+00 1.053900249922469357e+01
1.501843679880329034e+02 0.000000000000000000e+00 1.050635751682872154e+01
1.495483426674206839e+02 0.000000000000000000e+00 1.015878285933195890e+01
1.496990167283871926e+02 0.000000000000000000e+00 1.018849991790867726e+01
1.501694547311965380e+02 0.000000000000000000e+00 1.010503128591495425e+01
1.499412499771968612e+02 0.000000000000000000e+00 1.019996533921958459e+01
1.503764799241111234e+02 0.000000000000000000e+00 1.013989273400587443e+01
1.502119871572687373e+02 0.000000000000000000e+00 1.020879471696736474e+01
1.505770472663589885e+02 0.000000000000000000e+00 1.018535308389733096e+01
1.504568564496415206e+02 0.000000000000000000e+00 1.028963642665596367e+01
1.505682270098691902e+02 0.000000000000000000e+00 1.030807048908185486e+01
1.504408486418446955e+02 0.000000000000000000e+00 1.022420964299396218e+01
1.505560410091759991e+02 0.000000000000000000e+00 1.028758414360508588e+01
1.501304339894558382e+02 0.000000000000000000e+00 1.008324972180163037e+01
1.498620683364649722e+02 0.000000000000000000e+00 1.016747541820967982e+01
1.501136691172446547e+02 0.000000000000000000e+00 1.006665815349252924e+01
1.497658573070397949e+02 0.000000000000000000e+00 1.019150081179196299e+01
1.501931426382326720e+02 0.000000000000000000e+00 1.004517759089333673e+01
1.500433350967765591e+02 0.000000000000000000e+00 1.022468394841016526e+01
1.503138807304303270e+02 0.000000000000000000e+00 1.007486728569604395e+01
1.500349617819289563e+02 0.000000000000000000e+00 1.016331612455990019e+01
1.502371253443274952e+02 0.000000000000000000e+00 1.018662093875987296e+01
1.501277067333126638e+02 0.000000000000000000e+00 1.015064669719247625e+01
1.501333163069850514e+02 0.000000000000000000e+00 1.028721017202692600e+01
1.498751208566685591e+02 0.000000000000000000e+00 1.001773172555958880e+01
1.494267927832606802e+02 0.000000000000000000e+00 1.002556688618494185e+01
1.494665067406096739e+02 0.000000000000000000e+00 9.772150975062480427e+00
1.491561468157688353e+02 0.000000000000000000e+00 9.891840122589707462e+00
1.495137092507798684e+02 0.000000000000000000e+00 9.808070489081854859e+00
1.492786270682452425e+02 0.000000000000000000e+00 9.978701862560884095e+00
1.495819271393910697e+02 0.000000000000000000e+00 9.901681959975919156e+00
1.494167867632303910e+02 0.000000000000000000e+00 9.949979021106591048e+00
1.496917470857580668e+02 0.000000000000000000e+00 1.002322272287793936e+01
1.495698779575679112e+02 0.000000000000000000e+00 1.004848860754875339e+01
1.496546782932302051e+02 0.000000000000000000e+00 1.029417881314190808e+01
1.497086214130652877e+02 0.000000000000000000e+00 1.000198843424485062e+01
1.494866191145082723e+02 0.000000000000000000e+00 1.014264735392305283e+01
1.497440848641844582e+02 0.000000000000000000e+00 1.000666763960085426e+01
1.496146450918510595e+02 0.000000000000000000e+00 1.026727110203039217e+01
1.501231643468267123e+02 0.000000000000000000e+00 1.004990240253935774e+01
1.498714176259189799e+02 0.000000000000000000e+00 1.023080431253078437e+01
1.501943466442891690e+02 0.000000000000000000e+00 1.017634128098947421e+01
1.501199810277833535e+02 0.000000000000000000e+00 1.021582720688837398e+01
1.502787821296313098e+02 0.000000000000000000e+00 1.019947279128737350e+01
1.501809292737654289e+02 0.000000000000000000e+00 1.012469671817136962e+01
1.502558148019774933e+02 0.000000000000000000e+00 1.018046408960723781e+01
1.501358793804841696e+02 0.000000000000000000e+00 1.001664629585712518e+01
1.500492547932210812e+02 0.000000000000000000e+00 1.019057956473356796e+01
1.500916321579072132e+02 0.000000000000000000e+00 9.946239305324990454e+00
1.498162248937373420e+02 0.000000000000000000e+00 1.007876206286371001e+01
1.501654231351587896e+02 0.000000000000000000e+00 1.002788368571793498e+01
1.499127642884506599e+02 0.000000000000000000e+00 1.014480909206997872e+01
1.501225258587664371e+02 0.000000000000000000e+00 1.000377620081361663e+01
1.499605870441651234e+02 0.000000000000000000e+00 1.015403068391192498e+01
1.501842129266468362e+02 0.000000000000000000e+00 1.005041319298757685e+01
1.500110458434427301e+02 0.000000000000000000e+00 1.005096958972581511e+01
1.502538446102486489e+02 0.000000000000000000e+00 1.011044931316927276e+01
1.500269077111115053e+02 0.000000000000000000e+00 1.006260831493879593e+01
1.496740518452305082e+02 0.000000000000000000e+00 1.012767936953864734e+01
1.494151996643377061e+02 0.000000000000000000e+00 9.837331484758378153e+00
1.489452906944925985e+02 0.000000000000000000e+00 9.932657752157178166e+00
1.491637630662020797e+02 0.000000000000000000e+00 9.743473739898206532e+00
1.490847364868562579e+02 0.000000000000000000e+00 9.936789682032946658e+00
1.495660652717222661e+02 0.000000000000000000e+00 9.944962329204443563e+00
1.493774285349435331e+02 0.000000000000000000e+00 9.988908550267252551e+00
1.497211722640786604e+02 0.000000000000000000e+00 9.982897641242679754e+00
1.495176222704635336e+02 0.000000000000000000e+00 9.955515624714960765e+00
1.497081653501651033e+02 0.000000000000000000e+00 9.992748599886896343e+00
1.495563693744641398e+02 0.000000000000000000e+00 9.903150482514547548e+00
1.494546947114945965e+02 0.000000000000000000e+00 9.928553186055420809e+00
1.495379991608442651e+02 0.000000000000000000e+00 9.783123848441176662e+00
1.492889979385956849e+02 0.000000000000000000e+00 9.929647737015889319e+00
1.496292847109473314e+02 0.000000000000000000e+00 9.800235328456500028e+00
1.495291789043544952e+02 0.000000000000000000e+00 1.002224674827152207e+01
1.499475801302515663e+02 0.000000000000000000e+00 9.971185945965666875e+00
1.497417407008774717e+02 0.000000000000000000e+00 9.988808216429209352e+00
1.499304960140102594e+02 0.000000000000000000e+00 9.942162102997246009e+00
1.497338508127040768e+02 0.000000000000000000e+00 9.935540069686410902e+00
1.500588594778992046e+02 0.000000000000000000e+00 1.017229144243574090e+01
1.500201853439626518e+02 0.000000000000000000e+00 1.017011146177280700e+01
1.499827152160825960e+02 0.000000000000000000e+00 1.012951274239743071e+01
1.502604210372694524e+02 0.000000000000000000e+00 1.014054946458215589e+01
1.499446613276903122e+02 0.000000000000000000e+00 1.032606673112355722e+01
1.502558695295255120e+02 0.000000000000000000e+00 1.021628326978856904e+01
1.499396081507561576e+02 0.000000000000000000e+00 1.030541620300271788e+01
1.501807468486053665e+02 0.000000000000000000e+00 1.019456555448127411e+01
1.500453326522793986e+02 0.000000000000000000e+00 1.039738584745608030e+01
1.502458999945272353e+02 0.000000000000000000e+00 1.030288961453563701e+01
1.501322399985405980e+02 0.000000000000000000e+00 1.024438586569859666e+01
1.502820110549646984e+02 0.000000000000000000e+00 1.032623091376762758e+01
1.501254811463597036e+02 0.000000000000000000e+00 1.022566904427458567e+01
1.499780907382746307e+02 0.000000000000000000e+00 1.009097542733093711e+01
1.496289381031431844e+02 0.000000000000000000e+00 9.825628910739368393e+00
1.491657879854789712e+02 0.000000000000000000e+00 9.838535490814892981e+00
1.495325720123319400e+02 0.000000000000000000e+00 9.781801266030610620e+00
1.492566174726818247e+02 0.000000000000000000e+00 9.943612383019866385e+00
1.496436780560775048e+02 0.000000000000000000e+00 9.907209442326285753e+00
1.494208092380100936e+02 0.000000000000000000e+00 1.002696243865953996e+01
1.496622763011474433e+02 0.000000000000000000e+00 9.928060638123209714e+00
1.494747797216191998e+02 0.000000000000000000e+00 1.002001204006056589e+01
1.497328657168396546e+02 0.000000000000000000e+00 1.018346498349052354e+01
1.495438185234507671e+02 0.000000000000000000e+00 1.013038838316580659e+01
1.495433807030665605e+02 0.000000000000000000e+00 1.021018114818395794e+01
1.497103270883120274e+02 0.000000000000000000e+00 9.974341901235018071e+00
1.494949924293558468e+02 0.000000000000000000e+00 1.004238648594414229e+01
1.499268931170987003e+02 0.000000000000000000e+00 9.976585730703979138e+00
1.497002116131857008e+02 0.000000000000000000e+00 1.014060419213017816e+01
1.501299505627816302e+02 0.000000000000000000e+00 1.004784099823047683e+01
1.498024700366674438e+02 0.000000000000000000e+00 1.014654213109072067e+01
1.500559497965959395e+02 0.000000000000000000e+00 1.007197584690880632e+01
1.499446248426582997e+02 0.000000000000000000e+00 1.016098108251089904e+01
1.500901818778845893e+02 0.000000000000000000e+00 1.019655398872612473e+01
1.500672327927467791e+02 0.000000000000000000e+00 1.027748691099476375e+01
1.500874819855154385e+02 0.000000000000000000e+00 1.032120510060747520e+01
1.501113067114216335e+02 0.000000000000000000e+00 1.013097214367805599e+01
1.499503438714267531e+02 0.000000000000000000e+00 1.024949377018078245e+01
1.502905394311983400e+02 0.000000000000000000e+00 1.019312439571665685e+01
1.499802342339055485e+02 0.000000000000000000e+00 1.021497892989401102e+01
1.504452724519765638e+02 0.000000000000000000e+00 1.024056405859496088e+01
1.501936899137128876e+02 0.000000000000000000e+00 1.030186803363919879e+01
1.505728514876771840e+02 0.000000000000000000e+00 1.032813725669044302e+01
1.504082127807067195e+02 0.000000000000000000e+00 1.040882390499297649e+01
1.505177134830435932e+02 0.000000000000000000e+00 1.042007953736979431e+01
1.503176842950179548e+02 0.000000000000000000e+00 1.032426984329678810e+01
1.500398416549610658e+02 0.000000000000000000e+00 1.020752686210482096e+01
1.498668387544010159e+02 0.000000000000000000e+00 9.852427166754837984e+00
1.494710126420635845e+02 0.000000000000000000e+00 9.872037871463232861e+00
1.496879526424284563e+02 0.000000000000000000e+00 9.744267289344547223e+00
1.492192659211558521e+02 0.000000000000000000e+00 9.917078643486510359e+00
1.494705292153893765e+02 0.000000000000000000e+00 9.854926391447907719e+00
1.492535892150245331e+02 0.000000000000000000e+00 9.880356458762792116e+00
1.494100187897914793e+02 0.000000000000000000e+00 9.845677435831950319e+00
1.493294415965850135e+02 0.000000000000000000e+00 9.893782950544538934e+00
1.494698086360070874e+02 0.000000000000000000e+00 9.954083587208348405e+00
1.492794023751755788e+02 0.000000000000000000e+00 1.002615064669719303e+01
1.494298484046919668e+02 0.000000000000000000e+00 1.020541073024791601e+01
1.495282120510060793e+02 0.000000000000000000e+00 1.010915409453271785e+01
1.494178448291588381e+02 0.000000000000000000e+00 1.026614006603790763e+01
1.496481474724994030e+02 0.000000000000000000e+00 1.005075067953372070e+01
1.493073499096995533e+02 0.000000000000000000e+00 1.008368754218581742e+01
1.497173595782330437e+02 0.000000000000000000e+00 1.001047120418848202e+01
1.495466552346899789e+02 0.000000000000000000e+00 1.020204498604447529e+01
1.498172373533757877e+02 0.000000000000000000e+00 1.010057099075104503e+01
1.498998121020851215e+02 0.000000000000000000e+00 1.028544064797416802e+01
1.500711731762044678e+02 0.000000000000000000e+00 1.039436671105678833e+01
1.499358228286845360e+02 0.000000000000000000e+00 1.026288377693051501e+01
1.500623073134246681e+02 0.000000000000000000e+00 1.035952350548187617e+01
1.500897714212744347e+02 0.000000000000000000e+00 1.020857580677527032e+01
1.498499735483517838e+02 0.000000000000000000e+00 1.043752850393126153e+01
