3.416513291341944836e+01 2.367169851606704256e+01 4.979619942350805850e+00
3.405990178285470193e+01 2.359946621116686316e+01 4.928664460339489573e+00
3.424841464716558193e+01 2.380131312052951742e+01 5.041357958791501837e+00
3.417926764172093357e+01 2.367370556207963972e+01 4.978071954734707205e+00
3.435447848831002204e+01 2.400830575424362223e+01 4.988352727660937624e+00
3.355963488843813280e+01 2.434746450304259469e+01 4.824554286324330477e+00
3.345819365858866234e+01 2.482283548628162606e+01 4.708818191523433505e+00
3.303251841571474046e+01 2.477904345041101664e+01 4.476748158428526025e+00
3.290507099391480494e+01 2.507935304793423725e+01 4.576438560905305764e+00
3.240241272552578522e+01 2.495062453293477134e+01 4.384477420732358688e+00
3.245085940002135061e+01 2.519551617380164288e+01 4.497405786270951111e+00
3.206358492580335451e+01 2.499743781360093919e+01 4.319034909789687404e+00
3.261786057435678288e+01 2.520635208711433606e+01 4.360809223871036977e+00
3.241593893455748798e+01 2.499832390306394814e+01 4.172275008006832486e+00
3.277544571367567272e+01 2.524742179993594604e+01 4.287520017081242862e+00
3.252394576705455620e+01 2.492670011743354408e+01 4.122440482545105311e+00
3.292454361054766565e+01 2.519420305327212617e+01 4.232806661684637817e+00
3.262508807515747122e+01 2.488839543076758787e+01 4.086697982278210795e+00
3.284002348670865956e+01 2.519843066083057437e+01 4.249567631045158222e+00
3.253199530265826667e+01 2.493328707163446012e+01 4.071549055193765199e+00
3.280132379630617834e+01 2.522730863670332013e+01 4.288395430767588223e+00
3.256832497064161203e+01 2.489853741859720415e+01 4.110099284722963375e+00
3.288134941817017420e+01 2.518235294117647172e+01 4.448318565175616968e+00
3.261561866125760645e+01 2.490611722002775608e+01 4.365303725846055194e+00
3.295386996904024812e+01 2.515978434931141194e+01 4.626817550976833893e+00
3.266495142521618789e+01 2.483334045051777395e+01 4.432582470374719641e+00
3.291020604248959103e+01 2.515147859506778971e+01 4.616462047613963726e+00
3.255148927084445631e+01 2.485158535283441950e+01 4.371378242767161026e+00
3.287123945767054778e+01 2.515392334792356266e+01 4.556741752962527592e+00
3.253661791395324343e+01 2.490378990071527809e+01 4.304515853528344316e+00
3.281328066616846684e+01 2.518760542329454566e+01 4.445799081883206938e+00
3.255143589196114107e+01 2.486638197928899174e+01 4.332966798334578762e+00
3.294726166328600669e+01 2.516297640653357703e+01 4.474516921106010514e+00
3.268360200704601226e+01 2.481477527490124757e+01 4.375627201878936390e+00
3.310257286217572670e+01 2.516818618554499665e+01 4.589003950037365165e+00
3.278102914487028841e+01 2.478344187039607149e+01 4.379812106330735588e+00
3.314436852781039988e+01 2.511472189601793659e+01 4.554254297000106533e+00
3.282933703426924410e+01 2.481770043770684353e+01 4.324298067684424041e+00
3.317991886409735969e+01 2.511438027116472682e+01 4.562036938187253199e+00
3.287157040674708952e+01 2.482916622184263744e+01 4.405935731824490276e+00
3.315579160883954302e+01 2.514515853528344280e+01 4.506042489591117750e+00
3.290339489697875308e+01 2.477529625280239145e+01 4.418565175616525842e+00
3.329216397992954057e+01 2.514356784456069249e+01 4.511647272339062376e+00
3.304716558129604209e+01 2.484670652289954162e+01 4.244261770043770809e+00
3.334626881605636584e+01 2.512349738443471736e+01 4.389911391053699319e+00
3.306545318671933131e+01 2.479664780612789698e+01 4.282363616953133167e+00
3.342807729262303695e+01 2.516947795452119152e+01 4.459549482224831607e+00
3.283280666168463569e+01 2.479138464823315857e+01 4.298516067043877342e+00
3.293644710152663890e+01 2.522212020924522236e+01 4.491993167502935869e+00
3.250298921746556857e+01 2.488015373118394535e+01 4.310440909576171542e+00
3.273761076118287860e+01 2.524525461727340669e+01 4.484819045585566322e+00
3.237064161417742980e+01 2.488431728408241739e+01 4.307793316963809183e+00
3.281941923774954972e+01 2.528048468026048923e+01 4.468346322194939546e+00
3.257747411124159242e+01 2.484304473150421799e+01 4.276641400661898018e+00
3.297906480196434131e+01 2.520626668090103450e+01 4.458332443685278257e+00
3.263253976726807082e+01 2.486282694566029505e+01 4.313547560585032414e+00
3.302031600298921887e+01 2.524555353901996213e+01 4.471655812960392495e+00
3.265725419024234100e+01 2.484702679619942245e+01 4.250752642254724378e+00
3.302979609266574101e+01 2.521929112842959242e+01 4.360328813921213076e+00
3.259187573395964677e+01 2.485873812319846365e+01 4.250261556528237783e+00
3.288040994982385001e+01 2.531781787125013494e+01 4.369360520977901174e+00
3.252980676844240548e+01 2.495721148713568738e+01 4.218501120956549499e+00
3.293005231130564425e+01 2.530346962741539585e+01 4.387520017081242507e+00
3.255865271698515784e+01 2.490447315042169407e+01 4.205839649834525851e+00
3.294877762357211282e+01 2.528038859827052320e+01 4.392420198569445766e+00
3.259883634034375888e+01 2.487773032988149779e+01 4.225354969574036446e+00
3.291227714316216435e+01 2.532230169744848780e+01 4.373833671399594003e+00
3.237415394469947927e+01 2.494290594640760261e+01 4.247325717945980905e+00
3.268616419344507307e+01 2.533651115618661365e+01 4.379587915020818123e+00
3.221170065122237958e+01 2.491629123518735867e+01 4.202017721789260030e+00
3.251357958791501801e+01 2.539615672040141092e+01 4.405209779011423521e+00
3.212092452225899564e+01 2.496820753709832275e+01 4.255054980249813212e+00
3.295186292302764741e+01 2.530045905839649834e+01 4.420582897405786582e+00
3.279649834525461927e+01 2.487920358706096025e+01 4.175403010569018747e+00
3.326344614070673344e+01 2.529981851179673313e+01 4.298825664567097249e+00
3.289801430554072681e+01 2.485281306715063465e+01 4.196060638411444721e+00
3.334894843599872161e+01 2.528444539340236830e+01 4.368303619088288237e+00
3.283031920572221907e+01 2.482303832603821903e+01 4.214679192911284566e+00
3.307402583537952268e+01 2.526827159175829962e+01 4.378274794491299637e+00
3.269934877762356962e+01 2.485616526102273838e+01 4.184242553645777463e+00
3.304357852033735554e+01 2.534805167075904819e+01 4.383313761076117920e+00
3.262852567524287650e+01 2.487802925162805678e+01 4.255482011316323643e+00
3.306547453827266025e+01 2.531806341411337513e+01 4.448756272018789204e+00
3.267878723177111056e+01 2.483770684317284250e+01 4.247880858332443665e+00
3.308047400448382547e+01 2.525572755417956827e+01 4.458738123198462411e+00
3.268945233265720418e+01 2.481047293690615874e+01 4.263734386676630628e+00
3.307452759688267463e+01 2.525854595921853374e+01 4.461802071100672507e+00
3.270650154798761378e+01 2.483430127041742352e+01 4.203885982705242164e+00
3.313431194619408870e+01 2.527359880431301420e+01 4.389388277997224641e+00
3.279761930180420393e+01 2.484757126080922518e+01 4.210835913312693357e+00
3.319946621116686458e+01 2.528637770897832837e+01 4.429860147325717534e+00
3.280179353047934399e+01 2.484425109426710776e+01 4.228707163446141060e+00
3.332604889505711299e+01 2.526844240418490273e+01 4.410558343119461711e+00
3.299349845201238196e+01 2.480401409202519503e+01 4.330105690188961631e+00
3.340446247464502960e+01 2.521939788619621936e+01 4.523871036617913788e+00
3.303092772499199015e+01 2.478238496850645944e+01 4.332625173481370773e+00
3.348452012383901177e+01 2.525413686345681796e+01 4.486142841891747501e+00
3.282366819686131976e+01 2.476598697555247242e+01 4.330724885235400556e+00
3.300051243727980932e+01 2.531165794811572667e+01 4.494832924095227611e+00
3.261558663392762014e+01 2.482154371730543474e+01 4.357723924415501493e+00
3.290176150314935200e+01 2.529471549055193691e+01 4.496466317924628697e+00
3.248047400448382405e+01 2.485425429700010724e+01 4.288096509021031011e+00
3.312239777943845098e+01 2.528632433009501312e+01 4.511433756805807604e+00
3.286054232945446785e+01 2.479758727447421762e+01 4.293381018469093924e+00
3.335476673427992012e+01 2.523503789900715333e+01 4.438123198462688102e+00
3.304268175509768213e+01 2.479537738870502750e+01 4.305658161631258807e+00
3.344799829187573437e+01 2.526418276929646467e+01 4.447090850859400035e+00
3.286392655065655788e+01 2.479343439735240651e+01 4.268090103555033821e+00
3.309331696380911580e+01 2.524728301483932924e+01 4.422878189388278258e+00
3.261407067364150691e+01 2.486138571581082601e+01 4.329219600725952688e+00
3.295043236895484284e+01 2.534859613536884737e+01 4.497715383794171018e+00
3.244365325077399120e+01 2.491986762036938075e+01 4.316857051350485364e+00
3.295494822248318911e+01 2.534744315148926930e+01 4.531429486495142100e+00
3.261508487242446819e+01 2.485810825237535937e+01 4.315906907227501144e+00
3.309545211914166885e+01 2.534505177751681515e+01 4.533831536244261606e+00
3.269202519483292235e+01 2.483075691256538775e+01 4.333340450517774833e+00
3.307941710259421342e+01 2.527148500053379010e+01 4.521501014198783253e+00
3.267974805167075658e+01 2.484752855770257440e+01 4.329379737375893988e+00
3.300086473790968000e+01 2.532324116579481199e+01 4.540215650688587345e+00
3.255301590690722691e+01 2.487413259314615033e+01 4.379385075264225158e+00
3.300180420625600419e+01 2.526878402903811249e+01 4.548681541582149990e+00
3.252231237322515511e+01 2.478292943311625862e+01 4.354297000106758020e+00
3.309160883954307764e+01 2.525863136543183529e+01 4.610483612682823029e+00
3.274916195153197407e+01 2.477132486388384791e+01 4.509362656133233394e+00
3.322534429379737730e+01 2.523172840824170038e+01 4.656464182769296301e+00
3.279878296146044647e+01 2.478328173374612931e+01 4.500960819899647802e+00
3.324701612042276366e+01 2.524175296252802525e+01 4.682683890253016123e+00
3.286848510729155493e+01 2.481195686986228210e+01 4.426721468986868580e+00
3.328005764919397791e+01 2.529743781360093990e+01 4.500288245969894518e+00
3.287376961673961517e+01 2.483488843813387348e+01 4.334760328813921149e+00
3.321176470588235219e+01 2.526663819792889853e+01 4.454852140493221313e+00
3.280026689441656629e+01 2.481752962528024042e+01 4.300010675776662517e+00
3.315792676417209606e+01 2.530131312052951742e+01 4.585822568591865434e+00
3.271474324757126340e+01 2.481430554072808903e+01 4.431835166008327498e+00
3.314520123839009358e+01 2.530177217892601860e+01 4.536511156186612936e+00
3.276543183516600521e+01 2.481128429593253060e+01 4.401558663392761694e+00
3.311549055193765412e+01 2.529126721468986716e+01 4.590071527703640797e+00
3.274272445820433575e+01 2.489403224084552235e+01 4.375061385715810935e+00
3.310699263371409984e+01 2.528405038966584684e+01 4.518031386783388115e+00
3.268018575851392882e+01 2.487037471976086422e+01 4.342639051991032062e+00
3.311693178178712316e+01 2.528743461086794042e+01 4.494064268175510080e+00
3.268845948542756474e+01 2.484642895270630802e+01 4.285288779758727351e+00
3.294299135262090061e+01 2.528721041955802207e+01 4.439137397245649375e+00
3.245238603608412831e+01 2.493309490765453162e+01 4.264866019002882425e+00
3.274039713889185776e+01 2.543027650261556616e+01 4.453934023700224287e+00
3.224661044090957773e+01 2.496863456816483406e+01 4.281957937439949013e+00
3.258940962955055198e+01 2.545952813067150799e+01 4.412746877335326445e+00
3.235874879897512812e+01 2.492015586633927526e+01 4.230169744848938151e+00
3.294004483826198282e+01 2.538744528664460276e+01 4.392089249492900471e+00
3.251703853955375223e+01 2.489694672787445384e+01 4.240119568698622388e+00
3.296813280666168566e+01 2.529476886943525216e+01 4.383078893989537761e+00
3.260338422120209145e+01 2.480131312052951742e+01 4.225600512437280187e+00
3.298211807408988960e+01 2.527794384541475381e+01 4.383932956122557734e+00
3.252672146898687089e+01 2.485606917903277591e+01 4.189142735133980722e+00
3.282144763531547227e+01 2.537310771858652814e+01 4.307035336820753457e+00
3.250359773673535102e+01 2.486343546493007395e+01 4.183548628162698790e+00
3.290302124479556056e+01 2.533228354862816190e+01 4.306448169104302615e+00
3.251759367994021233e+01 2.481240525248211881e+01 4.157766627522152092e+00
3.293555033628696549e+01 2.531845841784990014e+01 4.293957510408882072e+00
3.251480730223124027e+01 2.485372050816696898e+01 4.179619942350806028e+00
3.287549909255898228e+01 2.532411657948115646e+01 4.330084338635635355e+00
3.256627522152236764e+01 2.486313654318351496e+01 4.224810504964236380e+00
3.293069285790541301e+01 2.529070139852674259e+01 4.385395537525354825e+00
3.255882352941176805e+01 2.483442937973737585e+01 4.292228034589516739e+00
3.292657200811358820e+01 2.526346749226006239e+01 4.407323582790647620e+00
3.258101846909362820e+01 2.482016654211593831e+01 4.276160990712074117e+00
3.301040888224618186e+01 2.529931675029358473e+01 4.456453506992633429e+00
3.264842532294224497e+01 2.484725098750934080e+01 4.255204441123091819e+00
3.304610867940643004e+01 2.526546386249599507e+01 4.389601793530479412e+00
3.271885342158642374e+01 2.487846695847122902e+01 4.210430233799509203e+00
3.304279918864097709e+01 2.534252161844774065e+01 4.309149140599978445e+00
3.270250880751574840e+01 2.489090423828333343e+01 4.171954734706949885e+00
3.310199637023593766e+01 2.524147539233479165e+01 4.356037151702786048e+00
3.282998825664567022e+01 2.480586100138785000e+01 4.278039927404718945e+00
3.315188427458097919e+01 2.526356357425002841e+01 4.455567417529625374e+00
3.276047827479449381e+01 2.481428418917476364e+01 4.370011743354329070e+00
3.320388598270524483e+01 2.521212768228888734e+01 4.424223337247784826e+00
3.279617807195473489e+01 2.480970428098644120e+01 4.368228888651649378e+00
3.310540194299134953e+01 2.522275008006832664e+01 4.449524927938507624e+00
3.271485000533788678e+01 2.481533041528771122e+01 4.396487669477954441e+00
3.297487989751254389e+01 2.526879470481477696e+01 4.489783281733745746e+00
3.267563787765559624e+01 2.481028077292623024e+01 4.405380591438027515e+00
3.308864097363083090e+01 2.523662858972990364e+01 4.521501014198783253e+00
3.281111348350592749e+01 2.485567417529625445e+01 4.391854382406320312e+00
3.313655385929326513e+01 2.519626347816803502e+01 4.487082310238069915e+00
3.278873705562079977e+01 2.479418170171879865e+01 4.363392761823422283e+00
3.314335432902743861e+01 2.520801750827372700e+01 4.478178712501334147e+00
3.274319419237749429e+01 2.478154158215010128e+01 4.355012277143162081e+00
3.301517027863776832e+01 2.518772285683783352e+01 4.371186078787231644e+00
3.269803565709405291e+01 2.483797373758940807e+01 4.280901035550336076e+00
3.298841678232091112e+01 2.526801537311839496e+01 4.418821394256432278e+00
3.264783815522579147e+01 2.481774314081349431e+01 4.294971709191843345e+00
3.299208924949289923e+01 2.518679406426817380e+01 4.452268602540835118e+00
3.272900608519270094e+01 2.483194192377495568e+01 4.397832817337461009e+00
3.299875093413045590e+01 2.518196861321661117e+01 4.486783388491512703e+00
3.273367139959432137e+01 2.483624426177004452e+01 4.410536991566136322e+00
3.307391907761289929e+01 2.524035443578520344e+01 4.488310024554285960e+00
3.264568164833991659e+01 2.481525568485107414e+01 4.454030105690188535e+00
3.281968613216611175e+01 2.521557595815095709e+01 4.536831429486495537e+00
3.238378349524928268e+01 2.492893135475605959e+01 4.435390199637023301e+00
3.263978861962208100e+01 2.521100672573929913e+01 4.518800042703106534e+00
3.236405465997651021e+01 2.490830575424362081e+01 4.419995729689334851e+00
3.275279171559731139e+01 2.533540087541368635e+01 4.481349418170172072e+00
3.251669691470054602e+01 2.496826091598163799e+01 4.337130351233052572e+00
3.285719013558236412e+01 2.524174228675136078e+01 4.404494501975018572e+00
3.269498238496850462e+01 2.487154905519376413e+01 4.282427671613110221e+00
3.301330201772179151e+01 2.524103768549161941e+01 4.280260488950570874e+00
3.236873065015480222e+01 2.488555567417529701e+01 4.268997544571367264e+00
3.266345681648339649e+01 2.524352514145403958e+01 4.329070139852674082e+00
3.232283548628162606e+01 2.495506565602647697e+01 4.290872210953346588e+00
3.255087007579801650e+01 2.535131845841785037e+01 4.352289954094159974e+00
3.220535923988470017e+01 2.502498131739083931e+01 4.316440696060638516e+00
3.264073876374506256e+01 2.533209138464823340e+01 4.377751681434824071e+00
3.251207430340556925e+01 2.491415607985480918e+01 4.421725205508701073e+00
3.289295398740258491e+01 2.527699370129176870e+01 4.421554393082097079e+00
3.257656667022526165e+01 2.483742927297960890e+01 4.358642041208497631e+00
3.292416995836447313e+01 2.517728194726166180e+01 4.391854382406320312e+00
3.270527383367139862e+01 2.484672787445286701e+01 4.423358599338102159e+00
3.291596028611081692e+01 2.526813280666168637e+01 4.500288245969894518e+00
3.245479876160990784e+01 2.472772499199316698e+01 4.436671292836553704e+00
3.283967118607878888e+01 2.517852033735454143e+01 4.460531653677804798e+00
3.265307996156720094e+01 2.483401302444752901e+01 4.430436639265506571e+00
3.296595494822248185e+01 2.520333084231877763e+01 4.354627949183303315e+00
3.258514999466211037e+01 2.477081242660403504e+01 4.257852033735454178e+00
3.297013985267427927e+01 2.518296146044624706e+01 4.209341304579908183e+00
3.278096509021031579e+01 2.492314508380484739e+01 4.164236148179780272e+00
3.302839756592292275e+01 2.528816056368100718e+01 4.218287605423294728e+00
3.274574570299989063e+01 2.476550656560264585e+01 4.180345895163872783e+00
3.312601686772712384e+01 2.512088181915234486e+01 4.260147325717945854e+00
3.300130244475285224e+01 2.477975872744742247e+01 4.309811038753069035e+00
3.327585139318885155e+01 2.516220775061385595e+01 4.393146151382513409e+00
3.288718906800469455e+01 2.478299348777623479e+01 4.318778691149780968e+00
3.315511903490978796e+01 2.512128749866552724e+01 4.266499412832283511e+00
3.283528344187039494e+01 2.486288032454361030e+01 4.251478595067791133e+00
3.307394042916622112e+01 2.526094800896765236e+01 4.293199530265827235e+00
3.271224511583217520e+01 2.487648126401195725e+01 4.241069712821607496e+00
3.296664887370555874e+01 2.517861641934450745e+01 4.236383046866659896e+00
3.287173054339703526e+01 2.485328280132379675e+01 4.301334472082843696e+00
3.317161310985374456e+01 2.520711006725739267e+01 4.407344934343973897e+00
3.291503149354115720e+01 2.484161417743140987e+01 4.416760969360520761e+00
3.313667129283655299e+01 2.509369061599231188e+01 4.401889612469306989e+00
3.299575104088822286e+01 2.482175723283868862e+01 4.441646204761396710e+00
3.319852674282054039e+01 2.515743567844560857e+01 4.451713462154371470e+00
3.291094267107931870e+01 2.486636062773566636e+01 4.366520764385609432e+00
3.300490018148820326e+01 2.515861001387850848e+01 4.373737589409629756e+00
3.282404184904451938e+01 2.489101099604996392e+01 4.256207964129390398e+00
3.305917583004163873e+01 2.524158215010141859e+01 4.381915234333297882e+00
3.277096188747731276e+01 2.492386036084124967e+01 4.363520871143375501e+00
3.285117967332123357e+01 2.514355716878402802e+01 4.420251948329241287e+00
3.262469307142094266e+01 2.483950037365218222e+01 4.343973524073875936e+00
3.283851820219921080e+01 2.515364577773032906e+01 4.430650154798761342e+00
3.260972563253976375e+01 2.490545532187466549e+01 4.453389559090424221e+00
3.279414967438881234e+01 2.521227714316216506e+01 4.423892388171239531e+00
3.267632112736201577e+01 2.490481477527490028e+01 4.233383153624425965e+00
3.300046973417315854e+01 2.520135582363617033e+01 4.247464503042595929e+00
3.281234119782214265e+01 2.493431194619408586e+01 4.177185865271698439e+00
3.293083164300202981e+01 2.521573609480089573e+01 4.234365325077399156e+00
3.276585886623252009e+01 2.494562826945660206e+01 4.195975232198142280e+00
3.293862495996583561e+01 2.514473150421693148e+01 4.320412084979182055e+00
3.271487135689121573e+01 2.490879683997010829e+01 4.298825664567097249e+00
3.291047293690616016e+01 2.511072915554606766e+01 4.312842959325291048e+00
3.270989644496636828e+01 2.486037151702786474e+01 4.301238390092879449e+00
3.301808476566669981e+01 2.515351766841037673e+01 4.257328920678979500e+00
3.291159389345575192e+01 2.492422333724778483e+01 4.199412832283548447e+00
3.308590797480516699e+01 2.515710472936906328e+01 4.218735988043130547e+00
3.290586100138784786e+01 2.494379203587060800e+01 4.160937333190990017e+00
3.317332123411978273e+01 2.517737802925162782e+01 4.181488203266787274e+00
3.287127148500053408e+01 2.499983986335005781e+01 4.238913205935731732e+00
3.295447848831002347e+01 2.512140493220881865e+01 4.327575531119888907e+00
3.275843920145190680e+01 2.495963488843813494e+01 4.335881285363510251e+00
3.282348670865805218e+01 2.513947902209885754e+01 4.332678552364684244e+00
3.271939788619621936e+01 2.499875093413045946e+01 4.309448062346535657e+00
3.298098644176364047e+01 2.504586313654318275e+01 4.456357425002669181e+00
3.291429486495142243e+01 2.491010996049962500e+01 4.446172734066403009e+00
3.309287925696594357e+01 2.506965944272445768e+01 4.508444539340237256e+00
3.301017401515960614e+01 2.492558983666061678e+01 4.524693071420945678e+00
3.309705348564108363e+01 2.509908188320700262e+01 4.581071847976939893e+00
3.292752215223657686e+01 2.493493114124052568e+01 4.430425963488843877e+00
3.298010035230063153e+01 2.503767481584285193e+01 4.420305327212554758e+00
3.291667556314721566e+01 2.498272659335966850e+01 4.414775274901248991e+00
3.295767054553218856e+01 2.508986868794704961e+01 4.427287285149994922e+00
3.282251521298174168e+01 2.492697768762677413e+01 4.375958150955481685e+00
3.289595388064481796e+01 2.511847976940322269e+01 4.360200704601259858e+00
3.283005231130564994e+01 2.503438667663072437e+01 4.364545745702999469e+00
3.284138998612149152e+01 2.511037685491619342e+01 4.290359773673534605e+00
3.272604889505711867e+01 2.498971922707377047e+01 4.277079107505071143e+00
3.282215223657521364e+01 2.511165794811572383e+01 4.270780399274046957e+00
3.285324009821714242e+01 2.499746984093092905e+01 4.306747090850859827e+00
3.286336073449343331e+01 2.507444219066936952e+01 4.329187573395964606e+00
3.279417102594213418e+01 2.495488416782320940e+01 4.355022952919824775e+00
3.290212447955588715e+01 2.512212020924522093e+01 4.295847122878189595e+00
3.281716664887370882e+01 2.500080068324970739e+01 4.378531013131205185e+00
3.292263264652503807e+01 2.507012917689761977e+01 4.490306394790221312e+00
3.289166221842639004e+01 2.498391160456923288e+01 4.486004056795131589e+00
3.304482758620689964e+01 2.500319205722216154e+01 4.477538165901568945e+00
3.299341304579908041e+01 2.492137290487882950e+01 4.500032027329988082e+00
3.308433863563574562e+01 2.499135262090317156e+01 4.523497384434717716e+00
3.291170065122237531e+01 2.493532614497704714e+01 4.478114657841357982e+00
3.280989644496636970e+01 2.507662004910857334e+01 4.356346749226005954e+00
3.277636383046866797e+01 2.500304259634888382e+01 4.334269243087434553e+00
3.276592292089249270e+01 2.515595174548948521e+01 4.334109106437493253e+00
3.275020817764492165e+01 2.504478488310024531e+01 4.326742820540194323e+00
3.285856731077186055e+01 2.506284829721362328e+01 4.367236041422013493e+00
3.295820433436532682e+01 2.497622504537205046e+01 4.435187359880431224e+00
3.307033201665421274e+01 2.501657948115725461e+01 4.481787125013344308e+00
3.306823956442831047e+01 2.497739938080495392e+01 4.516184477420732257e+00
3.311117753816590437e+01 2.499460873278530926e+01 4.487637450624532676e+00
3.291378242767161311e+01 2.501269349845201262e+01 4.507174121917369547e+00
3.282093519803565584e+01 2.501398526742820394e+01 4.404900181488203614e+00
3.282235507633180305e+01 2.504682395644283233e+01 4.474303405572755743e+00
3.271030212447955421e+01 2.503263584925803187e+01 4.428482972136222884e+00
3.277380164406960716e+01 2.501612042276075698e+01 4.514134728301484323e+00
3.271287498665527949e+01 2.505507633180313931e+01 4.402124479555888037e+00
3.276205828974057965e+01 2.505442510942670964e+01 4.453378883313760639e+00
3.275677378029251940e+01 2.502159709618874928e+01 4.412917689761930440e+00
3.274355716878402944e+01 2.503730116365965586e+01 4.413739724564962330e+00
3.270878616419344809e+01 2.501787125013344593e+01 4.355172413793103381e+00
3.299694672787445171e+01 2.503623358599337934e+01 4.348724244688801477e+00
3.315680580762250429e+01 2.502519483292409674e+01 4.224468880111028390e+00
3.323446140706736429e+01 2.501048361268282250e+01 4.258674068538486068e+00
3.328274794491299104e+01 2.495400875413686492e+01 4.213782427671612929e+00
3.337384434717625936e+01 2.504317284082416961e+01 4.212031600298921319e+00
3.317289420305327496e+01 2.500310665100885998e+01 4.206501547987616441e+00
3.308568378349524863e+01 2.499814241486068056e+01 4.308476566670225161e+00
3.306336073449343615e+01 2.506210099284723114e+01 4.327789046653143679e+00
3.306261343012704401e+01 2.501701718800042684e+01 4.409138464823316284e+00
3.296703320166542284e+01 2.504827586206896584e+01 4.420283975659229370e+00
3.298315362442617982e+01 2.501363296679833326e+01 4.313003095975232348e+00
3.296726806875199856e+01 2.501489270844453827e+01 4.183911604569232168e+00
3.304799829187573579e+01 2.508294010889292025e+01 4.254777410056581388e+00
3.289752321981423933e+01 2.505020817764492236e+01 4.171399594320487125e+00
3.297183730116366007e+01 2.510435571687840195e+01 4.153987402583537936e+00
3.290387530692857609e+01 2.507327853101313053e+01 4.227895804419771864e+00
3.288157360948009256e+01 2.517525354969573925e+01 4.320625600512437714e+00
3.278995409416035045e+01 2.513541155119034798e+01 4.290605316536778346e+00
3.282155439308209566e+01 2.513054339703213458e+01 4.391299242019856663e+00
3.277780506031813701e+01 2.503942564321554443e+01 4.319173694886303316e+00
3.305502295291982762e+01 2.512660403544357735e+01 4.374324757126080598e+00
3.306291235187359945e+01 2.507041742286751429e+01 4.259688267321447341e+00
3.314438987936372172e+01 2.513329774741112388e+01 4.348446674495569653e+00
3.315675242873918904e+01 2.502670011743354195e+01 4.290776128963382341e+00
3.330010675776662765e+01 2.507397245649621098e+01 4.358727447421800072e+00
3.306391587487989625e+01 2.504074943952172561e+01 4.313782427671613462e+00
3.306096936052097846e+01 2.509044517988683509e+01 4.358300416355289642e+00
3.293806981957937552e+01 2.500438774420839039e+01 4.316835699797159975e+00
3.301664353581723077e+01 2.511540514572435256e+01 4.392655065656026814e+00
3.289166221842639004e+01 2.503437600085406345e+01 4.286025408348457688e+00
3.296865591971815945e+01 2.513832603821927947e+01 4.371047293690615732e+00
3.287443151489270576e+01 2.503275328280132328e+01 4.275477741005658139e+00
3.297441016333938535e+01 2.515776662752215387e+01 4.359079748051670755e+00
3.286304046119354894e+01 2.506975552471442370e+01 4.265741432689227786e+00
3.292691363296680152e+01 2.507564855343226284e+01 4.389847336393722266e+00
3.288729582577132504e+01 2.501917369488630172e+01 4.219045585566349565e+00
3.307927831749759662e+01 2.509562293156827195e+01 4.295334685598377611e+00
3.298074089890039318e+01 2.500232731931248154e+01 4.264631151916302265e+00
3.301797800790007642e+01 2.517768762677484773e+01 4.301206362762891366e+00
3.293303085299455546e+01 2.501986762036938217e+01 4.248638838475499391e+00
3.309733105583431012e+01 2.514585246076651970e+01 4.392377495462794990e+00
3.292051884274580686e+01 2.505712608092238725e+01 4.380175082737268966e+00
3.303676737482651760e+01 2.510034162485320763e+01 4.498590797480516379e+00
3.285801217038539335e+01 2.500090744101633433e+01 4.458289740578627480e+00
3.305774527596882706e+01 2.513628696487669600e+01 4.507067364150741717e+00
3.283755738229956478e+01 2.498549161951531872e+01 4.442244048254510247e+00
3.293116259207857155e+01 2.514076011529838794e+01 4.446332870716344310e+00
3.265196968079428075e+01 2.498498985801217032e+01 4.372520550870075517e+00
3.284840397138891888e+01 2.518617486922173754e+01 4.470342692430874010e+00
3.258931354756058596e+01 2.503450411017401578e+01 4.407697234973844580e+00
3.291822355076331519e+01 2.519710686452439319e+01 4.388075157467706156e+00
3.288731717732464688e+01 2.505140386463115121e+01 4.092110601046226037e+00
3.314907654531867109e+01 2.517541368634568144e+01 4.257008647379096899e+00
3.303958577986548306e+01 2.497637450624532818e+01 4.136532507739937969e+00
3.320396071314188191e+01 2.521750827372691361e+01 4.260307462367887155e+00
3.291891747624639919e+01 2.501433756805807462e+01 4.065549268709298225e+00
3.304679192911284247e+01 2.517364150741966355e+01 4.208028184050389697e+00
3.278173374613002977e+01 2.501298174442190714e+01 4.127789046653144389e+00
3.295477741005657890e+01 2.529768335646418365e+01 4.249033842212020851e+00
3.271473257179459893e+01 2.501973951104942984e+01 4.169445927191203438e+00
3.305574890573289082e+01 2.522348670865805431e+01 4.250400341624852807e+00
3.297022525888758082e+01 2.506412939041315369e+01 4.120892494929005778e+00
3.320324543610547607e+01 2.525602647592612371e+01 4.187648126401195547e+00
3.296708658054873808e+01 2.502104195580228563e+01 4.072264332230170147e+00
3.318788299348777571e+01 2.521591758300416330e+01 4.126155652823743303e+00
3.297765559944485858e+01 2.499665848190455719e+01 4.141539446994769058e+00
3.319470481477527812e+01 2.519123518735987943e+01 4.318832070033095327e+00
3.296064908722109266e+01 2.500007473043664064e+01 4.189217465570620469e+00
3.320920251948329138e+01 2.519023166435358263e+01 4.322387103661791130e+00
3.298276929646631572e+01 2.497256325397672683e+01 4.201644069606063958e+00
3.333382086046759696e+01 2.519991459378669774e+01 4.311070780399274049e+00
3.310946941389985909e+01 2.497249919931675066e+01 4.201366499412832134e+00
3.335112629443791832e+01 2.517907547774100507e+01 4.319301804206255646e+00
3.316709725632539829e+01 2.490396071314188120e+01 4.227917155973097252e+00
3.340382192804526795e+01 2.514138998612148868e+01 4.333020177217892233e+00
3.282135155332550625e+01 2.493521938721042019e+01 4.188374079214263190e+00
3.282178926016867848e+01 2.522209885769189697e+01 4.389302871783922200e+00
3.249102167182662271e+01 2.501780719547346976e+01 4.256239991459378480e+00
3.260660830575424285e+01 2.527720721682502258e+01 4.350677911818085164e+00
3.229989324223337377e+01 2.513975659229208759e+01 4.253304152877121602e+00
3.289002882459698895e+01 2.524912992420198421e+01 4.410270097149567192e+00
3.280314935411551147e+01 2.494854275648553354e+01 4.272349738443471878e+00
3.315861001387850848e+01 2.515733959645564255e+01 4.457916088395430521e+00
3.291338742393509165e+01 2.493467492260061746e+01 4.311081456175936744e+00
3.322810931995302752e+01 2.515133980997117646e+01 4.399135262090316800e+00
3.289476886943525358e+01 2.486130030959752446e+01 4.204814775274900995e+00
3.311624853208071073e+01 2.517048147752749188e+01 4.324372798121062900e+00
3.281086794064268020e+01 2.491560798548094269e+01 4.107953453613750305e+00
3.311145510835913086e+01 2.519363723710899805e+01 4.228418917476246541e+00
3.286054232945446785e+01 2.494649300736628561e+01 4.060755844987722796e+00
3.314763531546920206e+01 2.520109960499626212e+01 4.327276609373331695e+00
3.288473363937226424e+01 2.483671399594320661e+01 4.208775488416782729e+00
3.316950998185117783e+01 2.513265720081135868e+01 4.402636916835700021e+00
3.286134301270417524e+01 2.486120422760755844e+01 4.269018896124692652e+00
3.309590050176150555e+01 2.513734386676630805e+01 4.409245222589943225e+00
3.260890359773673453e+01 2.491819152343332888e+01 4.304547880858332398e+00
3.276766307248852428e+01 2.531729475819365760e+01 4.410003202732998950e+00
3.248686879470481159e+01 2.498832070033094865e+01 4.244368527810398639e+00
3.263813387423935097e+01 2.525222589943418328e+01 4.402295291982492031e+00
3.231535176684104016e+01 2.497098323903064099e+01 4.243749332763958826e+00
3.298647379096829013e+01 2.521363296679833610e+01 4.334952492793850531e+00
3.300179353047933972e+01 2.486275221522365797e+01 4.095569552684957593e+00
3.335149994662111794e+01 2.518565175616526020e+01 4.273577452759687922e+00
3.311940856197288241e+01 2.473969253763211285e+01 4.104665314401622744e+00
3.354405893028717855e+01 2.517347069499306045e+01 4.249055193765346239e+00
3.294926870929860030e+01 2.480718479769403118e+01 4.175488416782321188e+00
3.306304046119355178e+01 2.519568698622824954e+01 4.413974591651542490e+00
3.267296893348991205e+01 2.484559624212661433e+01 4.315672040140920096e+00
3.295281306715063607e+01 2.519127789046653021e+01 4.509245222589943758e+00
3.265159602861108112e+01 2.487586206896551744e+01 4.404259634888438413e+00
3.306558129603928364e+01 2.520001067577666376e+01 4.410665100886089540e+00
3.281951531973950864e+01 2.483136543183516665e+01 4.166275221522365513e+00
3.317720721682502472e+01 2.518105049642361593e+01 4.296327532828013496e+00
3.287766627522152163e+01 2.484781680367246892e+01 4.133287071634461185e+00
3.311868260915981921e+01 2.518068752001708077e+01 4.236938187253122656e+00
3.272501334472082846e+01 2.481132699903918137e+01 4.162538699690402133e+00
3.306727874452866445e+01 2.521881071847976941e+01 4.298505391267214648e+00
3.274686665954948239e+01 2.484496637130351360e+01 4.200619195046439991e+00
3.307681221308850184e+01 2.515732892067897808e+01 4.391245863136543193e+00
3.271173267855236588e+01 2.484151809544144385e+01 4.265688053805914315e+00
3.305272766093733594e+01 2.515249279385075099e+01 4.359282587808262832e+00
3.278802177858439393e+01 2.487088715704067354e+01 4.258834205188427369e+00
3.310332016654211884e+01 2.520818832070033011e+01 4.366905092345468198e+00
3.274346108679406342e+01 2.482795985907974767e+01 4.176491939788619767e+00
3.309959432048681549e+01 2.520424895911177643e+01 4.330201772178925879e+00
3.278403971388918592e+01 2.486138571581082601e+01 4.285256752428739269e+00
3.313394896978755355e+01 2.518380484680260523e+01 4.504227607558449975e+00
3.284594854275648856e+01 2.484706949930607323e+01 4.394929006085193102e+00
3.321167929966905064e+01 2.517976940322408552e+01 4.562656133233693012e+00
3.292849364791288735e+01 2.482672146898686805e+01 4.381723070353368499e+00
3.322755417956656032e+01 2.520671506352087121e+01 4.461855449983985977e+00
3.285670972563254111e+01 2.482175723283868862e+01 4.290615992313441041e+00
3.320288245969894092e+01 2.519649834525461785e+01 4.377185865271698617e+00
3.285012277143162152e+01 2.486615778797907694e+01 4.158118928152022775e+00
3.324116579481157174e+01 2.523471762570726895e+01 4.360467599017828988e+00
3.288915341091064448e+01 2.488001494608732855e+01 4.224789153410910991e+00
3.323205935731824212e+01 2.520622397779438373e+01 4.436340343760008409e+00
3.291343012704174242e+01 2.486139639158748693e+01 4.284295932529091466e+00
3.322247250987509659e+01 2.517855236468453128e+01 4.443685278103981950e+00
3.285137183730116561e+01 2.483474965303726023e+01 4.247710045905839671e+00
3.320464396284829434e+01 2.518745596242126439e+01 4.437461300309597512e+00
3.290134514785950870e+01 2.482618768015372979e+01 4.290605316536778346e+00
3.325683783495249202e+01 2.519819579374399510e+01 4.452225899434183454e+00
3.287899007152770281e+01 2.479153410910643629e+01 4.312405252482117923e+00
3.326503683142948375e+01 2.521061172200277412e+01 4.484626881605636939e+00
3.281098537418597516e+01 2.479298601473257335e+01 4.228600405679513230e+00
3.310368314294864689e+01 2.519923134408028176e+01 4.282096722536564926e+00
3.272419130991779923e+01 2.481796733212341266e+01 4.119547347069499210e+00
3.299230276502615311e+01 2.525185224725098720e+01 4.208636703320166816e+00
3.266896551724138220e+01 2.485986975552471279e+01 4.021052631578947434e+00
3.168772285683783352e+01 2.364779545211914069e+01 3.532144763531547049e+00
2.210918116792996813e+01 1.218042062560051164e+01 1.246493007366285877e+00
2.206121490338422220e+01 7.151019536671292975e+00 6.293904131525568380e-01
2.752951852247251097e+01 8.637920358706095314e+00 7.477313974591651702e-01
3.254033308423187520e+01 1.390665100886089434e+01 1.673075691256538988e+00
3.412833351126294446e+01 1.799196114017294690e+01 2.402167182662538814e+00
3.297058823529411598e+01 1.902594213729048889e+01 2.441422013451478801e+00
3.377263798441336462e+01 2.109370129176897635e+01 3.194982384968506395e+00
3.522403117326785349e+01 2.348231023806981810e+01 4.179203587060958291e+00
3.494046119355183322e+01 2.366873065015479938e+01 4.419141667556314879e+00
3.519832390306395098e+01 2.343798441336607397e+01 4.341998505391266860e+00
3.353117326785523744e+01 2.108927084445393518e+01 3.533244368527810320e+00
3.130386463115191731e+01 1.813387423935091292e+01 2.587573395964556600e+00
3.007425002668944103e+01 1.621647272339062695e+01 2.358225685918650782e+00
2.957570193231557454e+01 1.397803992740471912e+01 2.122632646525034694e+00
2.515558876908295005e+01 9.783666061705989847e+00 1.311679299669050947e+00
2.069640226326465182e+01 5.780345895163873315e+00 7.442937973737588919e-01
1.952021992099925285e+01 5.296402263264652355e+00 9.880431301377174957e-01
1.950867940642681830e+01 5.405401942991352904e+00 1.181755097683356404e+00
1.974556421479662660e+01 5.400224191309917821e+00 9.632326251734814049e-01
2.076314721896017801e+01 5.905861001387850528e+00 8.064908722109533912e-01
2.323533682075370876e+01 8.198473363937226921e+00 1.244368527810398195e+00
2.603508060211380482e+01 1.126839970107825373e+01 1.765826838902530227e+00
2.724509448062346451e+01 1.377261663286004101e+01 2.161460446247464695e+00
2.800964022632646433e+01 1.564602327319312458e+01 2.641784989858012356e+00
2.768893989537738776e+01 1.632727660937333169e+01 3.105946407601153147e+00
2.799762997758086769e+01 1.659168356997971472e+01 3.382203480303191956e+00
2.727516814348243912e+01 1.566260275435037919e+01 3.039041315255684772e+00
2.766352087114337621e+01 1.540830575424362081e+01 2.897042809864417645e+00
2.791925910109960540e+01 1.429011423081029086e+01 2.495238603608412653e+00
2.791646204761396532e+01 1.247888331376107551e+01 2.104622611294971524e+00
2.445472403117326721e+01 8.616803672467172603e+00 1.246108679406426889e+00
2.079887904345041250e+01 5.272531226646738567e+00 6.385182021992099610e-01
1.875783068218212790e+01 4.351606704387743996e+00 5.482011316323261996e-01
1.735458524607665254e+01 3.379555887690829596e+00 3.973737589409629400e-01
1.750706736415074261e+01 3.408732785310131241e+00 4.160456923241165894e-01
1.984237215757446293e+01 4.597843493114123881e+00 5.657841357958791617e-01
2.133210206042489432e+01 5.426636062773567026e+00 7.798121063307356104e-01
2.445327212554713370e+01 7.947165581296038894e+00 1.304675990178285394e+00
2.620768655919718171e+01 1.033265720081135974e+01 1.903640439841998599e+00
2.786545318671933558e+01 1.252814134728301454e+01 2.205914380271164710e+00
2.734164620476139618e+01 1.352769296466317961e+01 2.414785950677911686e+00
2.797233906266680847e+01 1.472044411230917049e+01 2.888149887904345015e+00
2.756144977047080147e+01 1.456459912458631401e+01 2.906341411337674874e+00
2.774215864204120763e+01 1.426273086367033116e+01 2.830938400768655772e+00
2.671021671826625266e+01 1.333410910643749325e+01 2.564428312159709566e+00
2.751009928472296195e+01 1.359270844453934046e+01 2.664471015266360432e+00
2.921001387850966324e+01 1.390795345361375013e+01 2.514241486068111264e+00
3.262348670865805644e+01 1.512776769509981811e+01 2.389196114017294814e+00
3.263088502188534079e+01 1.384908722109533485e+01 2.076993701291768968e+00
2.881354756058503241e+01 1.011303512330522025e+01 1.359165154264972752e+00
2.534631151916302017e+01 7.676203693818725249e+00 1.139382940108892850e+00
2.506118287605423234e+01 7.828109319953026279e+00 1.493455748905732960e+00
2.522908081562933802e+01 7.885352834418704049e+00 1.357094053592398764e+00
2.690985374185972034e+01 9.111433756805807249e+00 1.342179993594533993e+00
2.949243087434610899e+01 1.128314294864951428e+01 1.771260809223871080e+00
3.090634141133767443e+01 1.309025301590690660e+01 2.157755951745489398e+00
2.937354542542970037e+01 1.346922173588128580e+01 2.304708017508273699e+00
2.803136543183516594e+01 1.365047507206149291e+01 2.478926016867727178e+00
2.702745809757659856e+01 1.338285470267961941e+01 2.512853635101953476e+00
2.704493434397352303e+01 1.380389665848190539e+01 2.752492793850752850e+00
2.666163125867406691e+01 1.348940962955055056e+01 2.613643642574997372e+00
2.731326999039180237e+01 1.374718693284936499e+01 2.661972883527276679e+00
2.769333831536244261e+01 1.326833564641827756e+01 2.438710366179139388e+00
3.011571474324757247e+01 1.373543290274367479e+01 2.270673641507419571e+00
2.974714422974271244e+01 1.238918543824063256e+01 1.992868581189281452e+00
2.700012810931995233e+01 9.818575851393188003e+00 1.580431301377175135e+00
2.386473790968292974e+01 7.513750400341624669e+00 1.275979502508807428e+00
2.310463328707163555e+01 7.216067043877441911e+00 1.409255898366606141e+00
2.319623145083804872e+01 7.269082950784669706e+00 1.323454681328066540e+00
2.589500373652183285e+01 8.858279064801964253e+00 1.464801964342905993e+00
2.793348991139105308e+01 1.070921319525995585e+01 1.836297640653357544e+00
2.829495035763851973e+01 1.184940749439521746e+01 1.927287285149994700e+00
2.676121490338422149e+01 1.202273940429166288e+01 1.770791075050709873e+00
2.836994768869435291e+01 1.448045265293050043e+01 2.143407707910750304e+00
2.974179566563467603e+01 1.693242233372478012e+01 2.788875840717412125e+00
3.164608732785310252e+01 1.943095975232198214e+01 3.705540728087968194e+00
3.165230062987082249e+01 1.967131418810718557e+01 3.755866339276182408e+00
3.195762784242553778e+01 1.958020711006725634e+01 3.714422974271378131e+00
3.053186719333831434e+01 1.764783815522579147e+01 3.125280239137397054e+00
2.890401409202519645e+01 1.538449877228568319e+01 2.469542009181167952e+00
2.604258567310771966e+01 1.198194726166328650e+01 1.807120743034055677e+00
2.592340130244475205e+01 1.114822248318565201e+01 1.890188961246930699e+00
2.691496743888117749e+01 1.155191630191096408e+01 2.406960606384114243e+00
2.854997331055834309e+01 1.231660083271057893e+01 2.724831856517561768e+00
2.845601580014946208e+01 1.220676844240418468e+01 2.780815629337034078e+00
2.916668090103555144e+01 1.269818511796733240e+01 3.070257286217572545e+00
2.941425216184477520e+01 1.302825878082630595e+01 3.074527596882673297e+00
3.048671933383153743e+01 1.394683463221949360e+01 3.051777516814348168e+00
2.930982171452973262e+01 1.350683249706416156e+01 2.672264332230169792e+00
2.809118180847656632e+01 1.306704387744208340e+01 2.355417956656346679e+00
2.771672894203053161e+01 1.364546813280666093e+01 2.332048681541582180e+00
2.937877655599444893e+01 1.578050603181381462e+01 2.708860894630084282e+00
2.996593359666915646e+01 1.668796839970107726e+01 2.942596348884381374e+00
3.064365325077399405e+01 1.771818084765666867e+01 3.284413366072381546e+00
3.003215543930820886e+01 1.709016760969360504e+01 3.031920572221629140e+00
3.000421693178178728e+01 1.667451692110601158e+01 2.860777196541048450e+00
2.888369808903597757e+01 1.494443258247037498e+01 2.371944058930287369e+00
2.914505177751681586e+01 1.406676630724885158e+01 2.171346215437173210e+00
3.009022098857692029e+01 1.387905412618768075e+01 2.348275862068965658e+00
3.326439628482972211e+01 1.556072381765773471e+01 3.083100245542863327e+00
3.454642895270630731e+01 1.592318778691149816e+01 3.504387744208391275e+00
3.522100992847229861e+01 1.610650154798761591e+01 3.810013878509661556e+00
3.430147325717945961e+01 1.550230596775915437e+01 3.603362869648766953e+00
3.354745382726593306e+01 1.523901996370235956e+01 3.375381659015693536e+00
3.139771538379417137e+01 1.411340877548841632e+01 2.739607131418810848e+00
3.028040994982384859e+01 1.408756272018789346e+01 2.401195686986228317e+00
2.954732571794598073e+01 1.452123411978221412e+01 2.310419558022846154e+00
3.089998932422333766e+01 1.676716131098537588e+01 2.704206256005124320e+00
3.175124372798121186e+01 1.836837834952492798e+01 3.004622611294971879e+00
3.340109960499626141e+01 2.084728301483933066e+01 3.791544784883100316e+00
3.372932635849257821e+01 2.161304579908188472e+01 4.117369488630298058e+00
3.438540621330201930e+01 2.266596562399914561e+01 4.490946941389986513e+00
3.384020497491192714e+01 2.206810077933169723e+01 4.313867833884915015e+00
3.379691470054446256e+01 2.180490018148820397e+01 4.163360734493434023e+00
3.266991566136436376e+01 1.986923241165794707e+01 3.564887370556208079e+00
3.221362229102167163e+01 1.847039607131418748e+01 3.130020283975659012e+00
3.082268602540834834e+01 1.599723497384434800e+01 2.452770364043984408e+00
3.222583537952385768e+01 1.586831429486495182e+01 2.286420412084979148e+00
3.511711326999039073e+01 1.698345254617273525e+01 2.776321127362015417e+00
3.727654531867193555e+01 1.778778691149781110e+01 3.154254297000106622e+00
3.739126721468986858e+01 1.716169531333404663e+01 3.191811679299668914e+00
3.794286324330094828e+01 1.753054339703213316e+01 3.675435037899007273e+00
3.727407921426284076e+01 1.713727981210633189e+01 3.159421372904879011e+00
3.603867833884915228e+01 1.708580121703854005e+01 2.991683569979715962e+00
3.277871250133447489e+01 1.602809864417636376e+01 2.765656026475926232e+00
3.046878402903811178e+01 1.576573075691256598e+01 2.569264438987936217e+00
2.943456816483399052e+01 1.593546493007366216e+01 2.672819472616632996e+00
3.013220881819152197e+01 1.731388918543824218e+01 3.082972136222910109e+00
2.994383473897726233e+01 1.731609907120742875e+01 3.169648766947795515e+00
2.992531226646738673e+01 1.698043130137717682e+01 2.874506245329347731e+00
2.969856944592719117e+01 1.608057008647379149e+01 2.641678232091384526e+00
3.150429166221842792e+01 1.643736521831963415e+01 2.626475926123625459e+00
3.394638624959965512e+01 1.601071847976940177e+01 2.244251094267108115e+00
3.551562933703426950e+01 1.570622397779438373e+01 2.073086367033201594e+00
3.309724564962100857e+01 1.284569232411658035e+01 1.738539553752535438e+00
3.136407601152983915e+01 1.156036084125120134e+01 1.725419024234013055e+00
2.983856090530586158e+01 1.081139105369915576e+01 1.953325504430447390e+00
3.096802604889505872e+01 1.156004056795131874e+01 1.915832176790861485e+00
3.166300843386356334e+01 1.199662645457457089e+01 1.852674282054019406e+00
3.183231557595815175e+01 1.296186612576064867e+01 2.006608305754243649e+00
3.023527276609373260e+01 1.313341518095441529e+01 1.973662858972990319e+00
2.906235721148713580e+01 1.406390519910323533e+01 2.049108572648659976e+00
2.861799935945339968e+01 1.518032454361054739e+01 2.264898046332870507e+00
3.049624212661471034e+01 1.787751681434824391e+01 2.845307996156720254e+00
3.150536991566136535e+01 1.901520230596775818e+01 3.276011529838795955e+00
3.223727981210632976e+01 1.972766093733319082e+01 3.546706522899540914e+00
3.116337141027009849e+01 1.816264545745703174e+01 3.100619195046439458e+00
3.025333618020711057e+01 1.673810184690936254e+01 2.725984840397138953e+00
3.057009714956762991e+01 1.590293583858225723e+01 2.573438667663072277e+00
3.315084872424468898e+01 1.690506031813814403e+01 2.736425749973310673e+00
3.581801003523005988e+01 1.709776876267748591e+01 2.605252482118074031e+00
3.739215330415287752e+01 1.716285897299028562e+01 2.557862709512117139e+00
3.624500907441016295e+01 1.560662965730757001e+01 2.387317177324650430e+00
3.601426283762143754e+01 1.555088075157467742e+01 2.834920465463862449e+00
3.581268282267534886e+01 1.528795772392441599e+01 2.776502615565282550e+00
3.674201985694459438e+01 1.597648126401195690e+01 2.597832817337461186e+00
3.555305861001387768e+01 1.562165047507206062e+01 2.417380164406960574e+00
3.381996370235934535e+01 1.587571260809223794e+01 2.528429593252909058e+00
3.050634141133767585e+01 1.489357318244902295e+01 2.110526315789473806e+00
3.137872317711113368e+01 1.742156506885875800e+01 2.595932529091491414e+00
3.238457350272232560e+01 1.973356464182769443e+01 3.264278851286431138e+00
3.419262303832604033e+01 2.228527810398206555e+01 4.017433543290274578e+00
3.441837301163659646e+01 2.264779545211914069e+01 4.290135582363617139e+00
3.457320380057649345e+01 2.277920358706095882e+01 4.196220775061386021e+00
3.359583644710152583e+01 2.100116365965623899e+01 3.555588769082950851e+00
3.296172734066403365e+01 1.932926230383260346e+01 3.001878936692644384e+00
3.163052204547880919e+01 1.643160029892174734e+01 2.204409095761716841e+00
3.263128002562186225e+01 1.573833671399594358e+01 2.089238817123945768e+00
3.377508273726913757e+01 1.511114551083591273e+01 2.203085299455535218e+00
3.369922066830361729e+01 1.448316430020283896e+01 2.366467385502295073e+00
3.297639585779865712e+01 1.376538913205935799e+01 2.583271057969467321e+00
3.360778264118714986e+01 1.441288566243194147e+01 2.873705562079641229e+00
3.341573609480089857e+01 1.444418703960713124e+01 2.401270417422867620e+00
3.262724458204334610e+01 1.466568805380591378e+01 2.281445500160136586e+00
3.024782747944912842e+01 1.412852567524287473e+01 1.879000747304366392e+00
2.987626774847870337e+01 1.608702893135475520e+01 2.221319525995516297e+00
3.123852887797587385e+01 1.890378990071527809e+01 2.919141667556314879e+00
3.357513611615244997e+01 2.234054659976513335e+01 3.894523326572008060e+00
3.402744742179993409e+01 2.314195580228461679e+01 4.275573822995623274e+00
3.429456602967865564e+01 2.303520871143375714e+01 4.179865485214048881e+00
3.277434610867940989e+01 2.050823102380698160e+01 3.394203053272125459e+00
3.082233372477847766e+01 1.771478595067791062e+01 2.599637023593466267e+00
2.934340770791074959e+01 1.496092665741432626e+01 2.078776555994448660e+00
3.083059677591544911e+01 1.495380591438027196e+01 2.294245756378776591e+00
3.221869328493647799e+01 1.499413899861214894e+01 2.227917155973097252e+00
3.218273726913633226e+01 1.462052951852247240e+01 2.326870929860147541e+00
3.192652930500694097e+01 1.428671933383153636e+01 2.627383367139959347e+00
3.339529198249172737e+01 1.549410697128216086e+01 2.788427458097576750e+00
3.329409629550549710e+01 1.555645350699263396e+01 2.407334258567310759e+00
3.203761076118287576e+01 1.512723390626668163e+01 2.155482011316323110e+00
2.960488950571154021e+01 1.450881819152343333e+01 1.755257820006405511e+00
2.984593786697982409e+01 1.654675990178285616e+01 2.194576705455321797e+00
3.079031707056688205e+01 1.873654318351660208e+01 2.847026796199423337e+00
3.305487349204654635e+01 2.197873385288779602e+01 3.740204974911924829e+00
3.436364898046333138e+01 2.320281840503896831e+01 4.289975445713675839e+00
3.505441443365004517e+01 2.378224618340984264e+01 4.479940215650688451e+00
3.446126828226753247e+01 2.253609480089676609e+01 4.094939681861855085e+00
3.364330095014412336e+01 2.106573075691256491e+01 3.582641187146364814e+00
3.220202839756592539e+01 1.857189068004697319e+01 2.917881925910109864e+00
3.278683676737482955e+01 1.776418276929646467e+01 2.696807942777837308e+00
3.424649300736628277e+01 1.731070780399274156e+01 2.555353901996370247e+00
3.435435037899006971e+01 1.657370556207964185e+01 2.598163766414006481e+00
3.288731717732464688e+01 1.514885235400875452e+01 2.581925910109960309e+00
3.267496530372584829e+01 1.502758620689655089e+01 2.843439735240738564e+00
3.301672894203053232e+01 1.515543930820967233e+01 2.550571154051457068e+00
3.367815736094800627e+01 1.610801750827372558e+01 2.412864310878616525e+00
3.235980570086474017e+01 1.635325077399380689e+01 2.466307248852353862e+00
3.184395217252055232e+01 1.805265293050069531e+01 2.951040888224618186e+00
3.380905305861001153e+01 2.075869542009181146e+01 3.775381659015693447e+00
3.619852674282054039e+01 2.398486174869221799e+01 4.713430127041742246e+00
3.700391801003522829e+01 2.500680046973417348e+01 5.161097469840931318e+00
3.729538806448169197e+01 2.556754563894523358e+01 5.378146685171346419e+00
3.674254297000106817e+01 2.488171239457670580e+01 5.129764065335753465e+00
3.565982705241806627e+01 2.376636062773566849e+01 4.674538272659336080e+00
3.440887157040674538e+01 2.143090637343866689e+01 3.860179353047934026e+00
3.347839222803458625e+01 1.966724671719867601e+01 3.238859827052418261e+00
3.317032134087754969e+01 1.743987402583537971e+01 2.631013131205295341e+00
3.470456923241165725e+01 1.692281413472830209e+01 2.397085512971068866e+00
3.557123945767054352e+01 1.632533361802071070e+01 2.367801857585139391e+00
3.596764172093519818e+01 1.655363510195366672e+01 2.802540834845735240e+00
3.636760969360521045e+01 1.675964556421479656e+01 3.058289740578627125e+00
3.729179032774634095e+01 1.765311198889719080e+01 2.913889185438240492e+00
3.593972456496209844e+01 1.728352727660937305e+01 2.584178498985801209e+00
3.236378776555994108e+01 1.667573395964556582e+01 2.508102914487028823e+00
3.161606704387744315e+01 1.766036084125120098e+01 2.899402156506885930e+00
3.351908828867300372e+01 2.062118074089890030e+01 3.717593679940215612e+00
3.507406853848617345e+01 2.246116152450090908e+01 4.340140920251948309e+00
3.611016333938294309e+01 2.382141560798548241e+01 4.800010675776662517e+00
3.630411017401515750e+01 2.396737482651862905e+01 4.890808156293370068e+00
3.607485854595921637e+01 2.364114444325824849e+01 4.567727127148500266e+00
3.552708444539339894e+01 2.254959965837514702e+01 4.071250133447207986e+00
3.468729582577132220e+01 2.121070780399274014e+01 3.661673961780719466e+00
3.247823209138464762e+01 1.815775595174548940e+01 2.909650902103127823e+00
3.130490018148820397e+01 1.589120316002989242e+01 2.570097149567631245e+00
3.000649087221095357e+01 1.382113803779224881e+01 2.402893135475606012e+00
3.007254190242340286e+01 1.378756272018789453e+01 2.614999466211167078e+00
3.040524180634141160e+01 1.372122344400555072e+01 2.720198569445927195e+00
3.111683569979716069e+01 1.437869114978114737e+01 2.792612362549375504e+00
3.102236575210846681e+01 1.450182555780933136e+01 2.511508487242446908e+00
3.054568164833991517e+01 1.539316750293583880e+01 2.595003736521832138e+00
2.997850966157788122e+01 1.631098537418597161e+01 2.731696380911711408e+00
3.087994021565068792e+01 1.827482651862922935e+01 3.180698195793743910e+00
3.201540514572435114e+01 1.950566883740792079e+01 3.437461300309597512e+00
3.286496210099284809e+01 2.072716985160670333e+01 3.847325717945980550e+00
3.318619622077505937e+01 2.071993167502935762e+01 3.860745169211059924e+00
3.300889292196007574e+01 2.004055727554179711e+01 3.490402476780185559e+00
3.241655812960392780e+01 1.808541688907867950e+01 2.838112522686025319e+00
3.179613536884808411e+01 1.633214476353154865e+01 2.263061812746877344e+00
3.307130351233052323e+01 1.545526849578306816e+01 2.123219814241485981e+00
3.483611615245008863e+01 1.585321874666382058e+01 2.461150848724244611e+00
3.440986441763638481e+01 1.474643962848297285e+01 2.343866766307248994e+00
3.348927084445393376e+01 1.379433116259207814e+01 2.375168143482438321e+00
3.286243194192377359e+01 1.321825557809330576e+01 2.489601793530479501e+00
3.353453613750400564e+01 1.388053805914380234e+01 2.542852567524287455e+00
3.413964983452546420e+01 1.437775168143482496e+01 2.370876481264011737e+00
3.396411871463649135e+01 1.519348777623572033e+01 2.382352941176470562e+00
3.212877121810611669e+01 1.516440696060638338e+01 2.196722536564534867e+00
2.989982918757339547e+01 1.577703640439841948e+01 2.465282374292729894e+00
2.991439094694138845e+01 1.712908081562933660e+01 2.718319632753282811e+00
3.130282908081563065e+01 1.934653571047293852e+01 3.210462261129497286e+00
3.250880751574676708e+01 2.073729048788299423e+01 3.607857371623785614e+00
3.303974591651542880e+01 2.165164940749439637e+01 3.896316857051350446e+00
3.290013878509661538e+01 2.128233158962314420e+01 3.721522365752108374e+00
3.211234119782213980e+01 2.037321447635315508e+01 3.418234226539980991e+00
3.150999252695633501e+01 1.874220134514785840e+01 2.986676630724885317e+00
3.127578733852887893e+01 1.763906266680901069e+01 2.864503042596348692e+00
3.147249919931675066e+01 1.663707697234973892e+01 2.705103021244795514e+00
3.307070566883740526e+01 1.670196434290594567e+01 2.712650795345361576e+00
3.547366285897299321e+01 1.719361588555567266e+01 2.848991139105369719e+00
3.584458204334365661e+01 1.731711326999039358e+01 3.132614497704707901e+00
3.516520764385609255e+01 1.660974698409309269e+01 3.297533895590904152e+00
3.451616312586740776e+01 1.636406533575317468e+01 3.502135155332550376e+00
3.388273726913632800e+01 1.604293797373759034e+01 3.212832283548628265e+00
3.289511049428845979e+01 1.589650902103127983e+01 2.953400234867086471e+00
3.150725952813067110e+01 1.529820646952065744e+01 2.544507312907013930e+00
2.959347710045905799e+01 1.524551083591331313e+01 2.607889398953773696e+00
2.899996797267001014e+01 1.589357318244902295e+01 2.720935198035657088e+00
2.979240952279278432e+01 1.755967759154478358e+01 3.093124799829187754e+00
3.074905519376534713e+01 1.863882779972243142e+01 3.313718373011636409e+00
3.149927404718693325e+01 1.943226219707483793e+01 3.649055193765346594e+00
3.142596348884381285e+01 1.886070246610441004e+01 3.470673641507419749e+00
3.138141347283014682e+01 1.828431728408241597e+01 3.280153731183943489e+00
3.228076225045371928e+01 1.801215970961887436e+01 3.183281733746130104e+00
3.395338955909042511e+01 1.832304900181488350e+01 3.098323903063947782e+00
3.690503896658481864e+01 1.886892281413472716e+01 2.804302337995089101e+00
3.933959645564214469e+01 1.957299028504323601e+01 2.951916301910963991e+00
3.952341197822141794e+01 1.899646631792462870e+01 3.090605316536778169e+00
3.861336607238176555e+01 1.814305540728087962e+01 3.054852140493220958e+00
3.719129924201985915e+01 1.700013878509661680e+01 3.122002775701932187e+00
3.706089463008434137e+01 1.689819579374399439e+01 3.053410910643749254e+00
3.759734173161097459e+01 1.710793210206042403e+01 2.728803245436105307e+00
3.710373652183196214e+01 1.764351446567737725e+01 2.703907334258567108e+00
3.539366926443899075e+01 1.730424895911177430e+01 2.560595708337781495e+00
3.175786270951211776e+01 1.671179673321234205e+01 2.506277356677698354e+00
3.078531013131205185e+01 1.758264118714636481e+01 2.736361695313334064e+00
3.158724244688801264e+01 1.963085299455535448e+01 3.331205295185224902e+00
3.238001494608732855e+01 2.070779331696380865e+01 3.664086687306501666e+00
3.267651329134194782e+01 2.137279812106330823e+01 3.859795025088075260e+00
3.287027863777089465e+01 2.148547026796199333e+01 3.877399380804953388e+00
3.283079961567204208e+01 2.114648233158962398e+01 3.791085726486601803e+00
3.248169104302338184e+01 2.005975232198142422e+01 3.440044838261983706e+00
3.167644923668196810e+01 1.865819365858866163e+01 3.065463862495996672e+00
3.123898793637237148e+01 1.734861748692217276e+01 2.868858759474751885e+00
3.182137290487883163e+01 1.676323262517348311e+01 2.787626774847870248e+00
3.354710152663606237e+01 1.639409629550549852e+01 2.453272125547133697e+00
3.405920785737162504e+01 1.613955375253549818e+01 2.640653357531760559e+00
3.283638304686665776e+01 1.490912778904665359e+01 2.770214583110921502e+00
3.163896658481904467e+01 1.421819152343332959e+01 2.890413152556848608e+00
3.092849364791288735e+01 1.371617380164406974e+01 2.601494608732785263e+00
3.052844026902957353e+01 1.390462261129497179e+01 2.438027116472723410e+00
3.018152023059677447e+01 1.445259955161738041e+01 2.272157574463542051e+00
2.974668517134621482e+01 1.595717945980570107e+01 2.691277890466531542e+00
2.970079000747304221e+01 1.719961567204014230e+01 3.066488737055620639e+00
3.003705562079641211e+01 1.821970748371943927e+01 3.380153731183943577e+00
3.024943952172520412e+01 1.876737482651862976e+01 3.565623999145937972e+00
3.039463008433863678e+01 1.930875413686345610e+01 3.683602007046012705e+00
3.025288779758727387e+01 1.871477527490124970e+01 3.425846055300523219e+00
2.942902743674602206e+01 1.771913099177965023e+01 3.124298067684423863e+00
2.905841784989857857e+01 1.627885128643108814e+01 2.773705562079641140e+00
2.953240098217145260e+01 1.542842959325290941e+01 2.558375146791929122e+00
3.015525782000640476e+01 1.407362015586633852e+01 2.149076545318671982e+00
3.039542009181167970e+01 1.331619515319739477e+01 2.114401622718052653e+00
2.949596455642148030e+01 1.178392228034589451e+01 2.003501654745382776e+00
2.798817123945767094e+01 1.068732785310131383e+01 2.035795879150207988e+00
2.800973630831643035e+01 1.078955909042382899e+01 2.034642895270630802e+00
3.008693284936479273e+01 1.265901569339169441e+01 2.111561866125760467e+00
3.262060424895911126e+01 1.499531333404505240e+01 2.186100138785096458e+00
3.345425429700010511e+01 1.682137290487883163e+01 2.407195473470694846e+00
3.114245756378776520e+01 1.649513184584178660e+01 2.298676203693818643e+00
3.027553111988897072e+01 1.736450304259635047e+01 2.701718800042703261e+00
3.118726379844133589e+01 1.872380698195793869e+01 3.139980783602006831e+00
3.196312586740685546e+01 2.018271591758300332e+01 3.638123198462688279e+00
3.273489911391053653e+01 2.104534002348670896e+01 4.066051030212447515e+00
3.263038326038219594e+01 2.094264972776769440e+01 3.948585459592185209e+00
3.260298921746556999e+01 2.024001281093199367e+01 3.519493968186185651e+00
3.202010248745596499e+01 1.914831856517561803e+01 3.170993914807302083e+00
3.195426497277676958e+01 1.781727340664033221e+01 2.657371623785630188e+00
3.312341197822141226e+01 1.731226646738550201e+01 2.524159282587808306e+00
3.606011529838795582e+01 1.791776449236682112e+01 2.546119355183089628e+00
3.807096188747731702e+01 1.869771538379417208e+01 3.099637023593466267e+00
3.917167716451371717e+01 1.925022952919825059e+01 3.737749546279491852e+00
3.966267748478701805e+01 1.966507953453613666e+01 3.799252695633607235e+00
4.010904238283335133e+01 2.009061599231344175e+01 3.662207750613857282e+00
3.920931995302657924e+01 2.012374292729796110e+01 3.389676523967118715e+00
3.556340343760008693e+01 1.876369168356998074e+01 2.893402370022418957e+00
3.231875733959645913e+01 1.798380484680260594e+01 2.742265399807835902e+00
3.188945233265719992e+01 1.897555247144229895e+01 3.125173481370769668e+00
3.212444752855770247e+01 2.036269883634034272e+01 3.547005444646098127e+00
3.286270951211700719e+01 2.154462474645030312e+01 3.958759474751788243e+00
3.302223764278851093e+01 2.169294331162592115e+01 4.016792996690509376e+00
3.300069392548307690e+01 2.125206576278424109e+01 3.818469093626561506e+00
3.209100032027330229e+01 2.003120529518522375e+01 3.352749012490658487e+00
3.130892494929005920e+01 1.881880004270310636e+01 3.077687626774848084e+00
3.004873492046546346e+01 1.744303405572755494e+01 2.886911497811465832e+00
2.949217465570620433e+01 1.605792676417209464e+01 2.670951211700651307e+00
2.883249706416141933e+01 1.510462261129497108e+01 2.700651222376428073e+00
2.775210846589089186e+01 1.377609693605209706e+01 2.612415928258780884e+00
2.714244688801110428e+01 1.351773246503683090e+01 2.760093946834632384e+00
2.779827052418063360e+01 1.381166862389238759e+01 2.587178392228034696e+00
2.850018148820326758e+01 1.499713889185438198e+01 2.627255257820006573e+00
2.888059143802711759e+01 1.598917476246396951e+01 2.708722109533468370e+00
2.924121917369488699e+01 1.716235721148713722e+01 2.867983345788406080e+00
3.064926870929860314e+01 1.860586100138785071e+01 3.063296679833457770e+00
3.188365538592932680e+01 2.026046759901782934e+01 3.473566776983025406e+00
3.321624853208071215e+01 2.152933703426924339e+01 3.923347923561439021e+00
3.342065762784242366e+01 2.172710579694672717e+01 4.018010035230062726e+00
3.361068645243941688e+01 2.156829294331162572e+01 4.011978221415607671e+00
3.294088822461834098e+01 2.060632005978434833e+01 3.693018042062560014e+00
3.246017935304793411e+01 1.940787872317710949e+01 3.260456923241165761e+00
3.102423401302444717e+01 1.775553539019963623e+01 2.862303832603821707e+00
3.043053272125547082e+01 1.650135582363617104e+01 2.639286858118928158e+00
3.022295291982491605e+01 1.575840717412191694e+01 2.602871783922280358e+00
3.115774527596882848e+01 1.552377495462794954e+01 2.604174228675136149e+00
3.114287391907761204e+01 1.516525034696274155e+01 2.786804740044838358e+00
3.031472189601793588e+01 1.460545532187466655e+01 2.977559517454894777e+00
3.002951852247251097e+01 1.473149354115511933e+01 2.996498345254617224e+00
3.014738977260595831e+01 1.497926764172093606e+01 2.761705989110707637e+00
2.917847763424789065e+01 1.513952172520550832e+01 2.587487989751254602e+00
2.810361908828867428e+01 1.500297854168890765e+01 2.393615885555674172e+00
2.864900181488203401e+01 1.612153304152877098e+01 2.610323476032881285e+00
3.015392334792356266e+01 1.762144763531546943e+01 2.893413045799082095e+00
3.103063947902209918e+01 1.875376321127362189e+01 3.260392868581189152e+00
3.176127895804419765e+01 1.961380377922493778e+01 3.483100245542863238e+00
3.182786377708978165e+01 1.972716985160670333e+01 3.474623678872637900e+00
3.221135902636916626e+01 1.938348457350272369e+01 3.261503149354115560e+00
3.157391907761289573e+01 1.811806341411337584e+01 2.861567204014091814e+00
3.121301377175189629e+01 1.681477527490124757e+01 2.561097469840930785e+00
3.077685491619515190e+01 1.590750507099391520e+01 2.594608732785310234e+00
3.195820433436532682e+01 1.594720828440268967e+01 2.651531973951104959e+00
3.257712181061172174e+01 1.612035870609586752e+01 2.848169104302337828e+00
3.199861214903384266e+01 1.521319525995516209e+01 2.851051564001281236e+00
3.053612682822675239e+01 1.429852674282054004e+01 3.138923881712394781e+00
3.017484787018255687e+01 1.404949290060852007e+01 3.172339062666809095e+00
3.018606811145510704e+01 1.430113163232625162e+01 3.092110601046226037e+00
3.069603928685812022e+01 1.459562293156827195e+01 2.845884488096508846e+00
2.994041849044517889e+01 1.468180847656667076e+01 2.560392868581189418e+00
2.855311198889719293e+01 1.423534749653037323e+01 2.393167502935838797e+00
2.813849685064588613e+01 1.477793316963809112e+01 2.544912992420198528e+00
2.890009608198996460e+01 1.540289313547560646e+01 2.623550763318031276e+00
2.878238496850645944e+01 1.596539980783601997e+01 2.705583431194619415e+00
2.904643962848297178e+01 1.645222589943418257e+01 2.743108786164193624e+00
2.883205935731824354e+01 1.638970855129710813e+01 2.664962100992847027e+00
2.898614284189174839e+01 1.588690082203480358e+01 2.493605209779011567e+00
2.862350806021138183e+01 1.533267855236468513e+01 2.438742393509127915e+00
2.937079107505071107e+01 1.530266894416568846e+01 2.608540621330201592e+00
3.074093092772499247e+01 1.592633714102700893e+01 2.929230276502615471e+00
3.196527169851606587e+01 1.606545318671933487e+01 3.134600192163980115e+00
3.087834952492793761e+01 1.518713568912138356e+01 3.311786057435678554e+00
2.993370342692430697e+01 1.449356250667235990e+01 3.401398526742820394e+00
2.955901569339169299e+01 1.446330735561012126e+01 3.070385395537525319e+00
2.960590370449450148e+01 1.458653784562826949e+01 2.687370556207964167e+00
2.801426283762143754e+01 1.428604675990178308e+01 2.363211273620156039e+00
2.729085085940002031e+01 1.434214796626454635e+01 2.283367139959432190e+00
2.767151702786377854e+01 1.542125547133553987e+01 2.485406213302017608e+00
2.870933062880324371e+01 1.648703960713141825e+01 2.751959005017615034e+00
2.893216611508487190e+01 1.701503149354115507e+01 2.911903490978968723e+00
2.936354222269670089e+01 1.722257926764171998e+01 2.974260702466104522e+00
2.910219920999252707e+01 1.691919504643962924e+01 2.876876267748478710e+00
2.914252161844774136e+01 1.641037685491619413e+01 2.654553218746663834e+00
2.883834738977260770e+01 1.562360414220134430e+01 2.463456816483398981e+00
2.972229102167182546e+01 1.552850432368954792e+01 2.456506885875947344e+00
3.112451158321767863e+01 1.619035977367353496e+01 2.810174015159602856e+00
3.300211380377922410e+01 1.693988470161204063e+01 3.135027223230490101e+00
3.291787125013344451e+01 1.661995302658268514e+01 3.501174335432902573e+00
3.265240738763745298e+01 1.637533895590904365e+01 3.708999679726700194e+00
3.216267748478701805e+01 1.629504643962848220e+01 3.471847976940322322e+00
3.118121063307355456e+01 1.597173054339703135e+01 3.024266040354435692e+00
2.894721896017935237e+01 1.490369381872531207e+01 2.594587381231984846e+00
2.817373758940962958e+01 1.499298601473257264e+01 2.412383900928792624e+00
2.864239350912778903e+01 1.596489804633287157e+01 2.472648660190028824e+00
2.977771965410483546e+01 1.723632966798334465e+01 2.701281093199530137e+00
2.982407387637450569e+01 1.774179566563467603e+01 2.833084231877869286e+00
3.011543717305433887e+01 1.780677911818084880e+01 2.782331589623145085e+00
2.958110387530692975e+01 1.705632539767267986e+01 2.636553859293263802e+00
2.977850966157787838e+01 1.648910003202733066e+01 2.476310451585352901e+00
3.009428845948542630e+01 1.603059677591544840e+01 2.526934984520123884e+00
3.182520550870075837e+01 1.640198569445927035e+01 2.621917369488630190e+00
3.388948435998718622e+01 1.698845948542756545e+01 2.711828760542329242e+00
3.506633927618234026e+01 1.671016333938294096e+01 2.678733852887797529e+00
3.295776662752215458e+01 1.504603394896978763e+01 2.586633927618234186e+00
3.079229208924949290e+01 1.316802604889505623e+01 2.516675563147218853e+00
2.931873598804313019e+01 1.246527169851606764e+01 2.562197074837194499e+00
3.042251521298174310e+01 1.330016013664994112e+01 2.311625920785737254e+00
3.091385715810825374e+01 1.454608732785310110e+01 2.318212874986655070e+00
3.145824703747197759e+01 1.543905199103234693e+01 2.452247250987509286e+00
2.934689868687947012e+01 1.511877869114978168e+01 2.504430447315042052e+00
2.930825237536030770e+01 1.581066510088608901e+01 2.610985374185971875e+00
2.969881498879043491e+01 1.661438027116472682e+01 2.867769830255150865e+00
3.042787445286644754e+01 1.756323262517348027e+01 3.138614284189174874e+00
3.002537632112736077e+01 1.745297320380057826e+01 3.005498024981317240e+00
2.993332977474111090e+01 1.717821073983132152e+01 2.898206469520657524e+00
2.954291662218426495e+01 1.657640653357531590e+01 2.698782961460446383e+00
3.053986335005871666e+01 1.675122237642788647e+01 2.834995195900501752e+00
3.148453079961567269e+01 1.660354435785203364e+01 2.764172093519803752e+00
3.416819686132166112e+01 1.753774954627949256e+01 2.730468666595494920e+00
3.490149460873278286e+01 1.705541795665634552e+01 2.783804846802604871e+00
3.372228034589516454e+01 1.551754030105690241e+01 2.565314401622718066e+00
3.080964022632646504e+01 1.318207537098323989e+01 2.330810291448702998e+00
2.897668410376854808e+01 1.174931141240525179e+01 2.340674709085086125e+00
2.830560478274794534e+01 1.111570406747090800e+01 2.090914914059998075e+00
2.971936585886623305e+01 1.187986548521404906e+01 1.928525675242873882e+00
3.124919397886196393e+01 1.347757019323155703e+01 2.055898366606170757e+00
3.195672040140920345e+01 1.495382726593359735e+01 2.185021885342158576e+00
3.001112415928258770e+01 1.529151275755311268e+01 2.363307355610120730e+00
2.955720081135902788e+01 1.627624639692537656e+01 2.679716024340770719e+00
2.928390092879256912e+01 1.695429700010675944e+01 2.874933276395857717e+00
2.975935731824490205e+01 1.771714529732037846e+01 3.137578733852887769e+00
2.951998505391267358e+01 1.776293370342692413e+01 3.212447955588769055e+00
2.993551830895697563e+01 1.789903918010035255e+01 3.160243407707910901e+00
3.002217358812853476e+01 1.754316216504750869e+01 3.027735667769830386e+00
3.062577132486388365e+01 1.727001174335432765e+01 3.006074516921105833e+00
3.060016013664994006e+01 1.646722536564535133e+01 2.865976299775808478e+00
3.137181594961033326e+01 1.590500693925483056e+01 2.783174975979502364e+00
3.171194619408561977e+01 1.554662111668623936e+01 2.851222376427885230e+00
3.253711967545638828e+01 1.557302231237322587e+01 3.202732998825664534e+00
3.247775168143482460e+01 1.545913312693498476e+01 3.460083271057969423e+00
3.285819365858866092e+01 1.570356570940535867e+01 3.175872744742179954e+00
3.207319312479982898e+01 1.570770791075050710e+01 2.896829294331162430e+00
3.052486388384755145e+01 1.518838475499092588e+01 2.473107718586527337e+00
2.893777089783281653e+01 1.486529305006939339e+01 2.396370235934664361e+00
2.985563147218960012e+01 1.631227714316216648e+01 2.558695420091811723e+00
3.106088395430767690e+01 1.805805487349204697e+01 2.922547240311732519e+00
3.287690829507846502e+01 2.021088929219600772e+01 3.580409949823849747e+00
3.352395644283121356e+01 2.120350165474538429e+01 4.000384327959858766e+00
3.406214369595387836e+01 2.188986868794704677e+01 4.254318351660082875e+00
3.340108892921960404e+01 2.113637237108999756e+01 3.799103234760328629e+00
3.301799935945339826e+01 2.031553325504430418e+01 3.481018469093626777e+00
3.181239457670545434e+01 1.861896017935304926e+01 2.944240418490445155e+00
3.125508700757980307e+01 1.739825984840397055e+01 2.679598590797480639e+00
3.025635742500266900e+01 1.605093413045798911e+01 2.549268709298601276e+00
3.116894416568805326e+01 1.587363083164300193e+01 2.541667556314721743e+00
3.187903277463435359e+01 1.584007686559197126e+01 2.835891961140172945e+00
3.192771431621650535e+01 1.561946194085619766e+01 3.036190882886729892e+00
3.133341518095441458e+01 1.536594427244582128e+01 3.327009714956763009e+00
3.172734066403330999e+01 1.550076865591971753e+01 3.046695847122878220e+00
3.133938294010889436e+01 1.557844560691790292e+01 2.714689868687947261e+00
3.011330201772178938e+01 1.547586206896551708e+01 2.456656346749225950e+00
2.903677805060318207e+01 1.571857585139318836e+01 2.393114124052524883e+00
3.019931675029358331e+01 1.718674068538486210e+01 2.669691470054446292e+00
3.067708978328173330e+01 1.845539660510302227e+01 2.930981103875307081e+00
3.167896871997437813e+01 1.978462688160563587e+01 3.420860467599017962e+00
3.154772072168250219e+01 1.994595921853314735e+01 3.454553218746663656e+00
3.155566349951958927e+01 1.985332550443044752e+01 3.470353368207537148e+00
3.050502829080815559e+01 1.869654104836126862e+01 3.106362762891000440e+00
3.055903704494501838e+01 1.809972242980676782e+01 2.943557168784029177e+00
3.024934343973524165e+01 1.721525568485107271e+01 2.840258353795238389e+00
3.057003309490765375e+01 1.647350272232304746e+01 2.744624746450304187e+00
3.057158108252375328e+01 1.525593039393615946e+01 2.455930393936158751e+00
3.073723710899967898e+01 1.429299669050923427e+01 2.353506992633714212e+00
2.936953133340450606e+01 1.317078039927404731e+01 2.344977047080174959e+00
2.826068111455108323e+01 1.205234333297747362e+01 2.345051777516814262e+00
2.740259421372904924e+01 1.168412512010248783e+01 2.355396605103021290e+00
2.829581509554819974e+01 1.239219600725952830e+01 2.264342905946407747e+00
2.886364898046332783e+01 1.341409202519483301e+01 2.275990178285470122e+00
2.894354649300736781e+01 1.436453506992633677e+01 2.298377281947261874e+00
2.790133447208284423e+01 1.491982491726273174e+01 2.475669904985587699e+00
2.856362762891000173e+01 1.614690936265613175e+01 2.650944806234653672e+00
2.903083164300202768e+01 1.721195686986228424e+01 2.877858439201451901e+00
3.020450517775168109e+01 1.869621009928472333e+01 3.240151596028610914e+00
3.035696594427244577e+01 1.920226326465250466e+01 3.351030212447955403e+00
3.069776876267748378e+01 1.953088502188534292e+01 3.415415821501014193e+00
2.991444432582470370e+01 1.879614604462474503e+01 3.132368954841464603e+00
2.981568271591758190e+01 1.827313974591651657e+01 3.002775701932315577e+00
2.925808690082203611e+01 1.731305647485854493e+01 2.812757553111989051e+00
3.010771858652717015e+01 1.687873385288779815e+01 2.832828013237962850e+00
3.029725632539767233e+01 1.597070566883740739e+01 2.790391801003523131e+00
3.131340877548841561e+01 1.578737055620796426e+01 2.748435998718906870e+00
3.166503683142948589e+01 1.543447208284402627e+01 2.891512757553111879e+00
3.184858545959218645e+01 1.511834098430660767e+01 3.045446781253336344e+00
3.106706522899541056e+01 1.468144550016013739e+01 3.124041849044517871e+00
3.109556955268495670e+01 1.473354329027436727e+01 2.961236254937546608e+00
3.063698089035977290e+01 1.477944912992420257e+01 2.689132059357318028e+00
2.993763211273620328e+01 1.497736735347496584e+01 2.580345895163873138e+00
2.921201024874559593e+01 1.563223016974484914e+01 2.661705989110707993e+00
3.071724137931034448e+01 1.704167823209138533e+01 2.906522899540941562e+00
3.120656560264759349e+01 1.805802284616205711e+01 3.169467278744528826e+00
3.235603715170278605e+01 1.947859506779118277e+01 3.597694032240845718e+00
3.256641400661898444e+01 1.978074089890039389e+01 3.845617593679940160e+00
3.347741005658161839e+01 2.053074623678872612e+01 4.068132806661684420e+00
3.319468346322194918e+01 2.046943525141454145e+01 3.747688694352514283e+00
3.338876908295078749e+01 2.021985694459272054e+01 3.579854809437386542e+00
3.206065976299775855e+01 1.857175189495035639e+01 3.100864737909682756e+00
3.176916835699797304e+01 1.742049749119248503e+01 2.885907974805167253e+00
3.093805914380271105e+01 1.592598484039713824e+01 2.606159923134407919e+00
3.043961780719547505e+01 1.466352087114337621e+01 2.480527383367139738e+00
2.947782641187146524e+01 1.373706629657307587e+01 2.503266787658802173e+00
2.948342051884274539e+01 1.356792996690509234e+01 2.616440696060638338e+00
2.899060531653677941e+01 1.342973203800576520e+01 2.499359453400234798e+00
2.994355716878402873e+01 1.419833457884061012e+01 2.388833137610760993e+00
3.046489804633286980e+01 1.584816910430233783e+01 2.668527810398206412e+00
3.105464930073662799e+01 1.766718266253869984e+01 3.135400875413686173e+00
3.110940535923988293e+01 1.838258780826305028e+01 3.252503469627415544e+00
3.122882459698942981e+01 1.879436318992206623e+01 3.317550976833564480e+00
3.101460446247464375e+01 1.857580869008220503e+01 3.335443578520337571e+00
3.202866446033949188e+01 1.857690829507846786e+01 2.957115405145724463e+00
3.290327746343546522e+01 1.812130885021885263e+01 2.595825771324864029e+00
3.599771538379417279e+01 1.913109853741859823e+01 2.690124906586954356e+00
3.888959111775381672e+01 1.960479342372157419e+01 2.598067684424041790e+00
4.103669264438988051e+01 1.981914166755631612e+01 2.789687199743781321e+00
4.070081135902636760e+01 1.848266253869968878e+01 2.758898259848403978e+00
3.956757766627521988e+01 1.714350378990071633e+01 2.826774847870182406e+00
3.722420198569445660e+01 1.555665634674922515e+01 2.919344507312906956e+00
3.677041742286751713e+01 1.517104729369061644e+01 2.526241059037044767e+00
3.626221842639051829e+01 1.527233906266680918e+01 2.284658908935625288e+00
3.580080068324970455e+01 1.593907334258567232e+01 2.262090317070566847e+00
3.348900395003736463e+01 1.598621757232838725e+01 2.273609480089676449e+00
3.248303619088288485e+01 1.742589943418383669e+01 2.658620689655172509e+00
3.253596669157681021e+01 1.883778157360947958e+01 3.159859079748051691e+00
3.297399380804953495e+01 1.998555567417529488e+01 3.553592398847015943e+00
3.244200918116793275e+01 2.017029998932422430e+01 3.733692751147645872e+00
3.318339916728942285e+01 2.091450838048467986e+01 3.992975338955909059e+00
3.321509554820113408e+01 2.058683676737482671e+01 3.714519056261342822e+00
3.369290060851926683e+01 2.018847016120422921e+01 3.478370876481263974e+00
3.301959005017614857e+01 1.864912992420198634e+01 3.112042276075584368e+00
3.393636169531333735e+01 1.781566136436425651e+01 2.818052738336714214e+00
3.370358706095868229e+01 1.621012063627629018e+01 2.504067470908508675e+00
3.342184263905198804e+01 1.509125653891320518e+01 2.343044731504217104e+00
3.283167502935838655e+01 1.417004377068431786e+01 2.463221949396818822e+00
3.225299455535390081e+01 1.358697555247144173e+01 2.588790434504110394e+00
3.120763318031386646e+01 1.296541048361268267e+01 2.508786164193445245e+00
3.136515426497277659e+01 1.313901996370235992e+01 2.380740898900394864e+00
3.097225365645350692e+01 1.364307675883420501e+01 2.163179246290167779e+00
3.139621009928472262e+01 1.489773673534749676e+01 2.300448382619835641e+00
3.092001708124266202e+01 1.631040888224618257e+01 2.698110387530692655e+00
3.159536671292836729e+01 1.804700544464609635e+01 3.137012917689761871e+00
3.151314188107184933e+01 1.885935731824490347e+01 3.342457563787765373e+00
3.183600939468346169e+01 1.952191736948863010e+01 3.607654531867193537e+00
3.175816163125867320e+01 1.933808049535603857e+01 3.495505498024981339e+00
3.282206683036191208e+01 1.960334151809544068e+01 3.249898580121703962e+00
3.334515853528343854e+01 1.873908401836233750e+01 2.839051991032347733e+00
3.544804099498238514e+01 1.851949396818618609e+01 2.615650688587594530e+00
3.535249279385075027e+01 1.662744742179993551e+01 2.204996263478168128e+00
3.469739511049429126e+01 1.487446354222269740e+01 1.980367246717198659e+00
3.168287605423294551e+01 1.202997758086900859e+01 1.752247250987509330e+00
3.063307355610120553e+01 1.130671506352087086e+01 2.105124372798121257e+00
3.092871783922280216e+01 1.152239777943845489e+01 1.921415607985480944e+00
3.264365325077399405e+01 1.306301910964022639e+01 1.986569872958257710e+00
3.272700971495676470e+01 1.419612469307142177e+01 2.136895484146471791e+00
3.203523006298708253e+01 1.513528344187039565e+01 2.295174548948435866e+00
3.035547133553966148e+01 1.592690295719013527e+01 2.695975232198142280e+00
3.041084658908935623e+01 1.711202092452225898e+01 3.311732678552364639e+00
3.021649407494395234e+01 1.743104515853528369e+01 3.513974591651542578e+00
3.083393829401088837e+01 1.802266467385502224e+01 3.639607131418810759e+00
3.117193338315362539e+01 1.797175189495035852e+01 3.408732785310131241e+00
3.284548948435998739e+01 1.800504964236148098e+01 3.068591865058182933e+00
3.403515533255044545e+01 1.728980463328707273e+01 2.603224084552151041e+00
3.560780399274047170e+01 1.677967332123412092e+01 2.344635422226966970e+00
3.521430554072809116e+01 1.565674175296252812e+01 2.337343866766307343e+00
3.365395537525355252e+01 1.370558343119461853e+01 2.099466211166862273e+00
3.067447421799936080e+01 1.122808796839970036e+01 1.945959218533148238e+00
2.959969040247678151e+01 1.065886623251841492e+01 2.067417529625280359e+00
2.967499733105583459e+01 1.068016440696060698e+01 1.885523646845308043e+00
3.097975872744742176e+01 1.187947048147752760e+01 1.970278637770897845e+00
3.086959538806448222e+01 1.279824917262730821e+01 2.053869969040247767e+00
3.149357318244902260e+01 1.438919611401729526e+01 2.164577773032988262e+00
3.167749546279491923e+01 1.656175936799402137e+01 2.466809010355503151e+00
3.289278317497598181e+01 1.894680260488950552e+01 3.168719974378135795e+00
3.332263264652503665e+01 2.000986441763638268e+01 3.554019429913526373e+00
3.409837728194726481e+01 2.106101206362762923e+01 3.902412725525782111e+00
3.419332763958578170e+01 2.128118928152023059e+01 4.008113590263691961e+00
3.573169638091171407e+01 2.195581296039286912e+01 4.046578413579587696e+00
3.629828119995729452e+01 2.123790968292943404e+01 3.574015159602861313e+00
3.712536564535069772e+01 2.050983239030639638e+01 3.324821180740898718e+00
3.688027116472723321e+01 1.877051350485747960e+01 2.829091491405999914e+00
3.591950464396284559e+01 1.663441870396071209e+01 2.379011423081029086e+00
3.438217145297320343e+01 1.442156506885875977e+01 2.046055300523113019e+00
3.331148713568912001e+01 1.309094694138998527e+01 2.078082630511369544e+00
3.136773780292516278e+01 1.187370556207964079e+01 2.181509554820113106e+00
3.143249706416141720e+01 1.189071207430340493e+01 1.997224298067684423e+00
3.089797160243407603e+01 1.252312373225152164e+01 1.912725525782000613e+00
3.147277676950998071e+01 1.411846909362656177e+01 2.097138891854382514e+00
3.231709191843706463e+01 1.637478381552258000e+01 2.406512223764278868e+00
3.324432582470375053e+01 1.888417849898580059e+01 3.012672146898686787e+00
3.361512757553111896e+01 2.057286217572328368e+01 3.604900181488203348e+00
3.443829401088929387e+01 2.205120102487455824e+01 4.199711754030105659e+00
3.444267107932102334e+01 2.233660723817657612e+01 4.353923347923561060e+00
3.555877015052845280e+01 2.311966478061279062e+01 4.508081562933702990e+00
3.653315896231450921e+01 2.280954414433649902e+01 4.032539767268068509e+00
3.741992099925269599e+01 2.195614390946941441e+01 3.581264011956869719e+00
3.615267428205402211e+01 1.903027650261556403e+01 2.758471228781893991e+00
3.466216504750720873e+01 1.624650368314294724e+01 2.235849258033522080e+00
3.213607344934344212e+01 1.339501441229849554e+01 1.856869862282481076e+00
3.195370983239030593e+01 1.238808583324436796e+01 1.763915874879897538e+00
3.202532294224404552e+01 1.256975552471442370e+01 2.019259101099605047e+00
3.354208391160457126e+01 1.384037578733852847e+01 1.883836874132593042e+00
3.349292196007259292e+01 1.492303832603821867e+01 2.108775488416782196e+00
3.447683356464182935e+01 1.715844987722856985e+01 2.658065549268709304e+00
3.360145190562613493e+01 1.845864204120849905e+01 3.060723817657734713e+00
3.417086580548735242e+01 2.031993167502935904e+01 3.690583964983452425e+00
3.408058076225045596e+01 2.144224404825451202e+01 3.963147218960179519e+00
3.487966264545745787e+01 2.280921319525995372e+01 4.463552898473364117e+00
3.491804206256005472e+01 2.295128643108786193e+01 4.432838689014626077e+00
3.554961033415180793e+01 2.325889825984840442e+01 4.473566776983025406e+00
3.562461834098430558e+01 2.263174975979502435e+01 4.061022739404291926e+00
3.671013131205295110e+01 2.220385395537525497e+01 3.830885021885342301e+00
3.622881392121276889e+01 2.019762997758087053e+01 3.244026902957190206e+00
3.637859506779118135e+01 1.852418063414113547e+01 2.812725525782000524e+00
3.427954521191416859e+01 1.556188747731397370e+01 2.213355396605102943e+00
3.321420945873812514e+01 1.344416568805380585e+01 1.715832176790861530e+00
3.079790754777410200e+01 1.105291982491726266e+01 1.488544891640866785e+00
2.941521298174442123e+01 9.998131739084017866e+00 1.565912245115832269e+00
2.804106971282160643e+01 9.425856731077185913e+00 1.813163232625173427e+00
2.809272979609266585e+01 9.528845948542755906e+00 1.877185865271698617e+00
2.837594747517881899e+01 9.394427244582043812e+00 1.435859933810184730e+00
2.976114017294758085e+01 1.042714850005337901e+01 1.252236575210846636e+00
3.069897512544037710e+01 1.246652076438560819e+01 1.686708658054873577e+00
3.292513077826411916e+01 1.588080495356037147e+01 2.175264225472403279e+00
3.417044945019750202e+01 1.874219066937119749e+01 2.743119461940856318e+00
3.629365858866232486e+01 2.177042809864417805e+01 3.503565709405359385e+00
3.693558236361695180e+01 2.314861748692217347e+01 4.200832710579694762e+00
3.763137610761182827e+01 2.416141774314081303e+01 4.746898686879470475e+00
3.732720187893669106e+01 2.318463755738229892e+01 4.239041315255684950e+00
3.738077292623038517e+01 2.205255684851072928e+01 3.751980356570940423e+00
3.590887157040674538e+01 1.951408134941816996e+01 2.974367460232731908e+00
3.549374399487562926e+01 1.729385075264225335e+01 2.286644603394897057e+00
3.348980463328707202e+01 1.420730223123732294e+01 1.763029785416889039e+00
3.247726059570833712e+01 1.197067364150741930e+01 1.388448809650902005e+00
3.030095014412298582e+01 9.822568591865058707e+00 1.069851606704387725e+00
2.868529945553538951e+01 8.976929646631791826e+00 1.086004056795131900e+00
2.720386463115191589e+01 8.633297747411123879e+00 1.331835166008327187e+00
2.707051350485747676e+01 8.891470054446461546e+00 1.590872210953346855e+00
2.743394896978755071e+01 8.455823636169531810e+00 1.029401088929219554e+00
2.954872424468880254e+01 9.262239777943845453e+00 8.571794598057008718e-01
3.184804099498238372e+01 1.168229956229315647e+01 1.330628803245436087e+00
3.422415928258780582e+01 1.559259101099605083e+01 1.979246290167609779e+00
3.567137824276716174e+01 1.904236148179780130e+01 2.575456389452332573e+00
3.783789900715277099e+01 2.262901676096936043e+01 3.454724031173267651e+00
3.728581189281520381e+01 2.361649407494395092e+01 3.900021351553325299e+00
3.690234867086580550e+01 2.479061599231344104e+01 4.286890146258140355e+00
3.412487455962421024e+01 2.406752428739190819e+01 3.952781039820647102e+00
3.235419024234013108e+01 2.433814455001601473e+01 4.072872851499946378e+00
3.223661791395323917e+01 2.465178819259100962e+01 4.188320700330948831e+00
3.260498558770150623e+01 2.518386890146258139e+01 4.418735988043129836e+00
3.227101526636062800e+01 2.484556421479662802e+01 4.251382513077825998e+00
3.271127362015586471e+01 2.522208818191523605e+01 4.306683036190882774e+00
3.233358599338102124e+01 2.478913205935731767e+01 4.102327319312480292e+00
3.273241165794811280e+01 2.516560264759261401e+01 4.260862602754350803e+00
3.252471442297427018e+01 2.482801323796306292e+01 4.105604782747945158e+00
3.286259207857371933e+01 2.525157467705775716e+01 4.298772285683783778e+00
3.259433116259207708e+01 2.481346215437173086e+01 4.146823956442831083e+00
3.290241272552578522e+01 2.519268709298601649e+01 4.297384434717625545e+00
3.263430127041742423e+01 2.480070460125974208e+01 4.137674815842852460e+00
3.295999786484466654e+01 2.515072061492473665e+01 4.301505284509447691e+00
3.260373652183196214e+01 2.479219600725952688e+01 4.135646418276929914e+00
3.313868901462581107e+01 2.513828333511262869e+01 4.270022419130992120e+00
3.285092345468132891e+01 2.475146791929112666e+01 4.169317817871250220e+00
3.321783922280346246e+01 2.517380164406960574e+01 4.244272445820433504e+00
3.288281199957297218e+01 2.478211807408989031e+01 4.109373331909896621e+00
3.324523326572008131e+01 2.513338315362442543e+01 4.249898580121703517e+00
3.293721575744635288e+01 2.472907013985267355e+01 4.131269349845201333e+00
3.322377495462794883e+01 2.514480623465357212e+01 4.324938614284189242e+00
3.291843706629657618e+01 2.472844026902957282e+01 4.173865698729582796e+00
3.328270524180634027e+01 2.515468132806661572e+01 4.360168677271271775e+00
3.295255684851073141e+01 2.473619088288673140e+01 4.145873812319845975e+00
3.319706416141774241e+01 2.516680901035550377e+01 4.303725846055300508e+00
3.275419024234012966e+01 2.478171239457670438e+01 4.083367139959432457e+00
3.303954307675883229e+01 2.516507953453613666e+01 4.195462794918330296e+00
3.277039607131418819e+01 2.476150314935411600e+01 4.032230169744848602e+00
3.313043663926550408e+01 2.523509127789046502e+01 4.178424255364578066e+00
3.272915554606597510e+01 2.485138251307782653e+01 4.027938507526422462e+00
3.308100779331696373e+01 2.518477634247891572e+01 4.242617700437707029e+00
3.269612469307141822e+01 2.478579054126187842e+01 4.087317177324650608e+00
3.301385715810825161e+01 2.518936692644389908e+01 4.304761396391587169e+00
3.267135689121383280e+01 2.475695526849578343e+01 4.177335326144977046e+00
3.321612042276075272e+01 2.512235507633180376e+01 4.355834311946193971e+00
3.304349311412405399e+01 2.470062987082310357e+01 4.183986335005871915e+00
3.350839116045692379e+01 2.507469840930927774e+01 4.454158215010141753e+00
3.317619301804206344e+01 2.461487135689121430e+01 4.281328066616846506e+00
3.357928899327426109e+01 2.503373545425429825e+01 4.426230383260381984e+00
3.301527703640439881e+01 2.469030639479021971e+01 4.220187893669264056e+00
