1.213511003203140461e+02 1.811295593603948646e+02 2.207697239289299205e+02
1.213561383935707028e+02 1.810756494191510626e+02 2.207258981260669088e+02
1.212728455523659079e+02 1.809524387982788767e+02 2.206422920036570758e+02
1.213034815771470960e+02 1.810119286613941654e+02 2.206697488635564355e+02
1.211899539029083996e+02 1.811505124385425347e+02 2.206405593667883522e+02
1.209695685670262009e+02 1.811264137613564458e+02 2.202997989246143220e+02
1.205902233886796751e+02 1.811749851351264908e+02 2.197750864720060804e+02
1.205967799167567023e+02 1.813405798259690869e+02 2.195713146302322798e+02
1.205194873696526372e+02 1.814300647660940342e+02 2.193201797850507262e+02
1.204733455235951851e+02 1.815415257434035254e+02 2.190983990691072734e+02
1.206777711001285098e+02 1.818130030880575987e+02 2.192120817855750090e+02
1.209324671214572078e+02 1.821110278180923103e+02 2.193988741057100356e+02
1.211356715406402458e+02 1.823330386998190704e+02 2.195470273449737419e+02
1.210851709300615653e+02 1.823424866855487778e+02 2.197162423517828245e+02
1.205952902326592522e+02 1.819356798521824317e+02 2.195192188429054454e+02
1.202730005945949472e+02 1.816175555754464312e+02 2.193717688879795844e+02
1.202664600502528600e+02 1.816546857917383306e+02 2.194802313166122190e+02
1.202005958736389886e+02 1.816585714377049783e+02 2.192834539572531014e+02
1.199800714792627048e+02 1.815168340696507130e+02 2.189668657174459270e+02
1.199159047753006604e+02 1.814586676597893984e+02 2.188028566131104924e+02
1.197771931282726712e+02 1.813250484307168904e+02 2.186238579621377198e+02
1.196237284938846273e+02 1.810971283621786370e+02 2.184070737617400653e+02
1.198502771579640580e+02 1.811049651874252788e+02 2.184608286607548280e+02
1.202294321298646480e+02 1.812969122620821167e+02 2.186724133521728390e+02
1.203979742214322641e+02 1.812995112173852021e+02 2.187331499466143327e+02
1.202670690305545094e+02 1.810868012710266157e+02 2.185880687812082499e+02
1.199978006380707001e+02 1.807531120331950092e+02 2.183224894347511906e+02
1.198314147523480102e+02 1.805931548056697409e+02 2.181835476219399084e+02
1.197608753332608700e+02 1.806081827132709634e+02 2.182580574007889709e+02
1.200437330972002883e+02 1.808948222288998693e+02 2.186008030228439623e+02
1.202474633812632305e+02 1.811194496480381702e+02 2.188817219597337669e+02
1.203174449680005580e+02 1.812109133745500458e+02 2.189834472440844308e+02
1.203278455843333887e+02 1.813930368457058080e+02 2.190250225370662918e+02
1.202479189177093417e+02 1.814655118950955455e+02 2.189739608973908105e+02
1.199059261295705454e+02 1.812877519835815008e+02 2.187095707408141436e+02
1.196610409247549711e+02 1.810952326912134254e+02 2.184829453548069580e+02
1.197468240318651738e+02 1.812511875915068913e+02 2.186101870736338810e+02
1.202618167752494998e+02 1.813169414803495840e+02 2.187617224712132895e+02
1.204656845194330259e+02 1.811161522035177143e+02 2.186451818629362833e+02
1.205759642987296161e+02 1.809779999872130247e+02 2.185693789999296825e+02
1.207196596743154231e+02 1.809893212666790134e+02 2.185902201919327013e+02
1.208347969106637123e+02 1.810061745168116829e+02 2.186284452940687686e+02
1.210468195564193934e+02 1.811085839050182642e+02 2.187298381167324237e+02
1.212855542200257020e+02 1.813289500604185207e+02 2.189441720105620561e+02
1.213393874393417207e+02 1.814161509248189077e+02 2.189961079605393479e+02
1.211295705490093297e+02 1.812116406344903510e+02 2.187941183052126064e+02
1.211726131488597247e+02 1.812730325620648557e+02 2.188384555875940691e+02
1.212725562467632869e+02 1.813697405520142638e+02 2.189350932491097126e+02
1.210054248796424758e+02 1.813268737732483373e+02 2.189784826960085411e+02
1.207439101969835491e+02 1.812215105908227883e+02 2.190008902940367932e+02
1.203711039646056236e+02 1.809412342000780143e+02 2.188306906891547214e+02
1.200177339539284844e+02 1.806582405743914990e+02 2.186513867488443736e+02
1.200016974726518271e+02 1.806952413224302916e+02 2.187461079605393479e+02
1.213274140234896947e+02 1.811456917440812333e+02 2.191243262855718115e+02
1.222072754764751323e+02 1.814634180258169351e+02 2.193393746523537686e+02
1.223455060130810921e+02 1.812731188742335746e+02 2.191060568765224446e+02
1.223384747680760114e+02 1.810196759777250577e+02 2.188616192162855043e+02
1.218228346834261515e+02 1.811162097449635269e+02 2.188409474518729780e+02
1.214232189324143718e+02 1.812305925490221057e+02 2.188544425192923768e+02
1.212010594019525769e+02 1.813600080558024104e+02 2.189504248476750092e+02
1.207847710170130853e+02 1.812737038789327926e+02 2.189816187048059817e+02
1.205887033354858033e+02 1.810757149524643808e+02 2.187951524528639595e+02
1.206914196114034326e+02 1.812106320608149019e+02 2.189491956984572596e+02
1.209366244909180352e+02 1.814680005626274806e+02 2.192096458643684116e+02
1.208459855251296347e+02 1.813681933264709869e+02 2.191190724318933007e+02
1.206949120574902992e+02 1.812070085481014416e+02 2.189819655518544437e+02
1.207600202034409733e+02 1.812699429060987484e+02 2.190693342454718220e+02
1.206863847348937782e+02 1.814250250944638765e+02 2.192204748447979341e+02
1.205383114143048005e+02 1.814966002595758425e+02 2.192908768037644904e+02
1.205020107538568794e+02 1.816369454443158702e+02 2.194093786163200264e+02
1.204319684289267229e+02 1.816397282125709012e+02 2.194480208939383203e+02
1.200669031193857137e+02 1.812876544827983025e+02 2.191754007122352164e+02
1.200035340037977392e+02 1.812593664686814634e+02 2.191740085289209787e+02
1.204232413096433021e+02 1.816448589914902527e+02 2.196315077776854139e+02
1.206055933482088562e+02 1.817718721429073696e+02 2.198128991937803960e+02
1.204658699307584584e+02 1.815759563068621389e+02 2.197157500527463299e+02
1.206098002672480476e+02 1.817015213318926783e+02 2.198601199419470618e+02
1.206338557883497771e+02 1.819209812095211873e+02 2.199920369032472536e+02
1.204381301587504538e+02 1.818532085749541238e+02 2.198274955405379387e+02
1.202255193115485667e+02 1.817468767781905115e+02 2.196630628672263015e+02
1.201661621134333728e+02 1.816890028706787916e+02 2.195961117966357392e+02
1.202086356923194899e+02 1.817709466846536941e+02 2.196496589070961249e+02
1.202156541503366185e+02 1.817737166659207730e+02 2.196504229296268136e+02
1.206137258725520951e+02 1.818350110927120511e+02 2.197552538536785107e+02
1.210366155400264745e+02 1.819182783599409277e+02 2.198832404145541375e+02
1.212076047414151390e+02 1.818377570983766987e+02 2.198487267356737789e+02
1.212074481008126128e+02 1.816947154575503873e+02 2.197568090710892648e+02
1.212765873447180098e+02 1.817057985793656485e+02 2.197815742700228157e+02
1.206546634145094004e+02 1.815992669859151363e+02 2.196278682812369993e+02
1.201297255912383548e+02 1.814344043501332919e+02 2.194648885294324430e+02
1.200737777237882682e+02 1.815915100793432657e+02 2.195774427942126010e+02
1.200788269856593899e+02 1.817358671815560456e+02 2.196809502650103241e+02
1.203445310052490527e+02 1.816946930803214570e+02 2.196252245714760534e+02
1.205046912262082088e+02 1.815515747175674051e+02 2.194490262708667672e+02
1.206458595732982104e+02 1.814676249448561123e+02 2.193790143150330323e+02
1.207820154211074879e+02 1.814620658018400547e+02 2.193391652654258905e+02
1.207932184209348634e+02 1.813549539988107995e+02 2.192475353080704963e+02
1.208974163890824656e+02 1.811997039812287085e+02 2.191295289912984572e+02
1.209894635219201007e+02 1.811468010152868544e+02 2.191338318127473599e+02
1.211952349289363156e+02 1.813173123030004774e+02 2.192447797121648989e+02
1.212705023368220481e+02 1.813259563068621389e+02 2.192694889680261383e+02
1.214614807971408226e+02 1.814555476347269121e+02 2.193838334111208326e+02
1.216782793828999587e+02 1.816376647123886698e+02 2.195423744797294319e+02
1.217345309413141194e+02 1.816361958071466347e+02 2.195966584403710726e+02
1.216808783382030441e+02 1.815974592254921447e+02 2.196274143431643893e+02
1.215889335012691106e+02 1.815160093089272380e+02 2.196189253815317670e+02
1.213208990531235401e+02 1.812102532462965598e+02 2.193818434361193965e+02
1.212877887461718984e+02 1.811921292892352824e+02 2.193969432705279132e+02
1.208904490790171877e+02 1.811305535487088321e+02 2.193804144902147470e+02
1.203755010900907223e+02 1.807926382113561203e+02 2.191512652724587440e+02
1.199910826742706575e+02 1.805535822746772965e+02 2.189824578508909383e+02
1.199879562557141810e+02 1.806867012128458043e+02 2.190847042050010032e+02
1.201133118938168565e+02 1.808635436579736506e+02 2.192418898528856914e+02
1.204111368271646825e+02 1.812047995959311777e+02 2.193344948180731251e+02
1.207306405002269685e+02 1.815634538293832065e+02 2.194219993734375862e+02
1.208773584000920636e+02 1.816951630021290214e+02 2.194270742092846262e+02
1.204876733436055503e+02 1.812792965877922597e+02 2.189351220198326189e+02
1.199973371097571118e+02 1.810028706787972510e+02 2.187211925144972611e+02
1.199956907850571213e+02 1.812865755806890888e+02 2.189916900561988200e+02
1.199828254767948152e+02 1.813675859445428387e+02 2.191019426631459908e+02
1.196158756849030453e+02 1.810426158341271901e+02 2.189563420263539797e+02
1.197417332122831795e+02 1.811795500898285809e+02 2.190941857565741202e+02
1.197854711046039569e+02 1.813170965225786233e+02 2.192575299375355655e+02
1.196994002902646201e+02 1.812718609542929187e+02 2.192953586430448354e+02
1.196373626197980968e+02 1.812748323306203702e+02 2.193578182841140745e+02
1.196777711001285098e+02 1.813600432200193211e+02 2.194966609977686574e+02
1.195283087929722683e+02 1.812144681572032425e+02 2.193995278404695455e+02
1.193592807958621336e+02 1.810270396844171330e+02 2.192028959330984890e+02
1.195026517016284231e+02 1.811958982539368037e+02 2.193169095128797039e+02
1.195628912019129331e+02 1.812926414081031226e+02 2.193320541017460528e+02
1.194656797243125368e+02 1.811856287042305667e+02 2.192067320294868011e+02
1.194625181415391637e+02 1.812035720450869292e+02 2.192041362709306895e+02
1.194277918789839390e+02 1.811598629234890439e+02 2.191549271461360888e+02
1.194534777410507047e+02 1.811463598642021964e+02 2.189819591583604392e+02
1.195486193249749078e+02 1.811597126763805079e+02 2.188494539956140557e+02
1.196427427449827121e+02 1.811661109654815220e+02 2.187627726025995969e+02
1.196721608091606015e+02 1.811533287726409469e+02 2.186697664456648909e+02
1.196908074343547952e+02 1.809510578035790900e+02 2.186234983281013342e+02
1.198062259844382424e+02 1.808982155758300223e+02 2.187225047791367558e+02
1.202128218325032378e+02 1.811768776093447286e+02 2.190759978645729973e+02
1.203029141545563192e+02 1.811707510437378801e+02 2.191433485285373592e+02
1.199676345350970905e+02 1.806950351322494157e+02 2.187779715361647845e+02
1.198850401831096661e+02 1.805848560504830402e+02 2.187036247914122669e+02
1.200401175763543051e+02 1.806942583227307750e+02 2.187893040042452810e+02
1.203244858032466169e+02 1.809483117979144424e+02 2.190231156774866008e+02
1.205413291434636136e+02 1.811402237083543696e+02 2.192008468182777108e+02
1.203628451687562801e+02 1.808861910120261598e+02 2.189578620795478514e+02
1.198663743774335302e+02 1.806556064548715312e+02 2.186725795830163293e+02
1.195663181146864957e+02 1.805588888746811165e+02 2.185103350830195268e+02
1.194473719542992995e+02 1.805924531197053966e+02 2.184838484358317032e+02
1.195226809198959188e+02 1.807803611045400203e+02 2.186252197763555785e+02
1.194598088984649280e+02 1.807859953711103458e+02 2.185930876739829500e+02
1.192676891994706239e+02 1.806187175929773900e+02 2.184250410781988307e+02
1.194262622355491033e+02 1.806899331240529705e+02 2.184630008503347085e+02
1.195766995505373700e+02 1.807564526337998529e+02 2.184844590145068253e+02
1.195755183525244689e+02 1.806806210000703175e+02 2.183663839676744942e+02
1.195897566636190987e+02 1.806287697638882719e+02 2.182867865659904396e+02
1.195906789251257862e+02 1.805590567038981078e+02 2.182139055297329548e+02
1.193651931794206149e+02 1.804910906661381489e+02 2.182462821832503153e+02
1.192196868466648283e+02 1.804784699090205891e+02 2.183454101106713949e+02
1.191090522284523274e+02 1.804587315947292154e+02 2.183878309432321601e+02
1.187787515424304274e+02 1.801223059414739680e+02 2.181959909595994986e+02
1.184061147376429801e+02 1.798088824811871405e+02 2.179776499434175889e+02
1.186745551726562979e+02 1.800119270630206643e+02 2.181297096075034005e+02
1.191985771279146320e+02 1.804303253009737205e+02 2.184795216387803691e+02
1.193161550805899935e+02 1.804476021200825926e+02 2.184733583105831372e+02
1.191942759048392304e+02 1.801875115882078262e+02 2.182348602062541261e+02
1.195135430186242473e+02 1.801526686443874610e+02 2.181811692421791520e+02
1.197707676668222376e+02 1.801443491103453027e+02 2.181610920727068219e+02
1.199135375841543691e+02 1.801498922696264344e+02 2.181544716096899776e+02
1.199231230300046604e+02 1.800160556617585996e+02 2.180525641107608976e+02
1.199225092545825362e+02 1.799019957291460230e+02 2.179856434092667428e+02
1.192091104092475433e+02 1.797627965782020283e+02 2.178536912837496686e+02
1.188926452441994996e+02 1.798969416721544121e+02 2.179952672160809186e+02
1.187445575382490830e+02 1.799814045227576287e+02 2.181212190474972772e+02
1.186534278717976605e+02 1.800168212826627610e+02 2.181794925483827683e+02
1.186162289254454691e+02 1.801025947995319996e+02 2.182746660997768799e+02
1.184145205838538715e+02 1.800689714146884057e+02 2.183431931666336254e+02
1.180957649495873056e+02 1.798492861663970643e+02 2.182470621895159582e+02
1.176831656106745783e+02 1.795323366941800032e+02 2.180639205544437971e+02
1.176184602548446634e+02 1.795659888497465033e+02 2.181553539118592937e+02
1.177144505750947872e+02 1.796576028233669433e+02 2.182539895402438503e+02
1.179004724792051633e+02 1.795586667007653148e+02 2.181947953762251586e+02
1.180003308633134935e+02 1.794050933769795790e+02 2.180828261161442185e+02
1.182791527341776998e+02 1.795599166288384936e+02 2.182044479537622408e+02
1.185586698975122886e+02 1.797301338158290207e+02 2.183627061102621951e+02
1.185809512240344219e+02 1.796606013720438000e+02 2.182931480925010703e+02
1.188336924345785661e+02 1.797373808412559413e+02 2.183779849625021541e+02
1.191670412188556867e+02 1.799821317826979339e+02 2.185934584966338150e+02
1.192431797402962701e+02 1.800186945763990423e+02 2.186095429291153209e+02
1.192381208881841843e+02 1.799614008784660655e+02 2.185428124340670877e+02
1.192897723276793585e+02 1.800009526306031091e+02 2.185794087936116341e+02
1.190026804723513294e+02 1.800721681616786896e+02 2.185644735916731065e+02
1.186658855948187181e+02 1.800721569730642102e+02 2.185026980544597848e+02
1.185223932126667847e+02 1.800971683215160226e+02 2.184924876445728898e+02
1.185337464596027104e+02 1.802158171844331207e+02 2.185832352997589680e+02
1.185433047331035965e+02 1.802755292214642395e+02 2.186514299049287331e+02
1.184456201369486479e+02 1.803603021565255062e+02 2.187352038565555574e+02
1.183842457914825843e+02 1.804091995984885841e+02 2.187999092123854723e+02
1.182322980135414241e+02 1.803043718711838892e+02 2.187445799154779991e+02
1.182998548676866477e+02 1.803702216624363075e+02 2.188386585810279428e+02
1.185195209354960326e+02 1.805858214680741014e+02 2.190495943328069472e+02
1.187569225556074173e+02 1.806441477152849302e+02 2.191674951569283110e+02
1.187835546547832877e+02 1.804672173596148639e+02 2.190613759438395505e+02
1.187410650921622164e+02 1.803133051806481717e+02 2.189581625737649233e+02
1.187946042107551392e+02 1.803033153463036058e+02 2.189748655767890568e+02
1.188575273801379666e+02 1.803127761190212937e+02 2.190109952112730127e+02
1.187592801565127303e+02 1.803673046308076948e+02 2.189356111221221397e+02
1.186174868453861393e+02 1.803376851715694045e+02 2.188048082271480439e+02
1.182949174919601774e+02 1.801206947809908741e+02 2.185386071134014117e+02
1.182822551771317450e+02 1.801801958327206137e+02 2.185172896060968242e+02
1.184346281224226232e+02 1.803652555159869451e+02 2.186395507931129316e+02
1.183512585592900734e+02 1.801775473278391928e+02 2.184526577754477046e+02
1.180922085685606362e+02 1.797177352326272910e+02 2.180604680676943019e+02
1.182272311695618470e+02 1.798097519963685045e+02 2.181390473054619576e+02
1.188530807050745182e+02 1.803915215876324112e+02 2.186379524196177897e+02
1.190273657526101374e+02 1.805215700503167966e+02 2.187282413416107829e+02
1.187894462594863398e+02 1.802898426561131373e+02 2.184702334904001759e+02
1.187149972188301206e+02 1.801984764303844315e+02 2.183399149025951260e+02
1.187025538811705161e+02 1.801806241968173197e+02 2.182922162407534188e+02
1.186584931174037365e+02 1.801132271800215960e+02 2.182150659488904125e+02
1.186549798924614265e+02 1.801113410992973627e+02 2.182086277004520127e+02
1.183419800011508300e+02 1.798781799640685506e+02 2.178977344654080071e+02
1.181229884469563842e+02 1.796778158545863846e+02 2.176769479377785217e+02
1.181165597887589627e+02 1.796994929959273577e+02 2.176377414343164389e+02
1.182052151730399174e+02 1.797843218740609643e+02 2.176441173461885228e+02
1.182773945233330579e+02 1.798980077872756738e+02 2.177196484857009580e+02
1.183530918936889833e+02 1.798457297853703949e+02 2.177201311944964743e+02
1.185217602567627182e+02 1.798838366078678348e+02 2.177873859560511107e+02
1.185974064791667928e+02 1.799214447378347757e+02 2.178358262631945763e+02
1.185588201446208387e+02 1.798323849650595605e+02 2.177805049581545802e+02
1.188786386972616640e+02 1.801337582875665646e+02 2.180490588776860648e+02
1.194838963870365518e+02 1.807654370912159720e+02 2.185769281179471761e+02
1.195635497317929321e+02 1.808671575804461327e+02 2.186538034895690146e+02
1.194759748479946779e+02 1.808169718494459914e+02 2.185859717151826374e+02
1.189559680069561267e+02 1.803566450779686647e+02 2.181635679532507766e+02
1.185295890901418687e+02 1.798871196670268375e+02 2.177724395654981606e+02
1.186691862360861620e+02 1.800351210608085353e+02 2.179029851223395156e+02
1.192486094150592351e+02 1.804519417041218787e+02 2.183664702798432415e+02
1.194041934927018218e+02 1.804949683202373194e+02 2.184563851824383391e+02
1.192578512106080808e+02 1.801491042714933144e+02 2.183899567799806789e+02
1.192273670313089440e+02 1.801390057477510993e+02 2.183904650627521562e+02
1.191463550690817073e+02 1.801816119916373111e+02 2.183663791725540193e+02
1.191180590630973910e+02 1.801851939466399131e+02 2.183376068512681627e+02
1.191579224980659717e+02 1.802777141980320721e+02 2.183864739241348047e+02
1.191680386039166564e+02 1.803265716806577643e+02 2.184189193077124855e+02
1.191674072463860767e+02 1.803604651906220226e+02 2.184353905465798107e+02
1.189219114628953520e+02 1.802843842106272518e+02 2.181961747725514442e+02
1.186323181530474642e+02 1.802054757079196179e+02 2.179136031174676589e+02
1.185324150144812592e+02 1.802089170060546337e+02 2.177954945047919182e+02
1.185035819550025877e+02 1.802424844478258876e+02 2.177522888708450353e+02
1.184511313287598568e+02 1.802462198466840277e+02 2.177118771937676343e+02
1.184670623173858246e+02 1.802522089521702640e+02 2.177632057618167778e+02
1.185480662877455842e+02 1.802632872788650218e+02 2.178560472862814663e+02
1.185822315212040223e+02 1.802084774533434768e+02 2.178606585938149465e+02
1.184309007154319744e+02 1.799628330211177172e+02 2.177056515290040863e+02
1.184054945687268656e+02 1.799094521415008217e+02 2.176867155982072575e+02
1.185391361750282897e+02 1.800722896380643192e+02 2.178667020440000215e+02
1.186295609587683515e+02 1.802395290552333904e+02 2.180342403570126919e+02
1.184349461987481504e+02 1.800736210831857420e+02 2.179236393046435865e+02
1.184603267714773409e+02 1.801124279932740535e+02 2.179586420858134659e+02
1.187960954932260904e+02 1.804467230146602787e+02 2.182566907914506089e+02
1.191799992327807161e+02 1.805399273699083835e+02 2.184229024544623314e+02
1.193322027504811160e+02 1.804339008624823464e+02 2.184427494581513827e+02
1.194071888446317047e+02 1.803848755506396628e+02 2.184588834402112525e+02
1.195658977424572811e+02 1.804335396300724312e+02 2.185550735571482335e+02
1.196977028176127931e+02 1.805055751267510118e+02 2.186370509369665456e+02
1.195427469007537979e+02 1.805856376551221558e+02 2.186213069580394972e+02
1.191499578029397242e+02 1.804476836371308650e+02 2.183848323945553034e+02
1.188937704991400750e+02 1.803562183122454599e+02 2.182601224993446749e+02
1.189246638620539755e+02 1.805225802223657183e+02 2.183415532354276252e+02
1.189193300897007219e+02 1.805640532194439061e+02 2.183519650403749210e+02
1.183472834044076762e+02 1.803173714428197911e+02 2.180013202565069719e+02
1.178182745238445364e+02 1.800298512233950703e+02 2.176336831640122966e+02
1.176881749132083144e+02 1.800804349493954817e+02 2.176124136079126004e+02
1.178330770607829407e+02 1.802752223337531632e+02 2.177467728839133372e+02
1.179918994431266697e+02 1.804840130683016923e+02 2.178973988069740244e+02
1.181158085532162403e+02 1.806498794826384540e+02 2.180434613737061227e+02
1.183659731856862436e+02 1.807401939786073797e+02 2.180342563407476462e+02
1.185929709927178095e+02 1.808125523467319624e+02 2.180328849362888377e+02
1.187622515328401818e+02 1.809057630954740432e+02 2.180952103139844951e+02
1.187385508506543772e+02 1.808298563381902682e+02 2.180095934377177684e+02
1.189989770409631120e+02 1.807659213983849895e+02 2.179918642789097873e+02
1.192753038508014214e+02 1.808391684621728928e+02 2.180659808578790262e+02
1.194767005095614678e+02 1.809180657762660758e+02 2.181472485598654885e+02
1.194310413722995463e+02 1.807970113612388161e+02 2.180588217429943256e+02
1.191665377312047269e+02 1.804323344564571130e+02 2.177425387925247264e+02
1.189343707842899107e+02 1.801024781182668448e+02 2.174720971938954790e+02
1.183629634483949076e+02 1.797880285021961697e+02 2.172208664463042282e+02
1.180776441892730020e+02 1.796645189854803846e+02 2.171404618660051540e+02
1.181265272458745983e+02 1.798156436010715424e+02 2.173033009609421526e+02
1.182092990173199780e+02 1.799586069215965836e+02 2.174617605125024795e+02
1.183651340396013012e+02 1.801992324610476430e+02 2.176142964918898599e+02
1.186703322698821665e+02 1.805909602388609301e+02 2.178297540422865666e+02
1.187266253860071998e+02 1.806936829082725353e+02 2.178507007269402607e+02
1.186535061920989165e+02 1.806435579154652089e+02 2.177924496032836998e+02
1.186804755480822706e+02 1.806997199649636627e+02 2.178139141609498211e+02
1.186608698987909918e+02 1.806733787697639002e+02 2.177868313204483002e+02
1.182766145170674292e+02 1.804209955948826405e+02 2.175259176262235599e+02
1.179638927427449886e+02 1.802973390278052932e+02 2.173499750653734850e+02
1.178741392758728779e+02 1.804644601653357654e+02 2.173535250529061500e+02
1.178597539144166859e+02 1.804742454078729565e+02 2.173513848307961780e+02
1.175958049089246771e+02 1.804727685107634443e+02 2.173368428287374741e+02
1.175110079982609648e+02 1.805502672480483852e+02 2.174787576162497089e+02
1.175832113241565366e+02 1.807526485048814209e+02 2.176583268865602463e+02
1.176483993887819821e+02 1.808173538607113358e+02 2.177155134934690466e+02
1.176615540026469091e+02 1.808499383027831016e+02 2.177730901035106683e+02
1.176120603673701623e+02 1.808484917747699967e+02 2.177678746107960421e+02
1.179960344353585810e+02 1.808502755595905569e+02 2.179525698649054846e+02
1.185021338286159960e+02 1.810049277854854779e+02 2.181942998804416618e+02
1.189402176345351023e+02 1.811865877283276518e+02 2.184456872686354245e+02
1.189974729715041946e+02 1.810893282995224070e+02 2.184088495546931483e+02
1.193429837797057758e+02 1.807453711103580929e+02 2.184320835118183766e+02
1.197358927555319639e+02 1.807390863057752313e+02 2.185914749151263550e+02
1.200799762162023967e+02 1.807655058212762640e+02 2.187600697530193372e+02
1.201778382318153007e+02 1.806497388257708963e+02 2.187719424713411627e+02
1.202336294586628611e+02 1.806132751312264588e+02 2.188133163692626511e+02
1.201702475560869203e+02 1.804715377631721935e+02 2.187241031526318693e+02
1.195529285399177866e+02 1.804499453356264667e+02 2.185606295034173172e+02
1.192482865436132187e+02 1.806484105773964473e+02 2.186264808930432366e+02
1.192173516229884456e+02 1.808278695599358059e+02 2.187387106880038914e+02
1.190381627655697514e+02 1.808200647021590726e+02 2.186885345472447284e+02
1.190921078710304357e+02 1.807450722145145221e+02 2.185897902294624942e+02
1.192526165374115266e+02 1.806891770933897590e+02 2.185187904788087678e+02
1.194237080347038784e+02 1.807654850424208348e+02 2.185474493155764719e+02
1.195883133323529961e+02 1.808653434265291651e+02 2.186145362479141170e+02
1.196997087763491834e+02 1.809470698617087123e+02 2.186602848940917738e+02
1.197543955271116118e+02 1.809585781508736773e+02 2.186597158731275101e+02
1.192945322839478592e+02 1.808802690382267144e+02 2.185008359493379544e+02
1.189057918661969637e+02 1.808313843832516170e+02 2.184289203306715024e+02
1.188059894251609592e+02 1.809583272062349408e+02 2.185278964126105166e+02
1.188301184714434555e+02 1.809986413825291436e+02 2.185728426752936286e+02
1.186856255074835786e+02 1.808792524726837883e+02 2.184862252172189585e+02
1.187744343356200716e+02 1.807635398218772593e+02 2.184535480694844978e+02
1.190006153737956254e+02 1.808028262440140850e+02 2.185614254934178859e+02
1.191930147881515722e+02 1.808887484096183584e+02 2.187062333369563021e+02
1.193112240983575134e+02 1.809404238247159640e+02 2.187898442544866384e+02
1.194460596896598048e+02 1.810233250644144505e+02 2.189049926794493786e+02
1.196094757974285301e+02 1.809758102155246888e+02 2.188097104386576177e+02
1.194824642443849143e+02 1.806440022632968692e+02 2.184535816353278790e+02
1.196216234359915376e+02 1.807033418793036219e+02 2.184657132901559464e+02
1.197632217455517321e+02 1.808316001636734427e+02 2.185494488808188862e+02
1.193466248745276772e+02 1.806417933111266052e+02 2.183559561789922441e+02
1.189535352824965315e+02 1.805139857680823923e+02 2.182141900402150725e+02
1.188576840207404928e+02 1.805438274012365127e+02 2.182279488392611597e+02
1.187968754994917191e+02 1.805625571418524373e+02 2.182200544725687053e+02
1.188759758070187758e+02 1.807150643505169114e+02 2.183547206362805184e+02
1.190809336419259807e+02 1.808183304669168763e+02 2.185805915899980221e+02
1.191494814876381838e+02 1.807508918924102943e+02 2.186894520136309268e+02
1.192008516133981999e+02 1.806883938903771423e+02 2.187541317954849092e+02
1.191975317916488137e+02 1.806130417686961778e+02 2.187787195749605189e+02
1.191846744752539848e+02 1.805413035694876953e+02 2.187931321087661161e+02
1.190044482734369495e+02 1.805573800101017241e+02 2.187507816046391156e+02
1.189353953417002856e+02 1.806061591724261461e+02 2.187248847572710133e+02
1.189831851108312151e+02 1.806957400149607622e+02 2.187600873351277642e+02
1.189592622547295804e+02 1.807417715732470640e+02 2.187450290584301342e+02
1.188928354506454212e+02 1.806865333836288130e+02 2.186624650755391315e+02
1.189071824511377287e+02 1.806843404151935033e+02 2.186464605617323684e+02
1.190001246731326177e+02 1.808241501448126485e+02 2.187301482011904739e+02
1.188609686782729824e+02 1.807755292214642395e+02 2.186545003804128839e+02
1.186586849222231450e+02 1.805800641267446167e+02 2.184874943257740938e+02
1.186515130203504924e+02 1.805997321126022257e+02 2.185202098344724391e+02
1.186797355011540276e+02 1.805804445396364599e+02 2.184290386103101582e+02
1.187575171505475993e+02 1.805523435352185686e+02 2.183543626006176055e+02
1.188234740328241941e+02 1.805456415551534803e+02 2.183373031603040886e+02
1.186864566617010581e+02 1.803818034767820393e+02 2.181884578253169593e+02
1.185092002378379732e+02 1.801837426235063333e+02 2.180010101720489217e+02
1.187322053078787008e+02 1.803747866171383976e+02 2.181599348502963380e+02
1.191673784756631704e+02 1.806505252255304868e+02 2.184470714600822134e+02
1.191801350945278131e+02 1.805267967316458737e+02 2.183707395354487346e+02
1.191535605367977553e+02 1.804308144032632413e+02 2.183075622246801686e+02
1.192809988555645759e+02 1.805438034256340813e+02 2.184220041685580611e+02
1.189361993235683315e+02 1.803505233074823195e+02 2.182266733372120484e+02
1.186985243815892943e+02 1.803023451335920697e+02 2.181467898266723751e+02
1.186761535461514399e+02 1.803786003362977794e+02 2.181851891515194097e+02
1.186381538146781764e+02 1.803855117032907174e+02 2.181745935336201967e+02
1.186536500457134764e+02 1.804597385700311349e+02 2.182262577601033229e+02
1.187347531152299354e+02 1.805764725815010650e+02 2.183328580836141271e+02
1.187329581417949100e+02 1.806609290386103055e+02 2.183526395539898601e+02
1.186880742156781281e+02 1.806559245311970585e+02 2.183010664347959562e+02
1.187346763933021805e+02 1.807164133777468180e+02 2.183287055092737603e+02
1.187915321368974872e+02 1.808076693157043451e+02 2.183812760135286339e+02
1.185716774610156676e+02 1.806217545026181313e+02 2.181886640154978352e+02
1.186304848186485401e+02 1.807755819677895772e+02 2.182705231156774914e+02
1.189293279159127650e+02 1.811342362012416061e+02 2.185416296376806997e+02
1.188846645653383121e+02 1.810967655313952491e+02 2.185070440319930469e+02
1.186346997295552086e+02 1.808512761413985004e+02 2.182653699595291812e+02
1.184105949785498240e+02 1.806256497388257571e+02 2.180450773293096915e+02
1.186972792486365904e+02 1.804103360420436104e+02 2.179928856395731600e+02
1.190520925905798322e+02 1.804926874412597613e+02 2.180954580618762293e+02
1.194575743723187315e+02 1.806732269242818631e+02 2.182676556336272142e+02
1.195160093089272380e+02 1.805889590752450431e+02 2.181755317788618243e+02
1.192857715988210430e+02 1.803976993011910963e+02 2.180141120395885252e+02
1.193219635698713006e+02 1.804971197309617708e+02 2.180850174862060271e+02
1.194840498308920900e+02 1.807184832714229969e+02 2.182576482171741930e+02
1.196961747725514584e+02 1.809729491269683876e+02 2.184737611007039106e+02
1.197578703910900231e+02 1.810174110824824538e+02 2.185115482485023222e+02
1.196650352601192964e+02 1.808876982782320795e+02 2.184142408684922145e+02
1.193766710994891582e+02 1.806769223638025892e+02 2.182572789928968291e+02
1.192838423620124217e+02 1.806933136839951715e+02 2.183019119743748888e+02
1.192134675753952848e+02 1.807069142440652456e+02 2.183366893848819359e+02
1.190622854183582717e+02 1.806219367171965757e+02 2.182879469851479257e+02
1.186790609875390743e+02 1.805851437577121601e+02 2.181759681348260074e+02
1.186015894226035527e+02 1.807654322960954971e+02 2.182667717330844255e+02
1.185758683963199047e+02 1.809323024889872045e+02 2.183688822254473791e+02
1.184527265055079965e+02 1.809221464237991484e+02 2.183227643549923584e+02
1.185149927433843260e+02 1.810362862750864679e+02 2.184313658421190496e+02
1.186295817376237949e+02 1.812139247102148829e+02 2.185637830943232132e+02
1.189488408595413347e+02 1.812084902403314288e+02 2.186070894258002966e+02
1.191098626038143635e+02 1.809279005683816024e+02 2.183924054881752284e+02
1.191244749343068463e+02 1.807326912134212193e+02 2.182705550831474000e+02
1.192546177010274278e+02 1.807269178883568088e+02 2.182649719645288826e+02
1.193421478303678214e+02 1.807617144793458124e+02 2.182027281038814976e+02
1.193836352128074481e+02 1.808570926225472988e+02 2.181725188448235144e+02
1.194171579001208414e+02 1.808728413965948221e+02 2.181387500079918595e+02
1.192175306408199020e+02 1.806392774712452649e+02 2.178979997954081966e+02
1.189172649911450179e+02 1.803328836575900311e+02 2.175956290878402228e+02
1.182491049108427319e+02 1.804448896802613547e+02 2.175738496505955482e+02
1.179841281511933460e+02 1.805612113113695614e+02 2.176691318913873374e+02
1.177850331502662868e+02 1.806569235146315009e+02 2.177208952170271630e+02
1.175328449769514521e+02 1.808070747207641489e+02 2.178161183179996101e+02
1.175460715176236732e+02 1.808460958129007849e+02 2.178403368731978276e+02
1.178014180769648789e+02 1.808919020005242544e+02 2.177416708757168635e+02
1.180544789622080515e+02 1.809799084451661884e+02 2.177171406376870948e+02
1.182655569692281148e+02 1.810562627470286259e+02 2.177558804160885870e+02
1.181882484383890954e+02 1.808397838359685181e+02 2.175484179299145069e+02
1.181850149288084424e+02 1.807698757744119575e+02 2.174801370125759945e+02
1.182983412079867520e+02 1.808668826602049648e+02 2.175511671323261567e+02
1.184804694742629891e+02 1.808821918815413312e+02 2.176373993823884803e+02
1.186152938769508154e+02 1.808743870237646263e+02 2.177110300558152005e+02
1.188242140797524371e+02 1.809858160336042090e+02 2.178490943615776700e+02
1.189271445377184193e+02 1.810432855526216542e+02 2.179333494236265096e+02
1.187904516364147867e+02 1.810124689116355228e+02 2.179440745097788579e+02
1.184083396735481983e+02 1.806867795331470745e+02 2.177927389088863208e+02
1.180915724159095674e+02 1.803941764860078365e+02 2.176048644898950783e+02
1.181275613935259514e+02 1.804799931589614346e+02 2.177081194176805639e+02
1.182583195340421582e+02 1.806191491538210698e+02 2.178682876305071829e+02
1.186509599831211830e+02 1.805827190251200420e+02 2.178666285188192546e+02
1.189142936148175664e+02 1.804686862648568706e+02 2.177735951895351150e+02
1.191493264454091587e+02 1.805091235159102041e+02 2.178151816711314552e+02
1.193668586846025477e+02 1.806306222787691240e+02 2.179041279593885179e+02
1.195168005038073318e+02 1.807018154326157742e+02 2.179596634464768670e+02
1.194764687454046737e+02 1.806974247006246515e+02 2.179763248917901137e+02
1.193463083965756510e+02 1.806170824568918647e+02 2.179104079688509046e+02
1.192552906162688799e+02 1.805793192846958846e+02 2.178786211151532086e+02
1.192781729312251855e+02 1.806260237582236243e+02 2.179158648159632889e+02
1.192993194125657794e+02 1.806313655224443551e+02 2.179298521824191823e+02
1.191728864707273914e+02 1.806022351654955855e+02 2.179190088166282067e+02
1.190994284216381374e+02 1.805839721499402231e+02 2.179074749534873376e+02
1.191385374243170219e+02 1.806246891163551993e+02 2.179554101746063282e+02
1.192134004437084798e+02 1.807301226272145414e+02 2.180667496755301897e+02
1.189440761081523448e+02 1.804800874629976590e+02 2.178555517904979979e+02
1.187777365752610166e+02 1.801758338714523973e+02 2.176132895165879120e+02
1.190716135260758648e+02 1.802979687869624001e+02 2.177210055047983133e+02
1.193620236047797789e+02 1.805004747169280677e+02 2.179093146813802377e+02
1.195408304509331288e+02 1.805524921839536034e+02 2.179482238873722224e+02
1.198355241706039891e+02 1.807725322711608555e+02 2.181276636894296246e+02
1.200994939549514413e+02 1.810050428683771315e+02 2.183160655716742724e+02
1.199620354327436331e+02 1.808921321663075616e+02 2.181859116163392116e+02
1.197596493807901084e+02 1.807304375067930948e+02 2.180346175731575613e+02
1.195831186184938275e+02 1.805501953212410911e+02 2.178953880531171592e+02
1.194549610316541930e+02 1.804470842470701939e+02 2.178001377797952784e+02
1.195292965877922597e+02 1.805607973326343085e+02 2.179093130830067366e+02
1.195861954874719544e+02 1.807928587868984494e+02 2.180669798413134686e+02
1.192201295961229874e+02 1.805162442698310201e+02 2.177917702945482574e+02
1.188669881528556544e+02 1.802388561399919524e+02 2.175442829376826239e+02
1.190107027089234037e+02 1.804485387669507475e+02 2.177222905970884028e+02
1.192240472095595578e+02 1.808047938417865907e+02 2.179202923105447951e+02
1.190090739663318544e+02 1.806811676438056509e+02 2.177154751325051620e+02
1.188245241642105015e+02 1.805376257120753962e+02 2.175234289586916248e+02
1.189115124449360366e+02 1.806497052599274866e+02 2.175961437641056477e+02
1.189568742847278600e+02 1.807294257363706720e+02 2.176217401172566781e+02
1.188793116125031162e+02 1.808050000319674666e+02 2.176500057541445869e+02
1.187781665377312095e+02 1.808465897103107807e+02 2.176228222161128940e+02
1.185538619900389392e+02 1.807013439124347087e+02 2.174730050700407276e+02
1.185105188959714582e+02 1.807301769719133802e+02 2.174633988453349787e+02
1.185737265758364316e+02 1.808400539610891826e+02 2.175515523403384748e+02
1.185374946454487883e+02 1.808269536919231086e+02 2.175603433945616985e+02
1.183925141775729060e+02 1.807109005875620937e+02 2.174456568995390171e+02
1.184445779974298176e+02 1.807691916705560402e+02 2.174856849669776011e+02
1.185234305570651259e+02 1.808314595068058850e+02 2.175724750493897375e+02
1.184741415135957681e+02 1.808137735040822349e+02 2.175552254026302705e+02
1.185866861881349479e+02 1.808639272676124676e+02 2.176032757066409147e+02
1.187513170597599839e+02 1.809676057643741842e+02 2.176578953257165381e+02
1.188513848307961780e+02 1.810392800286428496e+02 2.177166531337710751e+02
1.187854647111099808e+02 1.809276016725380316e+02 2.176099936704409572e+02
1.188788576744305061e+02 1.809710614478706532e+02 2.176569410967399563e+02
1.190034061339181193e+02 1.811377558196778921e+02 2.178543210429067472e+02
1.189589441784040531e+02 1.811809358796488709e+02 2.179307888292873088e+02
1.186030503359781108e+02 1.808932158635372787e+02 2.177818459935170097e+02
1.184171067521689906e+02 1.807123934684065603e+02 2.176766122793445390e+02
1.183376691878344644e+02 1.806375432360030402e+02 2.176356939178691903e+02
1.183286080084905620e+02 1.806694036148815030e+02 2.176780012659118029e+02
1.186516025292662135e+02 1.809443510283934984e+02 2.178672838519522656e+02
1.189039841057739579e+02 1.810812117589141224e+02 2.179538229897256656e+02
1.191619599895146706e+02 1.812412776758370683e+02 2.180198597906770033e+02
1.194166863799397760e+02 1.814667762085302058e+02 2.181676837650007315e+02
1.192087779475605629e+02 1.813520945086280278e+02 2.180430394031033927e+02
1.187702657775447648e+02 1.810240810950776620e+02 2.177925439073199243e+02
1.186831032741082623e+02 1.809696756580503632e+02 2.177540071223523057e+02
1.186127540614670579e+02 1.809217292483169217e+02 2.177327247792646290e+02
1.185535854714242845e+02 1.809042877967380321e+02 2.177315691552276462e+02
1.186407639585957270e+02 1.810216819364614480e+02 2.178463707331419528e+02
1.186908186229692603e+02 1.811153817874930496e+02 2.179000041557710858e+02
1.185699096599300617e+02 1.809956588175872128e+02 2.177823750551438877e+02
1.185503967163014920e+02 1.809880665434853597e+02 2.177760838570670501e+02
1.184552487388833129e+02 1.808986183659507958e+02 2.177070037529809667e+02
1.183891384127511799e+02 1.808351901105435218e+02 2.176468825323350984e+02
1.185265473853806384e+02 1.808122502541413894e+02 2.176740772589812707e+02
1.187066920701494155e+02 1.808590074739944669e+02 2.177045614382803933e+02
1.185865998759662148e+02 1.806727298301248652e+02 2.175647245363118429e+02
1.182663385738672304e+02 1.802305414010702691e+02 2.171767241654891905e+02
1.179848713948685770e+02 1.801511278123381601e+02 2.170342243732777661e+02
1.177995287994936291e+02 1.802374735469186646e+02 2.170333852271928095e+02
1.176507314157113768e+02 1.802401188550531117e+02 2.169859135343874073e+02
1.176377094668465304e+02 1.803088601039582102e+02 2.170128796936237734e+02
1.178586270611026237e+02 1.805651433101675707e+02 2.172357552954113942e+02
1.182757881579704531e+02 1.807471037472268165e+02 2.174346089419406951e+02
1.184349158296517430e+02 1.806663635084937596e+02 2.174135184036724127e+02
1.185923827912716035e+02 1.806589358668618672e+02 2.174485579474327039e+02
1.187666998062771313e+02 1.807816414017096065e+02 2.175621048021533284e+02
1.188959698610693749e+02 1.808354202763268006e+02 2.176057931448957561e+02
1.186595512406575068e+02 1.808350942081337962e+02 2.175532514113637887e+02
1.184151295641555208e+02 1.807598859400673916e+02 2.174502154607471311e+02
1.180771502918630063e+02 1.805109264812127208e+02 2.172505226681329020e+02
1.177952403634061938e+02 1.803122086964305026e+02 2.170785169012013398e+02
1.178307722062029654e+02 1.804399219354384911e+02 2.172009682946633404e+02
1.182673711231450824e+02 1.805028530966887956e+02 2.173579845149575931e+02
1.182852105697242422e+02 1.801543549284248229e+02 2.171093079682115388e+02
1.184097782096938118e+02 1.800910785184995859e+02 2.171193281716525405e+02
1.186146737080347009e+02 1.801974151103836732e+02 2.172170447352773692e+02
1.187228564213056785e+02 1.802241095461258737e+02 2.172428472786092755e+02
1.193374358253041692e+02 1.803215352057746088e+02 2.174936656458388029e+02
1.197256120172112901e+02 1.803527498417610104e+02 2.176406616626920538e+02
1.198075142734753058e+02 1.802074528959331019e+02 2.175707072483041316e+02
1.197952339699122177e+02 1.800786096068640632e+02 2.174980387957214703e+02
1.199884581449916539e+02 1.801921005185123477e+02 2.176416958103434069e+02
1.197727976011610593e+02 1.801362997014238374e+02 2.175973841019378767e+02
1.194970238285520594e+02 1.801359352722669485e+02 2.175707647897499442e+02
1.193905753505233065e+02 1.801311497420225294e+02 2.175837228036749877e+02
1.194434079880313817e+02 1.802981733787697749e+02 2.177509110728922224e+02
1.195566559469084211e+02 1.803932126667902764e+02 2.178455379805510006e+02
1.189326093766982666e+02 1.804563004686431213e+02 2.177488251954810892e+02
1.182450706161410210e+02 1.802526533000019242e+02 2.175478728845526746e+02
1.179430179848985603e+02 1.801770038808508332e+02 2.174680597024467943e+02
1.177653619676617041e+02 1.801365202769661664e+02 2.174082341808975229e+02
1.175837068199400335e+02 1.799813757520347224e+02 2.172980263284082127e+02
1.176044728883887700e+02 1.800156608635053033e+02 2.172919493123797281e+02
1.178245017869815712e+02 1.802175737969042757e+02 2.174603986982846209e+02
1.178745292790056851e+02 1.802198546758818338e+02 2.174539029084004085e+02
1.177492199937343713e+02 1.800673954184222225e+02 2.173239647334872018e+02
1.176831112659757395e+02 1.799702974253399645e+02 2.172182914666035742e+02
1.180552333944977619e+02 1.799631862616601268e+02 2.172840197814703629e+02
1.181995297585177269e+02 1.798700953909302029e+02 2.172300666841422299e+02
1.180487408013605375e+02 1.795083275259096354e+02 2.169305842374799340e+02
1.180336553523134882e+02 1.793584352562832009e+02 2.168233637450530296e+02
1.181402253067278707e+02 1.794286933616351973e+02 2.168710112589429002e+02
1.178369499197616506e+02 1.793753332608737310e+02 2.167616489460325226e+02
1.176667343311446245e+02 1.793859960104597633e+02 2.167343758990850802e+02
1.176039502202558680e+02 1.794437260643569232e+02 2.167829504696021274e+02
1.174950290584301484e+02 1.794054753882449234e+02 2.167377212948103988e+02
1.175228743230888284e+02 1.795035467907856912e+02 2.168190369480017239e+02
1.174306050163353774e+02 1.794082213939095709e+02 2.167058337435825308e+02
1.171262747028623608e+02 1.790575638230536697e+02 2.163912482657647445e+02
1.171024988971222882e+02 1.789970765748774113e+02 2.163486835795894194e+02
1.172075855609331967e+02 1.790967543427807982e+02 2.164178467990972479e+02
1.177424157177655957e+02 1.795945437922370331e+02 2.168475950872392275e+02
1.183692930074356298e+02 1.804377225735092054e+02 2.171907466961619946e+02
1.185767059440313602e+02 1.808120824249243981e+02 2.172922226342473948e+02
1.184777538376947632e+02 1.808185558375796802e+02 2.171650832113241449e+02
1.184366196957975603e+02 1.808242955968007095e+02 2.170892675613295921e+02
1.182883849394855815e+02 1.806786821730207464e+02 2.169058861702331740e+02
1.179751676693796441e+02 1.803784564826832195e+02 2.166117678650205676e+02
1.183834098421446299e+02 1.801253844088255676e+02 2.165904455625955052e+02
1.188295926065635655e+02 1.800300989712868045e+02 2.166743473841019352e+02
1.190717557813169378e+02 1.799825921142645200e+02 2.167254329993798194e+02
1.194240085289209645e+02 1.801553283378833612e+02 2.169249483725361074e+02
1.189770857175738001e+02 1.803661969579755748e+02 2.169745906565478890e+02
1.184109450223452598e+02 1.804049127607746357e+02 2.169049671054734745e+02
1.180244151551381293e+02 1.803961840431177279e+02 2.168281412834299715e+02
1.180159357837464569e+02 1.805712299164370336e+02 2.169497583259275473e+02
1.177871829626172371e+02 1.804344954574225142e+02 2.168490544022402844e+02
1.174920017390303570e+02 1.801850213223024184e+02 2.166179232013502940e+02
1.177063244442455385e+02 1.803371609050630013e+02 2.167603047139231194e+02
1.179766253860071998e+02 1.805810567166851115e+02 2.169819511664929905e+02
1.177870167317737469e+02 1.803975346687211072e+02 2.168385802607266726e+02
1.175445338823213461e+02 1.802133189266602358e+02 2.166822801117582742e+02
1.174585717573796870e+02 1.800608836448030559e+02 2.165622374671534374e+02
1.177121425237678096e+02 1.800089636785606899e+02 2.167631674008528933e+02
1.183003663472050846e+02 1.804276704025983236e+02 2.172848717145432715e+02
1.187848557308083315e+02 1.807642782704320155e+02 2.176861577658574731e+02
1.189402959548363583e+02 1.808335086216266347e+02 2.178060118023898895e+02
1.187926541950910746e+02 1.806108839644777504e+02 2.176818757232639996e+02
1.190097085206094221e+02 1.804364039153757062e+02 2.175651065475771873e+02
1.193817571239506634e+02 1.804158216598789011e+02 2.175709965539067525e+02
1.195446745391889181e+02 1.803071562378123929e+02 2.175119238662736905e+02
1.195353783989412335e+02 1.801589070961389609e+02 2.173871116751593604e+02
1.193411792160297722e+02 1.800169779232652729e+02 2.171792639809729621e+02
1.192550892212084932e+02 1.799901364371615387e+02 2.170793880147561765e+02
1.192422718641510357e+02 1.800337224840002932e+02 2.170506061032293417e+02
1.192482673631312764e+02 1.800743003919211844e+02 2.169419135088134283e+02
1.192122016635871375e+02 1.800489917459992739e+02 2.168932670114891152e+02
1.193219204137869269e+02 1.802298445102263997e+02 2.171125862322500666e+02
1.196541759105933806e+02 1.806045911680274116e+02 2.174955277509606333e+02
1.195641906795644758e+02 1.805005338567473814e+02 2.174518042440012948e+02
1.191807424764559613e+02 1.801282071364179842e+02 2.171539233675811431e+02
1.193202293346290759e+02 1.802608817267548602e+02 2.173106087245618880e+02
1.195738304701136059e+02 1.803930160668503788e+02 2.173803297764195293e+02
1.195384856370157678e+02 1.801951198460446619e+02 2.171731645877155472e+02
1.196257232640065524e+02 1.801560252287272590e+02 2.171167228228554507e+02
1.198353275706640915e+02 1.802069462115351541e+02 2.171635471743953474e+02
1.199113893701769058e+02 1.802079579819575486e+02 2.171281144307552609e+02
1.199522134276160585e+02 1.802864908668938426e+02 2.172011776815912185e+02
1.200850670357843910e+02 1.804740791770294663e+02 2.174009839587236002e+02
1.200706225345088853e+02 1.805391601506307211e+02 2.174625453138885973e+02
1.200679980052298816e+02 1.805395181862936340e+02 2.174918642789097873e+02
1.197317833372759850e+02 1.802297182387202668e+02 2.172462869783708186e+02
1.194138892263232918e+02 1.799301127172988686e+02 2.170196216330262189e+02
1.189755097213076027e+02 1.801079605393551617e+02 2.171559325230645356e+02
1.189037283660147466e+02 1.804554773062931190e+02 2.174789014698642688e+02
1.187337493366750039e+02 1.804822548574570646e+02 2.175568045956434844e+02
1.185200515954964260e+02 1.803486548088664847e+02 2.174608398493692789e+02
1.186534886099904753e+02 1.805403429470171091e+02 2.176495677998069027e+02
1.189123020414426293e+02 1.806837921730846688e+02 2.177423230121028723e+02
1.187664280827829657e+02 1.804578237185839669e+02 2.175094383954887576e+02
1.188456019154908034e+02 1.804860477977609889e+02 2.174858080417367319e+02
1.189968591960820703e+02 1.805662509829996907e+02 2.175608308984777182e+02
1.190154035253725766e+02 1.805363677921347119e+02 2.175113005006105880e+02
1.189857824677608136e+02 1.804400146411012145e+02 2.174424249883318794e+02
1.192456476289727618e+02 1.806780428236226896e+02 2.176690583662065421e+02
1.193112145081165352e+02 1.807296974598648376e+02 2.177270713322123470e+02
1.191121083185750251e+02 1.804959225492139296e+02 2.175213398845334893e+02
1.192567850954868334e+02 1.806642488603596917e+02 2.177539767532558983e+02
1.194866136219782788e+02 1.809426839248380929e+02 2.181183036142421372e+02
1.194375867117621084e+02 1.808580772206202880e+02 2.181109143335741578e+02
1.195147449954925918e+02 1.808480090659744519e+02 2.181514011342058268e+02
1.195331822337589216e+02 1.808827081561802572e+02 2.182228899871490739e+02
1.191517831454711711e+02 1.805307415174318635e+02 2.179901588143904689e+02
1.188541580088102307e+02 1.803797767391901914e+02 2.177923744797294319e+02
1.188853230952183111e+02 1.804960999686718708e+02 2.178490400168788312e+02
1.188959171147440372e+02 1.805669270949881309e+02 2.178670329073135292e+02
1.187803371289375889e+02 1.803971878216726736e+02 2.177042865180392539e+02
1.188439364103088707e+02 1.804158664143367616e+02 2.177163750167829335e+02
1.191815384664565300e+02 1.805324549738186306e+02 2.177434242914410163e+02
1.192618231687434900e+02 1.804472121169497996e+02 2.175686980928207390e+02
1.194797150419732930e+02 1.805567406607036673e+02 2.176350305928687021e+02
1.196615300270444777e+02 1.807001786981567477e+02 2.177378987142683684e+02
1.191847831646516482e+02 1.805282736287553860e+02 2.175873814806053304e+02
1.189618308409362584e+02 1.806052720751363552e+02 2.176509679749886459e+02
1.189921471910184181e+02 1.808075957905235498e+02 2.178735494760531708e+02
1.188137415366123406e+02 1.807253131213676909e+02 2.178369738953640820e+02
1.186969547788170729e+02 1.806424854068499997e+02 2.178073224686558831e+02
1.188758543306331461e+02 1.807860992653875485e+02 2.178381966510878556e+02
1.190914924972348103e+02 1.809023761420378662e+02 2.178610214245983343e+02
1.193015970947963353e+02 1.811144787064683044e+02 2.179648725456974887e+02
1.195935128413326538e+02 1.813562854439322507e+02 2.181394197264863237e+02
1.197068503091254286e+02 1.814629800714792509e+02 2.181853010376640611e+02
1.197429591647539411e+02 1.814840322487836488e+02 2.181794573841658860e+02
1.197745813859816195e+02 1.815019020644592160e+02 2.182219773158833505e+02
1.196492944779392502e+02 1.813609031449596785e+02 2.181495502176984758e+02
1.192638866689257071e+02 1.810090483923559361e+02 2.178387912460280518e+02
1.193666221253252644e+02 1.810974720124800967e+02 2.179078921289695643e+02
1.195524298473873017e+02 1.812447972942733543e+02 2.179882391678228259e+02
1.192627406351296884e+02 1.809882679385457322e+02 2.177318296901073609e+02
1.189137245938532885e+02 1.806082562384517587e+02 2.174026174964356244e+02
1.189389948788113287e+02 1.806926439655007073e+02 2.174601189829229781e+02
1.190268830438146210e+02 1.808223072201727462e+02 2.175834558753012971e+02
1.192159130868428321e+02 1.807193240158814262e+02 2.176423639304643700e+02
1.194695014353393958e+02 1.806624698706596064e+02 2.176982254857456951e+02
1.197201759489543491e+02 1.807995607669635376e+02 2.178824172522041636e+02
1.200067483328964499e+02 1.809494594300839481e+02 2.180831186184938133e+02
1.201499162452288516e+02 1.810573256654028853e+02 2.181959845661055226e+02
1.199530525737010009e+02 1.808167081178193030e+02 2.180039975321113275e+02
1.195670070136629022e+02 1.806854560798931004e+02 2.178744461635839400e+02
1.196037664073039224e+02 1.808558842521849783e+02 2.180201379076651733e+02
1.195700615054120988e+02 1.809491829114692791e+02 2.180890262069318339e+02
1.193803809243713658e+02 1.808625143054427724e+02 2.180611969260081082e+02
1.195511495502177013e+02 1.811050339174855708e+02 2.182846223682780362e+02
1.195739327660173075e+02 1.811391527981126330e+02 2.183205154434847088e+02
1.192533805599422010e+02 1.807816877545409682e+02 2.180383226029192656e+02
1.191042666982079083e+02 1.806604495265617629e+02 2.179831899059516900e+02
1.190995498980237670e+02 1.806845577939888301e+02 2.180091874508500212e+02
1.192076510942465006e+02 1.805536637917255405e+02 2.179837205659520976e+02
1.194240836524752467e+02 1.805457102852137723e+02 2.180552046237748414e+02
1.198780329137070169e+02 1.808104920432967333e+02 2.183365966792192125e+02
1.199477044159862942e+02 1.807469678854797337e+02 2.183108532757066484e+02
1.197314588674564817e+02 1.804293375061537290e+02 2.181027210710381041e+02
1.192352981605917819e+02 1.804199198895204290e+02 2.179838740098076073e+02
1.190584317398615184e+02 1.806401885441374873e+02 2.180875956626536833e+02
1.190632764099252654e+02 1.808407700324150085e+02 2.182113816979841374e+02
1.192279312571527186e+02 1.811014935201938556e+02 2.183912498641382456e+02
1.193236994034870122e+02 1.812828066159875675e+02 2.185292294561054689e+02
1.193776349187067183e+02 1.812173404343739946e+02 2.185204096311593389e+02
1.197381256833046734e+02 1.814182144250011106e+02 2.187270729305858481e+02
1.199425320793560417e+02 1.815087910542232237e+02 2.188479595163961164e+02
1.197052487388833129e+02 1.811650975966856265e+02 2.185764422124046575e+02
1.198744413684634509e+02 1.813010248770850694e+02 2.186965280130938822e+02
1.199368978127857162e+02 1.815491803540716944e+02 2.188489089502522233e+02
1.196058586782090600e+02 1.814634979444916780e+02 2.187013582977961619e+02
1.193375077521114491e+02 1.813941445185379280e+02 2.185909778209693854e+02
1.194235002461495156e+02 1.815746903950540059e+02 2.187397432372817434e+02
1.194663638281684541e+02 1.817035336841230446e+02 2.188381902575938796e+02
1.194032712311951343e+02 1.817191002435921234e+02 2.188125187808885812e+02
1.194948868031890754e+02 1.818384412022326160e+02 2.188624168046595742e+02
1.197225415417271392e+02 1.820938948525979981e+02 2.190353048737604524e+02
1.196624634771656304e+02 1.820497238010600540e+02 2.189552839031001952e+02
1.196476353662513077e+02 1.820422641919582532e+02 2.189169053571086181e+02
1.196906987449571318e+02 1.821487542276979070e+02 2.190182150643505281e+02
1.195047375790395705e+02 1.820551247051000985e+02 2.189364071121227084e+02
1.192663034096503338e+02 1.818938280405859018e+02 2.187926142357536889e+02
1.192701043418217637e+02 1.819480576565287038e+02 2.188520769265195725e+02
1.191609114565018643e+02 1.818666540927951587e+02 2.187813249237575803e+02
1.193573275834510810e+02 1.818988309496256477e+02 2.187349976663747100e+02
1.196587041027050873e+02 1.820188879795919661e+02 2.187533246168698611e+02
1.195422386179823349e+02 1.818115293876950886e+02 2.185355765972546465e+02
1.194999776227710697e+02 1.816965807594192199e+02 2.184284424169964609e+02
1.197654322960954971e+02 1.819059804742693700e+02 2.185883628819313458e+02
1.198824348343126047e+02 1.818754499421388857e+02 2.186155112557461564e+02
1.195537053494364130e+02 1.813775550000319754e+02 2.182701474979061231e+02
1.196874572435090016e+02 1.814672013758799096e+02 2.184042334520391933e+02
1.201798617726601464e+02 1.818001521651567316e+02 2.188173298851089044e+02
1.201237268955111261e+02 1.817058545224379600e+02 2.187266253860071856e+02
1.199026222915561135e+02 1.816580008183672419e+02 2.186569858511978168e+02
1.200029521958455092e+02 1.818702488347857127e+02 2.188133083773951739e+02
1.201502822727592417e+02 1.820607349960679926e+02 2.189633476973831421e+02
1.201929204841153620e+02 1.821321727010594032e+02 2.190082316234999382e+02
1.202889683458112984e+02 1.822287991739605673e+02 2.190792169887922114e+02
1.203537887845328527e+02 1.822431206004769422e+02 2.191022047963991781e+02
1.204222902774137083e+02 1.822605125024774679e+02 2.191098034639950356e+02
1.204009903522175904e+02 1.822675293621211097e+02 2.191102254345977656e+02
1.202885591621965489e+02 1.821771237588629901e+02 2.190301373322506890e+02
1.202914474231022552e+02 1.821314310557576732e+02 2.190095822491033175e+02
1.203274651714415455e+02 1.820846882212660489e+02 2.190198230280866198e+02
1.201724852789801048e+02 1.818262232352358296e+02 2.188630289817082257e+02
1.202301210288410545e+02 1.818059318837151181e+02 2.188682204988203921e+02
1.205571290654629877e+02 1.820705010581232557e+02 2.191263546215371321e+02
1.206169210211688636e+02 1.821371564296172210e+02 2.191779692984418944e+02
1.203711551125574601e+02 1.818629298825515264e+02 2.189113222384901007e+02
1.203855820317245104e+02 1.818951786661892811e+02 2.189030027044479425e+02
1.204429140906213860e+02 1.819649204969023515e+02 2.189494850040598806e+02
1.202811698815285553e+02 1.818213753684250946e+02 2.188037612925087387e+02
1.203119769322737227e+02 1.818558235139921635e+02 2.188388344021124112e+02
1.203797175993708777e+02 1.818939655007064857e+02 2.189423786355005177e+02
1.202990620744330528e+02 1.817444104878875351e+02 2.188873258572077134e+02
1.205088549891630265e+02 1.819609805062368650e+02 2.191275550000319754e+02
1.208016706199771164e+02 1.822197987328094939e+02 2.193867296638940161e+02
1.205877970577140701e+02 1.819553142721966026e+02 2.191964385041781611e+02
1.203232534572818651e+02 1.816623164268040966e+02 2.189775700247428176e+02
1.204060524010766642e+02 1.816939194675498186e+02 2.189762929243202052e+02
1.204780703156468036e+02 1.817186287234110580e+02 2.189583288046084419e+02
1.205880655844612477e+02 1.817784606384543054e+02 2.189538629490630228e+02
1.206693396799416860e+02 1.817960875013586133e+02 2.189423019135727486e+02
1.203179964068563805e+02 1.815247939696564856e+02 2.185926433261513182e+02
1.198944226355260838e+02 1.812381688393890329e+02 2.182578560057285699e+02
1.199280636024781188e+02 1.813461853218165061e+02 2.182825652615898093e+02
1.200054664373533484e+02 1.814615463304541265e+02 2.183468422533230182e+02
1.200068314483181950e+02 1.814618564149121767e+02 2.183153974515533093e+02
1.199916612854758995e+02 1.814211314566297233e+02 2.182523847732547324e+02
1.198576408646561191e+02 1.814461012473706774e+02 2.183535170610386729e+02
1.196774466303089923e+02 1.813376452122320188e+02 2.183433034544048041e+02
1.197094141002116316e+02 1.814898135657155365e+02 2.185572201727522099e+02
1.195205087303160241e+02 1.813178957093261943e+02 2.184796367216720228e+02
1.192454190615629557e+02 1.809697124206407466e+02 2.181750698489217370e+02
1.194342812753741754e+02 1.810971171735641860e+02 2.183110338919115918e+02
1.197270761273328219e+02 1.813491439111560055e+02 2.185455520462377592e+02
1.199479777378539609e+02 1.815628656279370148e+02 2.187486749483725248e+02
1.202034217979783790e+02 1.818226764444501384e+02 2.189783644163699137e+02
1.203559609741127474e+02 1.819509874751452969e+02 2.190980074676009792e+02
1.202578959650659556e+02 1.816273663919595549e+02 2.187670226777231619e+02
1.199588994239461925e+02 1.810484818648543239e+02 2.182247009443190677e+02
1.198864483501588722e+02 1.808259978645729973e+02 2.180070376384990709e+02
1.199212769086177843e+02 1.808383532916903675e+02 2.179877612541477845e+02
1.196705128860871241e+02 1.808470276646484649e+02 2.180317772634567177e+02
1.195636855935400149e+02 1.809410615757405196e+02 2.181749883318734931e+02
1.194793969656477515e+02 1.809920880511990902e+02 2.182948327781649311e+02
1.192206123049185180e+02 1.807404704972220202e+02 2.181343592760007368e+02
1.189811871439623019e+02 1.805449462626830837e+02 2.180245973697165880e+02
1.191271969643690625e+02 1.807672464500124647e+02 2.182489242946377885e+02
1.192555351674136404e+02 1.810568637354627981e+02 2.184522677723148831e+02
1.194419566648978019e+02 1.813844312028080310e+02 2.186752872277170638e+02
1.193510076146513370e+02 1.814898838941493011e+02 2.186425908995006751e+02
1.189616949791891756e+02 1.810618842266109993e+02 2.182638930624196689e+02
1.189578093332225137e+02 1.809604370592485054e+02 2.181518742527603933e+02
1.193132860001662294e+02 1.811912373968249881e+02 2.183364991784360143e+02
1.194307760422993567e+02 1.812416437033674583e+02 2.183858249844957697e+02
1.192898266723781830e+02 1.810234065814626945e+02 2.182154511569027306e+02
1.194467741626121295e+02 1.811692485726524637e+02 2.183425362351271417e+02
1.196146225600828643e+02 1.813123061972137293e+02 2.184690490956402869e+02
1.195286780172496464e+02 1.811986970059267605e+02 2.183831381186504643e+02
1.193881586097986656e+02 1.810630590311299102e+02 2.183077780051019943e+02
1.191968700650218267e+02 1.808540221470631479e+02 2.181487286537219745e+02
1.192300507004072614e+02 1.808779386096707924e+02 2.182082600745481500e+02
1.192019880569532404e+02 1.809676057643741842e+02 2.182218542411242197e+02
1.191767529362121110e+02 1.810420164440665189e+02 2.182345549169165508e+02
1.191191971050259326e+02 1.810472127562991886e+02 2.182068439156314525e+02
1.190187792901943027e+02 1.810116857086229061e+02 2.181481004929383971e+02
1.189243521792224243e+02 1.809777250669718569e+02 2.181030934920624702e+02
1.190322791527341764e+02 1.810614846332372281e+02 2.182112969841888912e+02
1.192298301248649324e+02 1.811659942842163673e+02 2.183343301856031360e+02
1.194398196395348037e+02 1.812750017582108342e+02 2.184448497209239974e+02
1.195034428965085169e+02 1.813541803860391610e+02 2.185396284740647843e+02
1.194959752955392531e+02 1.813303294567448063e+02 2.185309652897211663e+02
1.199156889948788063e+02 1.814221112595822376e+02 2.186130321784551995e+02
1.202250461929940144e+02 1.814385856951965650e+02 2.186677572901814983e+02
1.203119257843218719e+02 1.813500661726627072e+02 2.185933082495252791e+02
1.205008215639765012e+02 1.814320755199508994e+02 2.186740357012703839e+02
1.208095713801635469e+02 1.816757907153680378e+02 2.188956645717317997e+02
1.208896866548600144e+02 1.817502541413857386e+02 2.189572067464148404e+02
1.203775054504536115e+02 1.813616495853819117e+02 2.185935368169350852e+02
1.198637530449015145e+02 1.810886378021725136e+02 2.183437957534412988e+02
1.197903189714146919e+02 1.811523505680619337e+02 2.184254198927171728e+02
1.197641152363354990e+02 1.812693738851344847e+02 2.184954302501774066e+02
1.196855088262184381e+02 1.811977971216490175e+02 2.183647584218299471e+02
1.198314147523480102e+02 1.813677937330971872e+02 2.184575887576801847e+02
1.199696293052190157e+02 1.815151349986253990e+02 2.185137524055521112e+02
1.199259617413320171e+02 1.814777842067911706e+02 2.184756104188377890e+02
1.197845760154466745e+02 1.813518099981458818e+02 2.183865938021469333e+02
1.197237563055834357e+02 1.813051358937145494e+02 2.183452470765748785e+02
1.196613845750564167e+02 1.811811436682032479e+02 2.182836665409279533e+02
1.196001285092290090e+02 1.811128068077923956e+02 2.182651349986253990e+02
1.196105451092967797e+02 1.810845875237358484e+02 2.182687201503749748e+02
1.197191881541343577e+02 1.811425493417897883e+02 2.183367693035567072e+02
1.197774744420078150e+02 1.812072898618365855e+02 2.183896930483539904e+02
1.199011501895670904e+02 1.813595285437538678e+02 2.185013330434949523e+02
1.199686574941339643e+02 1.814732000716071241e+02 2.185419844765966104e+02
1.199213008842202157e+02 1.814616694052132573e+02 2.185294116706839134e+02
1.198556604798956613e+02 1.813432794788023728e+02 2.184307584601909014e+02
1.198872874962438289e+02 1.812881467818347971e+02 2.183392547743416401e+02
1.200028227275924024e+02 1.813397151059082262e+02 2.183566131104987562e+02
1.201488165642642088e+02 1.813657030605655791e+02 2.183417338516325685e+02
1.201457780562499664e+02 1.813407540486800542e+02 2.183076005856440531e+02
1.201184123036398148e+02 1.813421686092232505e+02 2.183351006016277722e+02
1.203689541522546591e+02 1.813146062566732155e+02 2.182710793496538031e+02
1.207549581545818995e+02 1.813465417591059463e+02 2.182217599370880237e+02
1.210935048494651909e+02 1.814671278506991428e+02 2.182320198965532541e+02
1.211344775556393785e+02 1.814263149818744409e+02 2.181528620475803848e+02
1.211380643057624553e+02 1.813458081056716651e+02 2.180806571233113118e+02
1.211363892103395585e+02 1.812871733723762588e+02 2.181488996796859396e+02
1.210275687460440253e+02 1.811741747597644689e+02 2.181988648351437519e+02
1.209793202437199966e+02 1.811500265330000161e+02 2.182848669194227966e+02
1.209792291364307744e+02 1.811426660230549430e+02 2.184387471309195803e+02
1.208700682185807693e+02 1.810017038661458173e+02 2.183060261877513426e+02
1.204482718385770710e+02 1.808680430793624510e+02 2.181335441055182116e+02
1.204065830610770433e+02 1.810859589281946569e+02 2.183005773325064354e+02
1.204176837650007315e+02 1.813268801667423133e+02 2.184746929524515906e+02
1.203221921372811067e+02 1.813049424905216540e+02 2.184509539093018873e+02
1.202178327334104750e+02 1.812887557621364465e+02 2.184522901495438134e+02
1.200977645148297057e+02 1.812324946134813217e+02 2.184172410155425723e+02
1.198318974611435408e+02 1.811021216809774330e+02 2.181897876720649094e+02
1.197168832995543681e+02 1.810867820905446592e+02 2.180539642859426124e+02
1.198385962444616410e+02 1.812847118771937573e+02 2.181419547468495921e+02
1.199349541906156276e+02 1.814342860704946645e+02 2.181846201305551460e+02
1.199778928961888340e+02 1.814177333145790953e+02 2.182497762277106688e+02
1.200624740264307064e+02 1.814474103152631983e+02 2.184040640244487292e+02
1.200466852930457975e+02 1.814354864489895078e+02 2.184250906277771662e+02
1.199394392266429747e+02 1.812710026277260340e+02 2.183382589876541715e+02
1.199577342096682457e+02 1.812422095275847198e+02 2.183551010491723616e+02
1.199723801060041239e+02 1.812083064273795117e+02 2.183616927414662712e+02
1.201490275495655595e+02 1.812554216828954736e+02 2.184145669366852189e+02
1.204939485579474336e+02 1.814637424956364384e+02 2.186221812683413361e+02
1.205590007608257821e+02 1.814493811097826779e+02 2.186285140241290321e+02
1.204645209035285660e+02 1.812796434348406933e+02 2.184859550920982940e+02
1.204659962022645772e+02 1.813439891566342226e+02 2.185354774980979471e+02
1.205632764099252654e+02 1.815479032536490820e+02 2.186412722413671759e+02
1.203057177016667794e+02 1.813302591283110416e+02 2.184261615380189028e+02
1.200980825911552472e+02 1.811533959043277662e+02 2.182590899500668229e+02
1.203166729536024206e+02 1.814176933552417097e+02 2.184666099776867156e+02
1.205067403410289728e+02 1.816228014372574364e+02 2.186270403237665221e+02
1.205542967476296070e+02 1.814811711602273476e+02 2.184177764706634548e+02
1.205027523991586094e+02 1.812886534662327733e+02 2.182050809096663215e+02
1.206005968326630864e+02 1.813185766164351094e+02 2.181958534994789431e+02
1.206162321221924572e+02 1.812637140445882267e+02 2.181034627163398625e+02
1.205939220249474175e+02 1.812433539630072517e+02 2.179674571156391210e+02
1.206044393225453746e+02 1.813719335204496019e+02 2.179696964369057923e+02
1.205300462249614810e+02 1.813421734043437539e+02 2.178722691788835562e+02
1.203241869074030319e+02 1.811174532795427297e+02 2.176268453222001256e+02
1.202572997717522583e+02 1.810518480394350718e+02 2.175368489025567555e+02
1.203485109552519390e+02 1.811842876688681656e+02 2.176146177649623610e+02
1.206717724044012812e+02 1.812030525737010009e+02 2.178184487465555037e+02
1.207197347978696911e+02 1.810508602446150803e+02 2.178711407271960070e+02
1.208027782928092364e+02 1.810195880671828377e+02 2.179801226272145414e+02
1.210762072515008754e+02 1.812145336905165323e+02 2.182486525711435945e+02
1.207378651484249588e+02 1.812237035592580980e+02 2.181865253917613359e+02
1.202531503941589079e+02 1.809901124615591073e+02 2.179178356104827685e+02
1.202019177285194615e+02 1.811251062918374259e+02 2.180420004603315647e+02
1.202399302469806770e+02 1.813133051806481717e+02 2.181943702088754549e+02
1.201149470299023676e+02 1.812400836908362010e+02 2.181065539706794425e+02
1.203659588003247904e+02 1.812499168845782549e+02 2.181190180871944619e+02
1.206131536548408292e+02 1.811891115600764692e+02 2.181151324412278143e+02
1.206091257536331085e+02 1.810103270911520497e+02 2.179578317104514440e+02
1.207340162650486803e+02 1.810175901003139245e+02 2.179170795798195854e+02
1.209094761171032388e+02 1.811400734612458336e+02 2.180353400379773632e+02
1.206359432641344114e+02 1.810776441892730020e+02 2.179895098747514623e+02
1.204399954606192722e+02 1.810795750244551243e+02 2.179749151263674207e+02
1.205034764623519123e+02 1.812130903592504296e+02 2.181000342051927987e+02
1.205041525743403525e+02 1.813199687997493754e+02 2.182028335965321730e+02
1.204376394580874461e+02 1.812765713609830698e+02 2.181615939619842948e+02
1.204883062995096168e+02 1.814524867494837395e+02 2.182840677326752257e+02
1.205130107602503671e+02 1.815988146462159989e+02 2.183791709556355443e+02
1.202326656394453011e+02 1.814050502208952196e+02 2.181933808156819623e+02
1.199733167528722788e+02 1.812949574512975630e+02 2.180202577856773019e+02
1.201502582971568103e+02 1.815144764687454142e+02 2.181899395175469465e+02
1.204275025733813322e+02 1.815960350747079701e+02 2.183693553440019457e+02
1.206174404925547776e+02 1.816118078243579248e+02 2.184315576469384723e+02
1.207460951735513959e+02 1.816326074586500852e+02 2.185129484236840653e+02
1.207364409976407984e+02 1.815797396569251134e+02 2.185242361373066728e+02
1.207615626338637753e+02 1.815498101132287729e+02 2.185111374665140715e+02
1.207829968224334891e+02 1.814617940783458891e+02 2.184581449916564964e+02
1.208118059063097434e+02 1.813100764661880078e+02 2.183951546905868497e+02
1.208230648492094446e+02 1.811521987225798966e+02 2.182838008043015350e+02
1.211014663478444362e+02 1.813360851997007899e+02 2.184270742092846262e+02
1.212813313172515706e+02 1.814966194400577990e+02 2.185675904199886190e+02
1.207855957777365745e+02 1.813655272394811107e+02 2.181669948660243392e+02
1.205628096848646749e+02 1.813894373085947791e+02 2.179055409215582131e+02
1.206430368457058080e+02 1.816241408742463648e+02 2.179264108842841665e+02
1.205568829159447404e+02 1.816503270272171164e+02 2.178595125600189135e+02
1.203868671240146000e+02 1.815638805951064114e+02 2.177324562525174372e+02
1.205752050713194308e+02 1.817724219833897052e+02 2.178616751593578442e+02
1.208294903106598781e+02 1.819790820860692122e+02 2.179227586008477715e+02
1.206592395578259556e+02 1.817546368815093842e+02 2.176812539559743982e+02
1.207098744317782177e+02 1.817959116802741448e+02 2.176533303710144480e+02
1.208550978524253736e+02 1.818828775837707497e+02 2.176798713629011104e+02
1.210319195186977765e+02 1.818312469231310331e+02 2.177018250228567524e+02
1.209662775159997210e+02 1.815220959151967008e+02 2.174820534623966637e+02
1.211064468796552660e+02 1.815127949798285272e+02 2.174883542507144796e+02
1.212913307418371005e+02 1.816373881937740293e+02 2.176673241309643174e+02
1.214289363144064566e+02 1.817784398595988762e+02 2.178416603264518017e+02
1.210394366692453758e+02 1.818036254307616559e+02 2.177981669852757705e+02
1.209038402521593980e+02 1.819630599901540222e+02 2.179032728295686354e+02
1.208255535167413655e+02 1.821543069772199885e+02 2.180538428095569827e+02
1.206698399708456719e+02 1.820205518864003977e+02 2.179407562864029444e+02
1.207594895434405942e+02 1.821195519439418433e+02 2.179946326618033368e+02
1.207991915426861596e+02 1.825138499063353095e+02 2.182286792959484387e+02
1.207249838564276985e+02 1.825727803387273127e+02 2.182162966964816633e+02
1.205406881956920699e+02 1.824262286697056936e+02 2.179877372785453531e+02
1.204155930924691091e+02 1.823604747808630009e+02 2.179066198236674268e+02
1.203284897288519204e+02 1.823237937075232367e+02 2.178893621850405111e+02
1.202174043693137833e+02 1.822486046199387602e+02 2.178314818840348153e+02
1.204178196267478285e+02 1.822523464122908479e+02 2.178220067259556743e+02
1.206547257510757021e+02 1.822732035880288208e+02 2.177903845047279958e+02
1.208277432884296871e+02 1.823248214616805853e+02 2.178124164849848796e+02
1.210207756586897148e+02 1.824765934185373055e+02 2.179181712689167512e+02
1.211186776336400044e+02 1.825770432008388298e+02 2.180209754553766004e+02
1.210694589186044254e+02 1.824733966715470217e+02 2.180013554207238826e+02
1.209973003471667283e+02 1.823359765103031123e+02 2.179285031551892757e+02
1.210976350465765989e+02 1.823508909333861823e+02 2.179770793240798241e+02
1.212896828187636231e+02 1.824811839472152997e+02 2.180959647462742055e+02
1.212142731556368176e+02 1.825398490496071133e+02 2.180767938545735944e+02
1.211855040310979490e+02 1.826817414598904179e+02 2.181167036423735226e+02
1.212633783861542440e+02 1.828416635231988039e+02 2.182150211944325520e+02
1.212586072412712781e+02 1.828881170520878072e+02 2.182035192987615915e+02
1.212655106163967531e+02 1.829463985448407755e+02 2.182405648012582446e+02
1.212433763402361819e+02 1.830197766752552582e+02 2.182911053711742966e+02
1.211955705873702982e+02 1.830428236226815670e+02 2.182683780984470161e+02
1.211335632860001681e+02 1.830103478700074788e+02 2.181798953385035418e+02
1.211698447659661468e+02 1.830089045387413762e+02 2.181541311561355201e+02
1.211681377030733557e+02 1.829985726524688516e+02 2.180979131635647548e+02
1.212175897806392157e+02 1.830046896278347219e+02 2.180612864349238293e+02
1.212766336975493715e+02 1.831118445869483082e+02 2.181130641459251081e+02
1.211623276154185476e+02 1.831158341271921586e+02 2.181463007243828542e+02
1.209419374844158597e+02 1.830649930630590347e+02 2.180425534975608741e+02
1.208901278059446724e+02 1.830215141072444567e+02 2.180260886521875250e+02
1.209282793828999587e+02 1.829552663209917682e+02 2.180742444488488445e+02
1.209760627585369122e+02 1.828803361699135053e+02 2.181022671329654941e+02
1.210217602567627182e+02 1.828035183397374794e+02 2.181013288877238381e+02
1.211989303684570558e+02 1.829297834523588904e+02 2.182603478700074788e+02
1.213215863537264454e+02 1.829930374850551971e+02 2.183553168295942157e+02
1.213874489319668299e+02 1.830118695215748517e+02 2.184053347313773372e+02
1.216592699269223630e+02 1.831342106272657020e+02 2.185579378424515085e+02
1.218598066607420236e+02 1.832375374818584532e+02 2.187036152011712886e+02
1.220388820336425653e+02 1.833677154127959454e+02 2.189215742060878824e+02
1.219840242569161575e+02 1.832715364844733870e+02 2.188822925790715317e+02
1.221695218945201304e+02 1.832957422526836808e+02 2.188648063730348099e+02
1.222186638876279545e+02 1.835988721876618399e+02 2.189561598117755352e+02
1.218958931391416058e+02 1.836125175021897746e+02 2.189083748377650807e+02
1.212965478329252136e+02 1.832854455306280386e+02 2.186327640992525971e+02
1.212774073103210242e+02 1.834407259173065370e+02 2.188040649834728129e+02
1.215439520743691162e+02 1.836256992884041210e+02 2.189443270527910670e+02
1.215235040822459069e+02 1.834638655703955692e+02 2.187891697408716993e+02
1.218194285495080180e+02 1.835975103734439813e+02 2.188468886061543799e+02
1.223377618934971736e+02 1.840821180366858698e+02 2.192566252581373192e+02
1.224165553133131681e+02 1.841831895862769954e+02 2.193701433421350373e+02
1.218828903707587159e+02 1.840727579614983824e+02 2.191985723327941571e+02
1.218796648530455400e+02 1.844000728858313778e+02 2.193712270393647543e+02
1.215888887468112500e+02 1.842550588521120858e+02 2.192002969777954036e+02
1.211110358099597875e+02 1.838788049281051542e+02 2.188573195915836038e+02
1.210839689531932351e+02 1.839436924985135136e+02 2.189095032894526582e+02
1.210006265624100905e+02 1.839418863364640231e+02 2.189139691449980489e+02
1.208765368361155623e+02 1.838440163289836278e+02 2.188232342767999228e+02
1.209327228612164191e+02 1.839212689167503072e+02 2.188639496448413979e+02
1.207893279798477124e+02 1.838141379332391239e+02 2.188207152401716087e+02
1.203562279024864239e+02 1.833978655320346149e+02 2.184878124020996211e+02
1.206463023227563696e+02 1.834309374780223720e+02 2.185673890249282465e+02
1.208500997385061027e+02 1.834846348355912937e+02 2.186591676310186756e+02
1.209748479946806157e+02 1.835496422840117816e+02 2.187819243138182514e+02
1.210478648926851974e+02 1.835022569033751267e+02 2.187421871503557895e+02
1.210981465260950500e+02 1.834619299400929719e+02 2.187162391550358223e+02
1.213048753588348490e+02 1.836307901079861153e+02 2.188390997321126008e+02
1.213087897755244313e+02 1.836193985000863051e+02 2.188553312149556689e+02
1.210492506825054875e+02 1.833756193697293497e+02 2.186669932676508381e+02
1.209288787729606298e+02 1.833149626939626273e+02 2.186872926110389983e+02
1.211566837586072438e+02 1.835083259275361343e+02 2.188707874866535690e+02
1.212603510667544668e+02 1.835518496378085729e+02 2.188985000863121684e+02
1.213317727880109231e+02 1.833539134576654703e+02 2.188363041768696178e+02
1.215593492062477168e+02 1.832868776732796618e+02 2.189087136929460655e+02
1.219302166115760571e+02 1.834896121706551355e+02 2.191412498641382456e+02
1.219939453612004456e+02 1.834810081261308596e+02 2.192041522546656438e+02
1.217911005760538075e+02 1.831869281818821094e+02 2.190183477293506087e+02
1.218724481967150268e+02 1.834234331144627106e+02 2.190893970295826989e+02
1.221515018317360273e+02 1.838347297789769073e+02 2.192976890716007290e+02
1.219897176633058251e+02 1.838427727944044250e+02 2.192401460274025169e+02
1.217463668970455615e+02 1.836966606780939628e+02 2.190876404171115439e+02
1.220459404509970653e+02 1.838173634509523140e+02 2.191890124609197699e+02
1.223234292783663335e+02 1.838807117876848451e+02 2.192104466494894837e+02
1.223688039051461232e+02 1.837529633844599743e+02 2.191113458944178376e+02
1.223774175399113915e+02 1.836170968422533178e+02 2.189981602721070999e+02
1.223381582901239710e+02 1.835057157836185979e+02 2.189199486602433353e+02
1.219829213792045266e+02 1.833698907991227998e+02 2.187888788368955773e+02
1.219043741089067794e+02 1.834736060584748998e+02 2.188841738646753186e+02
1.218839389037715222e+02 1.836250695292470425e+02 2.190044706506658940e+02
1.216683215160252871e+02 1.836847368118203008e+02 2.190748566258974961e+02
1.216189973083390328e+02 1.836721751945220547e+02 2.190438897378028003e+02
1.219228321260285526e+02 1.836465212999251833e+02 2.190841271921692623e+02
1.221892889795344246e+02 1.836103964605617307e+02 2.191308268705764988e+02
1.223852000204591803e+02 1.836776672058513213e+02 2.192069829741255376e+02
1.227675037881451772e+02 1.839252696456086369e+02 2.194326717132645683e+02
1.229129270054792187e+02 1.840182598188083887e+02 2.195303387273110900e+02
1.226010459756152073e+02 1.836349251002180267e+02 2.192253498839580743e+02
1.224027789321586397e+02 1.837031101151468135e+02 2.192456060712618751e+02
1.224291345127198554e+02 1.840472671009980274e+02 2.194787336406472775e+02
1.221218088473169701e+02 1.838424834888018040e+02 2.193556013400763334e+02
1.216506578905305958e+02 1.834666946914819619e+02 2.190173823117595475e+02
1.218461949120574843e+02 1.837347115575190628e+02 2.192217919045579322e+02
1.222951492561169715e+02 1.840085960526568272e+02 2.196279306178033153e+02
1.222708124212801124e+02 1.837300219296843409e+02 2.195616652494421714e+02
1.221306686316004857e+02 1.834234427047036888e+02 2.194117026513819440e+02
1.221286482875026422e+02 1.832726585426669885e+02 2.193894357102212780e+02
1.218636507489978129e+02 1.831868450664603643e+02 2.193332464883734190e+02
1.218888075494376864e+02 1.833419240580784901e+02 2.194786856894424147e+02
1.220429770665370910e+02 1.835890166166908557e+02 2.197066489140650560e+02
1.219604386576220065e+02 1.835899548619325117e+02 2.197151490643121576e+02
1.218265828692722295e+02 1.834816922299867770e+02 2.196340683720246147e+02
1.219572291236437849e+02 1.836216314278590005e+02 2.197390559366788239e+02
1.220449063033457122e+02 1.838140468259499016e+02 2.197739308479690976e+02
1.219500076721927826e+02 1.837618311606109671e+02 2.195892244052452327e+02
1.219743988517284805e+02 1.837130871625034274e+02 2.194515980538204190e+02
1.219969886643351771e+02 1.837595726588623393e+02 2.194126888478284627e+02
1.219622336310570319e+02 1.837422974381269682e+02 2.193780361104539907e+02
1.218458272861536074e+02 1.839004852661931295e+02 2.193626421753223781e+02
1.217139742597932326e+02 1.839670415385303954e+02 2.192794436381538219e+02
1.210617435697434274e+02 1.834762785389587521e+02 2.187463637002985877e+02
1.209337506153737962e+02 1.834433664303205092e+02 2.186433405366698821e+02
1.212953154869604759e+02 1.837130631869009960e+02 2.189673755985908770e+02
1.212874930470753014e+02 1.836388091478111733e+02 2.190088725712714677e+02
1.209189720540378090e+02 1.832150579570229354e+02 2.187341121674583917e+02
1.211637150036123245e+02 1.834583048290060106e+02 2.189856466060137166e+02
1.214130165143949540e+02 1.836941064772487380e+02 2.192362412009539128e+02
1.211733995486193294e+02 1.833635644368290798e+02 2.189766253860071856e+02
1.212346332372178068e+02 1.833751814153916939e+02 2.189876717452320634e+02
1.213702967859905755e+02 1.835164360746504428e+02 2.191181134077962156e+02
1.213319805765652859e+02 1.834114964612010681e+02 2.190273369818872311e+02
1.214195059107851904e+02 1.834577581852706771e+02 2.190468739011182322e+02
1.215434421932241804e+02 1.836267494197904284e+02 2.192006294394823840e+02
1.213533732074241271e+02 1.834377705247140398e+02 2.190043251986778330e+02
1.213572045086919502e+02 1.834472217071907494e+02 2.189943465529477180e+02
1.215199844638096209e+02 1.836175427884584508e+02 2.191578090135478192e+02
1.213821758978063912e+02 1.834713811225696816e+02 2.190493497816621868e+02
1.213119145957074068e+02 1.833798870269613701e+02 2.189577517917767011e+02
1.218504737579039556e+02 1.837643565907332572e+02 2.192860529125561868e+02
1.219791779884789236e+02 1.837602168033808709e+02 2.192692476136283801e+02
1.217922945610546748e+02 1.833614274114660816e+02 2.189285910657315242e+02
1.222758393059222897e+02 1.837761334066453855e+02 2.192391662244500026e+02
1.224456233336956359e+02 1.839078122102947930e+02 2.193291530538523944e+02
1.215673378769763957e+02 1.832664664437468502e+02 2.187268012070916541e+02
1.211856319009775689e+02 1.830986356283845566e+02 2.185116137818156119e+02
1.213336716557231370e+02 1.833373926692198097e+02 2.186286035330447817e+02
1.213564404861612758e+02 1.834381205685094756e+02 2.186714463362082768e+02
1.215672211957112410e+02 1.833919723289580475e+02 2.185891620686789167e+02
1.218173586558318249e+02 1.833870253629906131e+02 2.185490732630475179e+02
1.220746808048130276e+02 1.834820646510111430e+02 2.186313111777455163e+02
1.224021747469774795e+02 1.835086743729580689e+02 2.185480630909985962e+02
1.225837995256027426e+02 1.836921212973678053e+02 2.186888861894136653e+02
1.223242364569813816e+02 1.838326023438548873e+02 2.187305845571546286e+02
1.219372766273040583e+02 1.837774232940559784e+02 2.186824894986861239e+02
1.216211391288225059e+02 1.835621783273340952e+02 2.185214229999552344e+02
1.214609725143693737e+02 1.834696772564238643e+02 2.184589170060546337e+02
1.211597702178263347e+02 1.832380297808949479e+02 2.182964215614190948e+02
1.208077012831742394e+02 1.829341230363981481e+02 2.180734388686072975e+02
1.208171924249883347e+02 1.831538482440268751e+02 2.181576363892103529e+02
1.210244663030899801e+02 1.835817903701193643e+02 2.183552049434495359e+02
1.207907936883427453e+02 1.833931982814288233e+02 2.181419659354640714e+02
1.204103600176460418e+02 1.830995882589876658e+02 2.178909605585356246e+02
1.203816851971433834e+02 1.832774840322487933e+02 2.181054990441726602e+02
1.203561272049562376e+02 1.833184215742060985e+02 2.182284699090205891e+02
1.202501950015664107e+02 1.832104178787665774e+02 2.181455622758281265e+02
1.203203955654725803e+02 1.832797553209853731e+02 2.182284059740807720e+02
1.203297924032504511e+02 1.833374965634969840e+02 2.183036270291351570e+02
1.204123004430691282e+02 1.832979176390105351e+02 2.182782928092373140e+02
1.205622438606473992e+02 1.832995735539514897e+02 2.182628205538044597e+02
1.207183378194349359e+02 1.833775422130439949e+02 2.183130798099853678e+02
1.207714134097142704e+02 1.834388398365823036e+02 2.183622969266474456e+02
1.207418067374639605e+02 1.833729372990045192e+02 2.183041209265451528e+02
1.206533031986650428e+02 1.832642207289861744e+02 2.182088338906328886e+02
1.203441026411523609e+02 1.831496093575177895e+02 2.180610402854055678e+02
1.202613756241648559e+02 1.832656656586257782e+02 2.181015031104348338e+02
1.202997110140720736e+02 1.834193652539176185e+02 2.182289462243221294e+02
1.202533821583157021e+02 1.834335699991688386e+02 2.182127243317200396e+02
1.203801219878651523e+02 1.833684666483386536e+02 2.182176169529886351e+02
1.205208347985090427e+02 1.832692635973633344e+02 2.181976069152030959e+02
1.205490700663005299e+02 1.831984156921916167e+02 2.182204029179906399e+02
1.204532331899059585e+02 1.830292646203223512e+02 2.181446847687792854e+02
1.203419576239218998e+02 1.828864755225083059e+02 2.180771454967425029e+02
1.202518557116278544e+02 1.827744215486321195e+02 2.180216403787505897e+02
1.200921941831991830e+02 1.826227998388839637e+02 2.180189934722426415e+02
1.197795139665876007e+02 1.822442154863211101e+02 2.177813121367696283e+02
1.196941208626102053e+02 1.821498171460721665e+02 2.176903135369448137e+02
1.197629867846479357e+02 1.822225767059440216e+02 2.177720511607388403e+02
1.197538584736172425e+02 1.822149188985288504e+02 2.177696759777250577e+02
1.201435147593808495e+02 1.821473348720342074e+02 2.177432724459589792e+02
1.204416961300180873e+02 1.820964474550697219e+02 2.177132438031059678e+02
1.205778951339117384e+02 1.819499421388794644e+02 2.175757533134282653e+02
1.207888516645461578e+02 1.820225786239922172e+02 2.176245116968972297e+02
1.210310867661068102e+02 1.821740420947643599e+02 2.177440556489715959e+02
1.207967076702747278e+02 1.820039335971715104e+02 2.175926912773561526e+02
1.205619177924543948e+02 1.819041295577620190e+02 2.174846364339647948e+02
1.207030973281588615e+02 1.821216506083409570e+02 2.176379268456418856e+02
1.206377302457019738e+02 1.821114050342371513e+02 2.176226671738838547e+02
1.204211330550032244e+02 1.817655090180232662e+02 2.174119168334302969e+02
1.204196689448816926e+02 1.816037664073039366e+02 2.173626086094789969e+02
1.203974163890824656e+02 1.815474045611186114e+02 2.173834721787109459e+02
1.203379377145816420e+02 1.814662711225057308e+02 2.173794155067803047e+02
1.205644831819140848e+02 1.816867331803157128e+02 2.175972402483233168e+02
1.206429073774527012e+02 1.817272279728148590e+02 2.176638524637328942e+02
1.204397716883299552e+02 1.813567425787518630e+02 2.175014017735552443e+02
1.205216595592325319e+02 1.813667835610482655e+02 2.176086286594761248e+02
1.208181978019167673e+02 1.815827957470478111e+02 2.178655911744208993e+02
1.207672672288679081e+02 1.815244455242345509e+02 2.178443296101886801e+02
1.206119980308038606e+02 1.813597619062841773e+02 2.177638099469979238e+02
1.206547593169190975e+02 1.814646583636491641e+02 2.178744221879815086e+02
1.206140455472511235e+02 1.814574880601499842e+02 2.178855852284715127e+02
1.203702008835808641e+02 1.813125763223343938e+02 2.178090726876330621e+02
1.202999811391927523e+02 1.812372257990269020e+02 2.177815199253239768e+02
1.199995908163852505e+02 1.812592561809103131e+02 2.177431877321637614e+02
1.197638898656726951e+02 1.813651660070711955e+02 2.177449027869240297e+02
1.196408390821500092e+02 1.814554565274376898e+02 2.177707468879667942e+02
1.195607925375138194e+02 1.814841729056512065e+02 2.177590595809704155e+02
1.194945511447550928e+02 1.814635267152145843e+02 2.177289382324546523e+02
1.193198217493878275e+02 1.813239711269811778e+02 2.176120507771291841e+02
1.188445853499478915e+02 1.809639710630462446e+02 2.173464138892263122e+02
1.186774738026584117e+02 1.809103855916219743e+02 2.173256861817414460e+02
1.186649953007819249e+02 1.809602404593086078e+02 2.173731658664143254e+02
1.186078390629695178e+02 1.809248828392228177e+02 2.173349679366276916e+02
1.184613625175021951e+02 1.809257539527776544e+02 2.174907358272222098e+02
1.181530522540263064e+02 1.807130551950335473e+02 2.175068809978965305e+02
1.180158958244090854e+02 1.805979595163961164e+02 2.175412747987647890e+02
1.182173420327474815e+02 1.808191839983632576e+02 2.177748946671866577e+02
1.182079324079816445e+02 1.808532437391710062e+02 2.178593814933923341e+02
1.182944683490080564e+02 1.806836467210966077e+02 2.176515226105914564e+02
1.185598558906456788e+02 1.807245938532948912e+02 2.175571402540774386e+02
1.188708434297259089e+02 1.808598338330914430e+02 2.175824153341559679e+02
1.190173679263980944e+02 1.809330920854937972e+02 2.175556601602209525e+02
1.192876528844248156e+02 1.811299637488891392e+02 2.176868562550748436e+02
1.194357821480861048e+02 1.813040505981113597e+02 2.178946080468515163e+02
1.190798163788528825e+02 1.809374013004366759e+02 2.175911136827164682e+02
1.187677115766995541e+02 1.806157797824933482e+02 2.173800404708169083e+02
1.188648958819505310e+02 1.807760103318862832e+02 2.175606039294414131e+02
1.188824252440716265e+02 1.807919509107532292e+02 2.175874693911475788e+02
1.185910225754272460e+02 1.805302779891182752e+02 2.173517620469410190e+02
1.183511338861574416e+02 1.803314547116853817e+02 2.172023173218932470e+02
1.181706679283161492e+02 1.801942535276103001e+02 2.170525912831103028e+02
1.179136750442749388e+02 1.799125306088524212e+02 2.168066399631734669e+02
1.179048536209553220e+02 1.799251082098856216e+02 2.168064034038961836e+02
1.178180171857118239e+02 1.799752491864279023e+02 2.168588348496570006e+02
1.175513173794346926e+02 1.797977354244320907e+02 2.167337429431810278e+02
1.174633908534675157e+02 1.797699333158577701e+02 2.167254138188978914e+02
1.174464576846600892e+02 1.798106374952847943e+02 2.168026088652187582e+02
1.174697491832311442e+02 1.798640903017089840e+02 2.168595317405008700e+02
1.176832407342288462e+02 1.801047605956179041e+02 2.170725661566789597e+02
1.177655138131437411e+02 1.801385454161844848e+02 2.171117598731530904e+02
1.176058746619440001e+02 1.799282218414541319e+02 2.169042909934850343e+02
1.177705103286895252e+02 1.800352361437001605e+02 2.169638687671425430e+02
1.180424208325607793e+02 1.802868473041832544e+02 2.171712753102442832e+02
1.179892269626428174e+02 1.802658830374211334e+02 2.171128499638767551e+02
1.178473920938053396e+02 1.801057883497752812e+02 2.169350021418204904e+02
1.179542193863524489e+02 1.801965104309854269e+02 2.169718766183531500e+02
1.178984361513723655e+02 1.801629126201177655e+02 2.169537654482798246e+02
1.175330623557467931e+02 1.798179212833020983e+02 2.166176003299042918e+02
1.177774232940559642e+02 1.798458049089246913e+02 2.166591228765608150e+02
1.180082540007288543e+02 1.798253840891508730e+02 2.166249256756324826e+02
1.179090429578860579e+02 1.795250433159217209e+02 2.163343189969886566e+02
1.179227170431368990e+02 1.794518458017121816e+02 2.162774568598993596e+02
1.180020011636159012e+02 1.795159325869994689e+02 2.163690388660499195e+02
1.178796552628045760e+02 1.794919633780664867e+02 2.163716410180999787e+02
1.177622195653702732e+02 1.795290967911053599e+02 2.163981516408902337e+02
1.177582571974758423e+02 1.795867133604843673e+02 2.164717935029314049e+02
1.177484719549386512e+02 1.796032373456770301e+02 2.164803064401664869e+02
1.178926436458260127e+02 1.797514657084950329e+02 2.166021920094112261e+02
1.179737531088364477e+02 1.798529832042913199e+02 2.167203198025688948e+02
