1.121579100938240998e+02 1.703483256005773683e+02 1.644204701515620286e+02
1.120670708320445357e+02 1.702067934838643168e+02 1.642699639138055545e+02
1.119753923084854108e+02 1.700763161150634062e+02 1.641133508609134992e+02
1.117403546757397663e+02 1.698106402721930124e+02 1.638228270955768551e+02
1.115140282503350875e+02 1.696758469945355330e+02 1.635581276420249424e+02
1.112876306835756282e+02 1.696038313228167738e+02 1.632359614393236313e+02
1.109681987833797336e+02 1.696968347252293938e+02 1.628454057119290610e+02
1.108244839674193258e+02 1.697200948551397062e+02 1.626391483658109109e+02
1.105433384885039629e+02 1.697936704814929385e+02 1.622773141560985550e+02
1.102121919785544861e+02 1.698161882668316309e+02 1.619597236828539053e+02
1.100331054747912134e+02 1.698480771213527305e+02 1.618097020311372205e+02
1.099551974430353596e+02 1.698753964326219261e+02 1.617454304567481245e+02
1.099681544489122587e+02 1.698751830085575705e+02 1.616378678214248907e+02
1.100150840292813683e+02 1.698955964532426037e+02 1.615849572120837081e+02
1.100314516960511355e+02 1.698793793174554025e+02 1.614987699762862121e+02
1.100387648211155778e+02 1.698583658109083387e+02 1.614203959171048552e+02
1.100258624600474207e+02 1.698129508196721247e+02 1.613456304773688146e+02
1.099880152593050866e+02 1.697703752964223156e+02 1.614796834725229360e+02
1.099297432725023214e+02 1.696953221981647459e+02 1.615874296319208270e+02
1.099038024538612177e+02 1.696513372512630156e+02 1.616752984843798231e+02
1.099140499020517581e+02 1.696109578307041943e+02 1.617364707701825068e+02
1.098869203010619628e+02 1.695897566759459778e+02 1.617724394267450236e+02
1.098824404577791540e+02 1.695894607691514580e+02 1.617870625837715295e+02
1.098501010413444732e+02 1.695135498505000555e+02 1.618627281163006444e+02
1.098276317146097512e+02 1.694792772450768155e+02 1.619757511083616919e+02
1.098297205897515170e+02 1.694708516341891027e+02 1.620473100319620698e+02
1.098024476750180440e+02 1.694421476440870151e+02 1.620808475100525925e+02
1.097748180224765377e+02 1.694220218579235109e+02 1.620854727291473409e+02
1.097915805753170417e+02 1.694237560573255053e+02 1.619714898443138509e+02
1.098021600164965434e+02 1.694381379523662190e+02 1.618248757603876697e+02
1.097699989689658793e+02 1.694061851737292557e+02 1.616999030827920478e+02
1.097735230436127409e+02 1.694038179193731253e+02 1.616275440767089435e+02
1.097775482008454446e+02 1.693983740591813500e+02 1.616148458603979918e+02
1.098196731621816724e+02 1.693651263016805899e+02 1.616301268171976631e+02
1.098484070522734299e+02 1.693208640065986117e+02 1.616045870708320535e+02
1.098465532529126705e+02 1.692660954737601742e+02 1.615844571605320255e+02
1.098666223321991993e+02 1.692519733993195246e+02 1.615694896381070294e+02
1.098970460872254904e+02 1.692375811939375296e+02 1.615606413032271291e+02
1.098713960202082660e+02 1.692006021239303095e+02 1.615839818537993722e+02
1.098265996494483971e+02 1.691750324775750016e+02 1.616247241983709557e+02
1.097787998762759116e+02 1.691521919785544981e+02 1.616501092896174896e+02
1.097346293432312621e+02 1.691290112382719997e+02 1.616431508402928046e+02
1.096762563150840322e+02 1.691153314774718979e+02 1.615572780699041004e+02
1.096189607175997480e+02 1.691409454582946807e+02 1.614709299927827715e+02
1.095628941127951350e+02 1.691462975564491273e+02 1.613997731724920186e+02
1.095265944942777594e+02 1.691423043612743697e+02 1.613534580884627303e+02
1.095117764718012126e+02 1.691247479121558968e+02 1.612981699144241645e+02
1.096161645530467013e+02 1.690819723682853919e+02 1.612853252912671280e+02
1.097255717084235442e+02 1.690337096607897820e+02 1.613052046602742564e+02
1.097939478296731579e+02 1.690129281369213459e+02 1.612991792968347227e+02
1.098429322610578396e+02 1.690056304773688112e+02 1.613051551706361408e+02
1.098789266934735593e+02 1.689894050933085907e+02 1.612611269203010522e+02
1.098463295185070621e+02 1.689856583152902374e+02 1.611846262501288720e+02
1.097836622332199141e+02 1.689486699659758813e+02 1.610876636766676882e+02
1.097466460459841215e+02 1.689342746674915077e+02 1.610459026703783820e+02
1.096908268893700438e+02 1.689090607279100880e+02 1.609879327765748940e+02
1.096874193215795401e+02 1.689229518507062551e+02 1.609885153108567977e+02
1.096455067532735370e+02 1.689470563975667687e+02 1.610341024847922426e+02
1.096263511702237281e+02 1.689669543251881692e+02 1.610448922569337071e+02
1.096175296422311618e+02 1.689666676977007853e+02 1.610419476234663421e+02
1.095045303639550411e+02 1.689174554077739856e+02 1.609921177440973281e+02
1.095069842251778596e+02 1.689354170533044623e+02 1.610041478502938332e+02
1.094297504897412097e+02 1.689224868543148830e+02 1.609806340859882425e+02
1.094066037735849051e+02 1.689313743684915892e+02 1.609632261057840878e+02
1.094038251366120278e+02 1.689383616867718274e+02 1.609313331271265213e+02
1.093900752654912907e+02 1.689256799670069142e+02 1.609301226930611506e+02
1.093554933498298851e+02 1.689260501082585790e+02 1.609216713063202349e+02
1.093574368491597113e+02 1.689251706361480672e+02 1.609336168677183139e+02
1.093038777193525135e+02 1.688985050005155131e+02 1.609232023919991832e+02
1.092645458294669538e+02 1.688894102484792370e+02 1.609253572533250747e+02
1.092085369625734614e+02 1.688535993401381461e+02 1.609119218476131437e+02
1.091551273327147129e+02 1.688026342921950800e+02 1.608985039694813963e+02
1.091946324363336487e+02 1.687619125683060020e+02 1.609294824208681405e+02
1.092935879987627601e+02 1.687495370656768614e+02 1.609964738632848764e+02
1.093570089699969117e+02 1.687236065573770532e+02 1.610351912568306147e+02
1.094016125373749873e+02 1.687127776059387543e+02 1.610431065058253353e+02
1.094443973605526281e+02 1.687075945973811599e+02 1.610524342715743842e+02
1.094142272399216438e+02 1.687011032065161373e+02 1.609963656047015093e+02
1.094030858851428007e+02 1.686957150221672350e+02 1.609435168574079853e+02
1.093876523352923016e+02 1.686990359830910506e+02 1.609144685019074075e+02
1.093092576554283966e+02 1.686510052582740400e+02 1.608480523765336727e+02
1.092805907825548957e+02 1.686329786575935543e+02 1.607888957624497266e+02
1.092684287039900966e+02 1.685650005155170561e+02 1.607201948654500541e+02
1.092898711207340909e+02 1.685690741313537444e+02 1.607184761315599530e+02
1.093373368388493674e+02 1.685968223528198848e+02 1.607998958655531396e+02
1.093553758119393819e+02 1.686156387256418157e+02 1.608334869574183017e+02
1.093330260851634250e+02 1.685950067017218146e+02 1.608014083926177875e+02
1.091452634292195114e+02 1.685659428807093434e+02 1.607208856583152965e+02
1.090032044540674292e+02 1.685618135890298106e+02 1.606617496649139127e+02
1.088855572739457642e+02 1.685688988555521064e+02 1.606186617177028495e+02
1.087949386534694298e+02 1.685538911227961592e+02 1.605797329621610459e+02
1.087475131456851187e+02 1.685645179915455287e+02 1.605670491803278708e+02
1.087312949788638008e+02 1.685923229198886588e+02 1.605873708629755754e+02
1.087288699865965498e+02 1.685778348283328114e+02 1.605712722961129941e+02
1.086934549953603408e+02 1.685324188060624806e+02 1.605161542427054258e+02
1.086920373234354003e+02 1.685122899267965693e+02 1.605032034230333124e+02
1.087239622641509413e+02 1.685469842251778516e+02 1.605251087741004312e+02
1.087229106093411701e+02 1.685270213424064423e+02 1.604994958243117935e+02
1.086579668007011037e+02 1.684737282194040517e+02 1.605635240746468639e+02
1.085811650685637630e+02 1.684156521290854869e+02 1.605995587173935348e+02
1.085377214145788258e+02 1.683801886792452933e+02 1.606332642540468214e+02
1.085025992370347439e+02 1.683695453139498852e+02 1.606514980925868770e+02
1.084559088565831502e+02 1.684019414372615699e+02 1.605170883596246938e+02
1.084692999278276062e+02 1.684145303639550377e+02 1.604008846272811581e+02
1.084202835343849927e+02 1.684020558820496944e+02 1.602695597484276675e+02
1.083865027322404302e+02 1.683634807712135171e+02 1.601589648417362639e+02
1.083732745643880833e+02 1.683553273533353831e+02 1.601065594391174329e+02
1.083836993504484951e+02 1.683314991236210005e+02 1.602194102484792211e+02
1.083903144654088067e+02 1.682984441695020053e+02 1.603237385297453272e+02
1.083802938447262534e+02 1.682760160841323795e+02 1.603581204247860512e+02
1.083615176822352879e+02 1.682169986596556441e+02 1.603649056603773602e+02
1.083137591504278845e+02 1.681754015877925497e+02 1.603576956387256303e+02
1.082223744715950033e+02 1.681851159913393019e+02 1.602639973193112723e+02
1.080935529436024325e+02 1.682088070935147925e+02 1.601629662851840408e+02
1.080225188163728234e+02 1.682202639447365584e+02 1.600787648211155840e+02
1.079946881121765188e+02 1.682113774615939690e+02 1.600310145375811999e+02
1.079177131663058020e+02 1.681702206413032172e+02 1.599650427879162748e+02
1.078441973399319522e+02 1.681154428291576437e+02 1.599749778327662568e+02
1.077697711104237612e+02 1.680555851118672024e+02 1.599754211774409782e+02
1.077075884111764168e+02 1.680234323126095433e+02 1.599692246623363303e+02
1.076175760387668845e+02 1.679617094545829445e+02 1.599988534900505215e+02
1.076350891844519992e+02 1.679942385812970542e+02 1.600028569955665603e+02
1.076620373234353991e+02 1.680230961954840723e+02 1.599787730693886090e+02
1.076850582534281955e+02 1.680206918238993694e+02 1.599208217341993929e+02
1.077072718836993488e+02 1.680311413547788391e+02 1.599031147540983682e+02
1.076958820496958396e+02 1.680033601402206500e+02 1.598573306526446061e+02
1.076850108258583418e+02 1.679436570780492843e+02 1.597894174657181168e+02
1.076622827095576866e+02 1.679006732652850928e+02 1.597408464790184439e+02
1.077723476647076950e+02 1.679292947726569878e+02 1.596718589545313876e+02
1.078513547788431737e+02 1.679457449221569334e+02 1.596144045777915323e+02
1.078871048561707369e+02 1.679038890607279200e+02 1.595666408908134883e+02
1.078614022064130324e+02 1.678519239096814033e+02 1.594587081142385898e+02
1.075071100113413820e+02 1.678404691205278993e+02 1.594393391071244537e+02
1.071743932364161225e+02 1.678601082585833524e+02 1.594682647695638593e+02
1.069668924631405247e+02 1.678631013506547163e+02 1.595088967934838706e+02
1.068495545932570394e+02 1.678720775337663724e+02 1.595359985565522152e+02
1.067878203938550428e+02 1.678354387050211471e+02 1.595198968965872837e+02
1.067052799257655380e+02 1.678103990102072487e+02 1.594945355191256908e+02
1.068231838333848884e+02 1.678177822455923263e+02 1.594854211774409691e+02
1.069317640993916854e+02 1.678174399422620979e+02 1.594839901020723687e+02
1.070172481699144242e+02 1.678114269512320789e+02 1.594869502010516555e+02
1.070888411176409960e+02 1.678017702855964615e+02 1.594893710691823969e+02
1.071813310650582594e+02 1.677924157129600928e+02 1.593566811011444599e+02
1.072542736364573699e+02 1.677604546860501102e+02 1.592133353954016002e+02
1.072966975976904820e+02 1.677414908753479779e+02 1.591347066707907913e+02
1.073297185276832693e+02 1.677210485617073914e+02 1.590878760696978986e+02
1.073293648829776288e+02 1.676918630786678932e+02 1.590437550262913646e+02
1.072876946076915203e+02 1.676852572430147461e+02 1.589557727600783608e+02
1.071913723064233466e+02 1.676656366635735651e+02 1.589015011856892556e+02
1.071333931333127083e+02 1.676439705124239481e+02 1.588423445716053095e+02
1.071283606557377084e+02 1.676472832250747445e+02 1.587981637282194072e+02
1.071048592638416324e+02 1.676473450871223747e+02 1.587824878853490134e+02
1.069302319826786203e+02 1.676088266831632154e+02 1.587053510671203185e+02
1.067704546860501154e+02 1.675607413135374770e+02 1.586590576348077093e+02
1.066343241571295977e+02 1.675348427672956007e+02 1.586224940715537741e+02
1.065440200020620694e+02 1.675341478502938344e+02 1.585622445612949889e+02
1.064864542736364541e+02 1.675074574698422509e+02 1.585173832353850969e+02
1.064587761624909774e+02 1.675006309928858741e+02 1.584902639447365686e+02
1.067177111042375515e+02 1.674666986287246004e+02 1.586931889885555336e+02
1.069873852974533435e+02 1.673883988040004169e+02 1.588417249200948618e+02
1.070850221672337312e+02 1.673060274255077786e+02 1.589031230023713874e+02
1.071838436952263152e+02 1.672524188060624795e+02 1.589560253634395224e+02
1.072224796370759918e+02 1.672252747705948934e+02 1.588657480152592996e+02
1.072121940406227480e+02 1.671534220022682860e+02 1.587536426435715100e+02
1.072143097226518194e+02 1.671393566347045976e+02 1.587125734611815631e+02
1.072507444066398534e+02 1.671402825033508748e+02 1.587065903701412424e+02
1.072576925456232573e+02 1.671216733683884854e+02 1.586871285699556609e+02
1.071419012269306137e+02 1.671084101453758137e+02 1.587448458603979873e+02
1.070733652953912838e+02 1.670961480565006809e+02 1.587980018558614290e+02
1.070238302917826587e+02 1.670830910403134340e+02 1.588116135684091148e+02
1.069907062583771591e+02 1.670778131766161323e+02 1.588135220125786304e+02
1.069391731106299659e+02 1.670392689968037985e+02 1.587875183008557656e+02
1.067610898030724798e+02 1.670135106712032211e+02 1.587162088875141706e+02
1.066373368388493645e+02 1.670055304670584633e+02 1.586742561088772163e+02
1.065673688009073032e+02 1.669954057119290667e+02 1.586562109495824302e+02
1.064965357253325067e+02 1.669705732549747381e+02 1.586321558923600321e+02
1.064699360758841067e+02 1.669797174966491298e+02 1.586200020620682665e+02
1.066061284668522546e+02 1.670067625528405131e+02 1.585318063717909070e+02
1.066937942055882047e+02 1.669786369728838054e+02 1.584193772553871611e+02
1.067662099185482987e+02 1.669761604289101911e+02 1.583530735127332605e+02
1.068681802247654389e+02 1.668879049386534632e+02 1.582017290442313708e+02
1.068615939787606948e+02 1.668644035467573872e+02 1.581801958964841788e+02
1.066532580678420459e+02 1.668618146200639103e+02 1.582322930198989468e+02
1.064468357562635390e+02 1.668693277657490341e+02 1.582484287039901005e+02
1.063185524280853684e+02 1.668557861635220263e+02 1.582501134137540078e+02
1.062159470048458587e+02 1.668084647901845585e+02 1.582369491700175388e+02
1.061192102278585452e+02 1.667459088565831564e+02 1.582119981441385619e+02
1.060663295185070609e+02 1.667128590576348017e+02 1.582605268584390217e+02
1.060626229508196730e+02 1.667072223940612332e+02 1.583021775440766987e+02
1.060698845241777519e+02 1.667012248685431359e+02 1.583030075265491234e+02
1.060599628827714156e+02 1.666815702649757611e+02 1.583136735745953274e+02
1.060681472316733647e+02 1.666913918960717638e+02 1.583259758738014114e+02
1.063753118878234858e+02 1.666718775131456880e+02 1.582701092896174941e+02
1.066469646355294429e+02 1.666187565728425568e+02 1.581801618723579850e+02
1.068444736570780549e+02 1.665958201876482008e+02 1.580983101350654749e+02
1.069337323435405693e+02 1.665599917517269830e+02 1.580434787091452620e+02
1.069734158160635076e+02 1.665041169192700181e+02 1.579860738220435223e+02
1.071403453964326218e+02 1.664748654500463942e+02 1.576877461593978751e+02
1.072643241571296073e+02 1.664358253428188448e+02 1.574248355500567129e+02
1.073346499639138045e+02 1.664084771625940959e+02 1.572880070110320787e+02
1.074180389730900060e+02 1.664361614599443158e+02 1.572401082585833478e+02
1.074568058562738457e+02 1.664332085782039314e+02 1.571958418393648742e+02
1.074513166305804788e+02 1.664030106196514964e+02 1.571484555108773975e+02
1.072847417259511360e+02 1.663173832353850798e+02 1.573841901226930702e+02
1.071216022270337191e+02 1.662379039076193408e+02 1.575652902361068186e+02
1.070218104959274115e+02 1.661827724507681125e+02 1.576763635426332542e+02
1.069806969790700037e+02 1.661620053613774530e+02 1.577590102072378500e+02
1.069688534900505203e+02 1.661536075884111767e+02 1.577876224353026089e+02
1.069696906897618334e+02 1.661562903392102157e+02 1.578102412619857660e+02
1.069756572842561155e+02 1.661375409836065558e+02 1.578103608619445311e+02
1.069557407980204147e+02 1.661130776368697752e+02 1.578062119806165526e+02
1.069383029178265758e+02 1.660922002268275151e+02 1.577863058047221330e+02
1.068045911949685518e+02 1.661148221466130508e+02 1.574951572327044005e+02
1.066967697700793849e+02 1.661303062171357965e+02 1.572926476956387205e+02
1.066157397669862803e+02 1.661364522115682121e+02 1.571457964738632711e+02
1.065552623981853770e+02 1.661419940200020733e+02 1.570335508815341825e+02
1.064944282915764546e+02 1.661578420455716980e+02 1.569925332508506131e+02
1.064736560470151545e+02 1.661454479843282854e+02 1.569146272811630070e+02
1.063517414166408912e+02 1.661062800288689516e+02 1.569378894731415528e+02
1.062412063099288559e+02 1.660836199608206982e+02 1.569976853283843639e+02
1.061578595731518675e+02 1.660666305804722072e+02 1.570772791009382274e+02
1.061002670378389467e+02 1.660329642231157834e+02 1.571140220641303245e+02
1.060946901742447608e+02 1.660062552840498995e+02 1.571346231570265104e+02
1.061401402206412996e+02 1.659708186410970256e+02 1.571373244664398499e+02
1.061505536653263277e+02 1.659326353232291922e+02 1.571248437983297208e+02
1.061540828951438300e+02 1.659160532013609668e+02 1.571197267759562806e+02
1.061615723270440270e+02 1.658889699969068943e+02 1.571094762346633615e+02
1.062456129497886366e+02 1.658804340653675524e+02 1.571196597587380097e+02
1.063220476337766769e+02 1.658474368491597204e+02 1.571172244561294917e+02
1.063602526033611753e+02 1.658115166512011456e+02 1.571036158366841846e+02
1.063973100319620642e+02 1.657973337457469825e+02 1.571056036704814858e+02
1.064043777709042189e+02 1.657658222497164786e+02 1.570725662439426742e+02
1.062879307145066434e+02 1.657635931539333853e+02 1.569182194040622846e+02
1.062026239818538045e+02 1.657767357459532036e+02 1.567876234663367256e+02
1.061423909681410436e+02 1.657829817506959387e+02 1.567041303227136950e+02
1.060683163212702311e+02 1.657664841736261394e+02 1.566586318177131716e+02
1.060523620991854870e+02 1.657784132384781799e+02 1.566112568306010928e+02
1.060828425610887678e+02 1.657781936282090953e+02 1.566601742447674894e+02
1.060854345808846233e+02 1.657432601299103112e+02 1.566622744612846816e+02
1.061084049902051731e+02 1.657053294154036394e+02 1.566785256211980482e+02
1.061127693576657407e+02 1.656485019074131344e+02 1.566853840602123853e+02
1.060831621816682144e+02 1.656321703268378087e+02 1.566632003299309304e+02
1.062654871636251102e+02 1.656058222497164536e+02 1.567143344674708771e+02
1.064387978142076463e+02 1.655655583049799020e+02 1.567852067223425081e+02
1.065466285184039634e+02 1.655469388596762599e+02 1.568075440767089503e+02
1.066014857201773367e+02 1.655233982884833495e+02 1.568407681204247979e+02
1.066564759253531349e+02 1.655128126610990762e+02 1.568432085782039280e+02
1.064722888957624463e+02 1.654790947520363034e+02 1.568705258274048902e+02
1.063040952675533504e+02 1.654680575317042894e+02 1.568976368697803991e+02
1.061968007011032000e+02 1.654538364779874087e+02 1.569252634292195125e+02
1.061370698010104121e+02 1.654635065470667143e+02 1.569595484070522673e+02
1.060887050211362066e+02 1.654395484070522855e+02 1.569537643055985257e+02
1.061086246004742719e+02 1.654304938653469321e+02 1.569177791524899419e+02
1.061507588411176357e+02 1.654035653160119637e+02 1.568909330858851376e+02
1.061768202907516212e+02 1.653979348386431525e+02 1.568597236828539110e+02
1.061999432931229990e+02 1.653822125992370218e+02 1.568536890401072412e+02
1.062155799566965726e+02 1.653599133931333256e+02 1.568503990102072407e+02
1.059530518610166041e+02 1.653785586142901423e+02 1.568134797401793890e+02
1.057040529951541430e+02 1.653994123105474898e+02 1.567778265800598092e+02
1.055786885245901630e+02 1.653891112485823385e+02 1.567667800804206593e+02
1.054826559439117375e+02 1.653735921228992538e+02 1.567768656562532215e+02
1.054497618311166036e+02 1.653721672337354391e+02 1.567712052788947403e+02
1.054480791834209725e+02 1.653529240127848254e+02 1.567912403340550611e+02
1.054581327971955886e+02 1.653330322713681824e+02 1.567967543045674859e+02
1.054559160738220385e+02 1.653182101247551259e+02 1.568141890916589318e+02
1.054693751933188963e+02 1.653048726672852808e+02 1.568333714815960320e+02
1.054800969172079590e+02 1.653018775131456835e+02 1.567984555108774032e+02
1.054610599030827984e+02 1.652732147644086922e+02 1.567765511908444296e+02
1.054730312403340520e+02 1.652591854830394880e+02 1.566919929889679395e+02
1.054752665223218884e+02 1.652637405918135869e+02 1.566360160841323932e+02
1.054675822249716504e+02 1.652232920919682329e+02 1.565848211155789329e+02
1.054662779668007033e+02 1.652179276214042716e+02 1.565688864831425917e+02
1.057109660789772079e+02 1.652109897927621489e+02 1.566583854005567673e+02
1.059114362305392376e+02 1.651549675224249825e+02 1.566482204350963912e+02
1.060781895040725828e+02 1.651193679760800137e+02 1.566543458088462728e+02
1.061625456232601294e+02 1.650918342097123457e+02 1.566721198061655969e+02
1.061886596556345950e+02 1.650614413857098555e+02 1.566682121868233821e+02
1.062370223734405670e+02 1.650612362099185475e+02 1.566874935560367135e+02
1.059345365501598053e+02 1.650892586864625287e+02 1.565928044128260694e+02
1.056812568306010860e+02 1.651161212496133714e+02 1.565038096711001003e+02
1.055295638725641822e+02 1.651433333333333451e+02 1.564619919579338045e+02
1.054422940509330857e+02 1.651402391999175165e+02 1.563904515929477270e+02
1.053579090627899717e+02 1.651491318692648633e+02 1.563547231673368287e+02
1.053188328693679807e+02 1.651849891741416627e+02 1.563355552118775051e+02
1.053107279100938172e+02 1.651860377358490553e+02 1.563294886070729035e+02
1.052929178265800658e+02 1.651751005258274176e+02 1.563376760490772313e+02
1.053030054644808757e+02 1.651811959995875725e+02 1.563329961851737266e+02
1.053084452005361413e+02 1.651813403443653954e+02 1.563409011238271944e+02
1.053570234044746883e+02 1.651302938447262534e+02 1.563524569543251914e+02
1.054693112692030041e+02 1.650988266831632245e+02 1.563563449840189605e+02
1.055030941334158143e+02 1.650592452830188677e+02 1.563775461387772054e+02
1.055387081142385881e+02 1.650390865037632864e+02 1.563905340756778912e+02
1.058003804515929431e+02 1.649820765027322409e+02 1.563937838952469406e+02
1.060776842973502454e+02 1.649462202288895867e+02 1.564268017321373350e+02
1.062092184761315536e+02 1.649040313434374809e+02 1.563491483658109189e+02
1.063154985050005195e+02 1.648703072481699223e+02 1.563012042478605963e+02
1.063670563975667562e+02 1.648281998144138640e+02 1.562467429631920766e+02
1.063088009073100295e+02 1.648075317042994072e+02 1.561454995360346345e+02
1.062770130941334088e+02 1.647745334570574300e+02 1.560908918445200584e+02
1.062268594700484527e+02 1.647606289308176031e+02 1.560296154242705313e+02
1.061489483451902203e+02 1.647275791318692768e+02 1.559045705742859980e+02
1.061142354881946659e+02 1.647258861738323503e+02 1.558687297659552655e+02
1.060679977317249154e+02 1.647029116403753051e+02 1.560304948963810716e+02
1.060333714815960349e+02 1.646704320032993110e+02 1.561910702134240694e+02
1.059783555005670621e+02 1.646344262295081933e+02 1.562701629033921051e+02
1.059261274358181311e+02 1.646106959480358682e+02 1.563149644293226004e+02
1.058628178162697253e+02 1.645156923394164323e+02 1.563051964120012371e+02
1.058526889370038191e+02 1.644834498401897065e+02 1.562952201257861589e+02
1.056751242396123303e+02 1.645589710279410269e+02 1.559989442210537050e+02
1.056108887514176757e+02 1.646950056706876921e+02 1.557486751211465048e+02
1.055284616970821787e+02 1.647479451489844280e+02 1.555810135065470661e+02
1.054599267965769656e+02 1.647522589957727632e+02 1.554471275389215350e+02
1.054794896381070259e+02 1.647589349417465598e+02 1.554926332611609325e+02
1.054740437158469888e+02 1.647634704608722416e+02 1.555313454995360303e+02
1.054967182183730330e+02 1.647651118672027906e+02 1.555507217238890689e+02
1.054992896174863404e+02 1.647701845551087843e+02 1.555710073203422894e+02
1.054852850809361797e+02 1.647592030106196432e+02 1.555494442726054274e+02
1.056422301268171964e+02 1.647300092793071542e+02 1.555967759562841479e+02
1.057704691205278920e+02 1.646844664398391558e+02 1.556146551190844320e+02
1.058675482008454480e+02 1.646650757810083405e+02 1.556516300649551567e+02
1.059288988555521200e+02 1.646299391689864819e+02 1.556501103206516063e+02
1.059508609134962427e+02 1.646133405505722180e+02 1.556313114754098308e+02
1.055999969068976156e+02 1.646267934838643043e+02 1.556187978142076531e+02
1.053067790493865346e+02 1.646062253840602239e+02 1.555882895143829217e+02
1.051062429116403791e+02 1.646262274461284676e+02 1.555459799979379341e+02
1.049786947107949260e+02 1.646336828539024566e+02 1.555426786266625356e+02
1.049056820290751659e+02 1.646136385194349998e+02 1.555662274461284653e+02
1.048480358799876342e+02 1.645867708011135164e+02 1.555390462934323068e+02
1.051669893803484825e+02 1.645749273120940188e+02 1.554595319105062288e+02
1.054178038973089997e+02 1.645408258583359213e+02 1.553630693885967560e+02
1.055706753273533423e+02 1.645096669759768986e+02 1.552977502835343842e+02
1.056595638725641777e+02 1.644824291164037504e+02 1.552418383338488468e+02
1.057119177234766454e+02 1.644565254149912334e+02 1.552421930095886182e+02
1.057865800597999737e+02 1.644063130219610400e+02 1.552774492215692419e+02
1.058728745231467201e+02 1.643727992576554300e+02 1.553191947623466262e+02
1.059245674811836295e+02 1.643526806887307998e+02 1.553220826889370016e+02
1.059297886380039131e+02 1.643225848025569746e+02 1.553062006392411547e+02
1.059310928961748601e+02 1.642987029590679526e+02 1.552949015362408431e+02
1.058003103412722936e+02 1.643015403649860673e+02 1.552940653675636611e+02
1.056978317352304373e+02 1.642923167336838901e+02 1.552608825652129099e+02
1.056016929580369066e+02 1.642905464480874400e+02 1.552492246623363314e+02
1.055425837715228425e+02 1.642846386225384094e+02 1.552416589339107134e+02
1.054880946489328863e+02 1.642822136302711726e+02 1.551963253943705467e+02
1.054365326322301257e+02 1.642891844520053723e+02 1.551207145066501596e+02
1.054207402825033455e+02 1.642881338282297179e+02 1.550739931951747508e+02
1.053870058768945199e+02 1.642771708423548773e+02 1.550041767192494149e+02
1.053715764511805304e+02 1.642589968037942185e+02 1.549871533147747300e+02
1.053750634085988196e+02 1.642542107433756087e+02 1.549436199608207119e+02
1.053572110526858410e+02 1.642484400453654985e+02 1.549212001237241054e+02
1.053715743891122827e+02 1.642288823590060929e+02 1.548744757191463179e+02
1.053563088978245190e+02 1.642301422827095507e+02 1.548501928033817876e+02
1.053413939581400172e+02 1.642296680070110426e+02 1.548054933498298738e+02
1.054171821837302758e+02 1.642020249510258907e+02 1.548024208681307243e+02
1.054973120940303062e+02 1.641660624806681028e+02 1.547947654397360679e+02
1.055584348901948601e+02 1.641352809567996758e+02 1.547896040828951527e+02
1.055741756882152771e+02 1.641095391277451370e+02 1.547807351273327185e+02
1.055784926281059910e+02 1.640880018558614211e+02 1.547863635426332678e+02
1.055806701721826926e+02 1.640556253221981535e+02 1.547767563666357375e+02
1.054004361274358246e+02 1.639847303845757267e+02 1.549372914733477558e+02
1.052438570986699631e+02 1.639225858335910857e+02 1.550515094339622522e+02
1.050765893391071302e+02 1.638185287143004416e+02 1.552128240024744912e+02
1.050254036498608059e+02 1.637983235385091234e+02 1.552358975152077676e+02
1.048486111970306212e+02 1.638585390246417148e+02 1.551203072481699223e+02
1.046990834106608901e+02 1.638984266419218443e+02 1.549795679967006947e+02
1.045824940715537679e+02 1.639128260645427417e+02 1.548359903082792073e+02
1.045068254459222601e+02 1.639390566037735937e+02 1.547123507578100714e+02
1.044673945767604977e+02 1.639452819878337948e+02 1.546573729250438305e+02
1.044239385503660174e+02 1.639274059181358894e+02 1.546115960408289425e+02
1.045634508712238357e+02 1.638734941746571678e+02 1.547672955974842637e+02
1.047537519331889939e+02 1.638228755541808539e+02 1.548680049489638009e+02
1.048500958861738326e+02 1.637642097123414828e+02 1.549148572017733727e+02
1.049355036601711504e+02 1.637430374265388195e+02 1.549327260542324041e+02
1.048971038251366110e+02 1.637258356531601180e+02 1.548324394267450259e+02
1.047946726466646084e+02 1.636876090318589547e+02 1.547297979173110605e+02
1.047738612228064738e+02 1.636970151562016724e+02 1.547103948860707305e+02
1.047315774822146608e+02 1.636776471801216530e+02 1.546690782554902626e+02
1.047048221466130542e+02 1.636625909887617354e+02 1.546592689968038030e+02
1.046854912877616215e+02 1.636715331477471977e+02 1.546473945767604903e+02
1.046763460150530989e+02 1.636631209403031164e+02 1.544731714609753510e+02
1.046431374368491589e+02 1.636648499845344986e+02 1.543009640169089494e+02
1.046564357150221696e+02 1.636746406846066577e+02 1.542097339931951865e+02
1.046516352201257831e+02 1.636581173316836839e+02 1.541472162078564736e+02
1.047628353438498863e+02 1.636133549850499946e+02 1.541344777812145708e+02
1.048861800185586191e+02 1.635847334776780997e+02 1.541411815651098038e+02
1.049710691823899396e+02 1.635619785544901674e+02 1.541395587173935553e+02
1.049888122486854343e+02 1.635223981853799273e+02 1.541188854521084579e+02
1.050099917517269859e+02 1.635011300134034400e+02 1.541031621816682105e+02
1.051992906485204600e+02 1.634792834312815728e+02 1.540783524074646778e+02
1.053413186926487271e+02 1.634526322301268237e+02 1.540291339313331207e+02
1.054467460562944581e+02 1.634314238581297047e+02 1.539930704196308966e+02
1.054986050108258553e+02 1.634274708732858983e+02 1.539643251881637411e+02
1.055045540777399680e+02 1.633940880503144513e+02 1.539437581193937490e+02
1.050915042787916320e+02 1.633613413753995189e+02 1.540068687493555899e+02
1.047643076605835688e+02 1.633623559129807177e+02 1.540695597484276789e+02
1.045392143519950565e+02 1.633442860088669022e+02 1.540885524280853645e+02
1.044082451799154541e+02 1.633358181255799479e+02 1.540880451592947793e+02
1.043062831219713331e+02 1.633218218373028208e+02 1.540878874110732966e+02
1.042311032065161385e+02 1.632831858954531299e+02 1.540845746984225286e+02
1.045427755438705049e+02 1.632572925043818941e+02 1.541699886586245896e+02
1.048102845654191100e+02 1.631687823486957427e+02 1.541624487060521744e+02
1.049755366532632195e+02 1.631250500051551739e+02 1.541580874316939855e+02
1.051015671718733842e+02 1.631211392927105805e+02 1.541693308588514242e+02
1.047274440663986041e+02 1.631682926074853128e+02 1.540722528095679991e+02
1.043442746674914900e+02 1.631760006186204635e+02 1.539751417671924969e+02
1.040994288070935170e+02 1.631981451696051124e+02 1.539104856170739311e+02
1.039579812351788775e+02 1.632135158263738504e+02 1.539171192906485146e+02
1.038569594803587961e+02 1.632180492834312702e+02 1.538824548922569306e+02
1.037657119290648495e+02 1.631908475100525777e+02 1.538622662130116510e+02
1.038783730281472373e+02 1.632109279307145187e+02 1.537806536756366711e+02
1.039674646870811472e+02 1.632115888235900627e+02 1.536750118568924677e+02
1.040365584080833088e+02 1.631918981338282322e+02 1.536412599237034726e+02
1.040647757500773309e+02 1.631718424579853490e+02 1.536034622125992257e+02
1.041734549953603448e+02 1.631219785544901413e+02 1.536497742035261354e+02
1.042674791215589210e+02 1.630784276729559679e+02 1.537026786266625322e+02
1.043179430869161735e+02 1.630507969893803590e+02 1.537257748221466045e+02
1.043731632127023374e+02 1.630070275286111894e+02 1.537191081554799439e+02
1.043905629446334729e+02 1.629691473347767783e+02 1.537279028765852047e+02
1.043780750592844555e+02 1.629350283534384971e+02 1.537229642231157811e+02
1.041959934013815854e+02 1.629323672543561088e+02 1.537904670584596261e+02
1.040136467677080105e+02 1.629349427776059258e+02 1.538262542530157759e+02
1.037161305289205018e+02 1.628407526549128761e+02 1.539121105268584415e+02
1.036977781214558263e+02 1.628461057841014679e+02 1.538993329209196759e+02
1.036995081967213110e+02 1.628675657284256033e+02 1.539223651922878560e+02
1.036668223528198780e+02 1.628308588514279904e+02 1.539586771832147747e+02
1.036697556449118451e+02 1.628092287864728291e+02 1.540138653469429926e+02
1.036403866377977181e+02 1.627890607279100834e+02 1.540278461697082264e+02
1.036237478090524746e+02 1.627808268893700472e+02 1.540449046293432218e+02
1.036430755748015287e+02 1.627740715537684366e+02 1.540388937003814931e+02
1.039402546654294213e+02 1.628043818950407342e+02 1.537594380864006496e+02
1.041786246004742793e+02 1.627843251881637343e+02 1.535116527477059378e+02
1.043270038148262699e+02 1.627619754613877774e+02 1.534017847200742324e+02
1.043982008454479882e+02 1.627461449633982795e+02 1.532994215898546315e+02
1.044354727291473353e+02 1.626792174450974358e+02 1.532794050933085828e+02
1.044662119806165634e+02 1.626517929683472516e+02 1.532688184348901927e+02
1.044765212908547340e+02 1.626456779049386512e+02 1.532708815341787840e+02
1.044698680276317191e+02 1.626140880503144786e+02 1.532407928652438329e+02
1.044657253325085122e+02 1.625780905247963801e+02 1.532157191463037407e+02
1.042768605010825809e+02 1.625635611918754648e+02 1.532507382204350961e+02
1.040755727394576695e+02 1.625467563666357478e+02 1.533377977111042298e+02
1.039343375605732547e+02 1.625156232601298996e+02 1.533686359418496750e+02
1.038766934735539706e+02 1.625172409526755359e+02 1.534047788431797130e+02
1.038244159191669240e+02 1.625092112588926625e+02 1.533756335704711944e+02
1.039960026806887328e+02 1.624608062686874916e+02 1.534288947314155962e+02
1.041338107021342410e+02 1.624216723373543800e+02 1.534935900608310249e+02
1.042569821631095976e+02 1.623895679967006913e+02 1.535612692030106246e+02
1.043293824105577841e+02 1.623684101453758046e+02 1.535920445406742942e+02
1.043701928033817978e+02 1.623290246417156482e+02 1.535912331168161700e+02
1.041762480668110129e+02 1.623319434993298387e+02 1.534422249716465672e+02
1.039852582740488742e+02 1.623431766161459961e+02 1.533148087431694080e+02
1.038015702649757657e+02 1.623551067120321818e+02 1.532226951232085810e+02
1.037106608928755520e+02 1.623755820187648169e+02 1.531835230436127517e+02
1.036647118259614331e+02 1.623904062274461353e+02 1.531520187648211220e+02
1.036181822868337008e+02 1.624169275183008665e+02 1.529779090627899905e+02
1.035903082792040379e+02 1.624526621301164937e+02 1.527822940509330749e+02
1.035813939581400120e+02 1.624567264666460460e+02 1.526435251056809932e+02
1.035451180534075633e+02 1.624487318280235115e+02 1.525886246004742759e+02
1.035357438911227916e+02 1.624494700484586076e+02 1.525313867409011266e+02
1.035208165790287609e+02 1.624357181152696228e+02 1.525158480255696531e+02
1.033916280028868897e+02 1.623996319208165744e+02 1.525654758222497094e+02
1.033026662542530119e+02 1.623864800494896485e+02 1.526007567790493908e+02
1.032245932570368012e+02 1.623453696257346053e+02 1.525750881534178802e+02
1.031645881018661726e+02 1.623289895865553092e+02 1.525664532426023356e+02
1.031051933188988556e+02 1.622875801629033958e+02 1.527067862666254143e+02
1.030248695741829010e+02 1.622032456954325141e+02 1.528130858851428115e+02
1.029818414269512346e+02 1.621557882255902712e+02 1.528982833281781666e+02
1.029508237962676560e+02 1.621301278482317798e+02 1.529345025260336115e+02
1.029131467161563052e+02 1.620862006392411558e+02 1.529421826992473541e+02
1.030216259408186374e+02 1.620889308176100769e+02 1.529300216517166859e+02
1.031238107021342358e+02 1.620711197030621804e+02 1.528888163728219354e+02
1.031955366532632183e+02 1.620732529126714212e+02 1.528584885039694825e+02
1.032298247241983660e+02 1.620497247138880255e+02 1.528578843179709281e+02
1.032469811320754758e+02 1.620191524899474302e+02 1.528450139189607171e+02
1.033328714300443352e+02 1.619550582534281773e+02 1.528804082895143779e+02
1.034155428394679888e+02 1.619442231157851211e+02 1.529192091968244256e+02
1.034691493968450402e+02 1.619223827198680397e+02 1.529310815547994764e+02
1.034697164656150079e+02 1.618589813382822911e+02 1.528934116919270139e+02
1.034775368594700495e+02 1.618395071656871949e+02 1.529187617280132088e+02
1.035843334364367507e+02 1.618397443035364347e+02 1.528978915352098227e+02
1.036394690174244744e+02 1.618188328693679807e+02 1.528300958861738366e+02
1.036638488503969455e+02 1.618017919373131122e+02 1.527572945664501560e+02
1.037099463862253828e+02 1.616814919063820923e+02 1.526494391174347811e+02
1.037193463243633431e+02 1.616877327559542152e+02 1.526420785648004994e+02
1.037261202185792399e+02 1.617052087844107575e+02 1.526367769873182851e+02
1.034863676667697661e+02 1.617121125889266864e+02 1.525503350860913372e+02
1.032115527373956070e+02 1.617271873389009045e+02 1.524357325497473994e+02
1.030891648623569381e+02 1.617506485204660294e+02 1.523695463449840304e+02
1.030053696257346161e+02 1.617842375502629011e+02 1.523614805650067012e+02
1.028827910093824158e+02 1.617537354366429554e+02 1.523561738323538464e+02
1.028169388596762559e+02 1.617500340241261938e+02 1.523423002371378630e+02
1.027637405918135869e+02 1.617397144035467704e+02 1.523231250644396368e+02
1.027268244148881280e+02 1.617188287452314626e+02 1.522919538096710994e+02
1.027142519847406987e+02 1.617065635632539511e+02 1.522961315599546310e+02
1.027354954118981283e+02 1.616892916795546000e+02 1.523093432312609536e+02
1.027796277966800744e+02 1.616629580369110215e+02 1.523016022270337260e+02
1.027946221259923760e+02 1.616332405402618804e+02 1.522843045674811719e+02
1.028047633776677969e+02 1.616098597793586862e+02 1.522676904835550147e+02
1.028126064542736344e+02 1.616057428600886681e+02 1.522465656253222051e+02
1.027303722033199307e+02 1.616011599133931327e+02 1.520566811011444486e+02
1.026631425920197955e+02 1.616358026600680375e+02 1.519245489225693291e+02
1.026005557273945783e+02 1.616488359624703719e+02 1.518228301886792337e+02
1.025531456851221748e+02 1.616304206619239210e+02 1.517586823383853982e+02
1.025283967419321556e+02 1.616452304361274344e+02 1.516943540571192841e+02
1.025642746674914889e+02 1.615839632951850717e+02 1.519480276317146092e+02
1.025913186926487271e+02 1.615004227239921590e+02 1.521663552943602440e+02
1.026089163831322821e+02 1.614621868233838597e+02 1.523031745540777422e+02
1.026501165068563779e+02 1.614215826373852849e+02 1.524146169708217258e+02
1.026494308691617761e+02 1.613851366120218529e+02 1.524555954222084893e+02
1.026199082379626759e+02 1.613585307763686956e+02 1.524524796370759816e+02
1.024712949788637957e+02 1.613416228477162520e+02 1.524439581400144448e+02
1.023063872564181906e+02 1.613563233323023098e+02 1.524509650479431002e+02
1.021836498608103909e+02 1.613686472832250729e+02 1.524600742344571529e+02
1.020927837921435213e+02 1.613636911021754941e+02 1.524382895143829160e+02
1.020761996082070340e+02 1.614386091349623769e+02 1.521934302505412973e+02
1.020526858439014291e+02 1.614632714712857080e+02 1.519730013403443536e+02
1.020294710794927369e+02 1.614859913393133297e+02 1.518211877513145680e+02
1.020074585008763819e+02 1.614998154448912260e+02 1.517292091968244279e+02
1.019683740591813574e+02 1.614981853799360749e+02 1.516514259201979655e+02
1.019639540158779312e+02 1.614942829157645008e+02 1.516102825033508736e+02
1.020700103103412744e+02 1.614430312403340508e+02 1.517273347767811060e+02
1.021784926281059853e+02 1.613924703577688433e+02 1.518729363851943504e+02
1.021904175688215304e+02 1.613434364367460603e+02 1.519273574595319189e+02
1.022282204350964037e+02 1.613199628827714207e+02 1.519730322713681687e+02
1.022405258274048805e+02 1.612519713372512626e+02 1.521332993092071320e+02
1.022826332611609388e+02 1.612046118156511056e+02 1.522728951438292597e+02
1.022951252706464516e+02 1.611833312712650752e+02 1.523376234663367370e+02
1.022950695948035928e+02 1.611621270234044800e+02 1.523792793071450546e+02
1.022978111145478977e+02 1.611385483039488520e+02 1.523893473553974616e+02
1.023818630786679051e+02 1.611400412413650827e+02 1.523447613155995555e+02
1.024624662336323269e+02 1.611226837818331887e+02 1.522572760078358556e+02
1.025370172182699235e+02 1.611327992576554209e+02 1.522243025054129362e+02
1.025741169192700255e+02 1.611103917929683575e+02 1.521868790596968779e+02
1.026084998453448804e+02 1.611036818228683387e+02 1.521880214455098326e+02
1.026459923703474573e+02 1.611506949170017435e+02 1.519490834106609043e+02
1.026778915352098096e+02 1.611953335395401723e+02 1.517014939684503645e+02
1.026815805753170423e+02 1.612039632951850763e+02 1.515574481905350979e+02
1.026841117640993986e+02 1.612233353954015911e+02 1.514647778121455701e+02
1.027045726363542570e+02 1.612303392102278679e+02 1.513959531910506371e+02
1.026792267244045718e+02 1.611748510155686063e+02 1.515182389937106961e+02
1.026823301371275363e+02 1.611445973811733268e+02 1.516417403856067665e+02
1.026919414372615762e+02 1.611285462418805992e+02 1.517352160016496612e+02
1.026018981338282288e+02 1.610517909062789954e+02 1.518130157748221336e+02
1.026078935972780641e+02 1.610712496133621983e+02 1.518363398288483381e+02
1.024523909681410458e+02 1.611050510361893089e+02 1.516640674296319276e+02
1.023015022167233781e+02 1.611758779255593481e+02 1.515370450561913458e+02
1.022211083616867739e+02 1.611959274151974455e+02 1.514502227033714803e+02
1.021803299309207205e+02 1.611982977626559546e+02 1.513777997731724838e+02
1.021410794927312082e+02 1.611955273739560823e+02 1.513285524280853735e+02
1.021045262398185400e+02 1.611757593566346998e+02 1.512865635632539352e+02
1.019996628518403980e+02 1.611491473347767851e+02 1.514640045365501635e+02
1.018949788638003895e+02 1.611111320754716871e+02 1.515797309000927839e+02
1.018226848128673083e+02 1.610904598412207349e+02 1.516289277245076903e+02
1.017424466439839108e+02 1.610371048561707426e+02 1.516370739251469217e+02
1.019736220228889607e+02 1.610225559336014101e+02 1.515552799257655465e+02
1.021713083823074584e+02 1.610201330034024068e+02 1.514387875038663651e+02
1.022824847922466205e+02 1.610052366223322053e+02 1.513694855139705169e+02
1.023526734714919115e+02 1.609835251056809966e+02 1.513119424682957117e+02
1.024054510774306692e+02 1.609822517785338789e+02 1.512576739870089568e+02
1.023612918857614176e+02 1.609369935044850024e+02 1.513556521290854846e+02
1.022996195484070512e+02 1.608727848231776534e+02 1.514247314156098696e+02
1.022689153520981478e+02 1.608521064027219438e+02 1.514921631095989198e+02
1.022334519022579684e+02 1.608215073718940005e+02 1.515407722445612819e+02
1.022310526858439061e+02 1.608232364161253827e+02 1.515565398494690044e+02
1.020497144035467585e+02 1.608240921744509819e+02 1.513961851737292363e+02
1.018742880709351510e+02 1.608748190535106630e+02 1.512432786885245832e+02
1.017692648726672786e+02 1.608918094648932993e+02 1.511458335910918720e+02
1.016760934116919231e+02 1.608820249510258691e+02 1.510535818125580079e+02
1.016058026600680506e+02 1.608788576141870408e+02 1.509906794514898536e+02
1.015760480461903228e+02 1.608550015465511933e+02 1.509274842767295581e+02
1.017225311887823551e+02 1.608383668419424737e+02 1.508657810083513766e+02
1.018885627384266428e+02 1.608228930817610092e+02 1.508221950716568642e+02
1.019964553046705902e+02 1.608082585833591054e+02 1.508218764821115485e+02
1.020724951025878937e+02 1.608215197443035436e+02 1.507798783379729741e+02
1.020456376946076915e+02 1.607575203629240264e+02 1.510621074337560685e+02
1.019867326528508045e+02 1.606866429528817264e+02 1.512903433343643655e+02
1.019628992679657671e+02 1.606206423342612766e+02 1.514495556242911505e+02
1.019518651407361602e+02 1.606140746468708187e+02 1.515427941024848053e+02
1.019243963295185011e+02 1.605671667182183739e+02 1.515932735333539654e+02
1.019125002577585377e+02 1.605401350654706789e+02 1.516450097948242046e+02
1.018132312609547370e+02 1.605638746262501400e+02 1.513828322507474979e+02
1.017381544489122547e+02 1.606255459325703612e+02 1.511066316115063444e+02
1.016593184864419044e+02 1.606367604907722466e+02 1.509082730178368763e+02
1.016069388596762622e+02 1.606215042787916332e+02 1.507625693370450506e+02
1.015761006289308170e+02 1.606087050211361884e+02 1.506856995566553223e+02
1.015140426848128641e+02 1.605741014537581179e+02 1.506064996391380646e+02
1.014616424373646737e+02 1.605678131766161414e+02 1.505717754407670839e+02
1.014131735230436107e+02 1.605700505206722255e+02 1.505050654706670912e+02
1.013744891225899636e+02 1.605724054026188128e+02 1.504651128982369244e+02
1.013149252500257802e+02 1.604971759975255168e+02 1.506844788122486989e+02
1.012487307969893777e+02 1.604115300546447997e+02 1.508716630580472327e+02
1.012165697494587135e+02 1.603739457676049085e+02 1.510174234457160480e+02
1.011760026806887254e+02 1.603451675430456760e+02 1.510997205897515130e+02
1.011664068460666073e+02 1.603363223012681829e+02 1.511772388906072706e+02
1.012035715022167182e+02 1.603336127435818241e+02 1.510552324981956929e+02
1.012647510052582760e+02 1.603391225899577250e+02 1.509155438705021197e+02
1.013154644808743114e+02 1.603472997216207716e+02 1.508219311269203047e+02
1.013128157542014662e+02 1.603204196308897735e+02 1.507170574286008957e+02
1.013082802350757845e+02 1.603042396123311732e+02 1.506714558201876457e+02
1.011337539952572371e+02 1.602944004536550153e+02 1.506167233735436639e+02
1.009781379523662252e+02 1.602938416331580527e+02 1.505651696051139368e+02
1.008569532941540388e+02 1.602948324569543388e+02 1.505377471904320146e+02
1.007332096092380596e+02 1.602840942365192234e+02 1.504283183833384783e+02
1.007068079183420934e+02 1.602689823693164328e+02 1.503937014125167480e+02
1.008745612949788608e+02 1.602232848747293588e+02 1.505424858232807424e+02
1.010408021445509803e+02 1.601653273533353854e+02 1.506791689864934654e+02
1.011811908444169461e+02 1.601161975461387783e+02 1.508134869574182915e+02
1.012158923600371168e+02 1.600483317867821427e+02 1.508640395917104797e+02
1.012457191463037418e+02 1.600339210227858473e+02 1.508665470667079092e+02
1.012642952881740399e+02 1.600275028353438529e+02 1.508793308588514321e+02
1.012924383957109029e+02 1.599956500670172090e+02 1.508372811630065087e+02
1.013183235385091194e+02 1.599855985153108691e+02 1.507587266728528732e+02
1.013192999278276147e+02 1.599821940406227441e+02 1.507427281163006398e+02
1.013190246417156430e+02 1.599666182080626982e+02 1.507273327147128441e+02
1.013094535519125685e+02 1.599465532529126790e+02 1.507206588308073094e+02
1.012490493865346934e+02 1.599231137230642332e+02 1.506069831941437371e+02
1.011923538509124683e+02 1.599735797504897334e+02 1.504880090731003293e+02
1.011506629549438117e+02 1.599949304051964134e+02 1.504288730796989455e+02
1.011083730281472270e+02 1.599721125889267057e+02 1.503934869574183040e+02
1.009080286627487340e+02 1.599629796886276836e+02 1.503055820187648237e+02
1.007648778224559294e+02 1.599772760078358544e+02 1.502738344159191684e+02
1.006321826992473518e+02 1.599848407052273558e+02 1.502026827507990561e+02
1.005381802247654406e+02 1.599702010516548114e+02 1.501388875141767301e+02
1.004983121971337283e+02 1.599686503763274459e+02 1.501057181152696103e+02
1.009272553871533091e+02 1.599081059903082860e+02 1.501642086813073433e+02
1.013056541911537209e+02 1.598130229920610361e+02 1.501514331374368396e+02
1.015375038663779748e+02 1.597750860913496354e+02 1.501357057428600967e+02
1.016777966800701165e+02 1.597349314362305392e+02 1.500861851737292625e+02
1.017573873595216014e+02 1.597019888648314350e+02 1.500778327662645495e+02
1.016869512320857751e+02 1.596515846994535650e+02 1.501989607175997605e+02
1.015449365914011821e+02 1.595939880400041204e+02 1.502959882462109533e+02
1.014496999690689734e+02 1.595299608207031667e+02 1.503322858026600670e+02
1.014111887823487024e+02 1.595223559129807143e+02 1.503644045777915323e+02
1.013713630271162032e+02 1.594953263223012812e+02 1.503669419527786317e+02
1.014477368800907300e+02 1.595369677286318222e+02 1.500638189504072670e+02
1.015557088359624771e+02 1.595738230745437534e+02 1.497761810495927364e+02
1.015873502422930130e+02 1.596077616249097844e+02 1.495862222909578350e+02
1.015978327662645597e+02 1.595799381379523538e+02 1.494304237550262826e+02
1.016249355603670494e+02 1.595911217651304241e+02 1.493313578719455563e+02
1.015350345396432630e+02 1.595315919166924346e+02 1.493619538096710926e+02
1.014469192700278342e+02 1.594770780492834206e+02 1.494533188988555423e+02
1.013633848850396930e+02 1.594842581709454521e+02 1.495355263429219406e+02
1.012951458913289997e+02 1.594607495618105020e+02 1.495957108980307169e+02
1.012645025260336098e+02 1.594465903701412515e+02 1.495950293844726389e+02
1.012961160944427235e+02 1.594399298896793482e+02 1.496566048046190360e+02
1.012709289617486377e+02 1.594019125683060167e+02 1.496504340653675627e+02
1.012325095370656811e+02 1.593749458707083306e+02 1.496554912877616346e+02
1.012551737292504441e+02 1.593856995566553394e+02 1.496939055572739505e+02
1.012552510568099819e+02 1.593689122589957776e+02 1.497102361068151311e+02
1.009356047015156150e+02 1.593896164553046617e+02 1.496910227858542157e+02
1.006433312712650832e+02 1.593977183214764466e+02 1.496585658315290175e+02
1.004826487266728492e+02 1.594016898649345251e+02 1.496335446953294195e+02
1.004024353026085095e+02 1.594185771729044347e+02 1.496266357356428500e+02
1.003005856273842653e+02 1.594055418084338669e+02 1.496101000103103331e+02
1.004197669862872431e+02 1.594210588720486612e+02 1.495467305907825448e+02
1.005385885142798230e+02 1.594162882771419731e+02 1.494886060418599811e+02
1.006128992679657728e+02 1.593832518816372783e+02 1.494436900711413614e+02
1.006802907516238719e+02 1.593845767604907735e+02 1.494213248788534827e+02
1.006934972677595681e+02 1.593634374677801873e+02 1.493763346736776896e+02
1.006848128673059080e+02 1.593124198370965985e+02 1.494115991339313325e+02
1.006738045159294757e+02 1.592752943602433220e+02 1.494487153314774730e+02
1.006859366945045906e+02 1.592771203216826450e+02 1.494932034230332931e+02
1.005859336014022034e+02 1.591645746984225127e+02 1.494667120321682603e+02
1.005814187029590698e+02 1.591491999175172793e+02 1.494740272193009503e+02
1.004673038457573000e+02 1.591550252603361173e+02 1.494508722548716264e+02
1.003636405815032475e+02 1.591626270749561911e+02 1.494344819053510776e+02
1.003064501494999519e+02 1.591366893494174519e+02 1.494300237137849194e+02
1.002612774512836324e+02 1.591137189400969305e+02 1.494085916073821920e+02
1.002165264460253695e+02 1.591117888442107358e+02 1.494031807402824938e+02
1.003373956077946190e+02 1.591341859985565463e+02 1.493160655737704872e+02
1.004076131559954632e+02 1.591182214661305352e+02 1.492045324260232917e+02
1.004749623672543493e+02 1.591291751726982113e+02 1.491417486338797858e+02
1.005156748118362771e+02 1.591237240952675620e+02 1.490825909887617229e+02
1.005300525827404954e+02 1.590903866377977067e+02 1.490200659861841359e+02
1.006450025775853163e+02 1.590937117228580178e+02 1.489777276007835951e+02
1.006832632230126876e+02 1.590505990308279252e+02 1.489073708629755686e+02
1.007343715846994598e+02 1.590282018764821146e+02 1.488504247860604153e+02
1.007876327456438759e+02 1.590390215486132490e+02 1.488117651304258118e+02
1.007532322919888657e+02 1.589673337457469984e+02 1.487226476956387273e+02
1.007661047530673244e+02 1.589736282090937323e+02 1.488204464377770933e+02
1.007533281781627039e+02 1.589528198783379764e+02 1.488565573770491710e+02
1.006917620373234286e+02 1.588726765645942862e+02 1.488653057016187233e+02
1.007400484586039795e+02 1.589048520466027412e+02 1.489271275389215248e+02
1.007215032477574965e+02 1.588772770388699769e+02 1.489375605732549843e+02
1.006697711104237527e+02 1.587924054026188401e+02 1.489070100010310398e+02
1.007436715125270581e+02 1.588296113001340473e+02 1.488949943293123113e+02
1.007602361068151424e+02 1.588154572636354374e+02 1.488455335601608454e+02
1.007480853696257412e+02 1.587486204763377771e+02 1.488228838024538732e+02
1.007884091143416896e+02 1.587725940818640993e+02 1.488383957108980269e+02
1.009163243633364289e+02 1.587699783482833311e+02 1.487259913393133388e+02
1.010285019074131299e+02 1.587367120321682705e+02 1.486028683369419525e+02
1.011437282194040677e+02 1.587582678626662585e+02 1.485643220950613568e+02
1.011821940406227469e+02 1.587214341684709780e+02 1.484838849365914086e+02
1.012095195380967141e+02 1.586828404990205286e+02 1.484335034539643345e+02
1.010580410351582685e+02 1.586426353232292001e+02 1.485655057222394078e+02
1.009000082482730107e+02 1.586030075265491348e+02 1.487466182080626993e+02
1.007586844004536601e+02 1.585350067017218407e+02 1.488400536137746144e+02
1.006995525311887860e+02 1.585319156614083909e+02 1.489111001134137666e+02
1.006431693989071050e+02 1.585149716465614915e+02 1.489433467367769879e+02
1.006234931436230511e+02 1.585210485617074028e+02 1.487520362924012716e+02
1.006392576554283949e+02 1.585760769151459044e+02 1.485557459531910638e+02
1.006485689246314053e+02 1.585879430869161695e+02 1.484391679554593395e+02
1.006008052376533612e+02 1.585396061449633862e+02 1.483163573564285116e+02
1.006328703990102014e+02 1.585670120630992983e+02 1.482773327147128555e+02
1.006635962470357839e+02 1.585310753685947134e+02 1.483602268275080007e+02
1.006596649139086566e+02 1.584462253840601988e+02 1.484150355706773894e+02
1.006969450458810229e+02 1.584453520981544443e+02 1.485065769666975939e+02
1.007298896793483891e+02 1.584437179090627978e+02 1.485386452211568269e+02
1.007079843282812703e+02 1.583799195793380648e+02 1.485307310031961947e+02
1.008143076605835660e+02 1.583931559954634452e+02 1.484760583565316097e+02
1.008816908959686600e+02 1.583646695535622371e+02 1.484151479533972520e+02
1.009162305392308525e+02 1.583404546860500943e+02 1.483371997113104328e+02
1.009779533972574512e+02 1.583334735539746418e+02 1.483275564491184753e+02
1.010014444788122461e+02 1.583335745953191065e+02 1.483119754613877603e+02
1.009010990823796305e+02 1.582968862769357656e+02 1.482204990205175932e+02
1.008287833797298703e+02 1.583080049489637986e+02 1.481845994432415807e+02
1.007714094236519173e+02 1.583023559129807154e+02 1.481351149603051738e+02
1.007244303536447063e+02 1.582770316527476950e+02 1.480868347252294086e+02
1.007037509021548658e+02 1.582885947004845946e+02 1.480851634189091612e+02
1.007379008145169621e+02 1.583006526446025362e+02 1.480319105062377503e+02
1.007469068976183166e+02 1.582879956696566524e+02 1.479810836168677213e+02
1.007433910712444600e+02 1.582728188473038529e+02 1.479183317867821472e+02
1.007670254665429468e+02 1.582841633158057562e+02 1.477996886276935697e+02
1.007116135684091205e+02 1.582167615218063759e+02 1.477549139086503658e+02
1.007298505000515547e+02 1.582275915042787915e+02 1.477527394576760571e+02
1.007019270027837905e+02 1.582449159707186368e+02 1.478579554593256944e+02
1.005362779668006965e+02 1.581339674193215785e+02 1.479316630580472349e+02
1.005093906588308101e+02 1.581625023198267854e+02 1.479877348180224885e+02
1.005144963398288525e+02 1.581859789669038037e+02 1.480212516754304488e+02
1.003209464893287901e+02 1.580981492937416135e+02 1.478911392927105908e+02
1.002450128879265918e+02 1.581782565212908480e+02 1.478508320445406810e+02
1.002017383235385068e+02 1.582263893184864401e+02 1.477937715228374032e+02
1.000822321888854560e+02 1.581306320239199863e+02 1.477090370141251583e+02
1.000856552221878530e+02 1.581771852768326596e+02 1.477063253943705661e+02
1.003134683988040052e+02 1.581639797917310943e+02 1.478041169192700295e+02
1.004503175585111876e+02 1.580447334776781076e+02 1.478545427363645786e+02
1.006185472729147392e+02 1.580281761006289400e+02 1.479034137539952667e+02
1.007079224662336259e+02 1.580071337251262946e+02 1.479287184245798414e+02
1.007271863078667877e+02 1.579195051036189170e+02 1.478983895246932718e+02
1.003653520981544460e+02 1.579591638313228259e+02 1.478501670275286131e+02
1.000014578822559059e+02 1.579927105887204846e+02 1.477915434580884551e+02
9.977241983709660644e+01 1.579380709351479481e+02 1.477302814723167330e+02
9.965937519331889405e+01 1.579913630271161935e+02 1.477291442416743905e+02
9.957523868440046044e+01 1.580024487060521778e+02 1.477037457469842252e+02
9.983638622538406082e+01 1.579258294669553493e+02 1.477755985153108611e+02
1.001464944839674160e+02 1.578498649345293359e+02 1.478544788122486864e+02
1.003656830601092906e+02 1.578038952469326830e+02 1.479125703680791730e+02
1.004681080523765360e+02 1.577315310856789381e+02 1.479457036807918371e+02
1.005570543354985062e+02 1.576978977214145914e+02 1.479605536653263300e+02
1.003064202495102535e+02 1.577288462728116372e+02 1.479308536962573442e+02
1.000126301680585641e+02 1.577020857820393758e+02 1.478618661717702878e+02
9.983586246004742293e+01 1.577169110217548109e+02 1.478218074028250442e+02
9.973476131559954183e+01 1.577559047324466519e+02 1.478216795545932598e+02
9.964659655634601165e+01 1.577308083307557354e+02 1.478037240952675404e+02
9.963937106918238840e+01 1.577045994432415625e+02 1.478249035983091062e+02
9.967616970821734412e+01 1.577217775028353515e+02 1.478638406021239291e+02
9.967163006495515276e+01 1.576792607485307656e+02 1.478532529126714223e+02
9.968585111867203352e+01 1.576558119393751838e+02 1.478317651304258220e+02
9.968081142385813109e+01 1.576365893391071324e+02 1.478165924322095179e+02
9.983102794102484268e+01 1.576114826270749631e+02 1.478395834622126017e+02
9.998278585421176956e+01 1.575814063305495552e+02 1.478681080523765274e+02
1.000954727291473318e+02 1.575575966594494162e+02 1.478753613774615872e+02
1.001638406021239263e+02 1.575194504588101836e+02 1.478863130219610298e+02
1.002079018455510919e+02 1.574934611815651238e+02 1.478956840911434085e+02
1.002537075987215189e+02 1.574921816682132203e+02 1.478162913702443575e+02
1.002731797092483816e+02 1.574644262295082058e+02 1.477700268068873015e+02
1.002895566553252849e+02 1.574531394989174089e+02 1.477478698834931379e+02
1.003040901123827240e+02 1.574590184555108863e+02 1.477081956902773356e+02
1.003007474997422435e+02 1.574293875657284332e+02 1.476763965357253312e+02
1.004521930095886120e+02 1.573812867305907730e+02 1.477541849675224341e+02
1.006535879987627595e+02 1.573477430662954930e+02 1.478410506237756579e+02
1.007641437261573287e+02 1.572838519434993430e+02 1.479265604701515713e+02
1.008054211774409765e+02 1.572424734508712163e+02 1.479397010001030992e+02
1.008644571605320124e+02 1.572466542942571266e+02 1.479849438086400539e+02
1.007599907206928549e+02 1.572009361789875186e+02 1.479134312815754129e+02
1.007080709351479584e+02 1.572136065573770622e+02 1.478852211568202790e+02
1.006822919888648329e+02 1.572220063924116005e+02 1.478532931230023735e+02
1.006180266006804800e+02 1.571770192803381860e+02 1.477948510155686108e+02
1.006149118465821175e+02 1.572008227652335393e+02 1.477972141457882174e+02
1.006784111764099379e+02 1.571968470976389369e+02 1.477636642952881800e+02
1.006910176306835751e+02 1.571611124858232813e+02 1.477313228167852230e+02
1.007620857820393923e+02 1.571734714919063833e+02 1.477003330240231094e+02
1.007887699762862184e+02 1.570905371687802869e+02 1.475807959583462150e+02
1.007656995566553206e+02 1.570809918548303870e+02 1.475467470873285833e+02
1.005138560676358424e+02 1.571130745437673966e+02 1.476522332199195660e+02
1.003158170945458352e+02 1.571114650994947795e+02 1.477428786472832201e+02
1.001387112073409611e+02 1.570763841633157938e+02 1.478008856583152806e+02
1.000745767604907712e+02 1.570856572842561150e+02 1.478503835446953190e+02
1.000393741622847728e+02 1.571118197752345509e+02 1.478963078667903801e+02
9.999961439323641343e+01 1.570787658521497008e+02 1.478816228477162724e+02
1.001463790081451748e+02 1.571093081761006260e+02 1.477016754304567598e+02
1.002601948654500461e+02 1.571559150427879104e+02 1.475161758944221049e+02
1.003502082688936952e+02 1.571437942055881933e+02 1.473927631714609845e+02
1.003973749871120731e+02 1.571344654088050277e+02 1.473087246107846227e+02
1.003640880503144643e+02 1.571196680070110290e+02 1.472550850603155084e+02
1.003173945767604920e+02 1.571195277863697299e+02 1.472101505309825882e+02
1.002776925456232533e+02 1.571241148572017607e+02 1.471739602020826965e+02
1.002372605423239520e+02 1.571130910403134351e+02 1.471226879059696842e+02
1.002126353232291933e+02 1.571192401278482293e+02 1.470845313949891704e+02
1.002293112692030093e+02 1.570846891432106531e+02 1.471052696154242767e+02
1.002506887307969947e+02 1.570477904938653353e+02 1.471296741932158056e+02
1.002639045262398128e+02 1.570331766161459939e+02 1.471670161872357880e+02
1.002745746984225121e+02 1.570161532116713090e+02 1.471859140117537947e+02
1.002827693576657424e+02 1.569978513248788659e+02 1.471939333951953870e+02
1.001880585627384335e+02 1.569924858232807594e+02 1.471686400659861818e+02
1.000931209403031232e+02 1.569967151252706401e+02 1.471471945561397945e+02
1.000140488710176356e+02 1.569911454789153424e+02 1.471143540571193000e+02
9.996769460769151294e+01 1.569927239921641444e+02 1.471251108361686875e+02
9.993143932364161230e+01 1.569700762965254057e+02 1.471339632951850831e+02
9.991472110526858330e+01 1.569711929064852143e+02 1.471201319723682843e+02
9.977301268171976290e+01 1.569838457572945742e+02 1.472017805959377199e+02
9.958345705742860332e+01 1.569755438705021220e+02 1.472044427260542250e+02
9.947474481905351240e+01 1.569929992782761019e+02 1.472064305598515261e+02
9.940800494896380712e+01 1.569963449840189753e+02 1.472351397051242259e+02
9.937419527786369144e+01 1.569960439220538149e+02 1.472733498298793791e+02
9.947595731518713080e+01 1.569676647077018288e+02 1.472809454582946671e+02
9.958239715434581285e+01 1.569566656356325325e+02 1.472868615321167169e+02
9.964616145994432372e+01 1.569351531085679028e+02 1.472555479946386185e+02
9.969861944530363473e+01 1.569337643055985154e+02 1.472572419837096618e+02
9.973232807505928577e+01 1.569140200020620739e+02 1.472376420249510147e+02
9.959575935663470148e+01 1.569061903288998963e+02 1.471126054232395006e+02
9.943999896896586677e+01 1.569212269306113967e+02 1.470384616970821696e+02
9.935935457263634873e+01 1.569392360037117271e+02 1.470021713578719584e+02
9.931532116713063374e+01 1.569575286111970343e+02 1.469882482730178310e+02
9.928013815857305246e+01 1.569427477059490741e+02 1.469694504588102006e+02
9.926034952056913596e+01 1.569502247654397422e+02 1.469094329312300147e+02
9.922360758841116990e+01 1.569370811423858072e+02 1.468831477471904350e+02
9.924663161150634494e+01 1.569578080214455156e+02 1.468681637282194004e+02
9.921014743788019530e+01 1.569159212289926870e+02 1.468357170842354833e+02
9.916553356016083853e+01 1.568890102072378454e+02 1.468291133106505697e+02
9.913966697597690825e+01 1.569060016496545984e+02 1.468072842561088862e+02
9.913591504278791433e+01 1.568990421692957966e+02 1.467981070213424175e+02
9.910218373028146743e+01 1.568618878234869669e+02 1.467445716053201465e+02
9.910154036498607866e+01 1.568766914114857229e+02 1.467403443653984993e+02
9.924761624909784530e+01 1.568222084751005241e+02 1.468695133518919533e+02
9.938333951953809731e+01 1.567406165584080782e+02 1.469979967006908055e+02
9.949078461697082787e+01 1.567019249407155428e+02 1.471081554799463902e+02
9.957444272605422952e+01 1.566853067326528617e+02 1.471930508299824680e+02
9.958823590060831066e+01 1.566336539849469034e+02 1.472023404474687993e+02
9.950902979688628136e+01 1.566801412516754226e+02 1.469415444891225775e+02
9.941980925868645613e+01 1.567364810805237596e+02 1.467036756366635757e+02
9.935246520259821068e+01 1.567568491597071727e+02 1.465340736158366894e+02
9.919359418496752312e+01 1.567685905763480889e+02 1.462787679142179513e+02
9.918719352510568399e+01 1.567741189813382903e+02 1.462493422002268346e+02
9.924372615733581426e+01 1.567325054129291573e+02 1.463309207134756207e+02
9.933026085163419339e+01 1.567159418496752323e+02 1.464362532219816444e+02
9.937747705949067267e+01 1.566858480255696406e+02 1.464960088668935043e+02
9.939350757810083792e+01 1.566529167955459343e+02 1.465117981235178775e+02
9.942352098154448470e+01 1.566509866996597680e+02 1.465618032786885294e+02
9.942434580884626882e+01 1.566357346118156499e+02 1.465504928343128199e+02
9.942189607175997423e+01 1.566153438498814410e+02 1.465303196205794336e+02
9.942945458294668981e+01 1.566133312712650820e+02 1.465144530363955084e+02
9.941016599649448438e+01 1.565729724713887947e+02 1.464677513145685168e+02
9.939241365089183944e+01 1.565483472522940644e+02 1.464321538302917816e+02
9.925693576657387496e+01 1.565688854521084750e+02 1.463297845138673949e+02
9.906702134240643431e+01 1.565794865450046416e+02 1.462654314877822515e+02
9.898040519641200774e+01 1.565865872770388592e+02 1.462066656356325325e+02
9.893662336323332340e+01 1.566021414578822544e+02 1.461695092277554409e+02
9.889007217238891201e+01 1.565924868543148705e+02 1.461452943602433265e+02
9.884560367048149487e+01 1.565716414063305422e+02 1.461048736983194090e+02
9.885885142798227321e+01 1.565468543148778338e+02 1.462431322816785269e+02
9.882506547066708436e+01 1.564964893287967698e+02 1.463419125683060145e+02
9.881904113826168157e+01 1.564632673471491842e+02 1.464321723889060820e+02
9.879463965357253130e+01 1.564468553459119562e+02 1.464841932157954432e+02
9.881648623569439849e+01 1.563910557789462814e+02 1.465487823486957382e+02
9.883025878956593147e+01 1.563446097535828301e+02 1.465890297968862797e+02
9.887065264460252934e+01 1.563320352613671389e+02 1.466229838127642040e+02
9.887297350242293703e+01 1.563067584287040006e+02 1.466055438705021174e+02
9.887688627693576393e+01 1.562687060521703302e+02 1.466116259408186409e+02
9.875052479637075464e+01 1.562584369522631107e+02 1.465727105887204971e+02
9.864765233529229249e+01 1.562410825858335954e+02 1.466019177234766460e+02
9.857688524590163581e+01 1.562482843592122776e+02 1.466194721105268570e+02
9.850448499845344941e+01 1.562500649551500089e+02 1.465980338179193723e+02
9.845582224971646212e+01 1.562094648932879579e+02 1.465704082895143756e+02
9.857522218785442192e+01 1.562635498505000555e+02 1.463716857407980285e+02
9.867135580987731203e+01 1.562957294566450059e+02 1.462144406639859824e+02
9.872391483658108768e+01 1.562917032683781713e+02 1.460186132590988848e+02
9.877292401278482714e+01 1.562750912465202475e+02 1.459455995463449938e+02
9.879981647592535410e+01 1.562756356325394336e+02 1.459166965666563556e+02
9.881221259923702860e+01 1.562669429838127542e+02 1.458871275389215327e+02
9.894657799773172258e+01 1.562560975358284452e+02 1.457867821424889030e+02
9.909377874007630282e+01 1.562379059696876027e+02 1.457055180946489372e+02
9.918852768326631519e+01 1.562415754201464040e+02 1.456737364676770881e+02
9.921546551190844809e+01 1.562065254149912334e+02 1.456193772553871497e+02
9.915494483967418660e+01 1.561545190225796489e+02 1.457212155892360101e+02
9.908482523971542832e+01 1.561165573770491903e+02 1.458726858439014222e+02
9.901255490256727398e+01 1.560801587792555836e+02 1.459250541292916807e+02
9.898537581193937740e+01 1.560708485410867183e+02 1.459490627899783419e+02
9.894053819981441222e+01 1.560436457366738807e+02 1.459300072172388809e+02
9.891256005773790605e+01 1.560143200329930835e+02 1.459339890710382406e+02
9.878349932982781922e+01 1.560141231054747948e+02 1.459027497680173155e+02
9.864379214351994563e+01 1.560237179090627819e+02 1.458700391792968389e+02
9.854625425301577479e+01 1.560193885967625533e+02 1.458263614805649979e+02
9.848523559129807836e+01 1.560011949685534489e+02 1.457921517682235333e+02
9.851686050108258996e+01 1.559734240643365411e+02 1.457799577276007881e+02
9.859210227858541487e+01 1.559740334055057360e+02 1.457775935663470364e+02
9.863939375193318426e+01 1.559636983194143625e+02 1.457917228580265885e+02
9.863898752448706375e+01 1.558966182080626766e+02 1.457690545417053443e+02
9.864476750180430997e+01 1.558789761831116607e+02 1.457765316011960124e+02
9.866271780595937457e+01 1.558627642024951001e+02 1.457776842973502482e+02
9.843517372925043674e+01 1.558381977523455930e+02 1.457424054026188287e+02
9.818808330755747704e+01 1.558257366738839096e+02 1.457162326012991116e+02
9.787774719043200378e+01 1.557974347870914471e+02 1.457620816579028826e+02
9.784564078771006734e+01 1.558057820393854911e+02 1.457353830291782799e+02
9.810856376946077262e+01 1.558083874626250065e+02 1.457048633879781505e+02
9.831375399525724390e+01 1.557600948551396982e+02 1.456621878544179935e+02
9.847450149499948679e+01 1.557358263738529729e+02 1.456430137127538842e+02
9.854962676564593949e+01 1.557115620167027430e+02 1.456577636869780292e+02
9.858228786472832894e+01 1.556663501391896034e+02 1.456777595628415440e+02
9.860183214764408888e+01 1.556669151458913234e+02 1.456743550881534190e+02
9.852157645118053608e+01 1.556427652335292180e+02 1.456212980719661800e+02
9.841808536962572873e+01 1.556562119806165470e+02 1.455742272399216404e+02
9.834131044437570779e+01 1.556634395298484321e+02 1.455291834209712363e+02
9.828971337251263662e+01 1.556562934323126228e+02 1.455039272089906035e+02
9.839787606969790090e+01 1.556452335292298130e+02 1.454022703371481668e+02
9.847759665944943208e+01 1.556271017630683673e+02 1.453280142282709448e+02
9.859433343643674164e+01 1.556307815238684498e+02 1.452992205381998190e+02
9.864524280853696325e+01 1.556164718012166190e+02 1.452504866481080512e+02
9.868332508506031786e+01 1.556194081864109648e+02 1.451984524177750302e+02
9.861415816063511386e+01 1.555959635013919069e+02 1.451644107639963011e+02
9.857918032786885476e+01 1.555907980204144678e+02 1.451629704093205362e+02
9.853650376327456684e+01 1.555618630786678978e+02 1.451812176513042516e+02
9.854166512011548207e+01 1.555596463552943476e+02 1.452245705742860196e+02
9.853066398597793807e+01 1.555500577379111178e+02 1.452245602639447384e+02
9.852397051242395776e+01 1.555026714094236411e+02 1.453520496958449257e+02
9.852851324878854200e+01 1.554505866584183877e+02 1.454387246107846181e+02
9.852100732034230646e+01 1.554271615630477470e+02 1.455022713681822779e+02
9.851998659655635038e+01 1.554100515517063741e+02 1.455639045262398099e+02
9.850528508093617575e+01 1.553912980719661903e+02 1.455800907310031960e+02
9.817107124445819011e+01 1.554487297659552496e+02 1.454398886483142519e+02
9.784934426229507665e+01 1.554736488297762662e+02 1.452719857717290495e+02
9.767500979482420576e+01 1.555015537684297442e+02 1.451748118362717719e+02
9.753293329209196827e+01 1.555156727497680151e+02 1.450937725538715313e+02
9.746069388596762906e+01 1.555233219919579426e+02 1.450180585627384175e+02
9.770789256624394170e+01 1.554671770285596324e+02 1.451264037529642223e+02
9.793095061346529917e+01 1.553917393545726497e+02 1.452381142385812893e+02
9.808507165687184681e+01 1.553325683060109270e+02 1.453304866481080637e+02
9.817580678420455342e+01 1.552865656253221971e+02 1.453785658315290164e+02
9.824235591298071313e+01 1.552380709351479595e+02 1.453971615630477459e+02
9.829088772038355160e+01 1.552281812557995693e+02 1.453854005567584409e+02
9.821162594081863517e+01 1.552505443860191860e+02 1.452066254253015813e+02
9.809457779152489820e+01 1.552517785338694694e+02 1.450558707083204411e+02
9.801590163934426414e+01 1.552644056088256548e+02 1.449971698113207594e+02
9.795340653675636133e+01 1.552696453242602388e+02 1.449341612537374999e+02
9.791019692751829950e+01 1.552415218063717930e+02 1.448986184142695208e+02
9.787501701206309690e+01 1.552105299515413890e+02 1.448618362717805894e+02
9.785107021342406597e+01 1.552316176925456261e+02 1.448397968862769289e+02
9.784586761521806864e+01 1.552271265078874194e+02 1.448078265800598103e+02
9.781945767604908326e+01 1.552091916692442624e+02 1.447841344468502029e+02
9.774798639034952430e+01 1.551897814207650299e+02 1.447632250747499825e+02
9.767236416125373921e+01 1.551852469326734649e+02 1.447567171873388929e+02
9.764066192390967558e+01 1.551882761109392845e+02 1.447448087431693864e+02
9.761978245179915348e+01 1.551752304361274355e+02 1.447056366635735571e+02
9.759855345911950053e+01 1.551648448293638580e+02 1.446722105371687803e+02
9.783238787503866263e+01 1.551170893906588333e+02 1.446953325085060271e+02
9.804739045262398633e+01 1.550779977317249063e+02 1.446856603773584879e+02
9.817848128673058739e+01 1.550636364573667265e+02 1.447269852562119752e+02
9.826222187854418166e+01 1.550346540880503028e+02 1.447423373543664411e+02
9.832810289720589481e+01 1.550204711825961397e+02 1.447433725126301738e+02
9.810379317455408454e+01 1.550130374265388298e+02 1.447564604598412075e+02
9.789736261470254419e+01 1.550049396845035687e+02 1.447593442622950874e+02
9.775555521187750685e+01 1.550170491803278594e+02 1.447581657902876486e+02
9.754690999072069246e+01 1.549808908134859280e+02 1.448548778224559328e+02
9.752034127229610760e+01 1.549989349417465689e+02 1.448413475616042945e+02
9.736216929580369595e+01 1.550205732549747495e+02 1.447795257243014646e+02
9.720263532322920241e+01 1.550469079286524448e+02 1.447442519847406857e+02
9.711958964841736019e+01 1.550906742963192073e+02 1.447372512630168160e+02
9.703047221363027575e+01 1.550944839674193076e+02 1.446916826476956430e+02
9.699701000103102899e+01 1.550861356840911469e+02 1.446508547272914598e+02
9.706402206413032729e+01 1.550781358902979719e+02 1.447054985050005200e+02
9.712506340859881959e+01 1.550538086400659950e+02 1.447726208887514190e+02
9.715086916176925058e+01 1.550420538199814473e+02 1.447957356428497917e+02
9.715918548303949365e+01 1.550291164037529654e+02 1.448055077843076504e+02
9.717326322301268249e+01 1.550283121971337152e+02 1.448314052995154100e+02
9.704719352510568342e+01 1.549825920197958453e+02 1.449039375193318904e+02
9.693668625631508462e+01 1.549844963398288371e+02 1.449742963192081788e+02
9.684632023919991184e+01 1.549728642128054332e+02 1.450348097742035236e+02
9.678304567481183085e+01 1.549539777296628529e+02 1.450892215692339278e+02
9.673507371894010021e+01 1.549493463243633471e+02 1.451270646458397664e+02
9.686556655325291842e+01 1.549446417156407847e+02 1.451857933807609129e+02
9.695792143519950912e+01 1.549106681101144432e+02 1.452051263016805933e+02
9.702758428703990035e+01 1.548486184142695095e+02 1.451776801732137301e+02
9.705470563975667631e+01 1.548106340859882550e+02 1.451644633467367669e+02
9.710275079905144935e+01 1.548021280544386116e+02 1.451608722548716344e+02
9.711813485926384715e+01 1.547838158573048872e+02 1.451693050829982496e+02
9.720949994844829689e+01 1.547535189194762211e+02 1.450671615630477334e+02
9.729534797401794322e+01 1.547268450355706761e+02 1.449865759356634669e+02
9.736639241158881930e+01 1.547227044025157170e+02 1.449417960614496224e+02
9.739334776781110747e+01 1.547075399525724322e+02 1.448813238478193739e+02
9.741305495411897653e+01 1.546991865140736024e+02 1.448384885039694723e+02
9.742140529951541339e+01 1.547258913290029909e+02 1.447284761315599440e+02
9.743047118259615047e+01 1.547410794927312168e+02 1.446333003402412487e+02
9.739549850500051775e+01 1.547350829982472362e+02 1.445614166408908261e+02
9.740980410351582464e+01 1.547322672440457723e+02 1.444923301371275386e+02
9.731498401897103179e+01 1.546931910506237671e+02 1.446129631920816507e+02
9.717618001855861110e+01 1.546418022476543968e+02 1.447393803484895329e+02
9.710732755954222739e+01 1.546353067326528503e+02 1.448213063202391879e+02
9.706705742860089003e+01 1.546236756366635632e+02 1.448754665429425756e+02
9.702739354572636898e+01 1.546101051654809737e+02 1.448850221672337284e+02
9.701592329106092905e+01 1.546305866584183946e+02 1.449071017630683684e+02
9.701430869161768555e+01 1.545971708423548705e+02 1.449131601195999508e+02
9.700798742138364616e+01 1.545845767604907621e+02 1.448892019795855219e+02
9.705304876791421975e+01 1.546122156923394186e+02 1.448807526549128681e+02
9.704184555108774646e+01 1.545956717187338825e+02 1.448443860191772217e+02
9.712208062686875110e+01 1.545321167130632034e+02 1.449615919166924414e+02
9.723917311062996305e+01 1.545394319001958934e+02 1.450685349005051989e+02
9.729388906072790633e+01 1.545059903082791948e+02 1.451353613774616065e+02
9.732225899577275641e+01 1.544687452314671532e+02 1.451520270130941412e+02
9.736919166924425895e+01 1.544789514382925972e+02 1.451950603154964483e+02
9.745455923291061140e+01 1.545179657696669722e+02 1.449937220331993046e+02
9.751302608516341763e+01 1.545219496855345938e+02 1.448119331889885473e+02
9.756240334055057417e+01 1.545652634292194989e+02 1.446680781523868404e+02
9.758750799051448155e+01 1.545584730384575778e+02 1.445675172698216215e+02
9.757459119496854782e+01 1.545414063305495347e+02 1.444988885452108605e+02
9.759397360552634382e+01 1.545504361274358303e+02 1.444564625219094864e+02
9.756454479843283423e+01 1.545493174554077882e+02 1.443740117537890626e+02
9.751169398907103414e+01 1.545457686359418403e+02 1.442758387462625080e+02
9.746819259717496209e+01 1.545505196412001112e+02 1.442204062274461194e+02
9.743718218373028606e+01 1.545397298690586751e+02 1.441441911537271778e+02
9.740325703680791491e+01 1.544958232807505851e+02 1.442814125167543011e+02
9.739177440973296029e+01 1.544711712547685352e+02 1.444123053923084967e+02
9.736077946180019183e+01 1.544266078977214249e+02 1.444817280131972268e+02
9.725835962470357288e+01 1.542970130941334048e+02 1.446285091246520267e+02
9.726721311475409948e+01 1.543155026291370291e+02 1.446307846169708284e+02
9.719369419527785681e+01 1.543455294360243215e+02 1.446551056809980480e+02
9.709580884627281705e+01 1.543609403031240390e+02 1.446696484173626231e+02
9.707588823590060656e+01 1.543739736055263450e+02 1.446572254871636289e+02
9.700727910093823425e+01 1.543441344468501768e+02 1.446119166924425201e+02
9.699687905969688018e+01 1.543534622125992257e+02 1.446471172285802709e+02
9.698608516341890606e+01 1.543471203216826382e+02 1.446364140633054944e+02
9.710129291679554342e+01 1.543106206825445952e+02 1.445890029899989599e+02
9.718275698525620498e+01 1.542835044849984456e+02 1.445312877616249239e+02
9.725413341581605664e+01 1.542730240230951608e+02 1.445113454995360485e+02
9.729235591298072450e+01 1.542641365089184546e+02 1.445074358181255718e+02
9.731788844210743150e+01 1.542398876172801181e+02 1.444710877410042258e+02
9.713195277863697186e+01 1.542468388493659006e+02 1.444338993710691739e+02
9.696073718940097308e+01 1.542597247138880334e+02 1.444279977317249291e+02
9.688488607072893899e+01 1.542583307557480055e+02 1.444261047530673352e+02
9.682574904629343848e+01 1.542659944324157095e+02 1.444128384369522564e+02
9.692865759356634214e+01 1.542858964841736338e+02 1.443302227033714757e+02
9.700578822559026548e+01 1.542830188679245396e+02 1.442372636354263307e+02
9.706632127023404166e+01 1.542914888132797273e+02 1.441649025672749644e+02
9.709711516651201180e+01 1.542889576244973568e+02 1.441253077636869762e+02
9.712879575213939631e+01 1.542640488710176214e+02 1.441061542427054292e+02
9.719236519228786619e+01 1.542996422311578613e+02 1.439744788122486909e+02
9.724349005052067696e+01 1.542840839261779706e+02 1.438332127023404610e+02
9.725927930714506431e+01 1.542703979791731115e+02 1.436939818537993574e+02
9.729193422002268221e+01 1.542833446747087294e+02 1.436296412001237286e+02
9.730205691308381688e+01 1.542657902876585183e+02 1.435911444478812200e+02
9.724537374987112059e+01 1.542563542633261022e+02 1.436415094339622556e+02
9.716622641509434288e+01 1.542296741932158000e+02 1.436601165068563830e+02
9.712317661614599729e+01 1.542151943499329718e+02 1.436954170533044532e+02
9.709716981132075375e+01 1.542133766367666681e+02 1.436966336735745813e+02
9.707983915867615110e+01 1.541916300649551488e+02 1.437049840189710324e+02
9.713419837096607523e+01 1.541717424476750296e+02 1.437108310135065494e+02
9.720654706670791256e+01 1.541411104237550376e+02 1.437332157954428169e+02
9.724965563460150975e+01 1.541175853180740205e+02 1.437388710176306859e+02
9.728043612743582003e+01 1.540906196515104511e+02 1.437200422723992119e+02
9.730672543561192356e+01 1.540620259820599927e+02 1.437236983194143818e+02
9.729290133003402730e+01 1.540362429116403860e+02 1.436972811630064939e+02
9.723843901433137660e+01 1.540266347046087105e+02 1.437081740385606849e+02
9.715729044231363787e+01 1.540232085782039348e+02 1.436960490772244441e+02
9.709102794102484779e+01 1.539984297350242173e+02 1.436802886895556242e+02
9.706395401587792549e+01 1.539898711207341080e+02 1.436705546963604547e+02
9.698320239199917125e+01 1.539442787916279940e+02 1.437790473244664327e+02
9.692697700793895876e+01 1.539048365810908479e+02 1.439018238993710668e+02
9.688988452417774511e+01 1.538676832663161065e+02 1.439623476647076927e+02
9.684867512114651333e+01 1.538428889576244956e+02 1.439964511805340805e+02
9.684201154758223140e+01 1.538454201464068376e+02 1.440520703165274767e+02
9.690022270337148314e+01 1.538508897824517874e+02 1.440476750180430940e+02
9.691210124755129129e+01 1.538120517579131956e+02 1.440333178678214381e+02
9.693244458191566082e+01 1.537901061965150973e+02 1.440206681101144568e+02
9.694055469636045075e+01 1.537716486235694333e+02 1.440168656562532306e+02
9.694153830291782015e+01 1.537444035467574110e+02 1.440483369419527833e+02
9.693208475100526300e+01 1.537155768635941797e+02 1.440438344159191786e+02
9.666664604598412325e+01 1.537114681925971809e+02 1.439552675533560091e+02
9.639032889988658326e+01 1.537336189297865872e+02 1.438874358181255673e+02
9.624828642128053957e+01 1.537437364676770812e+02 1.438475605732549809e+02
9.613539540158778607e+01 1.537340437158470081e+02 1.438210186617177158e+02
9.624857098669966149e+01 1.537374739663882792e+02 1.438424878853490156e+02
9.633387359521600501e+01 1.537144664398391569e+02 1.438395545932570485e+02
9.635943086916176981e+01 1.536851623878750388e+02 1.437914527270852716e+02
9.640967006907928294e+01 1.535597370862975595e+02 1.437472141457882344e+02
9.640473244664399033e+01 1.535792153830291795e+02 1.437031322816785348e+02
9.646161253737498953e+01 1.536007784307660700e+02 1.435949520569130868e+02
9.652729456645015205e+01 1.536047035776884115e+02 1.435105876894525068e+02
9.655839983503453539e+01 1.535901237240952639e+02 1.434954964429322501e+02
9.658387668831838369e+01 1.535774296319208077e+02 1.435130776368697809e+02
9.660853799360758387e+01 1.535528549334983097e+02 1.434683792143519838e+02
9.667683369419528105e+01 1.535882317764718152e+02 1.433482802350757765e+02
9.673439529848438667e+01 1.535885565522218883e+02 1.432378554490153704e+02
9.674208990617589166e+01 1.535689699969069011e+02 1.431185184039591718e+02
9.677625734611815744e+01 1.535649726775956196e+02 1.430595009794824080e+02
9.677470357768842746e+01 1.535480070110320696e+02 1.429977719352510519e+02
9.680675121146509809e+01 1.535126868749355538e+02 1.430714259201979530e+02
9.681155273739560130e+01 1.534812918857614079e+02 1.430981513558098754e+02
9.680840911434168561e+01 1.534478461697082139e+02 1.431219754613877626e+02
9.681770594906691940e+01 1.534302175482008579e+02 1.431440364986081022e+02
9.680970718630786109e+01 1.534040375296422383e+02 1.431472656974945892e+02
9.679661408392617261e+01 1.533935910918651473e+02 1.431242375502629045e+02
9.641253118878235284e+01 1.534370285596453130e+02 1.429544035467573906e+02
9.606504691205279300e+01 1.535219610269099917e+02 1.428256634704608814e+02
9.588190535106711820e+01 1.535415434580884551e+02 1.427566986287246209e+02
9.574937931745540709e+01 1.535397711104237430e+02 1.427069770079389741e+02
9.579399113310650193e+01 1.535695803691102128e+02 1.426383895246932809e+02
9.584201567171872682e+01 1.535529786575935702e+02 1.426049479327765823e+02
9.587337354366430020e+01 1.535182750799051519e+02 1.425889813382823093e+02
9.590201979585523873e+01 1.534985390246417296e+02 1.425283709660789668e+02
9.591059387565728400e+01 1.534483730281472447e+02 1.424803392102278679e+02
9.587433549850500469e+01 1.534336416125373717e+02 1.425320383544695346e+02
9.581371172285803084e+01 1.534104134446850196e+02 1.425566955356222252e+02
9.576592844623156964e+01 1.533778461697082207e+02 1.425808866893494269e+02
9.573889679348386039e+01 1.533601598102897299e+02 1.425748499845344952e+02
9.572304876791422146e+01 1.533448293638519431e+02 1.425740756779049434e+02
9.606431693989071618e+01 1.533011547582225091e+02 1.425385111867202852e+02
9.637817506959480340e+01 1.532402361068151322e+02 1.425132075471697988e+02
9.658227858542117872e+01 1.531905588204969604e+02 1.424972656974945835e+02
9.669658624600474184e+01 1.531459449427776178e+02 1.424649231879575098e+02
9.676553252912671610e+01 1.531242664192184861e+02 1.424387627590473357e+02
9.671235900608310487e+01 1.530892246623363349e+02 1.425082348695741814e+02
9.664960202082689023e+01 1.530605928446231587e+02 1.425555139705124361e+02
9.658130528920507629e+01 1.530405175791318584e+02 1.425646355294360319e+02
9.652813485926384374e+01 1.530065831529023512e+02 1.425552613671512461e+02
9.650987936900710906e+01 1.530101824930405314e+02 1.426035570677389330e+02
9.641292916795545409e+01 1.529643035364470620e+02 1.426819259717496777e+02
9.633509537065677364e+01 1.529360119599958807e+02 1.427640674296319219e+02
9.630230539230848308e+01 1.529052819878338028e+02 1.428223425095370658e+02
9.625445303639550332e+01 1.528785802660067930e+02 1.428310485617074050e+02
9.622339107124446400e+01 1.528519001958964907e+02 1.428257727600783653e+02
9.617935869677286576e+01 1.528904804619032802e+02 1.426857655428394764e+02
9.611082688937003127e+01 1.529335550056706836e+02 1.425562975564491239e+02
9.606262810599031354e+01 1.529460655737704826e+02 1.424390318589545359e+02
9.599258067842045250e+01 1.529390916589339042e+02 1.423426188266831502e+02
9.597192287864727689e+01 1.529463068357562747e+02 1.423042911640375223e+02
9.607120734096298520e+01 1.529253087947211043e+02 1.423559789669037912e+02
9.614312300237138231e+01 1.528832869367976173e+02 1.423810856789359605e+02
9.619806371790906496e+01 1.528608939065883021e+02 1.423948778224559248e+02
9.622917207959584118e+01 1.528202649757706979e+02 1.423928343128157508e+02
9.626578307041963001e+01 1.527948221466130576e+02 1.423892390968140944e+02
9.628590370141252208e+01 1.527424786060418569e+02 1.425148035879987560e+02
9.628012063099288298e+01 1.526752252809567949e+02 1.425875275801629130e+02
9.629672440457778748e+01 1.526325239715434634e+02 1.426445355191256965e+02
9.630884317970924258e+01 1.525226219197855357e+02 1.427187802866274922e+02
9.629550159810290211e+01 1.525012640478399817e+02 1.427143489019486537e+02
9.634077636869780292e+01 1.525674017939993803e+02 1.425266697597690495e+02
9.636109392720898370e+01 1.526173461181565187e+02 1.423342891019692615e+02
9.637767914217960197e+01 1.526250015465512035e+02 1.421738024538612137e+02
9.637741210434064953e+01 1.526239333951953938e+02 1.420926239818537908e+02
9.640346221259923709e+01 1.526373657078049177e+02 1.420555438705021061e+02
9.610611506340859478e+01 1.526065089184452006e+02 1.420616857407980262e+02
9.585017836890401099e+01 1.525632786885245764e+02 1.420798370966078892e+02
9.571365810908341132e+01 1.525811238271986667e+02 1.421256552221878451e+02
9.561132487885349462e+01 1.525725280956799566e+02 1.421650829982472430e+02
9.553828332817816715e+01 1.525588287452314660e+02 1.421735013918960817e+02
9.577878956593463045e+01 1.525451716671821885e+02 1.422140117537890376e+02
9.601613671512527048e+01 1.524819517476028352e+02 1.422107155376843082e+02
9.616227446128466738e+01 1.524415651098051399e+02 1.422189215383029079e+02
9.625512527064645951e+01 1.524070440251572336e+02 1.422206268687493491e+02
9.629113619960820358e+01 1.523635601608413310e+02 1.421974048871017544e+02
9.597597484276730029e+01 1.523511825961439285e+02 1.421424332405402708e+02
9.568326425404680435e+01 1.523807103825136551e+02 1.421810475306732542e+02
9.546576554283946336e+01 1.524041725951128967e+02 1.421761728013197228e+02
9.534655531498093239e+01 1.524067872976595481e+02 1.421974265388184335e+02
9.525417362614702199e+01 1.524059263841633083e+02 1.421866140839261732e+02
9.518992782761110050e+01 1.523949066914114781e+02 1.421999505103619015e+02
9.552840705227343676e+01 1.523481616661511566e+02 1.422543324054026073e+02
9.583339931951748270e+01 1.522738921538303032e+02 1.422671347561604307e+02
9.605878337972987424e+01 1.522430735127332753e+02 1.422512176513042448e+02
9.617158676152180874e+01 1.521853397257449103e+02 1.422398927724507587e+02
9.616679760800082022e+01 1.521689947417259532e+02 1.422581451696051147e+02
9.614169811320755343e+01 1.521413197236828410e+02 1.422613805546963590e+02
9.610445612949789052e+01 1.521154211774409646e+02 1.422820084544798362e+02
9.610129394782967438e+01 1.521096958449324745e+02 1.422868367872976592e+02
9.608809464893288066e+01 1.520923033302402416e+02 1.422689442210537152e+02
9.613517991545519692e+01 1.521040901123827211e+02 1.421366151149603070e+02
9.617094752036292959e+01 1.520956882152799210e+02 1.420124383957108876e+02
9.619796989380348862e+01 1.520944602536343950e+02 1.419271110423755147e+02
9.620938653469430335e+01 1.520700484586039920e+02 1.418606124342715873e+02
9.623471801216619781e+01 1.520851541396020252e+02 1.418242220847509998e+02
9.606033302402309459e+01 1.520573698319414291e+02 1.417590380451592864e+02
9.589630477368801564e+01 1.520678750386637716e+02 1.417675842870399094e+02
9.580428085369625535e+01 1.520735725332508537e+02 1.417694236519228923e+02
9.571176719249406517e+01 1.520513795236622343e+02 1.417718187442004307e+02
9.564804722136302928e+01 1.520530931023816947e+02 1.417662573461181523e+02
9.575334570574285920e+01 1.520910599030827939e+02 1.415648953500360960e+02
9.582780802144550591e+01 1.520978410145375790e+02 1.414143200329930892e+02
9.587766883183833500e+01 1.520973399319517512e+02 1.413069893803484831e+02
9.591919682441488249e+01 1.521030188679245327e+02 1.412257789462831283e+02
9.594068254459222089e+01 1.520886586246004697e+02 1.411828002886895490e+02
9.573467470873285379e+01 1.520248613259098818e+02 1.413861377461593918e+02
9.553831013506547265e+01 1.520099814413857189e+02 1.415626858439014200e+02
9.539730281472316165e+01 1.520021177440973190e+02 1.416802020826889361e+02
9.531207340962986052e+01 1.519824353026085078e+02 1.417453531291885724e+02
9.524969687596659185e+01 1.519662490978451501e+02 1.417666419218476221e+02
9.534074234457160912e+01 1.519803938550365956e+02 1.417141560985668605e+02
9.544702237344056073e+01 1.519902257964738510e+02 1.416722559026703721e+02
9.552421383647798336e+01 1.519877358490566053e+02 1.416369388596762633e+02
9.556836787297659441e+01 1.519641055778946281e+02 1.415959500979482470e+02
9.559863491081554798e+01 1.519437725538715256e+02 1.415787978142076611e+02
