1.512425272929472726e+02 2.054874003668858791e+02 1.740320882099474034e+02
1.510632145066529404e+02 2.053185059234545804e+02 1.737778606191288304e+02
1.510840064938083458e+02 2.053405745017897175e+02 1.737275175128999933e+02
1.505854296963000252e+02 2.048838659615020106e+02 1.731084512481628792e+02
1.502868968821852889e+02 2.047723769984731064e+02 1.727447729491401844e+02
1.499866422791264711e+02 2.047235965542765825e+02 1.724070752473618882e+02
1.495693435746698583e+02 2.047719192851089360e+02 1.719171252740022453e+02
1.494065013177138610e+02 2.048346939578260049e+02 1.717204086522129387e+02
1.489680655531358866e+02 2.048912787724699740e+02 1.716215211102409910e+02
1.485574501789730846e+02 2.048671147251395439e+02 1.716428226611025991e+02
1.483754143557505643e+02 2.048261386513904938e+02 1.716726956098851815e+02
1.482756364182498885e+02 2.048239680887963914e+02 1.717002960833324323e+02
1.483731633357291742e+02 2.047946368866909097e+02 1.716301783294177312e+02
1.484518238804795942e+02 2.047622447264626260e+02 1.715523920887105760e+02
1.485770210011764618e+02 2.047768039449170487e+02 1.715185963933617188e+02
1.486436325992040111e+02 2.047849337209593443e+02 1.715029071950395405e+02
1.486638631723112098e+02 2.047425290808901082e+02 1.714792258922728649e+02
1.487051592878266035e+02 2.047363767696164132e+02 1.714588969823100797e+02
1.485691737201011335e+02 2.047664839389095732e+02 1.712974296533894005e+02
1.483878316186961683e+02 2.047418800576432716e+02 1.711149146614887968e+02
1.482622518782339398e+02 2.047233015437098516e+02 1.710446055976914010e+02
1.481986029014736346e+02 2.047276730639261189e+02 1.709921294756678947e+02
1.483739303632027031e+02 2.048057221322291070e+02 1.711061591054564417e+02
1.484524121136702490e+02 2.047597880930159420e+02 1.711164862632352595e+02
1.484650117467843984e+02 2.046870849737708795e+02 1.710849022531655521e+02
1.484676489624567637e+02 2.046321629459576457e+02 1.710897887009165004e+02
1.484667710825278562e+02 2.046159963669001627e+02 1.710921469975075979e+02
1.484475936077467964e+02 2.045745607918441067e+02 1.710623562940951388e+02
1.483699128556665130e+02 2.045107830832001241e+02 1.709652763623230385e+02
1.483339376580094608e+02 2.044802253523141360e+02 1.709251424096462983e+02
1.483004083661420793e+02 2.044625193544811168e+02 1.709181283099291591e+02
1.482381736521593041e+02 2.044100217771436405e+02 1.708419011553686460e+02
1.483044205098497912e+02 2.043035319022638987e+02 1.707728078926948285e+02
1.484281014550278712e+02 2.042582951607539314e+02 1.707501171102552746e+02
1.485519325874035985e+02 2.042661066829727190e+02 1.707731368741753215e+02
1.485736346374588379e+02 2.042079449027537805e+02 1.707106196652255790e+02
1.485699890220310238e+02 2.041426867774476079e+02 1.707116155493811789e+02
1.486188105889125950e+02 2.041398207050931433e+02 1.707022270615874788e+02
1.484752048088510321e+02 2.042021358765032062e+02 1.704356108149085856e+02
1.482783934260918102e+02 2.041964752495074151e+02 1.701625472463892379e+02
1.481564289060293049e+02 2.041915494670142550e+02 1.699967227007949191e+02
1.481225438135390107e+02 2.042147819961308812e+02 1.699074864742125044e+02
1.479569427607982846e+02 2.042344064566191548e+02 1.698814593904545234e+02
1.477818960060933193e+02 2.042239326875283894e+02 1.698572864034099723e+02
1.476865271356083156e+02 2.042112740523008938e+02 1.698395911332339097e+02
1.476569098626502239e+02 2.042267558492549711e+02 1.698186489588808854e+02
1.475812655774518873e+02 2.042107573368234057e+02 1.697662765375414438e+02
1.476337613668465281e+02 2.042068846526563561e+02 1.698667213777172265e+02
1.476629048349549862e+02 2.041843208141576440e+02 1.700078973434745535e+02
1.477339862900543892e+02 2.041878323338733026e+02 1.701226153312521774e+02
1.477373690778863704e+02 2.041465397942435516e+02 1.701357531351577563e+02
1.477151199173255236e+02 2.040947699096373640e+02 1.701429764241858607e+02
1.483397770792881261e+02 2.040556211134592672e+02 1.700366134932469322e+02
1.488319548294123820e+02 2.040071249521725179e+02 1.699074489274130997e+02
1.491213852265859998e+02 2.040109493618832062e+02 1.698228238053860082e+02
1.492587922088603420e+02 2.039788307569077119e+02 1.697321822557401845e+02
1.494190383728289930e+02 2.040067655756639624e+02 1.697190158447493502e+02
1.495054764688844386e+02 2.040261701191842576e+02 1.697049947970863570e+02
1.496980468512538778e+02 2.039722833102688639e+02 1.699920365026407865e+02
1.498475564185359588e+02 2.039300324332829177e+02 1.702875584210319175e+02
1.501180828961813063e+02 2.038133226771940656e+02 1.707055258161065012e+02
1.500680723473186333e+02 2.037486152382791431e+02 1.706626706144444370e+02
1.501022488744899874e+02 2.037783791225491825e+02 1.707204908975830620e+02
1.491172926254510003e+02 2.038827699525479886e+02 1.705263417616958179e+02
1.484603863386864475e+02 2.038681857028939532e+02 1.703310304629699203e+02
1.480669513071649988e+02 2.038188760276201492e+02 1.702412757329671535e+02
1.478382340846269187e+02 2.038156291234431592e+02 1.701965020686498633e+02
1.477933477799113859e+02 2.038290118755162723e+02 1.702499293762582511e+02
1.477183006676178536e+02 2.037580895473286375e+02 1.702314778062656728e+02
1.477068077711147112e+02 2.037154578385201660e+02 1.702265466599440060e+02
1.477842471509131030e+02 2.037606892162016266e+02 1.703153752355614756e+02
1.477731583294892630e+02 2.037244100682636656e+02 1.703238697519408049e+02
1.477556668847956871e+02 2.037031818230580313e+02 1.700150687821606255e+02
1.477608572828275157e+02 2.037098079391813314e+02 1.697058244025589033e+02
1.477671454777562019e+02 2.037262301940633051e+02 1.695088556808307487e+02
1.477979177617816617e+02 2.037494394799231827e+02 1.694310819557233856e+02
1.478414255625762053e+02 2.037668969537029966e+02 1.693716292807821162e+02
1.476983293462208167e+02 2.037376873317098784e+02 1.693508355056838752e+02
1.475133005067029899e+02 2.036890785300249149e+02 1.693525930534845259e+02
1.473850191846265432e+02 2.036250558732133982e+02 1.693628022070366228e+02
1.472913935583995908e+02 2.036010884995941410e+02 1.693506495596296872e+02
1.472265305684585428e+02 2.035803322712953047e+02 1.693416025689162439e+02
1.471475732251985562e+02 2.036251399065263570e+02 1.692580037260728432e+02
1.470971282062284899e+02 2.036326599940640278e+02 1.691814261347179240e+02
1.470273000990520416e+02 2.036253061852094106e+02 1.691041351541743154e+02
1.470155872855809491e+02 2.036304858555842827e+02 1.690644267318908192e+02
1.470355675466921355e+02 2.036508558882321154e+02 1.690145806737683642e+02
1.469481371423667326e+02 2.036325902642936967e+02 1.690328462977067829e+02
1.469264511837969565e+02 2.036453007498632246e+02 1.691231427743866504e+02
1.469088202795627467e+02 2.036819160310529924e+02 1.691981809469660334e+02
1.469139838584521556e+02 2.037288280749934870e+02 1.692880894400520617e+02
1.468793835888303647e+02 2.037057385813031374e+02 1.692989887395360711e+02
1.467534408959739096e+02 2.036782829312249987e+02 1.691931586155601224e+02
1.466490393383181186e+02 2.036826562393841016e+02 1.691133305441425136e+02
1.465506971189089143e+02 2.036837468845096168e+02 1.690301178969501166e+02
1.464732720426531500e+02 2.036622987223360610e+02 1.689790399462186770e+02
1.464250154657054566e+02 2.036423417044816517e+02 1.689374720633933009e+02
1.465025209993885369e+02 2.036168760347719058e+02 1.690811243299684179e+02
1.465945660841549056e+02 2.035692756328423627e+02 1.692390908668304519e+02
1.466831085889197652e+02 2.035710671515567753e+02 1.693482125935541092e+02
1.467740433611894844e+02 2.035875877432943071e+02 1.694456930245198407e+02
1.467990066189643414e+02 2.035482565769476935e+02 1.694894028628540639e+02
1.467095468995283341e+02 2.035252368130276750e+02 1.694757090087287281e+02
1.466571172640183534e+02 2.035507400295368257e+02 1.694156019467121439e+02
1.466008471273122495e+02 2.035152708197002767e+02 1.693341575749773824e+02
1.465925564364153786e+02 2.035208974757823057e+02 1.692950409617702121e+02
1.466503159294978502e+02 2.035455710868189385e+02 1.693126396830334954e+02
1.464438121086640194e+02 2.035723955930785110e+02 1.695366939506742199e+02
1.462025435274681797e+02 2.035228516972941293e+02 1.696249468087008552e+02
1.460744463635030854e+02 2.035256694951922327e+02 1.696845121240403103e+02
1.460335793542665783e+02 2.035646770438868316e+02 1.697674941266078008e+02
1.459811783258418529e+02 2.035799514394727794e+02 1.698423141701620978e+02
1.461719178547546676e+02 2.036024258808300260e+02 1.697405426764073866e+02
1.463069272056956720e+02 2.035817358064158498e+02 1.695537330458321321e+02
1.464359201290179442e+02 2.035848504028235197e+02 1.694354820830249082e+02
1.465442301296973824e+02 2.035776521449949996e+02 1.693692888636192890e+02
1.465105434988610682e+02 2.034914393297359823e+02 1.692799167533818832e+02
1.464995011639507823e+02 2.034462008002832079e+02 1.692009290150938057e+02
1.464775970763558917e+02 2.034416612134410514e+02 1.691080114142270077e+02
1.464904505973516962e+02 2.034362777175836925e+02 1.690909633793549744e+02
1.464934060668475979e+02 2.034084680548254767e+02 1.690985514087201409e+02
1.464463205924527358e+02 2.033530454030201895e+02 1.689624800197388765e+02
1.464685196906143858e+02 2.033881266292628993e+02 1.688746491162198708e+02
1.465010298550693619e+02 2.033924874218222101e+02 1.688028310286750298e+02
1.465387339934418378e+02 2.034233008285327173e+02 1.687908857826362237e+02
1.464780619414913474e+02 2.033624535581850239e+02 1.687386403052375954e+02
1.464825925886193829e+02 2.033587775477291473e+02 1.687029958770038434e+02
1.463010198425895112e+02 2.033925911225062748e+02 1.686800565705111126e+02
1.461124169053570370e+02 2.033943057596790425e+02 1.686122452628454766e+02
1.459569588522837478e+02 2.033866319090580816e+02 1.685313229704167099e+02
1.459281050309135424e+02 2.034042467218068282e+02 1.685111120646806171e+02
1.459462294073684632e+02 2.034569070019417154e+02 1.685302412650053157e+02
1.460144823369128062e+02 2.034844234420760074e+02 1.685205613425304989e+02
1.460435846823361885e+02 2.034750134989683659e+02 1.684909226142584941e+02
1.461279594923672676e+02 2.035198998036838702e+02 1.685215518628576206e+02
1.461341511383832028e+02 2.035105345591469472e+02 1.685232843794586870e+02
1.461352650267654951e+02 2.034606992286814773e+02 1.685112837071921774e+02
1.461354473969340404e+02 2.033672899435367754e+02 1.685297460048417406e+02
1.461585261629674051e+02 2.033462816152990627e+02 1.685748057400116693e+02
1.461845013963833537e+02 2.033387043135908812e+02 1.685994900787052302e+02
1.462535875072858573e+02 2.033804098680140555e+02 1.686459587128242106e+02
1.462836481900654633e+02 2.033902489174006121e+02 1.686217124201236572e+02
1.462996127315832950e+02 2.033788668733528482e+02 1.684658592316852150e+02
1.462836267347515218e+02 2.033843326145803303e+02 1.683703026272031877e+02
1.462894160936309902e+02 2.033922424736546759e+02 1.683102348999288438e+02
1.463166482508555362e+02 2.034414466603015796e+02 1.682796628655001996e+02
1.463083271649305743e+02 2.034092279305276918e+02 1.682184580065867863e+02
1.460819646630979207e+02 2.033513897679607680e+02 1.681581149361167888e+02
1.459264547596825992e+02 2.033673078229650457e+02 1.681606895737901937e+02
1.458343792798881395e+02 2.033739911532588849e+02 1.681449145542122210e+02
1.457610342891675828e+02 2.033521013692066219e+02 1.680812852448230217e+02
1.457346353133012258e+02 2.033664764295496923e+02 1.680729015808990425e+02
1.458415310512031056e+02 2.033865353601453307e+02 1.681036524096105609e+02
1.459455911117786115e+02 2.033981051381900897e+02 1.682416976874747547e+02
1.460459286753846868e+02 2.034456322344636590e+02 1.683749906133001559e+02
1.461162806498099371e+02 2.034603934904577613e+02 1.684542715742121288e+02
1.460358840125728079e+02 2.033726877429367335e+02 1.684498911142817406e+02
1.460826029586878008e+02 2.033377906748053761e+02 1.685187626720448009e+02
1.462090963379355060e+02 2.033584360506488338e+02 1.686482454917021698e+02
1.462612041437363075e+02 2.033629953048621246e+02 1.687067720122581420e+02
1.462523913735334418e+02 2.032993499039874621e+02 1.687052612005678611e+02
1.463123267930384657e+02 2.033158204333258254e+02 1.687692910091506917e+02
1.463866891232285923e+02 2.033328291334556184e+02 1.687376855437670429e+02
1.464228234477974411e+02 2.032984577205159269e+02 1.686952755398693284e+02
1.464301289821956686e+02 2.032519908743398105e+02 1.686771922860994550e+02
1.464636439705203941e+02 2.032577855970477572e+02 1.686680684138443951e+02
1.464856338793710790e+02 2.032646316301390073e+02 1.686669795566616870e+02
1.467110076488194181e+02 2.032387779768354221e+02 1.687782432388941913e+02
1.468736442923501215e+02 2.031744746129997736e+02 1.689205581242334233e+02
1.469597909537244504e+02 2.031107183596697325e+02 1.689823190333665934e+02
1.470108599647417691e+02 2.030832215869065465e+02 1.690100249954407445e+02
1.470434255554244487e+02 2.030307812237395808e+02 1.689704953674401224e+02
1.467039899732166077e+02 2.030156963500935206e+02 1.688894854658127542e+02
1.464407869093977865e+02 2.030672570453887147e+02 1.688384683051374680e+02
1.462434159005331651e+02 2.030760358446778184e+02 1.687653235640137268e+02
1.461386013280839222e+02 2.030887069955051061e+02 1.687428723659132288e+02
1.460733968410626176e+02 2.030993899539068366e+02 1.686987495127855823e+02
1.462297864123496822e+02 2.031473086096598877e+02 1.688432778713467997e+02
1.463006193433958799e+02 2.030803090280385277e+02 1.688532241973030636e+02
1.463877583130401945e+02 2.030561914672216517e+02 1.689201987477248394e+02
1.465581278093051765e+02 2.029632398954410917e+02 1.689867137968396378e+02
1.465479079280960946e+02 2.029510711565486929e+02 1.689684660523295179e+02
1.467071707235089377e+02 2.029565351098333394e+02 1.691918265981526872e+02
1.468452982467432548e+02 2.029425587607410648e+02 1.693508909319115503e+02
1.469081265577451916e+02 2.029410819199645175e+02 1.694141733803919863e+02
1.469405115662021615e+02 2.028965925385569733e+02 1.693500988732384371e+02
1.469625336580237445e+02 2.028884448830864073e+02 1.693711393844470479e+02
1.469643001455385445e+02 2.028779675381099992e+02 1.692215994221368760e+02
1.469947380842550047e+02 2.028967766966683541e+02 1.690818144759003303e+02
1.470145020042839121e+02 2.029176437774225690e+02 1.689870248988918320e+02
1.469459487003443598e+02 2.028685075326031324e+02 1.688883697894875979e+02
1.469078083039216835e+02 2.028274313340556603e+02 1.688366195722525447e+02
1.469481550217950314e+02 2.027678284719167721e+02 1.688696750592702926e+02
1.469871125080904335e+02 2.026966379523048261e+02 1.688002331477448763e+02
1.470763040361021297e+02 2.027272260782189335e+02 1.687957328956449317e+02
1.471642153970484515e+02 2.027564464278690366e+02 1.688996320413658339e+02
1.472463588544292747e+02 2.028008321085924877e+02 1.690659375435811000e+02
1.473574884409496235e+02 2.028781123614791397e+02 1.688420888893656695e+02
1.473147083328863403e+02 2.027441060464650491e+02 1.682920801284458037e+02
1.471800744499393829e+02 2.026041744889165557e+02 1.678931489606688388e+02
1.471366381668579777e+02 2.025069926444031978e+02 1.677372743169164551e+02
1.471592556436415293e+02 2.025080385909580230e+02 1.677538378192818982e+02
1.468200149472020541e+02 2.025020203753964836e+02 1.678468752123182242e+02
1.466276644818005366e+02 2.024969354659915268e+02 1.679727267200904066e+02
1.464625497495092077e+02 2.025239441303624801e+02 1.680124494459165305e+02
1.463450747538896621e+02 2.025378364461417959e+02 1.680276183528755496e+02
1.462320499479708644e+02 2.024535385176523619e+02 1.679793313808997652e+02
1.463323517527203421e+02 2.024054982817869472e+02 1.680831768883358279e+02
1.464712677587421581e+02 2.024074972018694609e+02 1.681962928793388983e+02
1.466050166099888656e+02 2.023910731590446801e+02 1.683416919660576809e+02
1.466679718649316442e+02 2.023782124862775333e+02 1.683913914128681881e+02
1.466798849279995522e+02 2.023417938787989385e+02 1.683825357320374394e+02
1.469257270669513105e+02 2.022696861445158447e+02 1.683447028617812862e+02
1.471690446306288891e+02 2.022378947330780079e+02 1.683674204633632598e+02
1.472649087612774395e+02 2.021795023082341913e+02 1.683441307200760946e+02
1.473112182684846516e+02 2.021173712949354808e+02 1.683133047977657952e+02
1.473578567571723283e+02 2.020835612960439960e+02 1.682361890356193896e+02
1.469219598714111612e+02 2.020740315607668265e+02 1.679912551716246298e+02
1.465161093648869439e+02 2.021574694887556234e+02 1.678458435693060267e+02
1.463204136584528499e+02 2.022383721138132842e+02 1.677930474055161483e+02
1.462021662715312971e+02 2.022697576622289830e+02 1.677571669688290115e+02
1.460911153544954288e+02 2.022685257696199983e+02 1.677174603344883508e+02
1.462078018673275039e+02 2.022586116266346323e+02 1.679017990280742652e+02
1.462792194556786853e+02 2.021587442919925195e+02 1.680704020368244755e+02
1.463091978930881680e+02 2.020906612170169296e+02 1.681258103850871350e+02
1.463730989697873497e+02 2.020926100747002465e+02 1.682413973130795171e+02
1.464126732963586619e+02 2.021174088417348855e+02 1.683749316111868097e+02
1.462713954178601057e+02 2.021677126132214823e+02 1.679916985814461725e+02
1.461410669012447556e+02 2.022287547693374847e+02 1.675638599540141058e+02
1.460414552424271619e+02 2.022369810942925312e+02 1.672287368899092144e+02
1.459342591301300445e+02 2.021975390754905106e+02 1.670007455721595875e+02
1.459421099870910439e+02 2.022214027484257031e+02 1.669731307951696806e+02
1.459590668368788329e+02 2.022249249957983466e+02 1.670896653328613297e+02
1.459192886848250055e+02 2.021852004820293871e+02 1.671689534455446164e+02
1.459569892473118387e+02 2.022170866544371393e+02 1.672174996692305626e+02
1.459801037722017725e+02 2.022248427504282233e+02 1.672746315943801392e+02
1.459697891300227752e+02 2.021785922453343574e+02 1.673055004273183499e+02
1.456569778044777195e+02 2.020318879603505877e+02 1.672687367468737705e+02
1.454190187054578871e+02 2.019492850016627870e+02 1.672366771440116509e+02
1.452931582579715553e+02 2.019307118515578452e+02 1.672111453204172449e+02
1.451856921663072910e+02 2.019411015873356519e+02 1.672366199298411118e+02
1.451618088260009927e+02 2.019331988800326201e+02 1.671719607653825790e+02
1.454590060468226511e+02 2.019327644099252268e+02 1.671933248942431760e+02
1.457233247869666002e+02 2.019434420044984506e+02 1.672341650843372634e+02
1.458610839939782124e+02 2.019155858552266807e+02 1.672453379390740622e+02
1.459680977361067846e+02 2.019216183743308761e+02 1.672352485776914932e+02
1.460334559862113792e+02 2.019304096892197720e+02 1.672107841559658254e+02
1.459573361082206020e+02 2.019530039227465750e+02 1.669125123815040865e+02
1.458331420234506481e+02 2.019442930652849384e+02 1.667032408251713775e+02
1.457318157274602868e+02 2.019194549635080875e+02 1.665740887749373371e+02
1.457189872376640949e+02 2.019649670482136798e+02 1.664867888904384472e+02
1.456511848697126084e+02 2.019430575967902826e+02 1.663656057013920986e+02
1.453719850814050290e+02 2.018324179066050306e+02 1.665086965539189805e+02
1.451978054789720147e+02 2.017264197160031642e+02 1.666935322956113055e+02
1.451063057167683894e+02 2.016918838123232263e+02 1.668255146593432414e+02
1.449979349260327979e+02 2.016387836982524675e+02 1.668509034475113708e+02
1.449494959789165875e+02 2.016047645100500176e+02 1.668936871314602968e+02
1.446408165892487432e+02 2.016591769741570772e+02 1.667763855662951187e+02
1.444426570975966513e+02 2.017345226729030117e+02 1.666532481557369749e+02
1.443181769419741158e+02 2.017857257796324575e+02 1.665006007487904469e+02
1.442403942771526033e+02 2.018209589810156217e+02 1.663927770685604628e+02
1.442398489545898315e+02 2.018708121909093904e+02 1.663337695913835432e+02
1.446638721120253592e+02 2.019459540641728381e+02 1.664702772384150364e+02
1.449746290912601694e+02 2.019211999957089461e+02 1.664884194942982560e+02
1.451683437570400201e+02 2.018879531988085034e+02 1.664059685107509097e+02
1.452872848657791280e+02 2.018741252489710405e+02 1.663915827227508544e+02
1.453507353808854532e+02 2.018165427622286359e+02 1.663999538710750130e+02
1.453448119262938576e+02 2.017572563659704485e+02 1.664315271534877354e+02
1.454679725801087784e+02 2.017026418643237378e+02 1.663639071557047941e+02
1.455435489234796194e+02 2.016474981315997468e+02 1.661933624410425807e+02
1.456269832755827736e+02 2.016350236544836321e+02 1.661417320159770554e+02
1.456438757594287097e+02 2.016019020135812241e+02 1.660534308834940589e+02
1.454586395185427534e+02 2.015661753399773204e+02 1.662402834246972247e+02
1.452185080689859831e+02 2.014903951711240211e+02 1.664112286385530410e+02
1.450875269532381537e+02 2.014408941859675224e+02 1.665580974142770856e+02
1.450078115222187591e+02 2.014231810363631894e+02 1.666504679046382762e+02
1.449341089429324541e+02 2.013732187619568776e+02 1.666637451680845174e+02
1.446063289600251665e+02 2.013754894493493737e+02 1.665419183196198105e+02
1.444056413172132523e+02 2.013873470861895782e+02 1.664640838044562656e+02
1.443358847277499422e+02 2.014325641603284112e+02 1.664314538478317615e+02
1.442721856885904117e+02 2.014191384976273866e+02 1.664172844009139851e+02
1.442536000228856778e+02 2.014692777783737654e+02 1.664423209643448445e+02
1.444321279022782107e+02 2.014495174342305290e+02 1.664655731608326050e+02
1.445759982978784137e+02 2.013934815180349744e+02 1.664662668826501601e+02
1.446503606280685688e+02 2.013052662068077723e+02 1.664710210226317884e+02
1.447671025671283189e+02 2.013013220049275844e+02 1.665792523538267460e+02
1.447919031221057651e+02 2.012733889741141695e+02 1.666057156956349274e+02
1.446069082535016719e+02 2.012165753027881294e+02 1.664103883054235382e+02
1.444889719686323417e+02 2.012139792098007831e+02 1.662555560323403085e+02
1.444833202813506716e+02 2.012556865521668215e+02 1.662148499379583768e+02
1.444596586459551304e+02 2.012824413286560628e+02 1.661995290558589033e+02
1.444254016613564886e+02 2.012745708043239574e+02 1.661592949783837696e+02
1.447639897586634845e+02 2.013063765193044219e+02 1.661245445215643883e+02
1.450329571501621615e+02 2.013065284944448479e+02 1.660512692606141343e+02
1.452082434892061826e+02 2.012916456583384388e+02 1.659808314649330896e+02
1.453530579186199816e+02 2.013060564775380783e+02 1.659714322494824046e+02
1.454358772183900612e+02 2.012915258661689109e+02 1.659139910102234694e+02
1.453275761574248008e+02 2.013289278422033135e+02 1.659454534401807848e+02
1.451234449367246953e+02 2.013236623505726755e+02 1.659137550017700562e+02
1.449864420295296554e+02 2.012929848275171594e+02 1.658706798831400704e+02
1.448591637433801509e+02 2.012808965460520483e+02 1.658107730707203018e+02
1.448312807749659328e+02 2.012698774543985110e+02 1.657229224998301333e+02
1.446665397227258154e+02 2.012482236787996328e+02 1.660964255446967854e+02
1.445255389753657198e+02 2.012430726155100444e+02 1.664458181805178469e+02
1.444366478217492613e+02 2.012061998705529504e+02 1.666681435074432045e+02
1.443715720666116056e+02 2.011908396537112367e+02 1.667331298654394232e+02
1.443699557662944244e+02 2.012295700712674034e+02 1.668176280435256729e+02
1.445027284007566664e+02 2.012279537709502222e+02 1.667713131724899824e+02
1.445805110655781789e+02 2.011915941655849736e+02 1.667365966865843632e+02
1.447342687850213281e+02 2.012851858208981923e+02 1.668695928139001694e+02
1.448885789787985630e+02 2.013570146360999900e+02 1.669727660548326185e+02
1.448317098812448478e+02 2.012632531262180464e+02 1.668897000189521975e+02
1.448026754776489327e+02 2.012663981176537789e+02 1.661958011950609944e+02
1.448066447107287331e+02 2.012787867735141276e+02 1.656705482905478561e+02
1.448142220124369430e+02 2.012602994446649518e+02 1.654469088256433906e+02
1.448220782332264207e+02 2.012680805718556485e+02 1.653587703959578050e+02
1.448973327468880825e+02 2.013093927788565054e+02 1.653146725740297711e+02
1.447817636983239709e+02 2.012414974378779391e+02 1.653377048535496101e+02
1.447033445258554423e+02 2.011951968703848763e+02 1.654135601160017188e+02
1.446949626498742987e+02 2.012211363449442274e+02 1.654873860633432514e+02
1.447136538042059613e+02 2.012559368641628339e+02 1.655610135490307471e+02
1.446715996009311596e+02 2.012354452514026377e+02 1.656069154052730141e+02
1.443879156520090987e+02 2.012070723866533513e+02 1.659266693128220425e+02
1.441309471448340958e+02 2.012059030720433555e+02 1.661137685901355496e+02
1.439430575967902826e+02 2.011956367043207479e+02 1.661973960400642341e+02
1.438149890399104720e+02 2.011421146357424163e+02 1.662331030462970034e+02
1.437243832491212174e+02 2.011009365244536866e+02 1.662814025338725799e+02
1.441733499969604964e+02 2.010630214088274386e+02 1.661598045420899723e+02
1.445155819217524709e+02 2.010527800723044152e+02 1.660149346864484698e+02
1.447304282838252050e+02 2.010072769273129722e+02 1.658804456268706247e+02
1.448511340921362773e+02 2.009955176273283541e+02 1.657946368866909097e+02
1.449216130105023694e+02 2.009518953981927609e+02 1.657047158780050893e+02
1.446823576529316995e+02 2.009498303242255588e+02 1.655973534870248898e+02
1.445166564753925513e+02 2.009643251767381571e+02 1.655835523563298466e+02
1.443863512020339499e+02 2.010036456154278142e+02 1.655842407143189234e+02
1.443021158515435332e+02 2.010335310798101887e+02 1.655981813045546005e+02
1.441964967048213566e+02 2.010260270837579810e+02 1.655091792984827634e+02
1.444173255235990609e+02 2.010822578857218446e+02 1.652239773860991079e+02
1.446357549231005919e+02 2.010883154360256242e+02 1.650016788783161985e+02
1.447340220489109583e+02 2.010375432235178721e+02 1.649477849176294626e+02
1.448420316751951589e+02 2.010697583774061172e+02 1.649127412381861575e+02
1.448701578038340756e+02 2.010455263882482200e+02 1.648227808947580968e+02
1.446085567367897795e+02 2.010179455821720751e+02 1.648193087097847069e+02
1.443790724867781705e+02 2.010376147412310388e+02 1.648894336154707219e+02
1.442970881563091154e+02 2.011052526184422788e+02 1.649927588315435969e+02
1.442000636507646902e+02 2.011241475982563998e+02 1.650484711300871368e+02
1.441561160160342752e+02 2.011409471090752277e+02 1.650479347472385143e+02
1.440531859353265247e+02 2.011371119717075828e+02 1.651126600655817356e+02
1.439389310247415494e+02 2.011140850560162505e+02 1.651379111821520382e+02
1.438529649455929018e+02 2.010455514194478042e+02 1.651227869737637377e+02
1.437247515653439507e+02 2.009312267790924977e+02 1.650629856499708694e+02
1.437161301050237512e+02 2.009205241533196613e+02 1.650979989343860836e+02
1.436474748883429697e+02 2.008973559901448596e+02 1.653520173358936631e+02
1.436124723315847120e+02 2.008617097739682720e+02 1.655687499776507252e+02
1.435674572949855303e+02 2.008240270909097376e+02 1.656412206643280456e+02
1.435939188488508762e+02 2.008228291692144865e+02 1.656932283453304251e+02
1.435607417817207931e+02 2.007704925067316140e+02 1.656940937096595405e+02
1.435597083507657885e+02 2.006937826076073463e+02 1.657296684081229898e+02
1.436881738309535876e+02 2.007041723433851530e+02 1.658711536879896755e+02
1.437545923311556066e+02 2.006899188631544177e+02 1.659111875158679936e+02
1.438479837368720382e+02 2.006370636972512216e+02 1.660874536475821515e+02
1.438459347543902993e+02 2.006390858605905123e+02 1.660439315432449803e+02
1.442021877268452386e+02 2.006287587028117230e+02 1.660955655441961483e+02
1.443902846762571812e+02 2.005559411552256108e+02 1.661043711626277002e+02
1.445613854411391230e+02 2.005269353587149794e+02 1.661656636307397434e+02
1.446850502948317683e+02 2.005268906601442609e+02 1.661929083035640815e+02
1.447400795992147380e+02 2.005233541092289897e+02 1.662147408734458338e+02
1.447160103128542232e+02 2.004670947001798709e+02 1.659872662711737235e+02
1.446656171442261893e+02 2.004700358661331450e+02 1.657980304021798474e+02
1.446631533590081915e+02 2.005017325166010380e+02 1.657275568476422336e+02
1.446348341325437730e+02 2.005113212539915821e+02 1.656686566470350499e+02
1.446030123260778737e+02 2.004754193619904754e+02 1.655806755563183970e+02
1.453292210648272373e+02 2.004398321479272340e+02 1.652666305502215209e+02
1.458546438239091003e+02 2.004379780512138325e+02 1.650452295897386250e+02
1.461747159852816651e+02 2.004473772666645175e+02 1.649903343810678393e+02
1.463743183467965423e+02 2.004603541557155211e+02 1.649344522279555463e+02
1.464771000282495095e+02 2.004482855416215159e+02 1.648643469896406657e+02
1.461478700237081227e+02 2.004024337477784741e+02 1.647498954053445175e+02
1.458320156194685637e+02 2.004369178011163797e+02 1.648393676403803454e+02
1.456524435814640412e+02 2.004214520956477941e+02 1.648482268970967368e+02
1.455023869036763813e+02 2.003907942399633839e+02 1.648060832966804981e+02
1.454028968249711227e+02 2.003850853385112032e+02 1.647890459894654498e+02
1.453963976527886643e+02 2.004146883079266672e+02 1.647454559433007546e+02
1.454299984623691557e+02 2.004068302991943540e+02 1.646995111764306330e+02
1.454079191563770621e+02 2.003679192994124776e+02 1.645897797612023510e+02
1.454166067705818932e+02 2.003496125527890115e+02 1.645016645747735708e+02
1.454283982535374378e+02 2.003479765851007244e+02 1.644934597051324658e+02
1.453271953256022755e+02 2.002870881920679835e+02 1.645695956746087063e+02
1.452125220363953702e+02 2.002472313705297040e+02 1.646422523073402147e+02
1.451535199230469289e+02 2.002100725547200000e+02 1.646415407060943892e+02
1.451726616389714195e+02 2.002373887452574763e+02 1.646886476358031928e+02
1.451358729273272843e+02 2.001993913842611050e+02 1.646989890971246382e+02
1.450630053173419753e+02 2.001669813446045225e+02 1.647310969744431475e+02
1.449948096019681714e+02 2.001982953753070831e+02 1.648026754776489327e+02
1.449364082374102054e+02 2.001875623545061558e+02 1.648014489488683978e+02
1.449282713095965960e+02 2.002101637398042442e+02 1.648214292099795841e+02
1.448742539808547178e+02 2.001689605973159303e+02 1.647984255375450005e+02
1.450045950130698600e+02 2.001130408974042609e+02 1.648451659389739348e+02
1.450840744356358414e+02 2.000327676282223308e+02 1.648177621392378285e+02
1.451745067959707001e+02 2.000264186432374629e+02 1.648480659822421615e+02
1.451633089100342886e+02 1.999607922017085571e+02 1.648391209042699757e+02
1.451990695545519259e+02 1.999371216265988664e+02 1.648476261483062899e+02
1.452457920765525614e+02 1.999294012894643799e+02 1.650055873213398172e+02
1.452606337899739231e+02 1.999159756267633554e+02 1.651707306607164014e+02
1.452882575066779793e+02 1.998996838917078662e+02 1.652943633314381202e+02
1.453338125020114262e+02 1.999193530507668584e+02 1.653790599711783500e+02
1.453466213244365406e+02 1.999004991936377849e+02 1.654019742464714966e+02
1.449576275429016903e+02 1.998547511004788078e+02 1.655098891117857534e+02
1.446901888425215645e+02 1.998435067280288706e+02 1.656647911146393142e+02
1.445191595953527894e+02 1.998622175497316391e+02 1.657341472049089646e+02
1.444173523427414807e+02 1.998319852244404728e+02 1.657705121741027199e+02
1.443632617083436003e+02 1.998523659847452620e+02 1.658429864366657114e+02
1.443542862353433520e+02 1.998797662085957256e+02 1.658878208910391834e+02
1.444421207147480288e+02 1.999626945728783483e+02 1.655473143310769615e+02
1.445177649999463654e+02 2.000104397981770035e+02 1.652661960801141561e+02
1.445171267043565138e+02 2.000136616711544093e+02 1.649955819932701786e+02
1.445569406152668819e+02 2.000285766902317448e+02 1.649078762457491791e+02
1.445946536933535072e+02 2.000117467843848260e+02 1.649606759854247002e+02
1.446215050187555278e+02 1.999828196573586467e+02 1.650110208795963445e+02
1.447064251513493502e+02 2.000089736850574411e+02 1.650954976023686527e+02
1.447063750889501534e+02 1.999189060650596730e+02 1.651488819993491859e+02
1.446709344861988598e+02 1.999012197345977597e+02 1.651128120407221900e+02
1.448440127158494022e+02 1.998994335797118538e+02 1.650341479200860988e+02
1.450345555710510723e+02 1.999000003575885671e+02 1.649930377506248931e+02
1.451251559980118202e+02 1.998502651519214908e+02 1.649834132543777798e+02
1.451409721402748403e+02 1.997693643148066656e+02 1.649527214277796361e+02
1.451812133695212879e+02 1.997831797490443364e+02 1.649854962077732523e+02
1.451431641581828842e+02 1.997269936456511914e+02 1.650248720726906129e+02
1.450944963543845745e+02 1.997054775416501400e+02 1.651007559422280053e+02
1.450763844935294458e+02 1.997344422154757240e+02 1.652152486492092009e+02
1.450301071692931600e+02 1.997008396179523686e+02 1.652463320352868266e+02
1.449801431069440127e+02 1.996650646698921037e+02 1.652196612921105157e+02
1.450424368230401342e+02 1.996379290615803370e+02 1.650874983461528700e+02
1.452364643788150147e+02 1.996455707292303714e+02 1.650267440488322848e+02
1.453147190605433252e+02 1.996398493121783986e+02 1.649979098948332137e+02
1.453700469513786686e+02 1.996449145542122210e+02 1.650185606345051497e+02
1.454029880100553953e+02 1.996271424024945418e+02 1.650055658660258757e+02
1.453281322076445292e+02 1.995887356025903614e+02 1.648232135769226545e+02
1.452141043657987893e+02 1.995736739722010782e+02 1.646524793403206104e+02
1.451114174453157659e+02 1.995639815341264693e+02 1.645469603183968559e+02
1.450642836964645142e+02 1.995266778949476247e+02 1.644831808218100377e+02
1.450373393980354138e+02 1.995241533196734451e+02 1.644570393097110355e+02
1.449686233912984505e+02 1.995169961845300008e+02 1.642689709673843481e+02
1.449528555234917917e+02 1.995397406052543943e+02 1.641093917060908041e+02
1.449382086958387390e+02 1.995325173162262899e+02 1.640037832870256125e+02
1.449591669616772265e+02 1.995514802378679065e+02 1.639494655838884967e+02
1.449571573139377278e+02 1.995613496822825539e+02 1.639387593822299891e+02
1.447919174256483927e+02 1.995888643344740387e+02 1.637502655095100579e+02
1.445738581303124306e+02 1.995950166457477337e+02 1.635805289450064492e+02
1.443758756450003773e+02 1.995621828636407429e+02 1.634338890259645041e+02
1.442913452839432011e+02 1.995405630589556267e+02 1.633400720898548570e+02
1.441856260124226310e+02 1.995140711100621900e+02 1.633249478814665281e+02
1.442790424493386467e+02 1.993984287558421045e+02 1.634572520749076432e+02
1.444531451702300444e+02 1.993645382995233319e+02 1.635455728747617457e+02
1.445836703605565390e+02 1.993243256773621397e+02 1.636201426063200302e+02
1.446244479726516374e+02 1.992606588211735357e+02 1.636509148903454616e+02
1.446533572202495179e+02 1.992147355096173555e+02 1.636742243010037612e+02
1.446902210254924910e+02 1.992138451140886275e+02 1.636913921280453224e+02
1.446423202491677102e+02 1.991676822181933915e+02 1.637672169954693402e+02
1.445905789716468064e+02 1.991158247243886024e+02 1.638421157085081177e+02
1.445822400062935458e+02 1.991056960282637931e+02 1.638999449313608636e+02
1.445743802096184254e+02 1.991382151324329186e+02 1.639773878870449266e+02
1.442235304003919225e+02 1.989962578356594349e+02 1.640936739006833420e+02
1.439451262466431274e+02 1.989203703902363998e+02 1.641964734615645796e+02
1.437987777622822705e+02 1.988901952791157441e+02 1.642034911371673900e+02
1.436887334570589871e+02 1.988347762031961281e+02 1.641935805700676951e+02
1.436427511433894324e+02 1.988316473032458305e+02 1.642466216820251077e+02
1.439758216491269422e+02 1.987651161626455973e+02 1.643188116616782963e+02
1.442643991975712652e+02 1.987307590532485051e+02 1.643573346778663335e+02
1.444145041498153148e+02 1.986372228241629614e+02 1.643201740741137939e+02
1.444851976213208502e+02 1.985995544446470831e+02 1.643129239659432699e+02
1.445795956388498382e+02 1.986031428459043582e+02 1.643636532678231106e+02
1.446638435049400755e+02 1.986707574798588212e+02 1.638138715756425086e+02
1.446796417677748252e+02 1.986859478421318101e+02 1.633507854432846784e+02
1.447233033316526587e+02 1.986883347458081630e+02 1.631524668247208183e+02
1.447365519880136446e+02 1.986966093452195707e+02 1.630225727782128331e+02
1.447498596464879483e+02 1.987051539239981253e+02 1.628853284987359302e+02
1.446858995676754205e+02 1.986836932462247489e+02 1.629862632352467813e+02
1.446107344511551958e+02 1.986452524754068349e+02 1.631088571111850172e+02
1.445839689470089411e+02 1.986573103618438836e+02 1.632160049490257450e+02
1.444194889344218211e+02 1.985798531026171929e+02 1.634727571151184975e+02
1.443904455911117850e+02 1.985716446570904452e+02 1.634351423738874587e+02
1.443609874450654615e+02 1.986256119234331265e+02 1.636033806423005785e+02
1.442717458546545402e+02 1.985987945689448679e+02 1.637090105166797116e+02
1.441662518639303983e+02 1.985597941720215545e+02 1.638070058751801241e+02
1.440746609166425287e+02 1.985247683720065481e+02 1.638669430826279836e+02
1.440401428923908611e+02 1.985183496572513491e+02 1.639052873045331467e+02
1.439738459723011772e+02 1.985574054804023660e+02 1.635307526166543255e+02
1.439152229028324541e+02 1.985954064172844085e+02 1.632144369231649534e+02
1.439056323774991029e+02 1.986745801016266739e+02 1.629852727149196596e+02
1.439160328409338661e+02 1.987295110691540572e+02 1.628550586266453593e+02
1.439617952376354708e+02 1.987950373858845410e+02 1.628477083936764132e+02
1.438952998558918068e+02 1.988572828275243012e+02 1.627524271323900109e+02
1.437756578735638300e+02 1.988483019906955462e+02 1.626368366285119578e+02
1.436500781331016299e+02 1.988359097589495548e+02 1.625355693346349426e+02
1.435368995640995422e+02 1.988105978523230704e+02 1.624705758248674101e+02
1.435433164909118773e+02 1.988842485812673715e+02 1.624906562107769901e+02
1.433184147383703362e+02 1.989493368520048193e+02 1.626718785200124557e+02
1.431001319501807529e+02 1.989711855133720348e+02 1.628970556157496219e+02
1.429162974564725346e+02 1.989392886133072977e+02 1.629928947151985881e+02
1.427954039141644387e+02 1.988869877096809944e+02 1.630250025925170974e+02
1.426370100589663537e+02 1.987979445809240815e+02 1.629864795763290601e+02
1.422443545705182544e+02 1.987811504339337318e+02 1.630033202098329639e+02
1.419995494384071435e+02 1.987908732670364031e+02 1.630455156605912350e+02
1.418275225191399329e+02 1.988148120335704050e+02 1.630906129425605400e+02
1.416615442104623241e+02 1.987531494612928213e+02 1.630532878480677823e+02
1.415872247909000805e+02 1.987607571580291221e+02 1.630629552549427785e+02
1.415076613350211403e+02 1.988290154514019150e+02 1.630854171807002331e+02
1.413998752015905609e+02 1.988031850413551069e+02 1.630368119549009407e+02
1.412154900214910640e+02 1.986864806490947615e+02 1.629693850549434728e+02
1.411388373365373354e+02 1.986604374738513457e+02 1.629567729062295598e+02
1.411086443459883810e+02 1.986874121673085369e+02 1.629256501854096655e+02
1.415169479100736396e+02 1.986288516758388027e+02 1.630521703837998189e+02
1.418681588837515335e+02 1.985031145964076700e+02 1.631234395728962170e+02
1.421563931471727358e+02 1.985039459898230234e+02 1.632856685654619469e+02
1.423995998583949358e+02 1.985602375818430971e+02 1.634317309789702222e+02
1.425749702307518874e+02 1.986232393232994013e+02 1.635195833378031978e+02
1.426625597619890584e+02 1.986627242527293049e+02 1.634516683294534971e+02
1.427297864123496822e+02 1.987083454019474402e+02 1.633374903004101668e+02
1.427542955326460401e+02 1.987338557702279047e+02 1.632627328348548588e+02
1.427043278944112501e+02 1.986486298994103379e+02 1.631949698016456125e+02
1.426469259898945552e+02 1.985997421786441066e+02 1.631425312264215108e+02
1.432161515603376927e+02 1.985590271445480255e+02 1.631728100382262312e+02
1.436016213065570923e+02 1.984944412857454381e+02 1.631765825975948587e+02
1.439127162069865733e+02 1.984702289639586468e+02 1.632015780383406423e+02
1.440670407043064358e+02 1.984906436951771980e+02 1.632359780583656175e+02
1.441783812680805852e+02 1.984956284797837327e+02 1.632510629320116777e+02
1.442515117056616987e+02 1.984661327869380045e+02 1.631165774483195037e+02
1.443493068145652956e+02 1.984677759063976055e+02 1.630332467969004142e+02
1.444037389460434611e+02 1.984509763955787776e+02 1.629758967427257517e+02
1.444226732605998222e+02 1.984313537230333395e+02 1.629196409095622755e+02
1.443970502519211436e+02 1.983578353018583869e+02 1.628327558277996445e+02
1.442263571380041469e+02 1.983511609112786971e+02 1.625701052383149090e+02
1.440978469592456293e+02 1.984351280703448310e+02 1.623678459937565037e+02
1.440342355292847287e+02 1.984764635206024650e+02 1.622469095408205249e+02
1.439566155672606271e+02 1.984862936302748722e+02 1.621891464718524105e+02
1.438971128299201609e+02 1.984768747474530812e+02 1.621414691883812225e+02
1.435540942102835231e+02 1.984126232339594651e+02 1.621739328663226729e+02
1.432703226521628608e+02 1.983556379201218647e+02 1.622256866594433689e+02
1.431824595656729286e+02 1.983701524400055689e+02 1.623321443513522127e+02
1.430038261976534955e+02 1.983853392263928868e+02 1.626052311631283374e+02
1.429746773657165591e+02 1.983740090326871837e+02 1.626036988961240866e+02
1.430752723930899606e+02 1.983648297342044202e+02 1.627083096430908427e+02
1.431451219555803505e+02 1.983022213401704335e+02 1.627308466624471350e+02
1.432314617147802096e+02 1.983111288713432145e+02 1.628152053809927509e+02
1.432952018766247875e+02 1.982852966733535709e+02 1.628153877511612677e+02
1.433543988757415377e+02 1.983049229217846516e+02 1.628642647442705425e+02
1.433019960593740052e+02 1.982924949311820910e+02 1.627852555506685235e+02
1.432381200138744362e+02 1.983352660995311965e+02 1.627685543767052536e+02
1.431785797297345653e+02 1.983724481585976775e+02 1.627079663580677220e+02
1.430844391759729035e+02 1.983122427597255069e+02 1.626139330808757961e+02
1.430671855276755764e+02 1.983236587746870327e+02 1.626360034471537688e+02
1.431843190262148084e+02 1.982937518549906883e+02 1.626996059374005483e+02
1.432816796650110405e+02 1.982320177649999380e+02 1.627577391105342031e+02
1.433091263753750297e+02 1.981630907810091742e+02 1.627790978755663218e+02
1.433542683559150532e+02 1.981190108385094391e+02 1.627830957157314060e+02
1.433540412871757894e+02 1.980886926919624784e+02 1.627692695538367502e+02
1.433890223886201056e+02 1.980375092526041385e+02 1.627537645136259243e+02
1.434893617401689880e+02 1.979937976263271082e+02 1.627600419808976255e+02
1.436045624725103664e+02 1.980161361840293921e+02 1.628240199391384238e+02
1.436298368323374461e+02 1.980071303160010245e+02 1.628006193433958799e+02
1.436601442512274218e+02 1.980136527314402599e+02 1.627998576797508292e+02
1.434283589187952259e+02 1.979755427300456745e+02 1.626911990302198205e+02
1.432340256247966295e+02 1.980133130223028104e+02 1.626568329811086073e+02
1.430953438392853911e+02 1.980097639557877471e+02 1.626402784184572852e+02
1.430073555967974244e+02 1.980158965996903362e+02 1.626400316823469154e+02
1.429296766326600050e+02 1.980068585486910422e+02 1.626091431820375988e+02
1.429879760844767134e+02 1.980525297603083743e+02 1.621316229872233521e+02
1.430807560137457131e+02 1.981039438442916207e+02 1.616946855187358665e+02
1.431749072951643313e+02 1.981812276730639155e+02 1.615292704120492999e+02
1.431935537509252470e+02 1.981940776181740773e+02 1.613791851271763846e+02
1.431980683065678193e+02 1.981700959410121925e+02 1.612782646942081328e+02
1.434085342087101367e+02 1.981613314452657164e+02 1.615335078365534116e+02
1.435193097825503799e+02 1.980934575596010632e+02 1.617293000919002566e+02
1.435413622694000821e+02 1.979983318493407864e+02 1.618824749419812576e+02
1.435884584714519292e+02 1.979622887098562103e+02 1.619658520799139012e+02
1.436231356226153366e+02 1.979629484607600318e+02 1.620421489642447170e+02
1.435296333644435265e+02 1.978838158991028138e+02 1.622211238293444353e+02
1.434586019717433487e+02 1.978207551555331349e+02 1.623631973424017758e+02
1.434102828167966379e+02 1.978212253844970974e+02 1.624626784813928850e+02
1.434166586209239256e+02 1.978555360073806355e+02 1.625174288666945586e+02
1.434061687603477253e+02 1.978487436125742533e+02 1.625571658960633101e+02
1.434469231291860183e+02 1.978640913138161466e+02 1.624049118365391280e+02
1.435363006032519024e+02 1.979067158708533043e+02 1.622822410790592471e+02
1.435724671107916777e+02 1.978951371530943959e+02 1.622027741720930862e+02
1.435698763816328096e+02 1.978992655130859646e+02 1.621445784209604142e+02
1.435803251195239909e+02 1.978760222563123250e+02 1.620986962320892815e+02
1.435713228273812661e+02 1.978354395299855923e+02 1.620653689777615796e+02
1.434326070709562941e+02 1.978139252139273481e+02 1.620107169293154641e+02
1.432970935201375937e+02 1.977955147666198172e+02 1.619564260453207680e+02
1.432224451190948855e+02 1.978135533218189721e+02 1.619615628050677572e+02
1.431967863515596093e+02 1.978084809280138359e+02 1.619505562290140119e+02
1.433298253895033554e+02 1.977954593403921422e+02 1.617840594169160795e+02
1.434923565444071301e+02 1.978000007151771342e+02 1.616209561203070848e+02
1.436365952562300947e+02 1.977853878584378435e+02 1.614799464332328398e+02
1.436875891736485755e+02 1.977677283471183785e+02 1.613852802242795406e+02
1.437266610882850273e+02 1.977352968521478545e+02 1.613136302033606171e+02
1.437113580856138526e+02 1.977797254434992169e+02 1.613729612981895229e+02
1.436900350794383030e+02 1.978574294388362773e+02 1.614100503842289243e+02
1.436516676142763629e+02 1.978477906390465364e+02 1.614061884277188312e+02
1.435604485590968693e+02 1.978373043543559788e+02 1.614469982227848277e+02
1.435444160757515704e+02 1.978314667210201208e+02 1.614060954546917515e+02
1.435253315739975903e+02 1.978218011020879601e+02 1.613110019274023728e+02
1.435037725593686275e+02 1.977626917121698114e+02 1.612157206661159705e+02
1.434794779922117129e+02 1.977551430175468568e+02 1.611940150401750884e+02
1.434181390375861440e+02 1.977062409932379978e+02 1.611561696543191431e+02
1.433838391423595908e+02 1.976505608776653844e+02 1.611253097610950817e+02
1.431372621589052017e+02 1.975569727982378083e+02 1.615380474233955965e+02
1.429260363810606691e+02 1.975089790488859194e+02 1.617998111932372751e+02
1.427805693525143909e+02 1.974257896449502994e+02 1.619581192271795942e+02
1.426784724531648294e+02 1.973896392288960158e+02 1.620452081344246835e+02
1.425942299509030988e+02 1.973468162102048495e+02 1.620792738091406875e+02
1.427602225631233352e+02 1.974447311112779744e+02 1.615154138551265817e+02
1.429271824524138879e+02 1.975336526599225522e+02 1.610545304683337520e+02
1.430857157671526352e+02 1.975902499901663134e+02 1.608778030473697527e+02
1.431456940972855421e+02 1.975799228323875241e+02 1.607501188981981102e+02
1.431785207276212191e+02 1.975688518903919544e+02 1.606403821191413499e+02
1.431565558499701467e+02 1.975006579629609860e+02 1.607567110434076767e+02
1.431347626148306347e+02 1.974513661671154523e+02 1.609083071399709013e+02
1.431179219813267309e+02 1.974138819457108980e+02 1.609684016863876650e+02
1.431454259058612308e+02 1.974241536772620123e+02 1.610549703022696235e+02
1.431264683480480926e+02 1.973967784846111897e+02 1.610496261411545049e+02
1.431497902743061843e+02 1.974223567947191214e+02 1.610168424214467393e+02
1.431619929841123451e+02 1.974487378911571795e+02 1.609483659990488036e+02
1.431664986000407680e+02 1.974482015083085571e+02 1.608523963797733529e+02
1.432041294327572700e+02 1.974629663401883022e+02 1.608272239326875308e+02
1.431910059323943187e+02 1.974566405984602113e+02 1.607738538392496253e+02
1.430774912301404242e+02 1.973653768447100276e+02 1.611473837032586971e+02
1.428896213494677170e+02 1.972667789494763042e+02 1.614217220750149409e+02
1.427722285992183231e+02 1.972194449510282368e+02 1.616288087652109198e+02
1.427442687492624600e+02 1.972357652931689813e+02 1.617806515978845141e+02
1.426766183564514279e+02 1.971725525744588765e+02 1.618541414119742115e+02
1.426087319551870110e+02 1.971146321665218295e+02 1.619395228338178754e+02
1.425756210419415595e+02 1.970630303485415880e+02 1.619787949980511428e+02
1.425043160939885922e+02 1.969892169167998759e+02 1.620292096219931182e+02
1.424588147369399849e+02 1.969416486978412308e+02 1.620383907084187172e+02
1.424375882796771577e+02 1.969103722139380750e+02 1.620424314592116559e+02
1.425629892258565121e+02 1.969875648576261256e+02 1.615455961180185227e+02
1.427276855795259110e+02 1.970575503037714782e+02 1.612524503756467880e+02
1.428526019931986752e+02 1.970985442569488271e+02 1.610630678953409927e+02
1.429716807735355815e+02 1.971217463910373908e+02 1.610005703537623560e+02
1.430374788575760476e+02 1.971374820758731516e+02 1.609206153384039339e+02
1.431503570521828976e+02 1.971634412178036087e+02 1.610515839385519712e+02
1.431867810234899991e+02 1.971267454791865532e+02 1.611651326117195993e+02
1.432004409067015729e+02 1.970573232350322428e+02 1.612568755341479232e+02
1.432221429567568123e+02 1.970080654101004427e+02 1.613445777057832800e+02
1.432042009504704083e+02 1.969542072082703044e+02 1.613709945610779073e+02
1.429644181497652369e+02 1.968841520323546206e+02 1.612657043958362522e+02
1.426993913842611050e+02 1.967928024573486141e+02 1.611512724789112099e+02
1.425604753782393175e+02 1.967830867760172566e+02 1.611301783294177312e+02
1.424914232382505475e+02 1.967817636983239709e+02 1.611434609566924507e+02
1.424636886690911126e+02 1.968120746930996177e+02 1.611939560380617138e+02
1.426052186475285168e+02 1.967855308938641485e+02 1.611139527482469305e+02
1.427302763086847506e+02 1.967823680230000889e+02 1.610413175708293636e+02
1.428463102223843180e+02 1.967559887145048663e+02 1.609832201565522780e+02
1.428828665014607395e+02 1.967231370529696051e+02 1.609342305230447892e+02
1.429317291910273866e+02 1.966991911346642894e+02 1.608983804813857148e+02
1.427496808522050742e+02 1.967326220896760560e+02 1.606163861384368374e+02
1.425962449624710757e+02 1.967979553085810664e+02 1.603911750717859093e+02
1.424142091392485554e+02 1.968023947706248009e+02 1.602139273594587507e+02
1.421528440806576725e+02 1.968002778463155948e+02 1.599285555925063704e+02
1.422005088485290685e+02 1.968554126393254364e+02 1.599418310680097761e+02
1.422242706087230033e+02 1.968726019216809391e+02 1.601928528773364064e+02
1.421830871336058237e+02 1.968049408012129504e+02 1.603841877912111897e+02
1.422400438403581688e+02 1.968034246256941628e+02 1.605713997089229110e+02
1.422725182459565758e+02 1.967914311051989671e+02 1.606061698331134266e+02
1.422427865446574344e+02 1.967619175329249686e+02 1.605998887899560543e+02
1.422957883218726067e+02 1.967524199806186971e+02 1.605789376758888807e+02
1.423804688701274017e+02 1.967703745025049216e+02 1.605911564771804763e+02
1.424005367404371896e+02 1.967554165727996747e+02 1.605895544804059227e+02
1.424431183868464643e+02 1.967344153963332758e+02 1.605856567650392890e+02
1.424486449181300998e+02 1.967214045363685386e+02 1.605472428133637948e+02
1.425459894654408401e+02 1.967958240807292043e+02 1.605328766927348738e+02
1.426131642654594600e+02 1.968290851811722462e+02 1.604733936227655136e+02
1.426362501832641385e+02 1.968096091199387843e+02 1.604260059860325782e+02
1.426698921155297057e+02 1.967847567146193057e+02 1.603774812176605735e+02
1.426820805217932389e+02 1.967909894833202884e+02 1.603482465644678427e+02
1.426100139101952209e+02 1.967554666351988715e+02 1.604156037346549795e+02
1.425034042431459227e+02 1.966818695445394383e+02 1.604968246135361483e+02
1.424662132443652922e+02 1.966510436222291389e+02 1.605653081877053978e+02
1.424422154757179442e+02 1.966319841516747715e+02 1.606186747052576322e+02
1.423908550300195657e+02 1.965967294949776658e+02 1.606131892966590442e+02
1.423471755867134334e+02 1.966095418932884229e+02 1.601105449292153367e+02
1.423260832251627903e+02 1.966331212833138409e+02 1.597052522608537117e+02
1.422985953921137536e+02 1.966117982771382913e+02 1.594467336072461876e+02
1.422886490661574612e+02 1.966170780723115570e+02 1.593017225041212157e+02
1.422982056205770789e+02 1.966206986565397585e+02 1.592346263735870764e+02
1.422581700047559252e+02 1.965409742858062430e+02 1.596868292979463604e+02
1.421668669162634728e+02 1.964267140113927610e+02 1.600479901734662178e+02
1.420952991407146726e+02 1.963620047845350030e+02 1.602525701678163159e+02
1.420165509867656510e+02 1.962904191295579039e+02 1.603500452349535692e+02
1.420004416218787071e+02 1.962908053252089076e+02 1.603847885400016366e+02
1.420990895795115989e+02 1.963390619021566295e+02 1.604267229511069104e+02
1.421732141133055052e+02 1.963567571723326637e+02 1.604344718953266806e+02
1.421938022749784523e+02 1.963220353225985377e+02 1.603971485887767301e+02
1.421925936256262162e+02 1.962801545497781035e+02 1.603512127616207295e+02
1.422445709116005332e+02 1.963090208867481294e+02 1.603649495263739482e+02
1.422566341618660317e+02 1.962827935533933328e+02 1.603171166918766630e+02
1.422194360113141158e+02 1.962179055322527006e+02 1.602452324504471619e+02
1.422522072154220893e+02 1.962189711461786317e+02 1.602518603545132976e+02
1.422949622922857316e+02 1.962588333315453895e+02 1.602788100167709047e+02
1.422841237828579324e+02 1.962155633271470379e+02 1.602260227926951757e+02
1.422707356669563126e+02 1.962066414924316291e+02 1.601948374938762925e+02
1.422195468637694944e+02 1.961792806033234342e+02 1.601328209089186032e+02
1.421422129725979744e+02 1.961040779400037763e+02 1.600953152322001358e+02
1.420639511390983785e+02 1.960426013137803807e+02 1.600767349303238802e+02
1.420367761960443431e+02 1.960308563173383902e+02 1.600728533064426813e+02
1.420058805439637126e+02 1.960792273226271334e+02 1.600377345334005668e+02
1.419297570900872927e+02 1.960782618334996243e+02 1.599662740344214740e+02
1.418580570067691440e+02 1.960709026608165289e+02 1.599208281036005701e+02
1.418732777640702238e+02 1.961083100006794098e+02 1.599099127126310975e+02
1.418477155454477270e+02 1.961000228856682099e+02 1.598858201830138341e+02
1.416092933692352176e+02 1.960612388298271753e+02 1.602963676153491406e+02
1.414213734261633135e+02 1.959831915494670227e+02 1.606544675327461675e+02
1.412632102155901350e+02 1.959146775802696823e+02 1.608620995455049467e+02
1.411691161483420274e+02 1.958829612624306833e+02 1.609529181014907806e+02
1.411605018397931701e+02 1.959131703444650725e+02 1.610108975115411738e+02
1.412799417845814958e+02 1.959810603216151605e+02 1.607666055190219367e+02
1.414108996570725765e+02 1.960351330765847422e+02 1.604895369585662195e+02
1.415116645390147028e+02 1.960676915154961080e+02 1.603428970395242743e+02
1.416459640766526888e+02 1.960114249546756469e+02 1.601042477945725295e+02
1.415982796414101870e+02 1.959831611544389318e+02 1.600186339401611235e+02
1.416282866859049250e+02 1.960106471995451614e+02 1.598472113455700025e+02
1.416909362026239876e+02 1.960464632702904737e+02 1.596938380338350214e+02
1.417179305634523132e+02 1.960608383306335440e+02 1.596140296297885470e+02
1.417149697301279048e+02 1.960408527056938794e+02 1.595454048081358565e+02
1.417176713117421230e+02 1.960523009036263034e+02 1.594973574204991280e+02
1.416765432628526185e+02 1.960077042456490517e+02 1.595614390794239910e+02
1.416751951539597485e+02 1.959821044802271501e+02 1.596250326299566211e+02
1.416548787595967838e+02 1.959740891325259042e+02 1.596588944791901383e+02
1.416382151324329186e+02 1.959628930345323283e+02 1.597429921580827568e+02
1.415920021741384858e+02 1.959145881831282452e+02 1.597153845328641637e+02
1.415517555810635315e+02 1.959499143575384892e+02 1.593097825503931801e+02
1.415323027630868467e+02 1.960018970073412845e+02 1.589101844799410799e+02
1.415002860708526100e+02 1.960190988052966077e+02 1.586896470958444638e+02
1.414795638134675073e+02 1.960445644750063536e+02 1.585833324393619250e+02
1.414902181647839541e+02 1.960863433350855303e+02 1.585466206092594064e+02
1.411842618120442978e+02 1.960704628268806573e+02 1.584505919878706095e+02
1.409269965063596999e+02 1.960787106071496169e+02 1.584388469914285906e+02
1.407884112697612409e+02 1.960866383456522613e+02 1.584331863644327996e+02
1.407215064491097962e+02 1.960876109865510841e+02 1.584697068846526520e+02
1.406806179845593192e+02 1.960902589298804628e+02 1.584844627768182477e+02
1.405851990516751187e+02 1.960336365684370890e+02 1.588624356787567251e+02
1.405416090055104519e+02 1.960211978501775434e+02 1.592404586430944278e+02
1.405039227465662464e+02 1.960137778874382661e+02 1.594506205949558648e+02
1.405026658227576490e+02 1.959738763673292681e+02 1.595485086768865415e+02
1.404448365999048747e+02 1.959402916492342115e+02 1.596288713432099371e+02
1.405656175018147565e+02 1.958925517877640345e+02 1.598932955719807865e+02
1.406810721220378184e+02 1.958807370615517129e+02 1.601087265913585043e+02
1.407414581031356988e+02 1.958377334606348654e+02 1.601950878058723333e+02
1.407942024165835164e+02 1.958394159148367066e+02 1.602540291291645644e+02
1.408584575059627753e+02 1.958307479680029815e+02 1.602800472732083961e+02
1.409534366049111327e+02 1.957863998340789067e+02 1.603522229493189855e+02
1.410707846565898080e+02 1.957889351370100712e+02 1.604284161329657366e+02
1.411134467604263989e+02 1.957484918702239440e+02 1.604381622093251849e+02
1.411480219988485771e+02 1.957340882027956184e+02 1.604579940711815880e+02
1.412129243235318370e+02 1.957707463946132975e+02 1.605289789773682116e+02
1.412220070731018211e+02 1.957992712345030100e+02 1.601791322040686509e+02
1.412235089450779810e+02 1.957940236223006423e+02 1.598329685929962807e+02
1.412270973463352561e+02 1.957774333007927794e+02 1.596116981523398692e+02
1.412864159255643699e+02 1.958089994314341880e+02 1.595374752816904049e+02
1.413335353708729940e+02 1.958270111674908946e+02 1.594922439040089159e+02
1.412834336369260200e+02 1.957756936324203991e+02 1.594163350032719393e+02
1.411387926379666169e+02 1.957417996002159839e+02 1.596156226868489512e+02
1.409613053413004025e+02 1.956660015519343858e+02 1.598038912787724826e+02
1.408328988632259495e+02 1.956395829086969229e+02 1.599596103714987692e+02
1.407587081755473832e+02 1.956194113377030703e+02 1.600607060228642240e+02
1.407578767821320014e+02 1.956611866218965758e+02 1.600242838394999580e+02
1.407461013906619200e+02 1.956430962163553886e+02 1.599367175515195640e+02
1.407629348723945100e+02 1.956207308395106850e+02 1.598993835173126570e+02
1.407726684331541946e+02 1.956159427286153232e+02 1.598577959671161466e+02
1.408123822192661692e+02 1.956385029912283642e+02 1.598424125070176842e+02
1.408867820962557005e+02 1.956953452696396596e+02 1.595850345609348722e+02
1.409533829666262648e+02 1.957379769784481311e+02 1.593240092114814672e+02
1.409517380592238283e+02 1.957341168098808737e+02 1.590940153977636271e+02
1.409758198611841067e+02 1.957303764334831726e+02 1.590292042581646399e+02
1.409911890177399698e+02 1.957534069250601760e+02 1.589992991264111311e+02
1.409194102649373690e+02 1.956768668805046332e+02 1.591091288784949711e+02
1.408164712445154976e+02 1.955777933924784691e+02 1.592189836617784238e+02
1.407555756997114145e+02 1.955283156505787474e+02 1.592820318897482821e+02
1.406570314427625874e+02 1.955152886991285470e+02 1.593279426857046701e+02
1.406791053849262028e+02 1.955708722657884380e+02 1.593183664639139465e+02
1.407286367651107923e+02 1.956094828911750767e+02 1.593528970037654062e+02
1.409661542422519460e+02 1.956764377742257182e+02 1.593479300985871703e+02
1.411630067476962438e+02 1.956784116631086476e+02 1.592891425383782007e+02
1.412639057253505257e+02 1.956350093509410044e+02 1.591933964119563427e+02
1.413224519132776322e+02 1.956206360785407412e+02 1.591244765797368927e+02
1.413231956974943841e+02 1.956323935905825522e+02 1.592703762904477287e+02
1.412105785425405315e+02 1.955908614666137453e+02 1.593943897929919729e+02
1.411727528240556921e+02 1.955665168370576055e+02 1.594663330365348202e+02
1.411460284425945133e+02 1.955551616121522898e+02 1.595396655116556133e+02
1.410994382283631978e+02 1.955216519876560426e+02 1.595211710310351236e+02
1.410732591694647908e+02 1.954843340449345703e+02 1.594957572116674100e+02
1.410276702032175820e+02 1.955319040518360509e+02 1.594507439630110355e+02
1.409854497212597266e+02 1.955611816156566647e+02 1.594118383270576658e+02
1.408919420992594382e+02 1.955365974017614690e+02 1.593318225216430619e+02
1.408271220199463016e+02 1.955120453708372281e+02 1.593155915766437545e+02
1.408317599436440446e+02 1.955238171864216383e+02 1.592474387718978335e+02
1.408116491627063738e+02 1.955105917733174579e+02 1.591646713224697862e+02
1.407609770749970437e+02 1.954318382555399296e+02 1.590978827181021984e+02
1.408148620959696302e+02 1.954619364851189403e+02 1.591487926022077488e+02
1.408471505555138492e+02 1.954808243131617758e+02 1.591798652606284179e+02
1.408780712387940639e+02 1.954620509134599899e+02 1.590811279058540890e+02
1.408731830031002801e+02 1.953986933713807446e+02 1.589544628840948235e+02
1.408990724152604628e+02 1.954022781967523770e+02 1.588951425169228742e+02
1.409007334141483625e+02 1.953902149464868785e+02 1.588399040232289394e+02
1.409104294281086140e+02 1.953841198493836941e+02 1.588502687278071619e+02
1.409970624099323686e+02 1.953548708926483357e+02 1.589701502944741947e+02
1.410491201533339733e+02 1.952936088195643833e+02 1.590487089264833571e+02
1.410636221576178855e+02 1.952339076205699371e+02 1.590291220127945166e+02
1.410966400978362287e+02 1.952299473272042576e+02 1.590577666448537570e+02
1.411123006890731801e+02 1.952177446173981252e+02 1.591039867549195321e+02
1.411728869197678478e+02 1.952431173140807630e+02 1.591566452471115838e+02
1.410797511898759637e+02 1.952172940558052687e+02 1.591489660326621447e+02
1.409776793217260149e+02 1.951717122413293737e+02 1.591149468444596948e+02
1.408900307883754977e+02 1.951404250297692613e+02 1.590817697773296118e+02
1.408524464421725781e+02 1.951375661091860820e+02 1.590426191932086795e+02
1.409594941552148839e+02 1.951641528190494626e+02 1.589185538403224029e+02
1.410662629491759503e+02 1.951860014804166497e+02 1.587864284411641620e+02
1.410817179269875794e+02 1.951536683223017121e+02 1.586897150376719594e+02
1.411086532857025304e+02 1.951708272096291523e+02 1.585897994285734853e+02
1.411641116963643867e+02 1.951930870978469557e+02 1.585322598524589637e+02
1.411959048957450591e+02 1.951868114185180900e+02 1.584522351073302104e+02
1.411810596064380263e+02 1.951549413375958011e+02 1.584390704842821833e+02
1.411434269857786887e+02 1.951227297595931987e+02 1.583992065109726184e+02
1.410994346524775551e+02 1.950923973095036388e+02 1.583518671486960443e+02
1.410691236577019083e+02 1.950541728797680037e+02 1.582820461932909097e+02
1.410388716650396361e+02 1.950295457552449250e+02 1.584821277234839272e+02
1.409747167004587993e+02 1.949607135322241049e+02 1.586749215987069590e+02
1.409621671297438468e+02 1.949256680648379643e+02 1.588635263238822688e+02
1.409288523910159370e+02 1.948881945710903949e+02 1.589275221615513658e+02
1.409433418797000570e+02 1.948987863444078528e+02 1.589664742840182896e+02
1.410345788143078209e+02 1.949263117242562942e+02 1.588592924752637998e+02
1.410916374338014236e+02 1.949235350490432666e+02 1.587288995927066253e+02
1.411572227526452536e+02 1.949504185574162136e+02 1.586460856567650524e+02
1.411633196376912736e+02 1.949214914303900343e+02 1.586254170376648176e+02
1.411979377867413348e+02 1.949048599861970672e+02 1.586064433883662161e+02
1.410693292711272306e+02 1.949153176638023695e+02 1.583792012186618194e+02
1.409312661138347380e+02 1.949412982610467964e+02 1.581580380545751723e+02
1.407464250083139348e+02 1.948688543935119242e+02 1.579760540816946843e+02
1.405668887291660099e+02 1.948795266242566697e+02 1.578365426907109281e+02
1.405659643627235482e+02 1.949134814465172667e+02 1.577925539332954372e+02
1.406749537816778854e+02 1.949225749237442358e+02 1.578030312782718454e+02
1.407468076280792957e+02 1.948885485837704721e+02 1.577875977557741578e+02
1.408205459662221699e+02 1.948738016313190258e+02 1.577729723834350750e+02
1.408844684982352931e+02 1.948765514873896336e+02 1.578316312117603673e+02
1.408775938580587876e+02 1.947878605833699908e+02 1.578454180389127828e+02
1.408994514591401526e+02 1.947416261697615880e+02 1.578967623931257265e+02
1.409132275586355831e+02 1.946620215911976004e+02 1.579273380034400134e+02
1.408405280152761918e+02 1.945629355875716442e+02 1.579513876224293938e+02
1.408093158973148604e+02 1.945114857447318286e+02 1.579881638184737369e+02
1.406595810492363796e+02 1.943498503491852318e+02 1.578378496769187223e+02
1.404999678170290736e+02 1.942668075565615595e+02 1.577524861345033571e+02
1.403743308623963344e+02 1.942383685379276415e+02 1.577258761813832280e+02
1.403391924219831139e+02 1.942679142931725664e+02 1.577471437613310741e+02
1.402981788014346591e+02 1.942732441507450289e+02 1.577412918244526168e+02
1.402614705472177832e+02 1.942193698574294274e+02 1.576414906436951640e+02
1.402926522701510237e+02 1.942069186235700897e+02 1.576065828479068500e+02
1.403908031796775333e+02 1.942446370654851933e+02 1.576827027258976273e+02
1.404566745693739733e+02 1.942639522118640798e+02 1.577546352417835180e+02
1.404765457659725882e+02 1.942446567328562992e+02 1.577483416830263536e+02
1.404310175897815611e+02 1.941988353340413482e+02 1.576847445566080523e+02
1.404305026622468802e+02 1.941367150483996227e+02 1.577495002699793645e+02
1.404796013602669120e+02 1.941392700187018932e+02 1.579270662361300310e+02
1.405097156813313859e+02 1.941321593700719745e+02 1.580365723705618848e+02
1.404971017446746089e+02 1.940886891160768357e+02 1.580416948267662178e+02
1.404659146579128901e+02 1.940319737816063537e+02 1.580496100496690417e+02
1.404813356648107856e+02 1.940065492345816835e+02 1.581765665061093955e+02
1.405520881384296956e+02 1.940089021673443028e+02 1.583103511162127006e+02
1.405334863812394701e+02 1.939855194510300294e+02 1.583498324697569331e+02
1.405082978426681848e+02 1.939435707363821280e+02 1.583672363052519074e+02
1.404635009350940891e+02 1.939080210691182913e+02 1.583784091599887063e+02
1.404956427833263604e+02 1.939250869834186233e+02 1.584207458582304469e+02
1.403700809222924306e+02 1.938901791876303093e+02 1.582880536811954926e+02
1.402154685661771225e+02 1.938926036381060669e+02 1.580895616321772366e+02
1.401213423159581168e+02 1.938962277982199112e+02 1.579396408380445678e+02
1.400398443059384874e+02 1.938706870349113842e+02 1.578825589752942165e+02
1.400888875777308158e+02 1.938384289703952561e+02 1.579344415002985897e+02
1.401246374945914681e+02 1.938092640469728281e+02 1.579533311162842324e+02
1.401469939317220508e+02 1.938094464171413733e+02 1.579674630164025757e+02
1.401507718549191566e+02 1.937899953871074956e+02 1.580159180550042777e+02
1.401555903608426092e+02 1.937705121741027199e+02 1.580440048489009541e+02
1.400128588848243112e+02 1.937510843873256192e+02 1.578487579161168810e+02
1.398587024541303379e+02 1.937648873059634980e+02 1.575574913016581320e+02
1.397906104394405986e+02 1.937884291491895397e+02 1.574255482726684363e+02
1.397368773936084665e+02 1.938066786816424667e+02 1.573748654573021497e+02
1.397215833306514128e+02 1.938212146568401408e+02 1.573167108288545251e+02
1.399085091775105525e+02 1.937324039606509416e+02 1.572214385072823006e+02
1.401384833238572298e+02 1.937345369764456393e+02 1.572101691036327509e+02
1.402252718567071099e+02 1.937374298679425522e+02 1.571973263102939029e+02
1.402647728776224767e+02 1.937327865804163025e+02 1.572043654412106548e+02
1.402976656618427853e+02 1.937042778320120533e+02 1.571448287329564266e+02
1.402493965692952997e+02 1.937600670120972097e+02 1.568088867910359738e+02
1.401638345652259545e+02 1.937887706462698247e+02 1.566540598817812224e+02
1.400732162588369079e+02 1.937837125560073162e+02 1.565732859886072390e+02
1.400288144866279652e+02 1.937742829455285403e+02 1.564669999392099555e+02
1.399455714444075056e+02 1.937417262945600100e+02 1.563150998923658506e+02
1.398648958880890802e+02 1.936748214739085370e+02 1.566626795541585864e+02
1.398076942331692010e+02 1.936253061852094106e+02 1.570521382008288924e+02
1.398351177002764132e+02 1.936414834919238501e+02 1.572814347168435063e+02
1.398471058569431307e+02 1.936520484460988882e+02 1.575826297778302205e+02
1.398338303814397250e+02 1.936303714272432330e+02 1.575133273258454381e+02
1.398064498249603957e+02 1.936819428501954121e+02 1.572835730964666539e+02
1.397700365813102792e+02 1.936786387318479115e+02 1.570852973885307051e+02
1.397009915930928230e+02 1.936393576279004947e+02 1.569688504600376859e+02
1.396645372267576306e+02 1.936114800233147832e+02 1.568803884127001140e+02
1.396445301465040245e+02 1.936246070995633772e+02 1.568247762389549962e+02
1.395870781795881328e+02 1.935050062399204762e+02 1.571509452853735525e+02
1.394953853195590341e+02 1.933756056656332305e+02 1.574687628508390844e+02
1.394958680641227886e+02 1.933329435617966681e+02 1.577150054889844739e+02
1.394947470239691540e+02 1.933233530364633168e+02 1.578264175704717616e+02
1.394791579504453694e+02 1.933023500720540824e+02 1.578735316519519074e+02
1.394595924920704704e+02 1.932879767996538476e+02 1.578709051639364702e+02
1.395839117328384305e+02 1.933401704267104435e+02 1.575107669917146609e+02
1.396453865711189906e+02 1.933451158765747380e+02 1.571670010119756284e+02
1.397438056720698398e+02 1.934078798216348218e+02 1.570016484832881076e+02
1.398316151202749040e+02 1.934454409245809927e+02 1.568618349299662782e+02
1.398466266882650189e+02 1.934194335081941460e+02 1.569210122617119225e+02
1.398553178783555211e+02 1.934043450586624147e+02 1.570275325316197552e+02
1.398427450643838199e+02 1.933675277399329957e+02 1.570991181865968542e+02
1.398479944645289947e+02 1.933879299555517548e+02 1.571758602686920483e+02
1.398042291999670965e+02 1.933497841953005718e+02 1.571937253934368073e+02
1.397271795917053794e+02 1.933468805761467024e+02 1.569910370425995154e+02
1.396324919274381386e+02 1.933543631168849686e+02 1.567535964470000067e+02
1.396311295150026410e+02 1.934195121776785982e+02 1.566727707034839909e+02
1.395988446313440647e+02 1.934397588422712602e+02 1.566341779575256226e+02
1.395490057249929237e+02 1.934160739636189419e+02 1.566030373572774579e+02
1.395709759664725027e+02 1.933899664224336732e+02 1.566184136656046348e+02
1.395871425455299573e+02 1.933340896331498868e+02 1.566622540237653425e+02
1.396179041018984321e+02 1.933009465369335373e+02 1.566657279966815679e+02
1.397161104376526453e+02 1.933386524632488488e+02 1.567403585182960057e+02
1.397616368259008652e+02 1.933687596325419804e+02 1.568061566023364719e+02
1.395813245795652335e+02 1.933271989014879182e+02 1.570576504285699002e+02
1.394404328967176809e+02 1.932591730406828390e+02 1.572933102331119812e+02
1.393742807999971376e+02 1.932947405873749744e+02 1.574272217871561281e+02
1.393384504257091976e+02 1.933226575267029261e+02 1.574821259355410916e+02
1.393147834264851497e+02 1.933114024265960040e+02 1.575355228481214169e+02
1.392915920200535709e+02 1.933282537877568927e+02 1.572773707227937621e+02
1.393321818981516174e+02 1.933601900225638417e+02 1.570924902825307186e+02
1.393437677676818680e+02 1.934090044376740991e+02 1.569298947616850910e+02
1.392875172983468701e+02 1.933776510722293267e+02 1.567476265058948570e+02
1.393069558127809273e+02 1.933901166096312920e+02 1.565973963976528012e+02
1.393303367411523652e+02 1.934279441160589386e+02 1.565651436969651513e+02
1.393739553944023157e+02 1.934142520498764668e+02 1.566247358314470546e+02
1.394655141587192588e+02 1.934500985156498700e+02 1.567052594126250256e+02
1.395429034761184539e+02 1.934776435628694458e+02 1.566889211910559823e+02
1.395835791754722948e+02 1.934827070169604326e+02 1.566361339669802817e+02
1.393911107058440564e+02 1.934837315082012879e+02 1.566973888882929202e+02
1.392141794593975987e+02 1.935372875476933814e+02 1.568338840197245929e+02
1.390551937951232162e+02 1.935582690567886459e+02 1.569498911142817406e+02
1.389426141869687683e+02 1.935390772784649300e+02 1.570206221325866807e+02
1.388676099853031189e+02 1.935339959449456728e+02 1.570157338968929253e+02
1.391722092894357559e+02 1.935754100646877589e+02 1.570023511448197837e+02
1.393782822160478645e+02 1.935125674501432229e+02 1.568948653857844135e+02
1.395155711940954859e+02 1.934895816571369380e+02 1.568765818824177245e+02
1.396216873889240446e+02 1.934654551566059126e+02 1.568522032819478511e+02
1.397142831600816635e+02 1.934919864402415897e+02 1.568569466942724944e+02
1.396825686301854716e+02 1.934669319973824599e+02 1.570040157195933546e+02
1.396523666999223963e+02 1.934816074321207395e+02 1.572094074399877002e+02
1.396024187290587122e+02 1.934614930752974260e+02 1.573028846669598977e+02
1.394904809923797870e+02 1.934331953041469490e+02 1.574204079370358045e+02
1.395070462826880657e+02 1.934570947359387105e+02 1.574146489731844269e+02
1.396869419383445745e+02 1.934881191199030184e+02 1.574314163010323568e+02
1.398130830928550097e+02 1.935089218347154087e+02 1.573809051281776306e+02
1.398489599536565322e+02 1.934657895019148839e+02 1.573465265634665968e+02
1.398837300778470194e+02 1.934506116552417154e+02 1.573173383967874202e+02
1.399318507711397501e+02 1.934581853810642542e+02 1.572901545140192638e+02
1.397494573593514815e+02 1.934718166571905726e+02 1.571305001591269104e+02
1.395651687281647355e+02 1.934946826580273296e+02 1.570084748490082234e+02
1.395148023786791498e+02 1.935561092218515284e+02 1.569788200292507554e+02
1.394872394520312753e+02 1.936082956971367821e+02 1.569409013377388362e+02
1.394534580602250742e+02 1.936302587868450189e+02 1.568291406073999497e+02
1.393733600094403471e+02 1.936080829319401744e+02 1.567558403152500830e+02
1.394477366431731014e+02 1.936138061369349543e+02 1.568404153748779777e+02
1.394652978176369800e+02 1.936213011932730410e+02 1.569046454330576239e+02
1.395183049586806305e+02 1.936373622837036237e+02 1.569334080693435851e+02
1.395054800447700813e+02 1.936180900479526201e+02 1.568892011829029798e+02
1.397706587854146676e+02 1.935907255829587541e+02 1.570607596611490635e+02
1.399317291910273866e+02 1.935059788808192991e+02 1.571560194671215243e+02
1.400402966554741511e+02 1.934787806945085151e+02 1.572535374448866605e+02
1.400826226260589067e+02 1.934282266110258774e+02 1.572618495910974730e+02
1.401772155293562321e+02 1.934422512345745133e+02 1.573204905399944948e+02
1.401960729623709483e+02 1.934113734619221816e+02 1.572580895473286375e+02
1.400364096677644739e+02 1.934000879667871686e+02 1.571186782811432749e+02
1.398500952973527660e+02 1.933780605111371074e+02 1.570237617601939633e+02
1.397676693450050323e+02 1.933973649298590090e+02 1.570033166339473212e+02
1.397323127755666974e+02 1.934102971203392940e+02 1.569311606252078377e+02
1.395042803351319947e+02 1.934712570310851731e+02 1.568265105434988698e+02
1.393674419186772013e+02 1.934968567965070747e+02 1.567574244325963377e+02
1.392528383592406271e+02 1.935103092783505190e+02 1.566930352475049233e+02
1.391673192657991649e+02 1.935245359394388061e+02 1.567054203274796009e+02
1.390829480316537285e+02 1.935060933091603488e+02 1.566934339587557474e+02
1.391730567743365725e+02 1.934934811604464073e+02 1.566880665543838518e+02
1.392683451873942886e+02 1.934693743272865163e+02 1.566253079731522462e+02
1.392865446574480472e+02 1.934219026572406221e+02 1.565494223156720466e+02
1.393064087022753483e+02 1.933919099162885118e+02 1.565247308252071434e+02
1.393395625261486543e+02 1.933905099570536095e+02 1.565130752259065900e+02
1.392380484961612979e+02 1.933056899492581806e+02 1.568550210798459545e+02
1.391524149743787859e+02 1.932393679979688841e+02 1.571911668472488941e+02
1.391082903333083038e+02 1.932187834121816081e+02 1.574030362845117565e+02
1.390512138343864308e+02 1.931857833513915637e+02 1.575034703970305827e+02
1.390337438450068248e+02 1.931752327007591532e+02 1.575594884337978385e+02
1.390233255021437344e+02 1.931866916263485621e+02 1.575773589223711042e+02
1.390681724721170269e+02 1.931947177017067645e+02 1.575058823319065482e+02
1.390921201783651782e+02 1.931732445083335961e+02 1.574048814415110371e+02
1.391197009844413230e+02 1.931805858015884212e+02 1.573783984323317213e+02
1.391632749391205550e+02 1.931767971507343020e+02 1.573725894060811470e+02
1.390826405054872055e+02 1.931492252843723065e+02 1.571931818588168710e+02
1.390016306038598088e+02 1.931726848822281966e+02 1.571313530078562337e+02
1.389219455678685335e+02 1.931772405605558447e+02 1.570609438192604443e+02
1.388618081108238584e+02 1.931796310401178687e+02 1.570116663269575383e+02
1.388375528784091557e+02 1.932092965875323216e+02 1.569866351273551572e+02
1.388672935194224181e+02 1.931521253276405332e+02 1.569927320124011771e+02
1.389164369160131685e+02 1.931230712566734837e+02 1.570375557391176926e+02
1.389601396025760778e+02 1.930909454999267041e+02 1.570803215436383198e+02
1.389973413290136648e+02 1.930943855019291959e+02 1.571070351974425137e+02
1.390093008785950985e+02 1.930600176648751471e+02 1.570892648336676700e+02
1.391486281114675023e+02 1.930463542057779023e+02 1.570072161372567905e+02
1.393234263421192907e+02 1.930465937901169582e+02 1.569618220567779190e+02
1.393814897854826143e+02 1.930289664617684195e+02 1.568360849773467578e+02
1.394454891990373824e+02 1.929284822868503966e+02 1.566520466581560527e+02
1.394423102366878595e+02 1.929116291377467007e+02 1.565891468294409776e+02
1.393914647185241620e+02 1.929711354509728096e+02 1.564269446560176675e+02
1.392792105159645359e+02 1.929558521156727409e+02 1.562560208974757927e+02
1.392286886154528247e+02 1.929438532313490668e+02 1.560892541060107135e+02
1.391917658080965339e+02 1.929403363478049300e+02 1.560224368945578703e+02
1.391983651050774142e+02 1.929716700458786249e+02 1.560138887398936447e+02
1.391913277621034695e+02 1.929200914711551320e+02 1.562921212511308795e+02
1.392008485576665180e+02 1.929110069336422839e+02 1.565662540094618009e+02
1.392634748311288035e+02 1.929672109164637277e+02 1.567999721080918789e+02
1.392413526145087985e+02 1.929422673260599765e+02 1.569019796102999749e+02
1.392308770574751975e+02 1.929272325148131131e+02 1.569520080385909466e+02
1.392931618338571980e+02 1.929175168334817272e+02 1.567705318414738258e+02
1.393864674183178352e+02 1.929191653167698348e+02 1.565944445040425421e+02
1.394573843826769917e+02 1.929311016230944915e+02 1.564570840082817540e+02
1.394611515782171409e+02 1.928758559776292714e+02 1.563461081848446952e+02
1.394254660272983131e+02 1.928066071639293284e+02 1.562329296158426075e+02
1.393496429478171024e+02 1.928226432231602985e+02 1.563753535656943825e+02
1.392880858641664190e+02 1.928128077496593846e+02 1.564992061533840513e+02
1.391756725346950248e+02 1.927696629012590677e+02 1.565326245927960258e+02
1.391153455557105190e+02 1.927419551512420810e+02 1.565799675309582426e+02
1.390907273709015897e+02 1.927358207193966848e+02 1.566358782911557626e+02
1.391358729273272843e+02 1.927804942589155814e+02 1.566672566878001476e+02
1.391147912934335977e+02 1.927566734966082720e+02 1.566372710986193511e+02
1.391114585680008418e+02 1.927760333415578771e+02 1.566197170759267863e+02
1.391054314127251530e+02 1.927851250308420106e+02 1.566310794526034158e+02
1.390877361425491188e+02 1.927622018158347430e+02 1.566364379172611621e+02
1.389692008968321204e+02 1.927412203067394785e+02 1.565561360409939482e+02
1.388616471959692547e+02 1.927133570056963947e+02 1.564433901541564182e+02
1.388012147283578486e+02 1.927161569241661994e+02 1.564078637301493586e+02
1.387306410490218127e+02 1.926925918376834090e+02 1.564042449338639926e+02
1.386693503688526050e+02 1.926607020893899858e+02 1.563747367254184724e+02
1.386042567342866505e+02 1.927011918426896386e+02 1.563262888385880842e+02
1.385212818834905022e+02 1.927012383292031927e+02 1.562250805468244437e+02
1.385034954282301953e+02 1.927425541120897208e+02 1.561747356526527710e+02
1.384581102874654448e+02 1.927449159845664894e+02 1.561581042084598323e+02
1.384433633350139985e+02 1.927548301275518554e+02 1.561720215554387323e+02
1.384724424371806322e+02 1.927551126225187943e+02 1.561565594258557894e+02
1.384740408580695146e+02 1.927048928843451279e+02 1.560829390919396076e+02
1.384736832695037663e+02 1.926788765282441318e+02 1.560223063747313574e+02
1.385366385244465448e+02 1.927081040296655488e+02 1.560594866458550030e+02
1.385584961255278813e+02 1.926994682658027216e+02 1.560684138443989184e+02
1.385389574862954305e+02 1.926505233308659797e+02 1.561298475599944311e+02
1.385670353404779576e+02 1.926574176384135910e+02 1.562236966790749761e+02
1.385739850742532724e+02 1.926580595098891138e+02 1.562850213301579458e+02
1.385490700909347765e+02 1.926419626606019619e+02 1.562974242895609223e+02
1.385610153369735826e+02 1.926500852848729437e+02 1.563376369117221145e+02
1.385639243199559587e+02 1.926175268459615779e+02 1.563479730092150533e+02
1.385400356158211537e+02 1.926703337374084128e+02 1.560278221783580364e+02
1.384713732473690300e+02 1.927128724731898046e+02 1.556635198872880892e+02
1.384274953424089176e+02 1.927424718667195975e+02 1.553505923454591482e+02
1.384191545891128499e+02 1.927660423170308661e+02 1.551764055912548201e+02
1.384317041598277740e+02 1.926902853914343154e+02 1.556108882142384573e+02
1.384605776485691138e+02 1.926166918766605534e+02 1.560412442651733897e+02
1.384361150147862816e+02 1.925418128309929102e+02 1.562652234392153048e+02
1.384778277209807982e+02 1.925544821938773623e+02 1.564281622450840530e+02
1.384460810081136799e+02 1.925095261593915268e+02 1.564302148034514346e+02
1.385515070570103546e+02 1.924776131678413549e+02 1.565548219030148402e+02
1.386250880561843246e+02 1.924385644964616517e+02 1.566760873374313121e+02
1.387396630085356435e+02 1.924599590203503681e+02 1.568002313598020407e+02
1.389155107616278997e+02 1.924381425419540790e+02 1.570169085753313993e+02
1.388465194116952830e+02 1.923671629995959336e+02 1.568729416308184170e+02
1.387221858673846953e+02 1.923889186879360409e+02 1.564068785736507152e+02
1.386903944559468869e+02 1.924790989483320232e+02 1.560829444557680858e+02
1.386989533382680690e+02 1.925609670625172214e+02 1.559280639082284665e+02
1.386433751354366564e+02 1.925741173820225924e+02 1.558203421407397116e+02
1.386140028106461273e+02 1.925777933924784691e+02 1.557326650003039390e+02
1.387630010262791700e+02 1.925935648361707990e+02 1.558125806809201492e+02
1.389920257749838299e+02 1.926106826008131634e+02 1.559227358385988111e+02
1.391070226818427216e+02 1.925901605930248763e+02 1.559602218479462010e+02
1.391305287662121657e+02 1.925267297452896571e+02 1.559899642769022705e+02
1.391101301264790777e+02 1.924506009275847305e+02 1.560072769273129722e+02
1.390869691150755898e+02 1.923734190115536933e+02 1.560175146879503245e+02
1.391159516683294441e+02 1.923723820047130175e+02 1.560757587135393862e+02
1.458759024641427970e+02 1.985332700401571913e+02 1.631733267537037193e+02
1.457559315003343556e+02 1.984313143882911277e+02 1.630064795048113524e+02
1.469104580351938694e+02 1.994977829508923719e+02 1.643275350347397250e+02
1.471758066304071804e+02 1.998494838209053341e+02 1.648422945027909918e+02
1.469103382430243414e+02 1.996641581828779408e+02 1.646677644635635147e+02
1.465919020493400637e+02 1.994348831221772969e+02 1.644435063704403035e+02
1.464220439047240916e+02 1.993178300810653241e+02 1.643397627757454700e+02
1.462118068592638735e+02 1.991253294284661877e+02 1.642090283961080104e+02
1.459938977511255018e+02 1.990058894836778620e+02 1.639415074503577614e+02
1.457980357660083541e+02 1.989020529159559487e+02 1.636840508347904972e+02
1.455954886626545317e+02 1.987935194224229463e+02 1.634833417366646415e+02
1.453834171878519896e+02 1.986833714165155982e+02 1.632605014822046030e+02
1.452580466367007546e+02 1.985933377674315352e+02 1.630905396369045661e+02
1.451413279408977530e+02 1.985286196008596562e+02 1.630536186174910824e+02
1.450115948092443716e+02 1.984302934729359151e+02 1.629844395335614706e+02
1.449229968782518085e+02 1.983656915226478645e+02 1.629707635588644337e+02
1.448175457981555496e+02 1.982910610010334267e+02 1.629098429828607664e+02
1.447031818230580313e+02 1.982015869780547916e+02 1.628121640902410547e+02
1.446080024745128867e+02 1.981106772369846567e+02 1.627370168531491004e+02
1.444087147909358464e+02 1.980117432084991549e+02 1.625385337438449938e+02
1.442831922646441569e+02 1.980224833810713960e+02 1.624375167619640195e+02
1.441319591204751589e+02 1.979071700083318035e+02 1.623019102381182392e+02
1.440189700734129303e+02 1.977975726888157055e+02 1.621435181708629614e+02
1.440155944373522630e+02 1.977860637008270999e+02 1.620774715627693183e+02
1.440137653718384740e+02 1.977598900057571711e+02 1.620317341972672978e+02
1.439128592424128783e+02 1.976811990659786602e+02 1.619316540974285772e+02
1.438303885914943976e+02 1.975760179652495481e+02 1.618838194749884565e+02
1.438194177742972499e+02 1.975634165441925916e+02 1.618829827177446248e+02
1.436814154070609391e+02 1.975180188878280489e+02 1.618472184973413164e+02
1.435682278983447304e+02 1.975112586759925648e+02 1.618999556590178486e+02
1.434239856106361231e+02 1.974274738870949761e+02 1.619666620180153132e+02
1.433664245792076599e+02 1.974234510157303077e+02 1.620157839592921221e+02
1.432539629752799044e+02 1.973344758288008904e+02 1.619762668468912921e+02
1.433172972741023727e+02 1.972642954968872004e+02 1.617249446631694525e+02
1.434646559461614572e+02 1.972387726130069154e+02 1.615457176981308862e+02
1.435810778434548638e+02 1.972375800551401710e+02 1.614057628973255873e+02
1.436272604067212342e+02 1.971953828164390643e+02 1.613433422372886241e+02
1.436491126439740924e+02 1.971497187565930460e+02 1.612746637773510656e+02
1.436261769133670043e+02 1.971739275024941662e+02 1.612599275525565758e+02
1.435367368613021313e+02 1.971312171242012425e+02 1.612343492424486158e+02
1.434448151445909332e+02 1.970437330815909718e+02 1.611812795234059479e+02
1.433357846029515485e+02 1.969386467418317750e+02 1.611165685086053827e+02
1.433103618438696856e+02 1.969410515249364266e+02 1.611023633028310371e+02
1.432717798255683022e+02 1.968801452524754154e+02 1.610188967677569565e+02
1.432841255708007395e+02 1.968182413079159403e+02 1.609372253272829312e+02
1.433398003225448747e+02 1.968149354016256041e+02 1.608793049193459126e+02
1.433273919993134200e+02 1.967030369996888908e+02 1.606440688572542115e+02
1.432836714333222403e+02 1.966606395113909969e+02 1.605625368763208485e+02
1.433276154921670127e+02 1.967222931439544311e+02 1.604572842578785696e+02
1.433098790993059310e+02 1.967051110133702423e+02 1.602919424568480053e+02
1.432945635810349359e+02 1.966730174395943607e+02 1.601683062102406154e+02
1.432414455875359067e+02 1.966452989619203890e+02 1.600756353454841872e+02
1.432270669513071653e+02 1.966318715112765574e+02 1.600200875376808938e+02
1.431891661392235449e+02 1.965931053348638216e+02 1.600545054371341394e+02
1.430945982671258037e+02 1.965156802586080573e+02 1.600429589023461290e+02
1.430419111678484967e+02 1.964684428090727408e+02 1.600275861699046231e+02
1.430349954049869439e+02 1.964609084179924139e+02 1.600465490915462397e+02
1.429725264704935910e+02 1.963878548619529454e+02 1.600017700634004427e+02
1.429323317277606691e+02 1.963554698534959755e+02 1.599962721392020910e+02
1.429583766909469205e+02 1.963420835255371912e+02 1.599423674508583986e+02
1.429324390043304049e+02 1.963121551505269053e+02 1.599114557072923049e+02
1.428808497019499271e+02 1.962633818581016953e+02 1.598709301951360828e+02
1.428274921241118420e+02 1.962097131782114161e+02 1.598049676203553702e+02
1.428192514956141679e+02 1.961888389456858590e+02 1.597476837200653677e+02
1.427955433737050726e+02 1.961691948178265079e+02 1.597329331917282502e+02
1.427844509763955898e+02 1.961708379372861089e+02 1.597661102588583617e+02
1.427215869065370839e+02 1.961094131614047456e+02 1.597715706362573371e+02
1.426665057518120818e+02 1.960547182023307755e+02 1.597387815527210648e+02
1.427313919850098785e+02 1.960247898273204896e+02 1.596206432303120550e+02
1.427775942156473548e+02 1.959768050176827501e+02 1.595129751011081680e+02
1.427747817815777580e+02 1.959156573729398474e+02 1.593867016388283844e+02
1.427308180553618513e+02 1.958396322559189855e+02 1.592790156301961986e+02
1.427184293995015310e+02 1.957912201279451949e+02 1.591899099234402968e+02
1.427258404225266588e+02 1.957890406256369431e+02 1.591569491973924642e+02
1.423730203003028691e+02 1.957331173498396311e+02 1.593669824173702239e+02
1.420467815241139817e+02 1.956507754308048277e+02 1.595210262076659831e+02
1.419038176155279132e+02 1.956201586978054650e+02 1.596181722933227434e+02
1.417961405466098768e+02 1.956022971489463771e+02 1.596560552259780934e+02
1.417516154063457634e+02 1.955761377574190760e+02 1.595677970041230083e+02
1.417509824745843900e+02 1.955721005825117800e+02 1.594759038944970655e+02
1.417332425058376373e+02 1.955607650249775702e+02 1.593753428380373975e+02
1.416882507124952042e+02 1.955342104980851161e+02 1.592917922696503865e+02
1.416587675352492965e+02 1.955163525251116710e+02 1.592206142656382326e+02
1.416536128960740371e+02 1.955055980489967737e+02 1.591523452446084548e+02
1.416618052501153215e+02 1.955356962785757844e+02 1.589790614015326184e+02
1.416395757569256091e+02 1.955034006672602516e+02 1.588214202702654347e+02
1.416145248899521221e+02 1.954821098440556284e+02 1.587120714748025136e+02
1.415914622154041922e+02 1.954551780612263201e+02 1.586547983021694961e+02
1.416319305133899036e+02 1.954264207887688656e+02 1.586569831683061977e+02
1.416633750639189486e+02 1.954304061133341293e+02 1.587030101805464710e+02
1.416832498364032347e+02 1.954131667685794014e+02 1.587085706827438401e+02
1.417214045363685386e+02 1.954310068621245762e+02 1.587478374831486292e+02
1.417135876503213012e+02 1.953765604271037830e+02 1.587448838015955630e+02
1.415670389163636003e+02 1.953393622765518387e+02 1.585109797569112970e+02
1.414422941452024247e+02 1.952955684049046852e+02 1.582725861877840714e+02
1.413951550325226663e+02 1.953182341561446265e+02 1.581163468036945972e+02
1.413412467682933311e+02 1.953095036313118840e+02 1.580051743065463654e+02
1.412865035347629714e+02 1.952749641517462749e+02 1.579148688901523769e+02
1.413995354924530830e+02 1.952739432363910623e+02 1.580656943833564014e+02
1.415520291363163494e+02 1.952357599293405030e+02 1.581872959510246801e+02
1.415925099499018529e+02 1.951361142996091473e+02 1.582482236787996328e+02
1.416148467196613012e+02 1.950699568390601257e+02 1.582659189489756955e+02
1.415938169361096470e+02 1.950025156355600302e+02 1.582773081447947732e+02
1.413726341046518655e+02 1.949173094321135977e+02 1.583281572388441418e+02
1.411791912061819971e+02 1.949135422365734485e+02 1.583661742672116191e+02
