5.683147063274173405e+01 2.905812922890680827e+00 2.397760435807086310e+00
5.615538597894463635e+01 2.902310901662379372e+00 2.433256231219870891e+00
5.627110400138351309e+01 3.010679003004820498e+00 2.499059642447956087e+00
5.635729263494670960e+01 2.969649149354720130e+00 2.526448907239672081e+00
5.628167491731338856e+01 2.906137184115523464e+00 2.483235694675630878e+00
5.634533820445751218e+01 2.863853520396030916e+00 2.413389826844505759e+00
5.617734927257398425e+01 2.768412633217320007e+00 2.350893880109816259e+00
5.568131606822456092e+01 2.680083875570159258e+00 2.308523746730366089e+00
5.547383211915519041e+01 2.654661795542489156e+00 2.266067143690957408e+00
5.565375386411292880e+01 2.725545299293110624e+00 2.309431678159925561e+00
5.566529756371733129e+01 2.744871268293737288e+00 2.338528718735813694e+00
5.554184050671220518e+01 2.711342657644998599e+00 2.296482846581205717e+00
5.521325579887157176e+01 2.607038630320586137e+00 2.258955014159406804e+00
5.528472297282691272e+01 2.547071921139670181e+00 2.288052054735294938e+00
5.527694070343068233e+01 2.577595711104866183e+00 2.261095138243368829e+00
5.513841630817786665e+01 2.525238332000259600e+00 2.232516915627229093e+00
5.501714261008668672e+01 2.466698372208651069e+00 2.200847402667589048e+00
5.499511446421237082e+01 2.467627921053200613e+00 2.209991569208153983e+00
5.511515596964915176e+01 2.534468968200782601e+00 2.258501048444626846e+00
5.524444972870143999e+01 2.553859789446378148e+00 2.281350656088545037e+00
5.540960677922134181e+01 2.586502086080546547e+00 2.230614583108152083e+00
5.528197756112324157e+01 2.557837393804448745e+00 2.247043818500183754e+00
5.513165005728615142e+01 2.478955446507706828e+00 2.234181456581421976e+00
5.496815754772044471e+01 2.382001340279729540e+00 2.217665751529432239e+00
5.484467887330033165e+01 2.344711299422815198e+00 2.195162022525346313e+00
5.460299617371754977e+01 2.306426857476382875e+00 2.164335588750297301e+00
5.449860567673317746e+01 2.274152056897036367e+00 2.138654099742752557e+00
5.439105903716033907e+01 2.298839144815063129e+00 2.152856741390864581e+00
5.465355930737802481e+01 2.378672258371343773e+00 2.175792818694740394e+00
5.455746989774962685e+01 2.385827622732873632e+00 2.146176960159104308e+00
5.430964785230982272e+01 2.334940227847554173e+00 2.122959856460364669e+00
5.410164508528070115e+01 2.284420329017056162e+00 2.071834670010160195e+00
5.423383557794159060e+01 2.150392356082059919e+00 2.072310253139929337e+00
5.431902981041527312e+01 2.123802935644955703e+00 2.060226118160790154e+00
5.436717179359692409e+01 2.042629542359324812e+00 2.042024254739618350e+00
5.434611643139713522e+01 2.012775892258803712e+00 2.010289889535009422e+00
5.426948269525929902e+01 1.996260187206813752e+00 2.000583670204716835e+00
5.422585875181045623e+01 2.057934672171901624e+00 2.034695951058172358e+00
5.397183250826866185e+01 2.127629218098099795e+00 2.051579152164983988e+00
5.380421107243995493e+01 2.109405737261938363e+00 1.997232970881342107e+00
5.351477550314533715e+01 2.064311809593808889e+00 1.952376834778097203e+00
5.314211288614107787e+01 1.961866879958494625e+00 1.932834691627575152e+00
5.295425754988218614e+01 1.915519142220973192e+00 1.892366890767201992e+00
5.302847013554119115e+01 1.910158023303573316e+00 1.889210748178732802e+00
5.307289392334464395e+01 1.895501415940681778e+00 1.952571391513002963e+00
5.311033528610649057e+01 1.929311052984284069e+00 1.945437644566462732e+00
5.317544694005491124e+01 1.933461596662271020e+00 1.938022871225058896e+00
5.327166605417324519e+01 2.035366090922847260e+00 1.953155061717719798e+00
5.346254782853066700e+01 2.174430921550400964e+00 1.951533755593506170e+00
5.349458483754512628e+01 2.226485656845154537e+00 2.027065003566873358e+00
5.343029464536630968e+01 2.227004474804902934e+00 2.013446032123478613e+00
5.337164659849975124e+01 2.222378347997146619e+00 1.971594716703776617e+00
5.324773557577984917e+01 2.207613653559307387e+00 1.936574504420761400e+00
5.327841068764997345e+01 2.216757820099872323e+00 1.913703279361853804e+00
5.343712574850299291e+01 2.232235889232365711e+00 1.961218357508809129e+00
5.350420458721546169e+01 2.267407423420307211e+00 1.961866879958494625e+00
5.327186061090814917e+01 2.166021747119479368e+00 1.959769990704511633e+00
5.344147084891588406e+01 2.161330768066754615e+00 1.943297520482500707e+00
5.373771590393220521e+01 2.217817073434358743e+00 1.995395490607233091e+00
5.376750470178775743e+01 2.167340409433839987e+00 1.974037484597591874e+00
5.362859119306513378e+01 2.121900603125878249e+00 1.993428305843187198e+00
5.333059512743466257e+01 2.002875116193605365e+00 1.938584924014786326e+00
5.314689033485375802e+01 1.979376986100002123e+00 1.892950560971919050e+00
5.299390388897295878e+01 1.958148684580297783e+00 1.876045742450117793e+00
5.273151170583021496e+01 1.893231587366782653e+00 1.818154305108195201e+00
5.232813074212585747e+01 1.802697853390691440e+00 1.755312479733673436e+00
5.182388292008041475e+01 1.675738775157266769e+00 1.703538770833783689e+00
5.140327287662941558e+01 1.667761949026135504e+00 1.679240796385568224e+00
5.128065889880888051e+01 1.668129445080957174e+00 1.676408915021941670e+00
5.087219784258198274e+01 1.696686050282107283e+00 1.624959467346894559e+00
5.068062431094489995e+01 1.658639399900559974e+00 1.596640653710629243e+00
5.082978447437255198e+01 1.700533950150241003e+00 1.629369420004755931e+00
5.095579238634643815e+01 1.757668777967530627e+00 1.658207051600769644e+00
5.138312544585918573e+01 1.889837653213428670e+00 1.697399424976761217e+00
5.179059210099656241e+01 1.914265332151581234e+00 1.747984176052227667e+00
5.202626515921225803e+01 1.974988650857130601e+00 1.791197388616269315e+00
5.202697853390691307e+01 1.982511511273481908e+00 1.773298169004950298e+00
5.200823623511100635e+01 1.938822715579670897e+00 1.760824920555999817e+00
5.193977388183920851e+01 1.892280421107243926e+00 1.711407509889967260e+00
5.169411357789835648e+01 1.843273741326012294e+00 1.681445772714498910e+00
5.167764110767634378e+01 1.860524438487645593e+00 1.718627726496465558e+00
5.183265959056615912e+01 1.854990380250329585e+00 1.709678116690806160e+00
5.196876283534015073e+01 1.846840614799282410e+00 1.738948096586610204e+00
5.214544196804946097e+01 1.888778399878942471e+00 1.736548563522773980e+00
5.236271860610908391e+01 1.934585702241725880e+00 1.814717136124862185e+00
5.246654705030372412e+01 1.993449923258176826e+00 1.838388205538381781e+00
5.261629088393610232e+01 2.031950539354503871e+00 1.889145895933764141e+00
5.278719816684321131e+01 2.075812274368231236e+00 1.876823969389740387e+00
5.268509911584772709e+01 2.025465314857649357e+00 1.843079184591106534e+00
5.259852136881471552e+01 2.020990509954819547e+00 1.805313560604422829e+00
5.252781080438401062e+01 2.010916794569705512e+00 1.849348234938066105e+00
5.254488856222572934e+01 1.979787716984803048e+00 1.861929570461964056e+00
5.227918891458959649e+01 1.960137486759333303e+00 1.820294429192157226e+00
5.196147776648868444e+01 1.875029723945610627e+00 1.763419010354741800e+00
5.188374154218638523e+01 1.894204371041310786e+00 1.732419637259776435e+00
5.194178430143323766e+01 1.908125986294558984e+00 1.749951360816273560e+00
5.195356579260251806e+01 1.895069067640891447e+00 1.776108432953587446e+00
5.221271536349683373e+01 1.897836096759549562e+00 1.777470330097926876e+00
5.244834518688255542e+01 1.860437968827687527e+00 1.761840939060507205e+00
5.254864999243390145e+01 1.874964871700641966e+00 1.775935493633671314e+00
5.266227112561880119e+01 1.871289911152424379e+00 1.807172658293521250e+00
5.278994357854687536e+01 1.851034393307248394e+00 1.819235175857671027e+00
5.296867636568018867e+01 1.922112453792775399e+00 1.855509198210077981e+00
5.293205646468795322e+01 1.931818673123067986e+00 1.843922263775697790e+00
5.294074666551373554e+01 1.930218984413843764e+00 1.818954149462807202e+00
5.292987310577401416e+01 1.930716184958602755e+00 1.836421020774335888e+00
5.279061371841154937e+01 1.900451803973280951e+00 1.845457100239953352e+00
5.287654294299487390e+01 1.880542164767937008e+00 1.847272963099072518e+00
5.287133314598240474e+01 1.893944962061436588e+00 1.871160206662487280e+00
5.290114356125294393e+01 1.891286020017726388e+00 1.838669231933245385e+00
5.283776130050368636e+01 1.848786182148338675e+00 1.848613242828422543e+00
5.270010160185044867e+01 1.820553838172031424e+00 1.838712466763224418e+00
5.244034674333643409e+01 1.832832529886076145e+00 1.788084480857778935e+00
5.227101753172355814e+01 1.858168140253788403e+00 1.761300503685769181e+00
5.212749951360816425e+01 1.831427397911757682e+00 1.730755096305583773e+00
5.179175944140599341e+01 1.749043429386713866e+00 1.708770185261246466e+00
5.161665837999092332e+01 1.757279664497719329e+00 1.664108605892907322e+00
5.166010938411984910e+01 1.790354309431678059e+00 1.660628202079595273e+00
5.195084199831384097e+01 1.849045591128212873e+00 1.728377180656737178e+00
5.229914178862491525e+01 1.945135000756609500e+00 1.739272357811452840e+00
5.269528091830778749e+01 2.024622235673058324e+00 1.822369701031150591e+00
5.290985537949372031e+01 2.133552389805227101e+00 1.901683996627683282e+00
5.331591690265678096e+01 2.225966838885406140e+00 1.890875289132925463e+00
5.315467260424998130e+01 2.169221124537927814e+00 1.917616031474956184e+00
5.308043840117598933e+01 2.073153332324520814e+00 1.872024903262067941e+00
5.297310793575304189e+01 2.066949134222529683e+00 1.878683067078838809e+00
5.310449858405932133e+01 2.107611491817808602e+00 1.913011522082189497e+00
5.309455457316413884e+01 2.128299357962774696e+00 1.914330184396549894e+00
5.266988045569510746e+01 2.113642750599883158e+00 1.813009360340690490e+00
5.232819559437082546e+01 2.072223783479971271e+00 1.804016515705052059e+00
5.233189217233402957e+01 2.069867485246114303e+00 1.779761776086815628e+00
5.229829870944032422e+01 2.094360016429235305e+00 1.789770639226961224e+00
5.247994984759722570e+01 2.122419421085626645e+00 1.847662076568883815e+00
5.267260424998378454e+01 2.164811171880066443e+00 1.869084934823493915e+00
5.236254566678916689e+01 2.136016775114031763e+00 1.803259906180418870e+00
5.207927106076655122e+01 2.079162973691605742e+00 1.809745130677273606e+00
5.173674312025767819e+01 1.994552411422642058e+00 1.701528351239758763e+00
5.127129855811841708e+01 1.962709959143085658e+00 1.686569100067013993e+00
5.077022849607644162e+01 1.896149938390367273e+00 1.653170193908212404e+00
5.047331330119544646e+01 1.857411530729155436e+00 1.598802395209580895e+00
5.042279340236494534e+01 1.872284312241942139e+00 1.593095397652348755e+00
5.031660865993644194e+01 1.860610908147603659e+00 1.595754339696059176e+00
5.051551049525497916e+01 1.781145290646144463e+00 1.636913897836096865e+00
5.085425538814068602e+01 1.771244514580946339e+00 1.683196783328649637e+00
5.104556951079789684e+01 1.739531766791327039e+00 1.687563501156531753e+00
5.115711537214379945e+01 1.721546077520050178e+00 1.676733176246784307e+00
5.107423420307399908e+01 1.705786981992693407e+00 1.636632871441233039e+00
5.086852288203376560e+01 1.620268488294169806e+00 1.569705354633692984e+00
5.055576212196545782e+01 1.505955597829611525e+00 1.487234916448691102e+00
5.039004301865583102e+01 1.434380336799325528e+00 1.445902418988737281e+00
5.024250416135238595e+01 1.398992628461488641e+00 1.420934304675846915e+00
5.023848332216433477e+01 1.394863702198491096e+00 1.432715795845132867e+00
5.005285457964936313e+01 1.384854839058345499e+00 1.429494801011695015e+00
4.998536501005209942e+01 1.404807713093668253e+00 1.442508484835383298e+00
5.016109297650186960e+01 1.467952182278043249e+00 1.466287641323850588e+00
5.040072202166064841e+01 1.507922782593657418e+00 1.535333664800363263e+00
5.071296396376921223e+01 1.584621370976458721e+00 1.587107373700253010e+00
5.059607860092090448e+01 1.580600531788408647e+00 1.503210186125943038e+00
5.033595624635206178e+01 1.565900689595538076e+00 1.483992304200263623e+00
5.029641799433623817e+01 1.579584513283901481e+00 1.491039581486845789e+00
5.025657709851056154e+01 1.545882963315246661e+00 1.488942692232862797e+00
4.996880607017013176e+01 1.494757776865042409e+00 1.449988110421755794e+00
4.956635465531032025e+01 1.427484381417670090e+00 1.422209732160228279e+00
4.918329406169610252e+01 1.375278324217990011e+00 1.379796363950798854e+00
4.926464039430165087e+01 1.384163081778680970e+00 1.390626688860546079e+00
4.954679089474480946e+01 1.443265094360016487e+00 1.454419680494606348e+00
4.988598975334529229e+01 1.533950150241034205e+00 1.528026978533906899e+00
5.023132795780280446e+01 1.593743920102034251e+00 1.543461812836421032e+00
5.050266975075120257e+01 1.645236602607060172e+00 1.556886227544910239e+00
5.064301000886314341e+01 1.656823537041440586e+00 1.584491666486521622e+00
5.058875029723945715e+01 1.650316695129596445e+00 1.578827903759268514e+00
5.055403272876629472e+01 1.644933958797206941e+00 1.575196178041029960e+00
5.034784582459629831e+01 1.567240969324888100e+00 1.500529626667243210e+00
5.027086620981862808e+01 1.513975658790721823e+00 1.456884065803411232e+00
5.055180613502237463e+01 1.588339566354655341e+00 1.515099764370176683e+00
5.095520871614172620e+01 1.686677187141961465e+00 1.595235521736310780e+00
5.110114788473594416e+01 1.709461942540910995e+00 1.621327741628656005e+00
5.118072158931234839e+01 1.761105946950863643e+00 1.597008149765451135e+00
5.099102877277935164e+01 1.787327871333145968e+00 1.581767872197842539e+00
5.089143734192265356e+01 1.765299725458829627e+00 1.536868501264618825e+00
5.089046455824812654e+01 1.768693659612183611e+00 1.495622473464623070e+00
5.076125726885579326e+01 1.771287749410925372e+00 1.534620290105709106e+00
5.101091679456970240e+01 1.832659590566160013e+00 1.601115458613459053e+00
5.126351628872219379e+01 1.864242633865842214e+00 1.656542510646576982e+00
5.132508268661233330e+01 1.878726301908817842e+00 1.708899889751183565e+00
5.128474459024189969e+01 1.892215568862275488e+00 1.680862102509781852e+00
5.115147322683153419e+01 1.849672496162908741e+00 1.621046715233792401e+00
5.135134784582459844e+01 1.912384617047493407e+00 1.663222291878337256e+00
5.157876305151430074e+01 1.981430640524006082e+00 1.710586048120365854e+00
5.176067359865107420e+01 2.022763137983959680e+00 1.752221189390172684e+00
5.176091139021595922e+01 2.013143388313625604e+00 1.748243585032101866e+00
5.175159428435547682e+01 1.994336237272746892e+00 1.734149030458937757e+00
5.161806351196523934e+01 1.982770920253356106e+00 1.715406731663027706e+00
5.143956851639681105e+01 1.983527529777989074e+00 1.708316219546466730e+00
5.171683348105233335e+01 2.136168097018958267e+00 1.791651354331049051e+00
5.202978879785555222e+01 2.288592490110032518e+00 1.860070472772865857e+00
5.228122095159860550e+01 2.447307550963055967e+00 1.883395663546553189e+00
5.266620549514689031e+01 2.535484986705289767e+00 2.021422858254609878e+00
5.302985365010052021e+01 2.592144231392810028e+00 2.032037009014461937e+00
5.370740828811690903e+01 2.718995222551287227e+00 2.172355649711407377e+00
5.437942886789597452e+01 3.003091290343500752e+00 2.269569164919258863e+00
5.486953890053827365e+01 3.184050671220735484e+00 2.378175057826585004e+00
5.496117512267883143e+01 3.350656088544931688e+00 2.446853585248276008e+00
5.490596424479560511e+01 3.381547374564949582e+00 2.481787327871332938e+00
5.517698177651916325e+01 3.535333664800363263e+00 2.538878920858643529e+00
5.559830519466482457e+01 3.871030502172550403e+00 2.734775935493633625e+00
5.608906374975680365e+01 4.112475410190449487e+00 2.821634708921507251e+00
5.640783415119219768e+01 4.276097624246093076e+00 2.886724745454938290e+00
5.720984024730322659e+01 4.698501913141226893e+00 3.111653948420847637e+00
5.871929786636113846e+01 5.473810501740201673e+00 3.486672863658963450e+00
5.918296980047126254e+01 5.963120690027886361e+00 3.615599126656434237e+00
5.995300373981279307e+01 6.420156077736224098e+00 3.888583843144036933e+00
6.187948291143344903e+01 7.753215590479690000e+00 4.535398517045331701e+00
6.426950431267428598e+01 9.460061825806869606e+00 5.191897792861929872e+00
6.446851423506777223e+01 9.677965368901187304e+00 5.427657320737585778e+00
6.281212304632612131e+01 8.599407682829287580e+00 4.973237640242979651e+00
6.333751270023130786e+01 8.930975593938477175e+00 5.104001383514559009e+00
6.479599645474394265e+01 9.704489937093322638e+00 5.578438790289457216e+00
6.504176484575974371e+01 9.949544953414470427e+00 5.697248103071834713e+00
6.669625370198231451e+01 1.086134590025724656e+01 6.142826260835729357e+00
6.815761257268856355e+01 1.168073239801984542e+01 6.524200696080762363e+00
6.773793207808209615e+01 1.144713461164313983e+01 6.524935688190406147e+00
6.847482652024470440e+01 1.192379861216195813e+01 6.822456170691109101e+00
7.062262478652802145e+01 1.354886616658379950e+01 7.639637692124775725e+00
7.072790159752696582e+01 1.375215633714520358e+01 7.744763181218790038e+00
7.136483711277804787e+01 1.423774833005469276e+01 8.075531247973367854e+00
7.218459110659547662e+01 1.472122181629520732e+01 8.428651721827103316e+00
7.303610108303249149e+01 1.522709094446486056e+01 8.719557275341013991e+00
7.385261246460147788e+01 1.585760608746406142e+01 8.992563609243607203e+00
7.418504507231025968e+01 1.591642707365053333e+01 9.028967336085951700e+00
7.798938584924015061e+01 1.887502972394560885e+01 1.091992909487883523e+01
8.194293002442768170e+01 2.259015542921377317e+01 1.353706305799952503e+01
8.038677878899241591e+01 2.101807215893123626e+01 1.247002745411703728e+01
7.879867701420263870e+01 1.902981041527054273e+01 1.111037852093646627e+01
8.021487710499577872e+01 2.012838582762273276e+01 1.200810653062106859e+01
8.151821267212866928e+01 2.160297455630255570e+01 1.300378304762316439e+01
8.123307896841696163e+01 2.139719838301735777e+01 1.294169783177327737e+01
7.940965001405132284e+01 2.000365334313322663e+01 1.195354417518753110e+01
7.784489504745022259e+01 1.883655072526427432e+01 1.105015240277567656e+01
7.899273654856352778e+01 2.002518428846278553e+01 1.194295164184266866e+01
8.141821051038716917e+01 2.268812555394626074e+01 1.389710110464990578e+01
8.167578200998724469e+01 2.294712380293564635e+01 1.402896733608595170e+01
8.064802524914070148e+01 2.092580903175598195e+01 1.282593657450442137e+01
8.173144685358525408e+01 2.142355001188957786e+01 1.334747832854147376e+01
8.370805681056658898e+01 2.326630493525584242e+01 1.482511511273481908e+01
8.305492985148835317e+01 2.234449512527292114e+01 1.421072656131779688e+01
8.059359259819710530e+01 1.963399554681251047e+01 1.219810199096392012e+01
7.936150803086967187e+01 1.816770790548866188e+01 1.133184893750405386e+01
7.821122376186255565e+01 1.729345640848267251e+01 1.081264186428586882e+01
7.580092522536155286e+01 1.550089712272206555e+01 9.752026632655267591e+00
7.433435655764283467e+01 1.430208175706349039e+01 8.944551330551892221e+00
7.385185585507684891e+01 1.389011867960829250e+01 8.751053848980738792e+00
7.355308156250676177e+01 1.375660952463304376e+01 8.606346873040921608e+00
7.324803821958970218e+01 1.354590458073023562e+01 8.485591992909487402e+00
7.346825482608790026e+01 1.368058107611491891e+01 8.520050152402776078e+00
7.267541451393242369e+01 1.322462655915605545e+01 8.222810696296937394e+00
7.162426771006722959e+01 1.263989710110464948e+01 7.878315571024017139e+00
7.087295445210661171e+01 1.210605503793856386e+01 7.629931472794483582e+00
6.912845067986769720e+01 1.118396420156077653e+01 7.145939168594219737e+00
6.791110918956310627e+01 1.063066646490412737e+01 6.829352126072763873e+00
6.728751161936055780e+01 1.026758036274022423e+01 6.654705030372467967e+00
6.700994401089518249e+01 1.013028816014181110e+01 6.539830087118182256e+00
6.673110097494542003e+01 1.000058367020471728e+01 6.478847359432759134e+00
6.607643917940292511e+01 9.711991180094683429e+00 6.409109578676582153e+00
6.691923733759917070e+01 1.010084524092608937e+01 6.646836291316284395e+00
6.783763159601375037e+01 1.053721437990445153e+01 6.762186817700339247e+00
6.730631877040143252e+01 1.028089669037376552e+01 6.638470351715342055e+00
6.713647074082881261e+01 1.024994055210877875e+01 6.648911563155277982e+00
6.779897965801249882e+01 1.048814284787825102e+01 6.781145290646144907e+00
6.845381439287490366e+01 1.084312241942108557e+01 6.907888194729673970e+00
6.817778162087377325e+01 1.066726474848137585e+01 6.794461618279686199e+00
6.807259127953479094e+01 1.066462742385265550e+01 6.702436282669318679e+00
6.896541213601678066e+01 1.106703560388248775e+01 6.993363453598218982e+00
7.046129401846127394e+01 1.165425106465768756e+01 7.408396203981927997e+00
7.113273092803562747e+01 1.202881601418102342e+01 7.675500983592382198e+00
7.124680602693530318e+01 1.206673296007263474e+01 7.698955878856006407e+00
7.100756609524633234e+01 1.183674528199917830e+01 7.677316846451501142e+00
7.020752718389934444e+01 1.142099915692081602e+01 7.443113772455089538e+00
7.038881082600143202e+01 1.146445016104974179e+01 7.458764780907499059e+00
7.047534533820446256e+01 1.154130007133746894e+01 7.540673166302773289e+00
7.004446702263342672e+01 1.132387211137292127e+01 7.453187487840204462e+00
7.040787738602217871e+01 1.149060723318705612e+01 7.587042521455284572e+00
7.112283015197043312e+01 1.172550206446313226e+01 7.828854925528005104e+00
7.124600618258068607e+01 1.181486845802978891e+01 7.836853369074126441e+00
7.121664973302492285e+01 1.180851293802287039e+01 7.875181045850537132e+00
7.089022676668324152e+01 1.177094187077109311e+01 7.835599559004734260e+00
7.025538814068613647e+01 1.143608811258349789e+01 7.712164119414600449e+00
6.976562398668367848e+01 1.106290667761949109e+01 7.446356384703516795e+00
6.854408871787111934e+01 1.034972653970038259e+01 7.081821915735316608e+00
6.703960310426079161e+01 9.539549060723318874e+00 6.762489461510192257e+00
6.547322683153548439e+01 8.881687887762382161e+00 6.404483451868825838e+00
6.504239175079443669e+01 8.757582308307572561e+00 6.270325774443891831e+00
6.341892388508182421e+01 8.242525778767374689e+00 5.982252102293608154e+00
6.174869755074688271e+01 7.698480295726237266e+00 5.587561339415032968e+00
6.183860437968827739e+01 7.846710910309345088e+00 5.619857757409368659e+00
6.162171685509846952e+01 7.867182602304416683e+00 5.628850602045007534e+00
6.118376964482587255e+01 7.696232084567327547e+00 5.417626840182450998e+00
6.142992714931148868e+01 7.850299401197604610e+00 5.507403964633908799e+00
6.345253896539051652e+01 8.686007047277286119e+00 5.870468449382823195e+00
6.491141183337296638e+01 9.385957327222810065e+00 6.310771957889275363e+00
6.332201301368382218e+01 8.732981690049504309e+00 5.907780107654726720e+00
6.113134741347629841e+01 7.857152121749281015e+00 5.438357941157396347e+00
6.121878985710888799e+01 8.007458008171383312e+00 5.525930089279923685e+00
6.079830951814781770e+01 7.950344797769083094e+00 5.436347521563371643e+00
5.949957846040770448e+01 7.438876759117144744e+00 5.159169026567803407e+00
5.865146241812404071e+01 7.093689876564560848e+00 4.974340128407445327e+00
5.878220454398063310e+01 7.174366069305432525e+00 5.047904191616766845e+00
5.897870684623532611e+01 7.188914589593376370e+00 5.070624094770747270e+00
5.853695497092457600e+01 7.047234051752091055e+00 5.021487710499578760e+00
5.710936250243195644e+01 6.600315614258846608e+00 4.794548087939643821e+00
5.780215741801595186e+01 6.861864718216995840e+00 4.983830173587842083e+00
5.730443805529734647e+01 6.563133660476879960e+00 4.854385092630622900e+00
5.788134200912254812e+01 6.755226010073715592e+00 4.979225664195075396e+00
5.827326574288246519e+01 6.796147776648868266e+00 5.106227977258479100e+00
5.847452387643485849e+01 6.877645431159342237e+00 5.154456430100088582e+00
5.912559718108908413e+01 7.139886292397155110e+00 5.322358892323656221e+00
6.013627618409390863e+01 7.568538014224259314e+00 5.574482803346375803e+00
5.984457078622538262e+01 7.484186860935169605e+00 5.454700706889470396e+00
5.966209818629888417e+01 7.443221859530037676e+00 5.420869452430878255e+00
6.017855984781339629e+01 7.762640783415119650e+00 5.588534123089560879e+00
6.031258782074839786e+01 7.867312306794353560e+00 5.711947945264705062e+00
6.029706651678592522e+01 7.869625370198231273e+00 5.676084653797098589e+00
5.965118139172917466e+01 7.566224950820380712e+00 5.526384054994704087e+00
5.867733846386649077e+01 7.058367020471692399e+00 5.310642253399338486e+00
5.868021358006009791e+01 7.088199053157223872e+00 5.349964331265267603e+00
5.933431332281286075e+01 7.377742709526795117e+00 5.509630558377828891e+00
5.908906374975680365e+01 7.310382844419464732e+00 5.471973021466093101e+00
5.876004669361637411e+01 7.147149743833632662e+00 5.385914092392831698e+00
5.982803346375840192e+01 7.590998508398365985e+00 5.649905964244795520e+00
6.158367020471691688e+01 8.348451112216000780e+00 6.147279448323569540e+00
6.139512311117836418e+01 8.227955641064442105e+00 6.072050844160055583e+00
6.009390605071445890e+01 7.623900214012408583e+00 5.755507036468578974e+00
5.940973648371127780e+01 7.291554075963595949e+00 5.479409412222486786e+00
5.956989991136860141e+01 7.362934780258976630e+00 5.466503815473745753e+00
5.901567262586739560e+01 7.159385200717697906e+00 5.376034933742623423e+00
5.761246460148295512e+01 6.697010311506949698e+00 5.130569186536673598e+00
5.665485635227739181e+01 6.302600575023238783e+00 4.808037354893102133e+00
5.755009835923820560e+01 6.710996779005166779e+00 5.078103720357119322e+00
5.963998357076460621e+01 7.549882185088307551e+00 5.560928684147949497e+00
6.027004474804903111e+01 7.821440152186601935e+00 5.699820575455587068e+00
5.979485073174949861e+01 7.597635054800147003e+00 5.579022460494174496e+00
6.016472470222010571e+01 7.808296763872975887e+00 5.677749194751291917e+00
6.158447004907153399e+01 8.240234332778486603e+00 5.936574504420761400e+00
6.209107416935082568e+01 8.487667264748480989e+00 6.107071056443070134e+00
6.058001686158369381e+01 7.748697550746881824e+00 5.757647160552541443e+00
5.958682634730539007e+01 7.320694351369462893e+00 5.521541754037052385e+00
6.090425646901143608e+01 7.745065825028643047e+00 5.778421496357465159e+00
6.125633930694567653e+01 7.970773254934174545e+00 5.905748070645712389e+00
6.099399035863291374e+01 7.906007479625586143e+00 5.808577790267840157e+00
6.117568473161979625e+01 7.952420069608076680e+00 5.872392399316889389e+00
6.137726712639702242e+01 8.077433580492444420e+00 5.963704360232603641e+00
6.125999265007890671e+01 8.091614604725567261e+00 5.934801876391620823e+00
6.199489829006247277e+01 8.405067122073543118e+00 6.195767310145052775e+00
6.253196134806199780e+01 8.687779675306426697e+00 6.335480663222291753e+00
6.250573942367971370e+01 8.620657601763980438e+00 6.369506474415789654e+00
6.311420480338961170e+01 8.848267364188590278e+00 6.466914546358546012e+00
6.380343284550033189e+01 9.118787695367387869e+00 6.650532869279491166e+00
6.380920469530253314e+01 9.030610259625154512e+00 6.562874251497006206e+00
6.423502453576601567e+01 9.075315073823471579e+00 6.562139259387362422e+00
6.489288570872695061e+01 9.340387816424911449e+00 6.732203463109881270e+00
6.506083140578049040e+01 9.353941935623337756e+00 6.810091009317106092e+00
6.467446334767288363e+01 9.215222983635616316e+00 6.725415594803173747e+00
6.525981971075898969e+01 9.538878920858643085e+00 6.973778075617717676e+00
6.628230182234808865e+01 1.023774833005469276e+01 7.389243174301217465e+00
6.723039840895825137e+01 1.085767093970902941e+01 7.804448864004842612e+00
6.739082124559544695e+01 1.096871960051017147e+01 7.876607795239845444e+00
6.621258565900689064e+01 1.032127802157418017e+01 7.486132428284225426e+00
6.592881385243953218e+01 1.014814414492314931e+01 7.427268207267775146e+00
6.693694200047558240e+01 1.079480749691951758e+01 7.809745130677273828e+00
6.712274368231047106e+01 1.099437947210272526e+01 8.038889729566138342e+00
6.717782485570376139e+01 1.106588988088804371e+01 8.066884281977561244e+00
6.659328995438725940e+01 1.060621716855098384e+01 7.790116517866793266e+00
6.626282453144253282e+01 1.052828638751378065e+01 7.649884346829805892e+00
6.637359216584880528e+01 1.061041094705895027e+01 7.671696318554227290e+00
6.638530880477313190e+01 1.068494779394280059e+01 7.615361335091550110e+00
6.604267277718930984e+01 1.064832789295056159e+01 7.530383276767763867e+00
6.592340949869215194e+01 1.060481203657666605e+01 7.544218422361054444e+00
6.617994336237272535e+01 1.064214531226356009e+01 7.684861324282842077e+00
6.527274692492271413e+01 9.813095830000648334e+00 7.272876629412654559e+00
6.344877753518234442e+01 8.607189952225512641e+00 6.486651246243973823e+00
6.376875851185715049e+01 8.671977344949091560e+00 6.560409866188201100e+00
6.538915670464126606e+01 9.543807691476253297e+00 7.134590025724723894e+00
6.613355238980523154e+01 1.018588815149484361e+01 7.445729479668821149e+00
6.591467606303638149e+01 1.008830714023217112e+01 7.312631055578373562e+00
6.646853585248275920e+01 1.033390259192805694e+01 7.425149700598802305e+00
6.747102185520655837e+01 1.095038803259906146e+01 7.867377159039322443e+00
6.834535982187250625e+01 1.177805400030264416e+01 8.453533366480035838e+00
6.873393285630903904e+01 1.206870014483668108e+01 8.662898030653494175e+00
6.904474804902829987e+01 1.212401910979485109e+01 8.674874078557685664e+00
7.106593311571802474e+01 1.348870490066797778e+01 9.657493676906115709e+00
7.420484662444064838e+01 1.609228474459024127e+01 1.167991093625024313e+01
7.532374240688298528e+01 1.712501351088436863e+01 1.239335048314922538e+01
7.564063209321429326e+01 1.760122354568840564e+01 1.271534187941805882e+01
7.588858384314403338e+01 1.805211958753972112e+01 1.303594976112756498e+01
7.721956808404850392e+01 1.969054670442508481e+01 1.436031907304524502e+01
7.779379147841501663e+01 2.064984111199982664e+01 1.511165394842084808e+01
7.648803476080330199e+01 1.911885254761235586e+01 1.388629239715514885e+01
7.607635270974296304e+01 1.850615015456451573e+01 1.342997038414146438e+01
7.688002334680818706e+01 1.967171793596921603e+01 1.427780540003026388e+01
7.776190579130548031e+01 2.109799174214747453e+01 1.535973540284052774e+01
7.768155385978944594e+01 2.097875008106530714e+01 1.526044661579368267e+01
7.742973259257658469e+01 2.059791608119500950e+01 1.498430575671761211e+01
7.841788624916232209e+01 2.164281545212823588e+01 1.581759225231846777e+01
8.063263364966817903e+01 2.454620722454009041e+01 1.819635098034977005e+01
8.122067057221298114e+01 2.540411595581400306e+01 1.887684558680473046e+01
7.911645301454852586e+01 2.320875937655375054e+01 1.692457683910157940e+01
7.905752394128710137e+01 2.289649581703019976e+01 1.670152835123975876e+01
7.994569705354633982e+01 2.380453533366480201e+01 1.758088155818327181e+01
7.978272336194038417e+01 2.374106660325558238e+01 1.748987224107741056e+01
7.965027346029961564e+01 2.352152013662206187e+01 1.738107179143517911e+01
7.940841782139692384e+01 2.315013294710218617e+01 1.707797401586718422e+01
7.893962255993427846e+01 2.224767072353488118e+01 1.627828098316003391e+01
7.926569964763613996e+01 2.243511532890896731e+01 1.647128126418643035e+01
7.972824747616679986e+01 2.297228647398344137e+01 1.703826282453144358e+01
7.883138416308177909e+01 2.189331805702673961e+01 1.625110789251821330e+01
7.850366415184072366e+01 2.115145160941654723e+01 1.558235154240255937e+01
7.959452214704165840e+01 2.245852698934261582e+01 1.667988931883525439e+01
7.989682007825504684e+01 2.288028275578806259e+01 1.710739531766791188e+01
7.985604963358481712e+01 2.284757560690892575e+01 1.704991461121079155e+01
8.039672279988758419e+01 2.333163276335415759e+01 1.745586804729890318e+01
8.125419918286171139e+01 2.477688665989321137e+01 1.862234376013316250e+01
8.147173522990121342e+01 2.512992066408698832e+01 1.892332302903218988e+01
8.068449382822801397e+01 2.471555805356795332e+01 1.856250675544218254e+01
8.159530037398127433e+01 2.639473399770855266e+01 1.982699582783890691e+01
8.920093387232755333e+01 3.783964201560777241e+01 2.943686633952312093e+01
9.899530902094727480e+01 5.218614756047471559e+01 4.225478285306643045e+01
1.026903737651051642e+02 5.759841328173976649e+01 4.709915908255690908e+01
9.896472037873711258e+01 5.186132428284225426e+01 4.174845975918199770e+01
9.457268855790223938e+01 4.530768066754577461e+01 3.552774595213904263e+01
9.047264316133076534e+01 3.936310771957889187e+01 3.054635854644501691e+01
8.953909509500853403e+01 3.792630623230073894e+01 2.930647009230636257e+01
9.001962861281047878e+01 3.876449988110421430e+01 3.004394820467368632e+01
8.898480295726237443e+01 3.763888108260014320e+01 2.917449577379537118e+01
8.923431116107136063e+01 3.749681143128904637e+01 2.914291273049568787e+01
9.040843943881191080e+01 3.869830735640631758e+01 3.035716293045677716e+01
8.966289803065349417e+01 3.760920037181954001e+01 2.953362588901619290e+01
8.978008603731166204e+01 3.772388075833891463e+01 2.970667329600726347e+01
9.141576774249335813e+01 3.963775697702068612e+01 3.129847164876024124e+01
9.048358157331546181e+01 3.869865323504615162e+01 3.045191206035582354e+01
8.906480901013856055e+01 3.694984759722432699e+01 2.894991244946929143e+01
8.830575671761171463e+01 3.615002486002723714e+01 2.837540802870792689e+01
8.685494714542035410e+01 3.421139670118247267e+01 2.677669210315830384e+01
8.535474177997795664e+01 3.210953544175187346e+01 2.520880261138373157e+01
8.185101277589225788e+01 2.788177435742234067e+01 2.180555135216930651e+01
7.830037398127932136e+01 2.378121014289111201e+01 1.856040986618820199e+01
7.994208694524309067e+01 2.539079962818046354e+01 1.979768261311312472e+01
8.160472556691671286e+01 2.705706997557232185e+01 2.105862642945156793e+01
7.936449123413822804e+01 2.494945848375451192e+01 1.918547742061004513e+01
7.926822888518991306e+01 2.487275989537171128e+01 1.897146501221384085e+01
7.918216995611665254e+01 2.521982749302838300e+01 1.911705830216822832e+01
7.789522038954581262e+01 2.371970859724594050e+01 1.799113685985429711e+01
7.853185326098704877e+01 2.462033334053913691e+01 1.869329211612875241e+01
7.967623597570202776e+01 2.626118160790332823e+01 2.009918069997189605e+01
7.803073996411508517e+01 2.436245919712920838e+01 1.857327222810696199e+01
7.579013813528177934e+01 2.128621457446118725e+01 1.608279469940984541e+01
7.573886162692664925e+01 2.117981365788278936e+01 1.593171058604812096e+01
7.682087809939687872e+01 2.230813463326055412e+01 1.685194232473680742e+01
7.638816230355173786e+01 2.181039365312695821e+01 1.642713850277783649e+01
7.501528351239758763e+01 1.978564171296396523e+01 1.488635724940011684e+01
7.437575390734775738e+01 1.890989861432369779e+01 1.405443265094359973e+01
7.544317862470005309e+01 2.000728506885146629e+01 1.488151494844246514e+01
7.600399922177305712e+01 2.079705570807842818e+01 1.547852309820791561e+01
7.445595451695886879e+01 1.945753258825309828e+01 1.449929743401284021e+01
7.364056724096931816e+01 1.870403597137854135e+01 1.393735273136038444e+01
7.393071618495859809e+01 1.931273914265332081e+01 1.435562809399251982e+01
7.330376791543267245e+01 1.893121338550336219e+01 1.419282734170647942e+01
7.414211288614107787e+01 1.986845802978879760e+01 1.484100391275211273e+01
7.593981711666918955e+01 2.137047925809031668e+01 1.622657212650511127e+01
7.670466287641323788e+01 2.233115718022438756e+01 1.704697464277221641e+01
7.879214855487580849e+01 2.458477269288138700e+01 1.895741369247065577e+01
8.094066019585378058e+01 2.722129747724767057e+01 2.105004431570072754e+01
8.063410363388746305e+01 2.672671263970254429e+01 2.064566895090684895e+01
7.891731338766510362e+01 2.460945978079941199e+01 1.894550249681143228e+01
7.798452193086750128e+01 2.339430164940876367e+01 1.792580903175598195e+01
7.942004799066127418e+01 2.525729047320521303e+01 1.953161546942216731e+01
8.015259733241099127e+01 2.637752653537689795e+01 2.035554162433256309e+01
7.818456948918048965e+01 2.429883914481506224e+01 1.872446442854363369e+01
7.603233965282431939e+01 2.139533928532825868e+01 1.646045093927668290e+01
7.510387167902462124e+01 2.044724269871808886e+01 1.563083940422404261e+01
7.395324153137767098e+01 1.919747508592922358e+01 1.474733565360254239e+01
7.241699993514775713e+01 1.748211158909617424e+01 1.332276962320845648e+01
7.160520115004648289e+01 1.697637216541646055e+01 1.295360902743249909e+01
7.101420264164811158e+01 1.639367474437406713e+01 1.243963336864177727e+01
7.143686633952312093e+01 1.654785014807929144e+01 1.257396398538662829e+01
7.211649624937849978e+01 1.668306707883871098e+01 1.271724421193713717e+01
7.097782053222076115e+01 1.535474177997794953e+01 1.158475107546639649e+01
7.091324931364707140e+01 1.522438876759117221e+01 1.146209386281588394e+01
7.181919194102769666e+01 1.635327179575866197e+01 1.241929138113664344e+01
7.209477074731402979e+01 1.672091917248535253e+01 1.279988758944205429e+01
7.158427549233663001e+01 1.625063230938844328e+01 1.239062668886054652e+01
7.192745195529518298e+01 1.661780410298536381e+01 1.256590068959553896e+01
7.220577617328520148e+01 1.695603017791132672e+01 1.287678073455976069e+01
7.158274065587237089e+01 1.656672215136514126e+01 1.254648825093495290e+01
7.146905467044250315e+01 1.640456992152878257e+01 1.233885297996065589e+01
7.204375364793878589e+01 1.696033204349424039e+01 1.270131217708986426e+01
7.255308156250676177e+01 1.768235370414405949e+01 1.328403121554724464e+01
7.306037744006572154e+01 1.813054756912168486e+01 1.365522384833221636e+01
7.236008128148036178e+01 1.742389589052941190e+01 1.309954819602671883e+01
7.252158498886703342e+01 1.753864112929375807e+01 1.322635595235521677e+01
7.406932704987137583e+01 1.903847899868133808e+01 1.437292202598413304e+01
7.397338896214790793e+01 1.907678505804275915e+01 1.449709245768391064e+01
7.293346159666226924e+01 1.811076763440627602e+01 1.368086210250978141e+01
7.348200350202122877e+01 1.864032944940444025e+01 1.410888691930218997e+01
7.283317840852591019e+01 1.823039840895825847e+01 1.380399489829006221e+01
7.117170712726172610e+01 1.659878077779459105e+01 1.247720443589355632e+01
7.114885751961780613e+01 1.636831751659136458e+01 1.227843230506496042e+01
7.122101645085280097e+01 1.637417583605352434e+01 1.219805875613394086e+01
6.972898246827644186e+01 1.477089863594111385e+01 1.088856222572904819e+01
6.959525713915130041e+01 1.458773427873494910e+01 1.073114420977539574e+01
7.087775351823428593e+01 1.577984824574677347e+01 1.159426273806178287e+01
7.082033766402213359e+01 1.560394733997708627e+01 1.147164876024124958e+01
6.966538403337729335e+01 1.407345597613437427e+01 1.027365485635227671e+01
6.975451263537905788e+01 1.357686071899522240e+01 9.919431894334074684e+00
7.080127110400138690e+01 1.419658877191465507e+01 1.036619900992239351e+01
7.159203614431785923e+01 1.490773687282474746e+01 1.090535895717590087e+01
7.289132925484770453e+01 1.600566376272725222e+01 1.166890767202058043e+01
7.422023822391318504e+01 1.724308783155710145e+01 1.254130007133746894e+01
7.397140015996886575e+01 1.722309172269180166e+01 1.260874640610475872e+01
7.246592014526902403e+01 1.596720638146090465e+01 1.168935774660066151e+01
7.208177868090533025e+01 1.594986921463931395e+01 1.168302384400873351e+01
7.243526665081390092e+01 1.652625435050476810e+01 1.221390432132125703e+01
7.229827709202533015e+01 1.638943773103612145e+01 1.204792580903175647e+01
7.026853152899975896e+01 1.443182948183056347e+01 1.048660801141399546e+01
6.942482543937396144e+01 1.380291402754058616e+01 1.001908817743574254e+01
6.967954344019541679e+01 1.413372532912514323e+01 1.030692405802114209e+01
6.961378326379731618e+01 1.422581551698047875e+01 1.037034955360038069e+01
6.892870576536458316e+01 1.379459132276962308e+01 1.011035690352147753e+01
6.738764348559199391e+01 1.278071294234635502e+01 9.349813009360341098e+00
6.631993774184482504e+01 1.227547071921139654e+01 8.932380725912794972e+00
6.584336021098596348e+01 1.211919842625218813e+01 8.837999092068569595e+00
6.475846862232214107e+01 1.164960332043494162e+01 8.443048920210120656e+00
6.342326898549471537e+01 1.100092954884454954e+01 8.145333880974513718e+00
6.357969260035884673e+01 1.128409606779221264e+01 8.387794807496918637e+00
6.423575952787565768e+01 1.192284744590241985e+01 8.868436412373808864e+00
6.667381482522320368e+01 1.389612832097537698e+01 1.042184223610540705e+01
6.897140015996886575e+01 1.600505847510754620e+01 1.209911584772692805e+01
6.928839793337512276e+01 1.646200739315592543e+01 1.248892107481787406e+01
6.897825288052054304e+01 1.595032318035409347e+01 1.212920728939233506e+01
6.899894074666551091e+01 1.569104390496984358e+01 1.198973172787997932e+01
7.000274541170367115e+01 1.629736916059577467e+01 1.254287814263170375e+01
7.144283274606021905e+01 1.719723729436433857e+01 1.323446248297628536e+01
7.007194275708511100e+01 1.568099180699971917e+01 1.189115631552778929e+01
6.880693486672863912e+01 1.439763073131714854e+01 1.096333686417778175e+01
6.954789338290926537e+01 1.518649343911455141e+01 1.142597116236840371e+01
6.959681359303054649e+01 1.543295358741001699e+01 1.160219632936293443e+01
6.893670420891069739e+01 1.522581551698047875e+01 1.137298687822910104e+01
6.842633865842321939e+01 1.510758987440281942e+01 1.123967227998875806e+01
6.760714671739553694e+01 1.434289543656369581e+01 1.072863658963661138e+01
6.869398387340841339e+01 1.518921723340323027e+01 1.134758641561642101e+01
7.117125316154694303e+01 1.744629153245854880e+01 1.313638427116885410e+01
7.112672128666854121e+01 1.749620614366934035e+01 1.314957089431245763e+01
7.038647614518255580e+01 1.697200544758857887e+01 1.282299660606584624e+01
7.112434337101969106e+01 1.787933158952852253e+01 1.358946367193411042e+01
7.154166756739229527e+01 1.815999048833740304e+01 1.377180656737067466e+01
7.144875591776735746e+01 1.795985646036447037e+01 1.360543894161136258e+01
7.131377677857281583e+01 1.764110767634406329e+01 1.337631596013748592e+01
7.034992109643528124e+01 1.681404699626018839e+01 1.283434574893534297e+01
6.968793099721135320e+01 1.640658034112280816e+01 1.237914784150111380e+01
6.777932942778701886e+01 1.482904948226291175e+01 1.109600293996843945e+01
6.552789727404396558e+01 1.303329081908385412e+01 9.637584037700770878e+00
6.657666616226032374e+01 1.420493309410060689e+01 1.055842106400916514e+01
6.768944421626062535e+01 1.562802914027540524e+01 1.174871916816187145e+01
6.744093041354115314e+01 1.565128947880412547e+01 1.171601201928273461e+01
6.931178797639378786e+01 1.716115782874683759e+01 1.293382909271709202e+01
7.288516829157569532e+01 2.075596100218335849e+01 1.590382412071164531e+01
7.419857757409369015e+01 2.214611210791413498e+01 1.679619101147884663e+01
7.250407488272551859e+01 2.050459370068527321e+01 1.548533258392961365e+01
7.345163103396096460e+01 2.123898052270909531e+01 1.629358611297261206e+01
7.567960829244039189e+01 2.385879504528848472e+01 1.846503383125445907e+01
7.533483214077260470e+01 2.387392723578114584e+01 1.850841998313841685e+01
7.368042975420999596e+01 2.235009403575520537e+01 1.737462980176830385e+01
7.294327590306751574e+01 2.161304827168767062e+01 1.677552476274886928e+01
7.315756933785857541e+01 2.130445967271233698e+01 1.632460710348256683e+01
7.288326595905661520e+01 2.089331805702673961e+01 1.601874229879591027e+01
7.298852115264057261e+01 2.115218660152618924e+01 1.625106465768823227e+01
7.390114356125295103e+01 2.277567608465379578e+01 1.756788949177457226e+01
7.489094014137789657e+01 2.410462828854925377e+01 1.869839382606627964e+01
7.354769882617436849e+01 2.308822067057221261e+01 1.785291510841133444e+01
7.235350958732354343e+01 2.177967530642685645e+01 1.678624700058367125e+01
7.385304481290127399e+01 2.304176484575974371e+01 1.780939925203744068e+01
7.643202403856547278e+01 2.564562571607687147e+01 1.987343003523638529e+01
7.778146955187098399e+01 2.720419810199096489e+01 2.108837199247713912e+01
7.766339523119825117e+01 2.741241704316997740e+01 2.122618301303529975e+01
7.795410622797726319e+01 2.764633909077152651e+01 2.138420631660865823e+01
8.070503037246805889e+01 3.042817613869733506e+01 2.350937114939795336e+01
8.445193367777081050e+01 3.461533971767656226e+01 2.694999891912924994e+01
8.520597073002009836e+01 3.582061869041699964e+01 2.800099440108951754e+01
8.252982122397803266e+01 3.246842776540781017e+01 2.545232279124062202e+01
8.082472599926501289e+01 3.005278972740439869e+01 2.348174409304135324e+01
7.929734754318079126e+01 2.811223761862556358e+01 2.188255258436196371e+01
7.615054367798698820e+01 2.446963834064722576e+01 1.889182645539246508e+01
7.289591214682548070e+01 2.064724702220108554e+01 1.594124386605849608e+01
7.240182450982511853e+01 2.035956246352061072e+01 1.557523941287100833e+01
7.413504399143950252e+01 2.221496357465574434e+01 1.713366047688017346e+01
7.418547742061004158e+01 2.240353228560928756e+01 1.718794180591884668e+01
7.314991677295229522e+01 2.121232625002702221e+01 1.634994271385027886e+01
7.439116712423528099e+01 2.232058626429451564e+01 1.717916513543310586e+01
7.566611902548693536e+01 2.371119133574007165e+01 1.828800881990531479e+01
7.452497892302038451e+01 2.248375451263537883e+01 1.742856525216714658e+01
7.244371906007479822e+01 2.023934801876391631e+01 1.570351715341879384e+01
7.027977258479431555e+01 1.798648911563155295e+01 1.385894636719341122e+01
7.078417172874468122e+01 1.876586177824855639e+01 1.441438422793402374e+01
7.338684364123737680e+01 2.156036663135822096e+01 1.655003350699323406e+01
7.414872781512787014e+01 2.245766229274303427e+01 1.723627834583540519e+01
7.467619274087203962e+01 2.295979160811950237e+01 1.773408417821396910e+01
7.572630190881774581e+01 2.402088242287987185e+01 1.856192308523746703e+01
7.623539203182083668e+01 2.451615901770466266e+01 1.895884044185996231e+01
7.708657774703300447e+01 2.539661471281264227e+01 1.968090533733976244e+01
7.752642728982468157e+01 2.618279686115134197e+01 2.024725999265007914e+01
7.624801660217471522e+01 2.497146501221384085e+01 1.935701160855185066e+01
7.568298060917875603e+01 2.433565360254220877e+01 1.892915973107935912e+01
7.678946799541711243e+01 2.532594738321191485e+01 1.959300892799238980e+01
7.570972135152078408e+01 2.394405413000713523e+01 1.849075855509198263e+01
7.288201214898722924e+01 2.042458764780907643e+01 1.568892539830087074e+01
7.256711126483494922e+01 2.007946561750145875e+01 1.543887675911714474e+01
7.484608400527464767e+01 2.260658466460580485e+01 1.740653710629283069e+01
7.624163946475280795e+01 2.402652456819213711e+01 1.840818002983203172e+01
7.548658639399900494e+01 2.327052033117879759e+01 1.781925679327266110e+01
7.551635357443956309e+01 2.323482997903110814e+01 1.782115912579173767e+01
7.758300006485224287e+01 2.565870425214552952e+01 1.981677079054886548e+01
7.838850818219157190e+01 2.701945567349056532e+01 2.098322488596813429e+01
7.631887848851035017e+01 2.486350764175620043e+01 1.926226247865280428e+01
7.461806351196523224e+01 2.242951641842668309e+01 1.720160401219222379e+01
7.484193346159666760e+01 2.236181067467952133e+01 1.714658769104390501e+01
7.640850429105687169e+01 2.422337274908666416e+01 1.860208824228798719e+01
7.674995136081626868e+01 2.502146609308458736e+01 1.941269806956483990e+01
7.446566073628915206e+01 2.273432196977885411e+01 1.762714282626083673e+01
7.295012862361919304e+01 2.087885600639875605e+01 1.613283901511057294e+01
7.321597959316025594e+01 2.079958494563220128e+01 1.600328584707840562e+01
7.347893382909271054e+01 2.110170993752566915e+01 1.632164551762900118e+01
7.461957673101450439e+01 2.285929224583324171e+01 1.770252275232927630e+01
7.480855617285284609e+01 2.317994336237272890e+01 1.790769363799476821e+01
7.345005296266671735e+01 2.133997708554010941e+01 1.645528437709418768e+01
7.410274757344517127e+01 2.173146847100023749e+01 1.684323050649603459e+01
7.581445772714498332e+01 2.364203722518861284e+01 1.831215547244860531e+01
7.491861043256447772e+01 2.300248600272379562e+01 1.772072461575044855e+01
7.497836096759549207e+01 2.294602131477117979e+01 1.775505307075379946e+01
7.626483495103656196e+01 2.465861778248557101e+01 1.909861864718217106e+01
7.731963509803497914e+01 2.636924706543591412e+01 2.040139216152532597e+01
7.837854255388140245e+01 2.755496227761084427e+01 2.141829698004712768e+01
7.842830584318727460e+01 2.760632525562593287e+01 2.152454657472059552e+01
7.989539332886573675e+01 2.901234354395901249e+01 2.244339479884995470e+01
8.186078384746751624e+01 3.133924209343046741e+01 2.442048033896106674e+01
8.113180137919107437e+01 3.025448020925657744e+01 2.368354266196848101e+01
7.976525649062885748e+01 2.832049979463455713e+01 2.213590868803908407e+01
7.960963272011932190e+01 2.812146825482608747e+01 2.193393717979203927e+01
8.018975766877797184e+01 2.896478523098208058e+01 2.269108713979982284e+01
7.896532566635681860e+01 2.794766423831038438e+01 2.177115804492098761e+01
7.741230895609503193e+01 2.628044272465898601e+01 2.017676560236926875e+01
7.792237186277264982e+01 2.676676970967811542e+01 2.062748870490066722e+01
7.903383125445859037e+01 2.792055599991353176e+01 2.158788560063987561e+01
7.891298990466719943e+01 2.767984608400527335e+01 2.137947210272595555e+01
7.971129942281501712e+01 2.821100758771266115e+01 2.193311571802243876e+01
7.968728247476167326e+01 2.830943167815992467e+01 2.199407682829287225e+01
7.903891134698112353e+01 2.751847208110854126e+01 2.143546120754880135e+01
7.995622473464622715e+01 2.856084221448799099e+01 2.231397133530772336e+01
8.006619252469789672e+01 2.873548931018828867e+01 2.256607362891545421e+01
7.936583151386757606e+01 2.854095419269763667e+01 2.232750383709116093e+01
8.127890788819472334e+01 3.120065284593268373e+01 2.462026848829416892e+01
8.209470589506906890e+01 3.296108865301886937e+01 2.604593700685272140e+01
8.091422209732159843e+01 3.122332951425668668e+01 2.462746708748567670e+01
7.893890918523962341e+01 2.828729544521066330e+01 2.207873062539181674e+01
7.762965044639962287e+01 2.609280356254998878e+01 2.008579952009338854e+01
7.805672409693248426e+01 2.680049287706176031e+01 2.059501934758641539e+01
7.947244860459586846e+01 2.861157828746838305e+01 2.204035971378542413e+01
7.800270217687368302e+01 2.708378910049936295e+01 2.082889816035798347e+01
7.634453836010290217e+01 2.490140297023281946e+01 1.898653235046153043e+01
7.777308199485506179e+01 2.623461380488121364e+01 2.006305799952441760e+01
7.838003415551568764e+01 2.719976653191811167e+01 2.094411898225210322e+01
7.714429624505501693e+01 2.546574720594911412e+01 1.963769212477571813e+01
7.622233511316716204e+01 2.416226031691130416e+01 1.855690784495989831e+01
7.749720054475885433e+01 2.585168291575693544e+01 1.988596813593030532e+01
7.906573855898311365e+01 2.815482392615491136e+01 2.189878726301908785e+01
7.761590177046629435e+01 2.669882617436606864e+01 2.069316241163881642e+01
7.677932942778701886e+01 2.525342095592209191e+01 1.951360816273589904e+01
7.778402040683974406e+01 2.625251302449253288e+01 2.032121316932921218e+01
7.848081454419680369e+01 2.748654315916902746e+01 2.132653105341663391e+01
7.790244060615231092e+01 2.682208867463628721e+01 2.064726863961607606e+01
7.762863442789510771e+01 2.610985970297671699e+01 2.003454462915324541e+01
7.783313517369593626e+01 2.614948442465249911e+01 2.005618366155774979e+01
7.740999589269115688e+01 2.587714823061458347e+01 1.985008322704770833e+01
7.773170626256512605e+01 2.625547461034609498e+01 2.017549017488488872e+01
7.840997427527615571e+01 2.666672431310663782e+01 2.066287641323850366e+01
7.846736851207332109e+01 2.665907174820035053e+01 2.059767828963012448e+01
7.787178711169718781e+01 2.590520763527097259e+01 2.000596640653710523e+01
7.817168550984673914e+01 2.609505177370889939e+01 2.022010851942324905e+01
7.855011997665319257e+01 2.642763570332259704e+01 2.048935342311766306e+01
7.863036382109427791e+01 2.652930240601828871e+01 2.069026567803022232e+01
7.900799844354611423e+01 2.718586653407985310e+01 2.124390929332670552e+01
7.967396614712812664e+01 2.810073715385114212e+01 2.200972783674528088e+01
7.986880390842863164e+01 2.817704662876413124e+01 2.217507944400008668e+01
8.054830411379407451e+01 2.889729566138481331e+01 2.278149116928597806e+01
7.975916037960180915e+01 2.830923712142502069e+01 2.221930867506863549e+01
7.820862967206382166e+01 2.667299336345359961e+01 2.084707840636416520e+01
7.905858319462159045e+01 2.769590782334248402e+01 2.159806740309993600e+01
7.989305864804686053e+01 2.867699258522666028e+01 2.231178797639378431e+01
7.859610021833589144e+01 2.693787154932013195e+01 2.091871851963942319e+01
7.746620117166389718e+01 2.520821894117901252e+01 1.958624267710067102e+01
7.816217384725135275e+01 2.580237359216584991e+01 2.010570915929872982e+01
7.916178473378153058e+01 2.687431634925095736e+01 2.099386065414297775e+01
7.895607341274130420e+01 2.658295683002226539e+01 2.076449988110421785e+01
7.794048725653387066e+01 2.541864285868695816e+01 1.993685553081562389e+01
7.742949480101169968e+01 2.481506301476469289e+01 1.954270520331178673e+01
7.774791932380725257e+01 2.517010743855249899e+01 1.989076720205797955e+01
7.764566895090685250e+01 2.482280204933094225e+01 1.955814003761430087e+01
7.709991569208153805e+01 2.417473356536025264e+01 1.888497373484078778e+01
7.702548693227264209e+01 2.372662617004258578e+01 1.862928295034479831e+01
7.736844722108129702e+01 2.433909077152554090e+01 1.906578179381309468e+01
7.792120452236321171e+01 2.528001037635919346e+01 1.978028059404656247e+01
7.796050498281415742e+01 2.549674657904407837e+01 1.991709721351520912e+01
7.724313106638707893e+01 2.468669880455695065e+01 1.922657212650511127e+01
7.689578244233554472e+01 2.383635616852936678e+01 1.853356103677122135e+01
7.664666335199636649e+01 2.361961996584448542e+01 1.819012516483278930e+01
7.753721437990445509e+01 2.488495211742579727e+01 1.919704273762943458e+01
7.776259754858513418e+01 2.523511100542597063e+01 1.951708856654921220e+01
7.655744828033463989e+01 2.412274368231047106e+01 1.862813722735035427e+01
7.639786852288203534e+01 2.383406472254047870e+01 1.841373570548433847e+01
7.638878920858643085e+01 2.366994530794007545e+01 1.828738191487061826e+01
7.569350829027864336e+01 2.255530815625067476e+01 1.746635249356882014e+01
7.638725437212218594e+01 2.318556389027000009e+01 1.805192503080481714e+01
7.740653710629283069e+01 2.466451933677770825e+01 1.919174647095700337e+01
7.670448993709332797e+01 2.371225058907455718e+01 1.839598780777794573e+01
7.604610994617263486e+01 2.281577638945934794e+01 1.755868047298903889e+01
7.789528524179078772e+01 2.473077671372057296e+01 1.904799066127672447e+01
7.921429343479107388e+01 2.653438249854082542e+01 2.050221578503642661e+01
7.841712963963769312e+01 2.570686785274216746e+01 1.982855228171815298e+01
7.772260533085453460e+01 2.479923906699237079e+01 1.917737088998897477e+01
7.741687023065782114e+01 2.429509933202187710e+01 1.888296331524676219e+01
7.781744093041353949e+01 2.487010095332800219e+01 1.924159622992282692e+01
7.805817246373678131e+01 2.506182580687001504e+01 1.947214596078600835e+01
7.701472145960785554e+01 2.372459413303357323e+01 1.833392420934304567e+01
7.600754447783134538e+01 2.234453836010289862e+01 1.728792235024535628e+01
7.576058712899111924e+01 2.246109946172636640e+01 1.735590912038738409e+01
7.684530577833503173e+01 2.385397436174582353e+01 1.858622105968568405e+01
7.677755679975788894e+01 2.380846970319289113e+01 1.850338312544585762e+01
7.606418210510386757e+01 2.288067186925787411e+01 1.774627640026805508e+01
7.587036036230787772e+01 2.258987440281891068e+01 1.752093646641734637e+01
7.618435331503059160e+01 2.333960958948528841e+01 1.802931321472578219e+01
7.677135260165589159e+01 2.406413887027389364e+01 1.862039819278410846e+01
7.696655785901121760e+01 2.436866339523119862e+01 1.889694978274497927e+01
7.640067878683066738e+01 2.398638102855660392e+01 1.843139713353077269e+01
7.661931732203463241e+01 2.431299855163319634e+01 1.875691216844289855e+01
7.627797833935018446e+01 2.346674160703863166e+01 1.834347910676841309e+01
7.588754620722454547e+01 2.273851574828681876e+01 1.773479755290862414e+01
7.619103309626234477e+01 2.292468492617652842e+01 1.793936315095441003e+01
7.676841263321732356e+01 2.355591344387038077e+01 1.856131779761776102e+01
7.818917399857325279e+01 2.525940897987418765e+01 1.990386735554162456e+01
7.966609740807194839e+01 2.719907477463844714e+01 2.118121878985710893e+01
7.931583043299681890e+01 2.696977885384465878e+01 2.102568148900754608e+01
7.815674787608897134e+01 2.601411617198815307e+01 2.031414427462764039e+01
7.888400095116625721e+01 2.711444259495449671e+01 2.122737197085972483e+01
7.816221708208132668e+01 2.644501610497416877e+01 2.076430532436931031e+01
7.691240623446248037e+01 2.460083443221859412e+01 1.923264662011716553e+01
7.649281220951598925e+01 2.376525649062885037e+01 1.851644004409952515e+01
7.619950712293824324e+01 2.355783739380444786e+01 1.831935407164011309e+01
7.673892647917162435e+01 2.425138891891307580e+01 1.891355195745692797e+01
7.629429948766726000e+01 2.363438466028232199e+01 1.837439201020341883e+01
7.460124516310339970e+01 2.146488250934953257e+01 1.647242698718087439e+01
7.425646901143561252e+01 2.119466482198058799e+01 1.626889902505458352e+01
7.412598629455889920e+01 2.117696015910417273e+01 1.625078363129336978e+01
7.377180656737067466e+01 2.079772584794310220e+01 1.597284852677316813e+01
7.395806221492034638e+01 2.100045396571477951e+01 1.617198815365658504e+01
7.361678808448085931e+01 2.073174949739509998e+01 1.589673360859508477e+01
7.420815408893405163e+01 2.155796709829438740e+01 1.650197799347154159e+01
7.482102942130180168e+01 2.228249637908298908e+01 1.703638210942735398e+01
7.371488791370327931e+01 2.100726345143647578e+01 1.609377634622451936e+01
7.446099137465141382e+01 2.155336258890162071e+01 1.650632309388443275e+01
7.713755161157828866e+01 2.472091917248535253e+01 1.908363777859443644e+01
7.723813744352450783e+01 2.504066235759527714e+01 1.927365485635227671e+01
7.553980846970318908e+01 2.286022179467779125e+01 1.748492185304481339e+01
7.592671696318554098e+01 2.320815408893404452e+01 1.770833783696145503e+01
7.665366739445296673e+01 2.429220259841328300e+01 1.868358589679846204e+01
7.579139194535117952e+01 2.358522665859616652e+01 1.810147214596078769e+01
7.645022590198664147e+01 2.417237726712639656e+01 1.860280161698264223e+01
7.696854666119025978e+01 2.474346613631941949e+01 1.901227869171404450e+01
7.624823277632461327e+01 2.393994682115912553e+01 1.835270974296893698e+01
7.677645431159342593e+01 2.455502712985581226e+01 1.888153656585745566e+01
7.806184742428500556e+01 2.588905942627380696e+01 1.999174214747400669e+01
7.936660974080719200e+01 2.700897122722064836e+01 2.101067900300482094e+01
7.942102077433580121e+01 2.698601353250178292e+01 2.092980825352904262e+01
7.892444713461163985e+01 2.583979333751269891e+01 1.993532069435136833e+01
8.065345122030308289e+01 2.745007458008171497e+01 2.113882703906266869e+01
8.357781188525476068e+01 3.130638362264640406e+01 2.416368706630061070e+01
8.615184072288636230e+01 3.481238245530599329e+01 2.717935969216800984e+01
8.711552346570397276e+01 3.620919172485353954e+01 2.833111394539441008e+01
8.692654402386563106e+01 3.590583454030566912e+01 2.797626407834151152e+01
8.792256641950756091e+01 3.694297325925765563e+01 2.871095354417518664e+01
8.812280853455543195e+01 3.762331654380768953e+01 2.920945113383341507e+01
8.785105601072223180e+01 3.768427765407812302e+01 2.923593246719557115e+01
8.679160811950106336e+01 3.633930694567543895e+01 2.799418491536782128e+01
8.765416459499772373e+01 3.704913638427117206e+01 2.854393739596618929e+01
9.014014570137702265e+01 4.024786528026978516e+01 3.115663978901402942e+01
9.082438012062517885e+01 4.095038803259906501e+01 3.193108368101342265e+01
9.175980890205148910e+01 4.231933245422512613e+01 3.310281242569013926e+01
9.279945524114226885e+01 4.370598153872759895e+01 3.430595127434661151e+01
9.187384076612119088e+01 4.251125186450204296e+01 3.333022763137984157e+01
9.351047363756242703e+01 4.433392420934304567e+01 3.491886984154434970e+01
9.763808123824553320e+01 5.067643053243693174e+01 4.023437601331632862e+01
9.806943513694632486e+01 5.195488445491687912e+01 4.111413995114464370e+01
9.802101212736981495e+01 5.200998724572515641e+01 4.106091787544045246e+01
1.003679932553665282e+02 5.551646166151451922e+01 4.421874662227890695e+01
1.017529994163297999e+02 5.784413843792559362e+01 4.633686417778162081e+01
1.005659006895955372e+02 5.615378629023541635e+01 4.478045353336648304e+01
9.989111308069780648e+01 5.484800795520871475e+01 4.354735294753453445e+01
9.936090274324996585e+01 5.361099461726367110e+01 4.253228560928684487e+01
9.949890832054302336e+01 5.375993860654143219e+01 4.271082383968524709e+01
9.827856200955490351e+01 5.199364447999307970e+01 4.130141161719881637e+01
9.768870922415096913e+01 5.042759246849261956e+01 4.017025876045742194e+01
9.608355130893447438e+01 4.775814436109730110e+01 3.792366890767202392e+01
9.509423031193929887e+01 4.582139691735662268e+01 3.647538857303443649e+01
9.558935558485916317e+01 4.632065111653948719e+01 3.696928165329990179e+01
9.550411811755550673e+01 4.614747400505847708e+01 3.679621262889383360e+01
9.288720032858471143e+01 4.347796104541819062e+01 3.427724334724053534e+01
9.064709570029616259e+01 4.083895025832811143e+01 3.182539613912968335e+01
8.944661579368339233e+01 3.957173739164270643e+01 3.072215136513975509e+01
8.655284377094187676e+01 3.569370284701355445e+01 2.759540846105622691e+01
8.291813484943470769e+01 3.098261959834842827e+01 2.360509306297153032e+01
7.970448993709332797e+01 2.671977344949090849e+01 1.999677900516656237e+01
7.649175295618150017e+01 2.255303832767677719e+01 1.659914827384941205e+01
7.521191551914222373e+01 2.094809658661017338e+01 1.520566808621025068e+01
7.526342981906223883e+01 2.105387059815387119e+01 1.530752934564084811e+01
7.583298385179099910e+01 2.177070407920620809e+01 1.584671091030934598e+01
7.465459694329751983e+01 2.028963012602952887e+01 1.471032663914049188e+01
7.423109016623791945e+01 1.948366804297542032e+01 1.406656002075271772e+01
7.586750686352925754e+01 2.092155040100304930e+01 1.524717352299012063e+01
7.517283123284117607e+01 2.033104909314944209e+01 1.474177997795023742e+01
7.281311744741563530e+01 1.742770055556756503e+01 1.260714671739553339e+01
7.216926435936790085e+01 1.683387016580557471e+01 1.211712315441319454e+01
7.219991785382303817e+01 1.691350872262694693e+01 1.210385006160963250e+01
7.132914676063036552e+01 1.641308718303465142e+01 1.165840160833567474e+01
7.098478133984738747e+01 1.609191724853542027e+01 1.142815452128234455e+01
7.101184634341424839e+01 1.602553016710261957e+01 1.134127413043948174e+01
7.150790116517866579e+01 1.625884692708445911e+01 1.162253831686806826e+01
7.111295099332022573e+01 1.592686828509046926e+01 1.148366804297542032e+01
7.071493114853325324e+01 1.541462201949890876e+01 1.112821288830281752e+01
7.158085994076827774e+01 1.614353963553038440e+01 1.171525540975810031e+01
7.241345467908946887e+01 1.703445815949328690e+01 1.234179294839923102e+01
7.202066624872998091e+01 1.676421885470935536e+01 1.219524849218530527e+01
7.180148727815128495e+01 1.662160876802352050e+01 1.202496811431289103e+01
7.278613891350872223e+01 1.781599256360924244e+01 1.284586783112475494e+01
7.286616658379990952e+01 1.802122830151970589e+01 1.301083032490974745e+01
7.137571067251778345e+01 1.662463520612205059e+01 1.196292613329298149e+01
7.053645777037981190e+01 1.560502821072656054e+01 1.102157418015953638e+01
6.968834172809614813e+01 1.459497611275643614e+01 1.035817894896128344e+01
7.021760089928446291e+01 1.496136967941373541e+01 1.058544283274606101e+01
7.071702803778724444e+01 1.558888000172939314e+01 1.110707105644307013e+01
7.078229101364058806e+01 1.577396830886962498e+01 1.120508441600553340e+01
7.155489742536587983e+01 1.649596835210445533e+01 1.179152164984111195e+01
7.270939709029593701e+01 1.756977020687866187e+01 1.272305929656931589e+01
7.373691605957759521e+01 1.867513348753756119e+01 1.364242633865842258e+01
7.476073845089604220e+01 1.988523314382066332e+01 1.461676646706586880e+01
7.520419810199096844e+01 2.038816230355174142e+01 1.496727123370587265e+01
7.508301087355974346e+01 2.091238461704749341e+01 1.520891069845867882e+01
7.481236083789100633e+01 2.092436066495168490e+01 1.523147927970773274e+01
7.298897511835534146e+01 1.926481333362156434e+01 1.372699366609740856e+01
6.994818305627012478e+01 1.611204306189065960e+01 1.145450615015456464e+01
6.588735165048963438e+01 1.268289413951879574e+01 8.697918242936509614e+00
6.537966665946086664e+01 1.216844289759830566e+01 8.494174106660326018e+00
6.808182191573531838e+01 1.457640675328044289e+01 1.031773276551589902e+01
6.995784604077044833e+01 1.613694632395858264e+01 1.149084502475193936e+01
6.961637735359605017e+01 1.558667502540046179e+01 1.107107806048552767e+01
6.965455370846754590e+01 1.517101536998205802e+01 1.076916924274195253e+01
7.070544110335286803e+01 1.626673728355563142e+01 1.158609135519574629e+01
7.217644134114442522e+01 1.791657839555545806e+01 1.294139518796342259e+01
7.174333643182947640e+01 1.776800190233251797e+01 1.269432975204824920e+01
7.102859984003113425e+01 1.692526859638124392e+01 1.208240558594003389e+01
7.089400981430640059e+01 1.681545212823450441e+01 1.202801616982641164e+01
7.059843489915475345e+01 1.653619836139994348e+01 1.187100888475756122e+01
7.055040100304805151e+01 1.651829914178862424e+01 1.195788927560042403e+01
7.105449750318857127e+01 1.698702955100629097e+01 1.233133011954430458e+01
7.189333967444173368e+01 1.775684731619793055e+01 1.282554746103460985e+01
7.267565230549730870e+01 1.858669664281545053e+01 1.355515683434574825e+01
7.321950323180354303e+01 1.904546142372295137e+01 1.398620808923668868e+01
7.305717806264726732e+01 1.899632503945178286e+01 1.391644869106552207e+01
7.353157223459218983e+01 1.956979182429365238e+01 1.429784474372554470e+01
7.270263083940422177e+01 1.885989753345295128e+01 1.386642599277978327e+01
7.069945307940076873e+01 1.682355865885557478e+01 1.219976653191811344e+01
7.075239412871009392e+01 1.685793034868890317e+01 1.214295596532566712e+01
7.108845846213709763e+01 1.731390648306275537e+01 1.245450615015456464e+01
7.021407726064117583e+01 1.637685639551222394e+01 1.168071078060485490e+01
7.010570915929872626e+01 1.599920015564538822e+01 1.136347521563371465e+01
7.133729652608141691e+01 1.698966687563501310e+01 1.210002377915648886e+01
7.192870576536458316e+01 1.752277394669145494e+01 1.250422620463045043e+01
7.185185585507684891e+01 1.735478501480793057e+01 1.237886681510624953e+01
7.227547071921139832e+01 1.771047796104541661e+01 1.265418621241271957e+01
7.179048401392161338e+01 1.732990337015499804e+01 1.237739683088696196e+01
7.112062517564149289e+01 1.676283534015002630e+01 1.194390280810220695e+01
7.215088955662682224e+01 1.760401219222205427e+01 1.276975291294666981e+01
7.262102509781880144e+01 1.807207246157504343e+01 1.315854212153310776e+01
7.190780172506971724e+01 1.729602888086642665e+01 1.268040813679500189e+01
7.172474545493849973e+01 1.710560107222378434e+01 1.252231998097667542e+01
7.125711753388529246e+01 1.655919929094878995e+01 1.207276421885470974e+01
7.067534966168744859e+01 1.611571802243887674e+01 1.168220238223913121e+01
7.057392075055665259e+01 1.587029551006290617e+01 1.141937785079660195e+01
6.973458137875873319e+01 1.489180483797747456e+01 1.062230052530318503e+01
6.830878315571024473e+01 1.330249248794829064e+01 9.429235392031820595e+00
6.886854449944875967e+01 1.403026438098532225e+01 9.888129877429257419e+00
7.073088480079552198e+01 1.589407466655137391e+01 1.147666400051881830e+01
7.156618171599039613e+01 1.694139518796342259e+01 1.226859638124473051e+01
7.180901013856762916e+01 1.716641086058929133e+01 1.238334162000907845e+01
7.211362113318489264e+01 1.728751161936055780e+01 1.264229663416848659e+01
7.152798374370392764e+01 1.688090966082275912e+01 1.225324801660217489e+01
7.094327590306751574e+01 1.628182623921831507e+01 1.176047904191616844e+01
7.133409714866296270e+01 1.652858903132363366e+01 1.190421323418145683e+01
7.165645604098661181e+01 1.677824855703754992e+01 1.213487105211958728e+01
7.110849780583238555e+01 1.624332562312198647e+01 1.169478371776303050e+01
6.890010592533344891e+01 1.407049439028081039e+01 1.002183358913941014e+01
6.676756955403273253e+01 1.195877558961499432e+01 8.489461510192610305e+00
6.742045872154608332e+01 1.262807237510538449e+01 8.956613848116042220e+00
6.968300222659374299e+01 1.490101385676300794e+01 1.069608076266240104e+01
7.032739575001620835e+01 1.552223351131671691e+01 1.103255582697421033e+01
6.911401024665470061e+01 1.433078968416956656e+01 1.017222594522147006e+01
6.904204587215460265e+01 1.436269698869409162e+01 1.008327028253961366e+01
7.006398754836897069e+01 1.553373397609113837e+01 1.101532674722756688e+01
6.996651462418124368e+01 1.560217471194794570e+01 1.103521476901792120e+01
6.930659979679630567e+01 1.478717654942821902e+01 1.046773600812814742e+01
6.952404937417583142e+01 1.492879223502453634e+01 1.045718670961326424e+01
6.993393717979203927e+01 1.505588101774789855e+01 1.065029507771460615e+01
6.958665340798548016e+01 1.458846927084459288e+01 1.037553773319786465e+01
6.942378780345445932e+01 1.418536933353509610e+01 1.006850558810177532e+01
6.960388248773212183e+01 1.422252966990207312e+01 1.008733435655764232e+01
7.058862059274952117e+01 1.530134676495384660e+01 1.092064246957348850e+01
7.061352385481744420e+01 1.572526427289824724e+01 1.104926608876110627e+01
6.953807907650403308e+01 1.507291554075963624e+01 1.045325234008517334e+01
7.005983700469097641e+01 1.548952636243758008e+01 1.075987375429646065e+01
7.094180591884821752e+01 1.644631314987353932e+01 1.146224518472081044e+01
6.982137529994163572e+01 1.552774595213904263e+01 1.079379147841501130e+01
6.926956916491926108e+01 1.470425214552843762e+01 1.023338161222680931e+01
6.933271363410364074e+01 1.464659849975140027e+01 1.022062733738299656e+01
6.867889491774573685e+01 1.383663719492423105e+01 9.659071748200350527e+00
6.816191443827146657e+01 1.334648392745195444e+01 9.251778032382887318e+00
6.936587474869754999e+01 1.438658423225750660e+01 1.005142783026005837e+01
6.932462872089755024e+01 1.465109492206921971e+01 1.018962796428803053e+01
6.801465660736289465e+01 1.351685077498432719e+01 9.356082059707299337e+00
6.832551503491212941e+01 1.389519877213082921e+01 9.626321364491234434e+00
6.929231068548823202e+01 1.504920123651613828e+01 1.043371019693465129e+01
6.844302730279513014e+01 1.447074082881169055e+01 1.002777837826152663e+01
6.800482068354266119e+01 1.393047839339371841e+01 9.741866447610194157e+00
6.857716336280508074e+01 1.454127845392248020e+01 1.005425971162368448e+01
6.810028318813635906e+01 1.448513802719470789e+01 9.977042305281134560e+00
6.727836745281999242e+01 1.413268769320564644e+01 9.688060701701290967e+00
6.650035668734732042e+01 1.332058626429451564e+01 9.239737132233727834e+00
6.619922609654337009e+01 1.255208716141723713e+01 8.692038306059361119e+00
6.632521239110226929e+01 1.267902462223567284e+01 8.809377634622451936e+00
6.662392183142739555e+01 1.304972005447588579e+01 9.188330919388659979e+00
6.704829330508657392e+01 1.341375732289932721e+01 9.348818608270823560e+00
6.830685920577617765e+01 1.441408158412417073e+01 1.005309237121424992e+01
6.920102034198750118e+01 1.515938520071769879e+01 1.070278216130915006e+01
6.865606692751680384e+01 1.464166972913379006e+01 1.027227134179294765e+01
6.877329816900494563e+01 1.471871419615642296e+01 1.029514256685185636e+01
7.044458375667437622e+01 1.629912017120992829e+01 1.151548887783998865e+01
6.998776454311592943e+01 1.591843749324455715e+01 1.121388270390626651e+01
6.906556561966320373e+01 1.509371149397954959e+01 1.060885449317970597e+01
6.968894701571585415e+01 1.575139972762057106e+01 1.108197323764024311e+01
6.937370025292375431e+01 1.563594111416156807e+01 1.092010203419875047e+01
6.821306124213666067e+01 1.452707581227436862e+01 1.010030480555135135e+01
6.767727361162151567e+01 1.410026157072137387e+01 9.772411854990380675e+00
6.784720811085409764e+01 1.450139432326682432e+01 1.003095613826498678e+01
6.878717654942822435e+01 1.548570007998443465e+01 1.081540889340452694e+01
6.904321321256404076e+01 1.589973842927862613e+01 1.112553232884411614e+01
6.911928489591214486e+01 1.602840528329622316e+01 1.121275859832681121e+01
6.876510516872392031e+01 1.575038370911606478e+01 1.087314900884152280e+01
6.721193713655721069e+01 1.391677295229036559e+01 9.745995373873192591e+00
6.704965520223092312e+01 1.324388767591171501e+01 9.255323288441168472e+00
6.789625802546531474e+01 1.396510949220692233e+01 9.692254480209257395e+00
6.744877753518234442e+01 1.354408871787111757e+01 9.420220929981192981e+00
6.666147128126418409e+01 1.285071013208240487e+01 8.904321321256404076e+00
6.599007760651981869e+01 1.183475647982014323e+01 8.274778961931732013e+00
6.604247822045439875e+01 1.167988931883525439e+01 8.167578200998724114e+00
6.706872176225166982e+01 1.257037549449836789e+01 8.786506409563545006e+00
6.695222551287317003e+01 1.245450615015456464e+01 8.726064117252859020e+00
6.603562549990272146e+01 1.150751205170885605e+01 8.157569337858578962e+00
6.663473053892215603e+01 1.203424198534339240e+01 8.530383276767764755e+00
6.721373138200134179e+01 1.279424544412979081e+01 9.073520828379342262e+00
6.605929656931624550e+01 1.168060269352990765e+01 8.315333232452063683e+00
6.602872954452107024e+01 1.148859681359303053e+01 8.096500140513198218e+00
6.791774573596489972e+01 1.323180354093257449e+01 9.318856871095354322e+00
6.901945567349056887e+01 1.481798136578827929e+01 1.052880520547352994e+01
6.887381914870620392e+01 1.511353466352493591e+01 1.063351996368274222e+01
6.807914135627662233e+01 1.459979679629909910e+01 1.021945999697356200e+01
6.726485656845154892e+01 1.363628699280140033e+01 9.449253118312112676e+00
6.714686871743876395e+01 1.331550617177197893e+01 9.205430294645365663e+00
6.793478025897663031e+01 1.366737283555632487e+01 9.586696642815452307e+00
6.779333751270023356e+01 1.336388594651851491e+01 9.462093862815883938e+00
6.662346786571261248e+01 1.227959964547439498e+01 8.694502691368166225e+00
6.727458440519683336e+01 1.267997578849521112e+01 8.976372165416458770e+00
6.805261678808447812e+01 1.328597678289630046e+01 9.416200090793143573e+00
6.746879526146263117e+01 1.300436671782788167e+01 9.082859551654813401e+00
6.688735165048963438e+01 1.270403597137854312e+01 8.727426014397197562e+00
6.751531593852007518e+01 1.322970665167859217e+01 9.105622689638773082e+00
6.847458872867981938e+01 1.434862405153591780e+01 9.897101104649905778e+00
6.903082643377504724e+01 1.503683607514213527e+01 1.038556821375299855e+01
6.858399446594175686e+01 1.436935515251086315e+01 9.968892539830086719e+00
6.856966211980370929e+01 1.411800946842776483e+01 9.778313409282517910e+00
6.948864004842300801e+01 1.494478912211677724e+01 1.037523508938801164e+01
6.926781815430510392e+01 1.478146955187098754e+01 1.021658488077995663e+01
6.822739358827470824e+01 1.376970967811669055e+01 9.603774400657169252e+00
6.814191832940616678e+01 1.369707516375191858e+01 9.513716249810848069e+00
6.886947404829329855e+01 1.410529842841392956e+01 9.847056788949178241e+00
6.867135043991439147e+01 1.395708943124581225e+01 9.786463174733565751e+00
6.838792451198685285e+01 1.380704295380358460e+01 9.665989320996995815e+00
6.856935947599386338e+01 1.392044791283858274e+01 9.719686979830951756e+00
6.876903953825201654e+01 1.393395879720702979e+01 9.970816489764153800e+00
6.986571261808512645e+01 1.495821353682526578e+01 1.073140361875526949e+01
7.036816619468643808e+01 1.531928921939514510e+01 1.102228755485418965e+01
6.915929873105774561e+01 1.396353142091268751e+01 1.006065846646058048e+01
6.801184634341424839e+01 1.277321169934499245e+01 9.161525324801660375e+00
6.747737737521347867e+01 1.241511922004366753e+01 8.797120560323396177e+00
6.683304870403597420e+01 1.201511057307767061e+01 8.535528221535269466e+00
6.766131995935926113e+01 1.274679521822780437e+01 9.078319894507014709e+00
6.818586653407984954e+01 1.348632698501913119e+01 9.543915778551200546e+00
6.778073455976134198e+01 1.315000324261224840e+01 9.337491082816317345e+00
6.852618949825979655e+01 1.361585853563630799e+01 9.674917313387664919e+00
6.939397738818392725e+01 1.434587863983224842e+01 1.025943059728917639e+01
6.875777686504247299e+01 1.367275557188871282e+01 9.778291791867529170e+00
6.876772087593765548e+01 1.366866988045569542e+01 9.736137832637973943e+00
6.990034371689833392e+01 1.485879504528848472e+01 1.069234094986921413e+01
6.918923885081821368e+01 1.431613307680667546e+01 1.030532436931191853e+01
6.732045655980458321e+01 1.239806307961693932e+01 8.856654921204523134e+00
6.798780777794591756e+01 1.294502691368166225e+01 9.164919258955015025e+00
6.912131693292116097e+01 1.416340603990574820e+01 1.017843014332346208e+01
6.829948766726474219e+01 1.348978577141745383e+01 9.660412027929700329e+00
6.774761667999740666e+01 1.300222659374392009e+01 9.196977885384466589e+00
6.901729393199161677e+01 1.421046715233792312e+01 1.011705830216822655e+01
7.009139843057566566e+01 1.554041375732289865e+01 1.106173933721005653e+01
7.009364664173457982e+01 1.567141529215936302e+01 1.120337664022136259e+01
7.020754880131434561e+01 1.594643204565598005e+01 1.134455997751788914e+01
7.059043645560863922e+01 1.631736526946107801e+01 1.167253939773881832e+01
7.026628331784085901e+01 1.610179640718562766e+01 1.158829633152467586e+01
6.977368728247476781e+01 1.560051017099375237e+01 1.114630666464904074e+01
7.030061177284420637e+01 1.597630731317149078e+01 1.145496011586934415e+01
7.090062474329319286e+01 1.671272617220432721e+01 1.209183077887546176e+01
7.021967617112345295e+01 1.634518688255258567e+01 1.166754577487624012e+01
6.966724313106638533e+01 1.591541105514602528e+01 1.125884692708445911e+01
7.029254847705311704e+01 1.671845478717655098e+01 1.182150500443156993e+01
7.034237661860395008e+01 1.669997189736051268e+01 1.175907390994184887e+01
6.961704749346073129e+01 1.590609394928554465e+01 1.107464493395879757e+01
6.919367042089106690e+01 1.527443308329189975e+01 1.071307205084415948e+01
6.915627229295920131e+01 1.512784539224799474e+01 1.062078730625391820e+01
6.851341360600099506e+01 1.459778637670507351e+01 1.025032966557859027e+01
6.861211872284312108e+01 1.458470784063641723e+01 1.020197150824704302e+01
6.875879288354698815e+01 1.468719600510170942e+01 1.025473961823645119e+01
6.809637043602326401e+01 1.405266002291445915e+01 9.844786960375278895e+00
6.735714131304177954e+01 1.324591971292072934e+01 9.243131066387080708e+00
6.773239801984477992e+01 1.361222680991807010e+01 9.478220454398062600e+00
6.812644026027368227e+01 1.426208953933288726e+01 9.888670312803995444e+00
6.802356298233857501e+01 1.408160574158542033e+01 9.702501134914287562e+00
6.795326314879267215e+01 1.378799801119782131e+01 9.631985127218486653e+00
6.864681467390128944e+01 1.429399684385741232e+01 1.000884152273071237e+01
6.847934455997751968e+01 1.427609762424609308e+01 9.958148684580297783e+00
6.796701182472600067e+01 1.368071078060485490e+01 9.551827752437363372e+00
6.818487213299033556e+01 1.376287857498000378e+01 9.610821677943752306e+00
6.791145506820294031e+01 1.386545320910525447e+01 9.526513759484640076e+00
6.718768239693896760e+01 1.338578438790289482e+01 9.167815992563609129e+00
6.728111286452366357e+01 1.347469681575477196e+01 9.175274000734992441e+00
6.734088501696966489e+01 1.353708467541451377e+01 9.162887221945998917e+00
6.715322423744568425e+01 1.344142761408590836e+01 9.094900451803972885e+00
6.738632482327763285e+01 1.345768391015802301e+01 9.101666702695691669e+00
6.719883698307356212e+01 1.315785036425344323e+01 8.955165481311745168e+00
6.663935666572990613e+01 1.248656477658401620e+01 8.565533193540716184e+00
6.593568819040619644e+01 1.180371387189519794e+01 8.077563284982382186e+00
6.573801854774205822e+01 1.146429883914481529e+01 7.918632049979463794e+00
6.588201214898722924e+01 1.134105795628958724e+01 7.826995827838906905e+00
6.610149376337577110e+01 1.150154564517175082e+01 7.962558637238158710e+00
6.591815646684969465e+01 1.127495190125164903e+01 7.794634557599602331e+00
6.546090490499146597e+01 1.083735056961888432e+01 7.516785922739359194e+00
6.575122678830065581e+01 1.096119674009382017e+01 7.531464147517239915e+00
6.632147257830908416e+01 1.147608033031410102e+01 7.785166129834194315e+00
6.704729890399705994e+01 1.203713871895198828e+01 8.169739942497676211e+00
6.692669534577055401e+01 1.195771633628050701e+01 8.093430467584687094e+00
6.673069024406061089e+01 1.182169956116647569e+01 7.907326141939947206e+00
6.756786787435957820e+01 1.244910179640718617e+01 8.337188439006464336e+00
6.797870684623532611e+01 1.319656715449966455e+01 8.695280918307789264e+00
6.695881882444497535e+01 1.262346786571261781e+01 8.275903067511187317e+00
6.604085691433017757e+01 1.194654013273092730e+01 7.765342960288808882e+00
6.598391664324779526e+01 1.187842365809896528e+01 7.753150738234722006e+00
6.583944745887286842e+01 1.183358913941070867e+01 7.691649192589550488e+00
6.614120495471151173e+01 1.186506409563544473e+01 7.897814479344559935e+00
6.667091809161460958e+01 1.206528459326833769e+01 8.062474329319700317e+00
6.663550876586177196e+01 1.204429408331351681e+01 8.043040273244125515e+00
6.644817224756263840e+01 1.172695043126742931e+01 7.925852266585962091e+00
6.572896085086145490e+01 1.141959402494649645e+01 7.686266456257160762e+00
6.578810609827276323e+01 1.147757193194837733e+01 7.679867701420263870e+00
6.674532523400851858e+01 1.229285112086296650e+01 8.229209451133833397e+00
6.650431267429040361e+01 1.208108692362567282e+01 8.106790030048207640e+00
6.572870144188158292e+01 1.152084999675738786e+01 7.699388227155796294e+00
6.584751075466395775e+01 1.168868760673598572e+01 7.809982922242157954e+00
6.557649322294039962e+01 1.148719168161871274e+01 7.624440649387146607e+00
6.491495708943124043e+01 1.097271882228323214e+01 7.238894053049136801e+00
6.517125316154694303e+01 1.106333902591928009e+01 7.300373981279318691e+00
6.589759830519466277e+01 1.142415529950928388e+01 7.629304567759787048e+00
6.537439201020342239e+01 1.114976545104736338e+01 7.430467584686223148e+00
6.440885016969670573e+01 1.080663222291878256e+01 7.096975723642966472e+00
6.460394733997708272e+01 1.090661276724529216e+01 7.132060788170950794e+00
6.485758447004907623e+01 1.124847056788949118e+01 7.287749410925441929e+00
6.495607341274130420e+01 1.138852979960656242e+01 7.420091225491256104e+00
6.433775049179618577e+01 1.100397760435807015e+01 7.208586437233835298e+00
6.445815949328779482e+01 1.089837653213428759e+01 7.094813982144015263e+00
6.518214833870165137e+01 1.129992001556453829e+01 7.373138200134027542e+00
6.478925182126721438e+01 1.098733219481614398e+01 7.141875094576190186e+00
6.360239088609784375e+01 1.023861302665427253e+01 6.692730063339025648e+00
6.383802070948355833e+01 1.040469962601872034e+01 6.740850429105687880e+00
6.483233532934131915e+01 1.105432456386865248e+01 7.225037290040856597e+00
6.423746730365982671e+01 1.063576817484165282e+01 6.956332821721178838e+00
6.368068916318986794e+01 1.014544196804946097e+01 6.676235975702025982e+00
6.437145204176484015e+01 1.047063274173674330e+01 6.875397220000432519e+00
6.487468384530578192e+01 1.094945848375451192e+01 7.212628893836875221e+00
6.456172852850255595e+01 1.073689444216260647e+01 7.063749756804081237e+00
6.397237294364339988e+01 1.028243152683802109e+01 6.786765818543418760e+00
6.383665881233922335e+01 1.019295704619641540e+01 6.663481700858211454e+00
6.414667416070386707e+01 1.029332670399273653e+01 6.737218703387449104e+00
6.396314230744287244e+01 1.020341987505134185e+01 6.742471735229901064e+00
6.398480295726236733e+01 1.024540089496098005e+01 6.749367690611556725e+00
6.443128904645583077e+01 1.046390972567500377e+01 6.872867982446659418e+00
6.448881298774293214e+01 1.046572558853412360e+01 6.915843403445816051e+00
6.347653429602888053e+01 9.819191941027691328e+00 6.531312825612313411e+00
6.315194880996130422e+01 9.554162433256230713e+00 6.331805702674074610e+00
6.341587582956830005e+01 9.939298298709440260e+00 6.500378304762316262e+00
6.244698328973821333e+01 9.472210813030978116e+00 6.213061242136665108e+00
6.145537084675414263e+01 8.938865950409649486e+00 5.982662833178408412e+00
6.242590631012343749e+01 9.390734775935493772e+00 6.228971659568948382e+00
6.331699777340625701e+01 9.991871851963942675e+00 6.492444713461164696e+00
6.306537106292829264e+01 9.703300979268899340e+00 6.425646901143561074e+00
6.321591474091528085e+01 9.707278583626969493e+00 6.445924036403726909e+00
6.363818932532047512e+01 9.891545428997600808e+00 6.637303011305908385e+00
6.380034155515683381e+01 9.898916967509025611e+00 6.718022438876759317e+00
6.362575931170150767e+01 9.855163319570245051e+00 6.611016234678657177e+00
6.291160639010787037e+01 9.406882984932661174e+00 6.267039927365485319e+00
6.202310901662379194e+01 8.968849305000107464e+00 5.917507944400008491e+00
6.123102531399295145e+01 8.589528524179078417e+00 5.750318856871095008e+00
6.065825028643075001e+01 8.411336172420501356e+00 5.552130396247216382e+00
6.087258695605179781e+01 8.525411271320175288e+00 5.588836766899413888e+00
6.188633563198512633e+01 8.987764543115934757e+00 5.879720702998335824e+00
6.202228755485418787e+01 9.028426900711213676e+00 5.916491925895501325e+00
6.166681078276659633e+01 8.852439525281566191e+00 5.794656175014591959e+00
6.211251864502042963e+01 9.063836226464038859e+00 5.935061285371495465e+00
6.334557599602239719e+01 9.714066451933677016e+00 6.308696686050281777e+00
6.330108735597396930e+01 9.750383709116064779e+00 6.353963553038327383e+00
6.316863745433320787e+01 9.603882487732116502e+00 6.290429970384141534e+00
6.375708510776281202e+01 9.881342009122549896e+00 6.584210640091657574e+00
6.470042586307529575e+01 1.034793229425625327e+01 6.860027237942886380e+00
6.416520028534988285e+01 1.009760262867766301e+01 6.745887286798244453e+00
6.298006874337966821e+01 9.504507231025314695e+00 6.400354525605828293e+00
6.316143885514170364e+01 9.688665989320996985e+00 6.422166497330249690e+00
6.392535506604120599e+01 1.016022827990228983e+01 6.695886205927495283e+00
6.410646576882336944e+01 1.034641907520698645e+01 6.784128493914697522e+00
6.405278972740440224e+01 1.037242482543937427e+01 6.815430510819516563e+00
6.456609524633044828e+01 1.071084545710023939e+01 7.139453944097365223e+00
6.558235154240256293e+01 1.140789900343716923e+01 7.582351542402559375e+00
6.559677035820057256e+01 1.138256339306945719e+01 7.508960418513153989e+00
6.504818521801162490e+01 1.101571586069737840e+01 7.321429343479106677e+00
6.481754901748848852e+01 1.086517218271039198e+01 7.213882703906266514e+00
6.423493806610605361e+01 1.057930348688903699e+01 7.026157072137313442e+00
6.338347132449901977e+01 1.012918567197734454e+01 6.680775632849823786e+00
6.455762121965454980e+01 1.087461899306081037e+01 7.159341965887719539e+00
6.534728377180657333e+01 1.153732246697939878e+01 7.616723232235889540e+00
6.465098683499427068e+01 1.102038522233511308e+01 7.217881925679327182e+00
6.446112107914134981e+01 1.086448042543072745e+01 7.125662033334053902e+00
6.487693205646468186e+01 1.125540975810112698e+01 7.346267753302059944e+00
6.479041916167665249e+01 1.118993060809788354e+01 7.350245357660130985e+00
6.440660195853779157e+01 1.081819753993817379e+01 7.055254112713202019e+00
6.421764413411443684e+01 1.063955122246481722e+01 6.896279642880304372e+00
6.448299790311074275e+01 1.110903824120711647e+01 7.099396874121792322e+00
6.463003955986943083e+01 1.145550055124408217e+01 7.401175987375429699e+00
6.349276897468600822e+01 1.075351823428954390e+01 6.877710283404310232e+00
6.317652781080438729e+01 1.056175014591755179e+01 6.701377029334832258e+00
6.461371841155234108e+01 1.151228950042153976e+01 7.348688903780885795e+00
6.475732289932770414e+01 1.146386649084502452e+01 7.443113772455089538e+00
6.324522795564106303e+01 1.013381179878510174e+01 6.661168637454332853e+00
6.378531745173911816e+01 1.031461985775740864e+01 6.797552908623186951e+00
6.523634319808037674e+01 1.140621284506798716e+01 7.494109254415357135e+00
6.453576601310015803e+01 1.088940530491363923e+01 7.237640242979744620e+00
6.305051989883050112e+01 9.925203744136275930e+00 6.593895242006960977e+00
6.326157072137313975e+01 1.005222767461467015e+01 6.634925095657060901e+00
6.431407942238267594e+01 1.077991309799174147e+01 7.077887546207224823e+00
6.423294926392702564e+01 1.067997578849521112e+01 7.017985689271276861e+00
6.307269936660973997e+01 9.974815711537214469e+00 6.553276119241661313e+00
6.246617955424890312e+01 9.733716682159148093e+00 6.368944421626062002e+00
6.288233641021206921e+01 1.009751615901770450e+01 6.605914524741131721e+00
6.291534620290105551e+01 1.037097645863507722e+01 6.713136903089128360e+00
6.229836356168529221e+01 9.949112605114679653e+00 6.473896971400160183e+00
6.282554746103460985e+01 1.026533215158131362e+01 6.550098359238202050e+00
6.400942519293542432e+01 1.075708510776281379e+01 6.989083205430294932e+00
6.350171858449166962e+01 1.032538533042218809e+01 6.829762856957565020e+00
6.288421712531615526e+01 9.959510581724638101e+00 6.624246092652240847e+00
6.423939125359389379e+01 1.075719319483776104e+01 7.160703863032058969e+00
6.456200955489742910e+01 1.095561944702652468e+01 7.221492033982576331e+00
6.253522557772541290e+01 9.722497243779589127e+00 6.330422188114745552e+00
6.186793921182904654e+01 9.320002594089798365e+00 6.201820186342117402e+00
6.250450723102531470e+01 9.711558831794894431e+00 6.436477226053308520e+00
6.230694567543613260e+01 9.617544694005490058e+00 6.391642707365053688e+00
6.176756955403272542e+01 9.253658747486975145e+00 6.158866382757949509e+00
6.240841782139691674e+01 9.580124948658639283e+00 6.277308199485505114e+00
6.260386087031712776e+01 9.775070797034091541e+00 6.362675371279102876e+00
6.241369247065436099e+01 9.732181845694892530e+00 6.372554529929311151e+00
6.233292980825353169e+01 9.641323850493957792e+00 6.304351585637389732e+00
6.247091376813160934e+01 9.738450896041850768e+00 6.350115653170194108e+00
6.241658920426295509e+01 9.655699431461986393e+00 6.284420329017056162e+00
