3.201306003684896240e+01 1.184317844784972706e+00 1.795123129465689971e+00
3.119538938570080333e+01 1.160843481777737773e+00 1.757948366512380289e+00
3.102489551970520765e+01 1.184553768031276766e+00 1.777412034332449542e+00
3.065348492338111797e+01 1.154973486720891618e+00 1.745989304812834320e+00
3.041082101289713790e+01 1.145907293398642945e+00 1.711269267065114841e+00
3.017830180200422419e+01 1.148901271738641983e+00 1.721380263335280603e+00
3.020947737383723464e+01 1.174757336089516047e+00 1.738186986024356173e+00
3.061314204826315688e+01 1.207618073967554828e+00 1.783062957803442261e+00
3.101538556599110308e+01 1.246635285130094806e+00 1.819687233182042840e+00
3.140880443086325613e+01 1.261779310654743247e+00 1.855648676582932532e+00
3.168777805239743017e+01 1.296184784074057461e+00 1.863147665483305682e+00
3.182160832247337368e+01 1.283383139351997437e+00 1.863838583561767015e+00
3.146729654428616385e+01 1.233412348896777866e+00 1.816620230980092510e+00
3.065001909854851192e+01 1.112046690333887478e+00 1.675122455399272070e+00
3.045834269536691608e+01 1.087415179975733670e+00 1.660714285714285809e+00
3.091919067092077356e+01 1.155608232597852059e+00 1.736911877050285380e+00
3.125378038916101175e+01 1.220627555835168243e+00 1.816479800476340278e+00
3.143864872152069267e+01 1.255212780299285402e+00 1.847627286208601172e+00
3.145887071406102464e+01 1.240085606435087362e+00 1.842813328539972151e+00
3.168721633038241947e+01 1.253095088302700777e+00 1.881223879926302134e+00
3.209840807980946664e+01 1.300363995865726041e+00 1.946158944861366979e+00
3.222233519076079489e+01 1.323147440794499641e+00 1.974329303914079015e+00
3.212365748438412538e+01 1.334404349975284232e+00 1.937592684132476428e+00
3.202442367321260264e+01 1.327680537455623977e+00 1.918258212375859362e+00
3.201314429515121418e+01 1.340824832606839490e+00 1.917387543252595083e+00
3.206457556284546229e+01 1.354693749157416915e+00 1.924279872376758238e+00
3.217911629892599024e+01 1.355822810407585566e+00 1.931756392396530853e+00
3.234763852064889988e+01 1.378673661978160325e+00 1.965437244416483153e+00
3.231031209275153770e+01 1.357547296993663721e+00 1.961207477643463815e+00
3.197784568372803804e+01 1.309913270120882656e+00 1.905625084258302238e+00
3.152041297802543340e+01 1.250117961623151919e+00 1.842656046375769519e+00
3.101700894261447772e+01 1.193917674021480302e+00 1.747562126454859976e+00
3.097163865546218631e+01 1.178942165101334760e+00 1.749848335055947501e+00
3.102804678020941154e+01 1.186929852154765541e+00 1.751612142183076370e+00
3.084623983283152882e+01 1.160658113512784695e+00 1.727239023951826713e+00
3.079872938480204780e+01 1.164494674875297786e+00 1.721930750909989705e+00
3.082814676672808218e+01 1.144525457241720279e+00 1.718324495573630539e+00
3.077255875612276981e+01 1.138913854311778273e+00 1.718200916730328487e+00
3.096891992090954204e+01 1.160343549184379652e+00 1.722475621264548673e+00
3.117007819170449068e+01 1.205753156877724441e+00 1.777181728306295838e+00
3.129440974250662677e+01 1.219341212420797183e+00 1.775170763492562864e+00
3.151044802947917134e+01 1.240961892778501774e+00 1.806969846762234377e+00
3.167112861187255746e+01 1.262369118770502840e+00 1.827180604862265856e+00
3.183372466633712250e+01 1.264498045207387733e+00 1.848992270705073437e+00
3.200234799802273500e+01 1.287129825192108834e+00 1.889756437334292105e+00
3.228770278164741825e+01 1.329079225272996823e+00 1.945647777827708591e+00
3.265242888599289728e+01 1.403591650563968951e+00 2.008482002426639212e+00
3.303129353345616437e+01 1.446619556913674609e+00 2.050970655641935814e+00
3.321458342695366639e+01 1.487810632274300104e+00 2.099930346470138876e+00
3.353279333123623474e+01 1.552442367321259953e+00 2.166842672898036337e+00
3.406437334292005659e+01 1.650811126589673217e+00 2.255594751269491827e+00
3.433280905945265715e+01 1.692052756931649693e+00 2.286865815845054772e+00
3.417906012672448668e+01 1.676762683683098887e+00 2.261408574124837312e+00
3.413402125556104494e+01 1.666449467487529867e+00 2.246871208376398865e+00
3.439969329977980550e+01 1.731109288635240162e+00 2.337707275423538178e+00
3.499916303419763608e+01 1.852413157776479524e+00 2.431644047993529067e+00
3.550387026468341389e+01 1.966218038017345959e+00 2.538629622972183419e+00
3.605017862760077207e+01 2.064541859524558376e+00 2.644632184424572152e+00
3.663277423268772992e+01 2.186446771221857599e+00 2.764992360580595943e+00
3.688102166000089710e+01 2.214364355367815396e+00 2.805172336314204706e+00
3.717822316092212276e+01 2.237406192423493589e+00 2.823608052846807048e+00
3.708674673077787531e+01 2.229901586302970529e+00 2.796746506089066830e+00
3.686590572057700399e+01 2.222616051768300682e+00 2.777176111086145482e+00
3.675052240147395821e+01 2.222543027906349611e+00 2.763559969442322295e+00
3.686738304947647293e+01 2.285270525322428359e+00 2.810166045027636894e+00
3.720154585898530541e+01 2.394031141868512069e+00 2.908394373792297483e+00
3.749449512425290720e+01 2.491680896957713554e+00 2.972413831842897647e+00
3.752946793690738048e+01 2.482856244101918630e+00 2.978890486675954019e+00
3.746954904956635346e+01 2.453399541634835757e+00 2.950736979283691941e+00
3.746011773693434321e+01 2.454770143351458156e+00 2.960634521188154622e+00
3.730772817148249487e+01 2.398783310115490064e+00 2.928487170269177042e+00
3.689940682155214802e+01 2.290674291106816973e+00 2.822023996764481346e+00
3.653264728351233259e+01 2.194277176111086192e+00 2.731165460836741055e+00
3.617566732575382815e+01 2.130583516829191559e+00 2.653029928548959582e+00
3.583410102008718212e+01 2.050858311238934029e+00 2.584954837549993112e+00
3.554193254842044070e+01 1.973559744753516476e+00 2.523457511346784532e+00
3.551294207522581559e+01 1.967807711319822017e+00 2.523305846402732033e+00
3.578856783355053039e+01 2.028956769873724753e+00 2.592026917718959211e+00
3.611852896238709576e+01 2.128050150541500152e+00 2.695872466633712161e+00
3.676933447175661485e+01 2.309250438143171547e+00 2.830916056262076985e+00
3.718214398058688630e+01 2.426279602750191167e+00 2.923920370287152348e+00
3.703607378780389325e+01 2.364332898934975002e+00 2.859530175706646471e+00
3.649600053925313148e+01 2.228935424437154644e+00 2.728345616321394829e+00
3.632493933402238184e+01 2.196833011279378134e+00 2.704264593537950123e+00
3.650550487574709280e+01 2.244719813058913438e+00 2.775170763492562642e+00
3.645911787174762964e+01 2.236799532647283595e+00 2.756442951512155570e+00
3.670133802183975291e+01 2.312345526445872324e+00 2.811222082415854029e+00
3.723928234395362580e+01 2.467397654248865368e+00 2.965532737159034760e+00
3.767937469105289239e+01 2.605334112254527490e+00 3.074810137958926770e+00
3.769314249764076408e+01 2.610316586527659410e+00 3.074894396261178109e+00
3.767782995551161918e+01 2.621247696939738248e+00 3.065193457061968996e+00
3.796091538219565820e+01 2.716470812924100198e+00 3.136402956904686956e+00
3.853233271918392688e+01 2.853019817552689741e+00 3.247977800745966981e+00
3.908357861861322391e+01 2.956865366467442691e+00 3.348526041432615674e+00
3.916833123623781177e+01 2.968105423987776881e+00 3.361900642609985113e+00
3.881519907428211980e+01 2.867776254886981402e+00 3.259689704758908846e+00
3.804776322293623281e+01 2.654226396440929392e+00 3.095464656450815699e+00
3.742516739316047136e+01 2.514200332539433091e+00 2.972116119174942561e+00
3.762501123444030071e+01 2.589926077382824765e+00 3.026900867298791376e+00
3.799359636902889292e+01 2.714330652046915038e+00 3.135470498359771874e+00
3.822568867119040448e+01 2.782877589538489183e+00 3.212280366692131572e+00
3.856884465015952657e+01 2.877381701343638909e+00 3.267997573360895025e+00
3.860232328225407628e+01 2.862215206938390377e+00 3.276457106906933703e+00
3.842108929133150497e+01 2.811469240102458134e+00 3.231311508560643642e+00
3.843063294836651522e+01 2.804397159933492034e+00 3.223183391003460407e+00
3.840532175437019902e+01 2.779310654743180731e+00 3.229384802049161785e+00
3.800694288410551280e+01 2.667707724801150260e+00 3.125971779085965796e+00
3.760620478137779088e+01 2.583056217139262145e+00 3.034821147710421219e+00
3.719950680807082222e+01 2.509863838583561879e+00 2.953517503257987897e+00
3.665921448793421433e+01 2.395896058958342678e+00 2.821613939693524475e+00
3.663068462679188997e+01 2.407079944277175976e+00 2.820906169954612963e+00
3.687952186222082673e+01 2.477098593448074482e+00 2.891171976812115130e+00
3.713879027546847311e+01 2.540983238215072326e+00 2.967515615872017065e+00
3.757263627376084258e+01 2.684418954747674668e+00 3.091790994472655374e+00
3.787089942929043218e+01 2.779883611198489923e+00 3.179756662023097924e+00
3.769141801105468659e+01 2.718560418819934377e+00 3.097340807980946575e+00
3.715939985619916541e+01 2.599537141059632628e+00 2.990866400035950168e+00
3.703081045252325509e+01 2.538006111535523246e+00 2.947108255066732685e+00
3.700356131757515499e+01 2.523727137913989171e+00 2.926734597582348663e+00
3.690579360086280758e+01 2.479890351862670261e+00 2.905389161011998400e+00
3.675837527524378601e+01 2.438502673796791420e+00 2.866113557722554273e+00
3.624762953309666358e+01 2.321776839077877241e+00 2.751769424347279003e+00
3.595036624275378756e+01 2.237130948636139038e+00 2.676448119354693844e+00
3.567942524603424204e+01 2.173375499932593158e+00 2.625404439850806515e+00
3.527139037433155266e+01 2.085117736934345878e+00 2.533669617579652034e+00
3.501122882308003170e+01 2.020806183435941428e+00 2.489956410371635176e+00
3.480900328045656522e+01 1.976385206489012614e+00 2.458561766952770622e+00
3.466908394373792390e+01 1.949607918033523513e+00 2.432722554262346737e+00
3.457114209320091902e+01 1.940255246483620244e+00 2.425762818496382422e+00
3.441699433784209106e+01 1.910562620770233311e+00 2.375348267649305622e+00
3.452048600188738448e+01 1.953978115310295305e+00 2.415365343998562064e+00
3.503835437918483109e+01 2.087920729789241925e+00 2.516683143845773518e+00
3.557224868557048580e+01 2.236097380128521994e+00 2.642705477913090295e+00
3.579526355996944176e+01 2.284529052262616489e+00 2.690687772435177205e+00
3.561846155574529149e+01 2.236844470408484220e+00 2.656647418325619014e+00
3.546363973396845637e+01 2.182784343683997541e+00 2.604547701433514550e+00
3.540643958118006651e+01 2.173892284186401902e+00 2.590751808744888418e+00
3.558987552240147068e+01 2.216184334696445379e+00 2.640739450860558168e+00
3.596693704219655530e+01 2.313086999505684638e+00 2.730912685929987038e+00
3.584272907023772348e+01 2.280484653754550006e+00 2.673482227115445031e+00
3.494049116972992408e+01 2.072422819395137950e+00 2.495259066193322273e+00
3.408617377432256035e+01 1.879257852873769785e+00 2.330067856019413242e+00
3.320383206758639005e+01 1.675055048757470910e+00 2.159529052262616489e+00
3.234613872286882952e+01 1.498331685615422737e+00 1.993321125241540370e+00
3.217083089920460282e+01 1.454601626746955478e+00 1.936609670606210365e+00
3.259415022693569597e+01 1.540517008942614563e+00 2.027906349705657529e+00
3.348486159169549836e+01 1.714875522401474006e+00 2.198568732305756335e+00
3.436563047678964722e+01 1.938783534804296105e+00 2.390368714330652011e+00
3.462885341302296638e+01 2.012088257762998378e+00 2.477070507347324035e+00
3.444422100390958263e+01 1.977115445108524661e+00 2.438255516110187315e+00
3.411555745292769615e+01 1.901035815395677009e+00 2.355457691097829542e+00
3.377037927470453127e+01 1.807099042825686341e+00 2.260976048173279906e+00
3.383851615512514854e+01 1.825006740664180116e+00 2.276670561272637450e+00
3.449179324136071756e+01 1.980761020985934540e+00 2.401266121421830935e+00
3.547265537230935450e+01 2.208039365478811966e+00 2.603643328989349914e+00
3.589750258392126625e+01 2.316378690513638539e+00 2.716167483035995200e+00
3.603954522985664966e+01 2.338791398912506203e+00 2.735614299195614052e+00
3.590952343504246613e+01 2.277086235563744232e+00 2.692979598256414864e+00
3.572280703725340345e+01 2.201658203388307200e+00 2.636689435132341774e+00
3.542207792207792494e+01 2.128336628769154526e+00 2.538702646834134935e+00
3.480286365883251420e+01 1.979407270929762319e+00 2.416129285938974469e+00
3.387061856828292861e+01 1.776625623511436602e+00 2.224598930481283432e+00
3.295235473868692111e+01 1.605996944232238377e+00 2.065479935289623814e+00
3.270853368085202106e+01 1.556520469150227015e+00 2.005308273041837008e+00
3.256810317709971514e+01 1.548296858850492175e+00 1.992175212330921763e+00
3.251061092886352100e+01 1.543477283961713020e+00 1.997056576641351722e+00
3.251036377117691956e+01 1.548493461555745299e+00 2.011520918527839097e+00
3.257362490450725545e+01 1.573748483350559502e+00 2.024232687727497204e+00
3.294707455174583544e+01 1.651945805059992001e+00 2.087566844919785947e+00
3.294527142407765297e+01 1.654574664090235014e+00 2.097155439715993275e+00
3.264107648406956486e+01 1.593818810946838527e+00 2.024064171122994527e+00
3.274279872376758505e+01 1.618905316137150052e+00 2.049004628589403687e+00
3.324226508785332612e+01 1.695810677212061357e+00 2.159669482766368720e+00
3.336487776928953508e+01 1.701433514582303408e+00 2.170106277805239792e+00
3.303920257942749572e+01 1.609608816788747676e+00 2.087336538893632465e+00
3.251600907742776059e+01 1.495281535073922585e+00 1.982642789736215327e+00
3.244687794904057654e+01 1.485749112479216372e+00 1.972295870219745728e+00
3.300573518177324672e+01 1.622550892014559931e+00 2.080399272008268685e+00
3.391864018334606357e+01 1.795830899204601705e+00 2.247477868152608416e+00
3.477166561811890233e+01 1.925740349615782110e+00 2.390087853323147549e+00
3.548729946524063905e+01 1.965167617849278736e+00 2.438019592863883478e+00
3.510041904462319451e+01 1.858878578169235629e+00 2.328242259470633346e+00
3.429325259515570679e+01 1.656276681795712857e+00 2.164416033793196359e+00
3.355902574933716664e+01 1.536629892598750713e+00 2.041157372039724915e+00
3.275722374511301638e+01 1.394216510133465148e+00 1.898609176290837253e+00
3.206467105558800768e+01 1.289809239203702829e+00 1.795988181368804115e+00
3.156597986788298371e+01 1.227553588280231978e+00 1.708382015907967455e+00
3.109821147710421130e+01 1.152681660899653959e+00 1.626454860018873960e+00
3.062613467847031856e+01 1.076191974115849659e+00 1.562317440345122099e+00
3.043241360715409272e+01 1.055149867433604394e+00 1.544516469689479976e+00
3.064264368849143949e+01 1.102772659866085414e+00 1.604188199343908661e+00
3.121646519570395029e+01 1.208292140385565983e+00 1.701326787399451756e+00
3.203346739765424900e+01 1.353845548914753172e+00 1.859361659102143571e+00
3.284467824562980098e+01 1.500859434682964011e+00 1.981772120612951049e+00
3.375087628634341286e+01 1.680750909989664255e+00 2.159680717206668543e+00
3.444292904327506477e+01 1.841448344043499663e+00 2.320462409562755735e+00
3.473777131173324761e+01 1.928386060306475525e+00 2.393098683323596987e+00
3.457452927695142364e+01 1.912478092841414679e+00 2.342380802588415190e+00
3.469792836920864687e+01 1.965633847121736499e+00 2.391919067092077356e+00
3.504363456612591676e+01 2.056660899653979246e+00 2.469004179211791605e+00
3.460660922122859517e+01 1.978851166134903083e+00 2.382785467128027523e+00
3.411516986473733937e+01 1.866506763133060742e+00 2.261436660225587758e+00
3.417208915651822565e+01 1.850222441917943605e+00 2.260346919516469821e+00
3.458411225452748283e+01 1.884998651867163977e+00 2.306644047993529067e+00
3.488257762998247102e+01 1.930531838403810818e+00 2.362361254662292520e+00
3.521063452118815462e+01 1.994163708264054202e+00 2.425745966835932244e+00
3.553116995461286365e+01 2.053065878757920348e+00 2.485322203747809322e+00
3.546886936592819239e+01 2.065581045252325332e+00 2.469273805778996245e+00
3.552631667640318369e+01 2.096818406506987920e+00 2.498556374421426529e+00
3.605683503347863450e+01 2.241304543207657485e+00 2.608137105109423537e+00
3.679777445737653352e+01 2.421830764391318169e+00 2.775013481328360232e+00
3.767877926571698310e+01 2.643373927110951538e+00 2.966032669752392881e+00
3.858120253448973358e+01 2.868399766323641575e+00 3.167516739316047492e+00
3.907463600413427685e+01 2.997112748842852614e+00 3.272143081831663025e+00
3.885687323057565123e+01 2.944243472790185390e+00 3.215622612681436010e+00
3.818782299015862947e+01 2.767896463398193507e+00 3.081618208780838586e+00
3.728555700355008184e+01 2.559110007639419315e+00 2.907984316721341056e+00
3.686259717790859725e+01 2.430340852918707384e+00 2.777013211701793161e+00
3.687814564328404998e+01 2.418584011144564894e+00 2.795735406462049877e+00
3.746456657529321888e+01 2.571080303779265552e+00 2.934306610344672439e+00
3.817074102368219712e+01 2.733356176695277195e+00 3.091352851300948057e+00
3.795739900238169895e+01 2.680498135082910238e+00 3.034141464072259708e+00
3.741740439491304215e+01 2.547493596369029056e+00 2.914753067002202158e+00
3.718962050060665803e+01 2.472655372309351396e+00 2.853441109063946435e+00
3.729600503302925318e+01 2.513133060710915245e+00 2.900738102727721923e+00
3.768033523569855703e+01 2.611411944456927259e+00 2.978868017795353484e+00
3.800094369298521713e+01 2.706140745068080555e+00 3.058705567788612800e+00
3.788607154091582885e+01 2.688395946613939547e+00 3.035455893587381659e+00
3.752117130274569945e+01 2.602430009436929925e+00 2.937098368759268219e+00
3.730944704084842556e+01 2.556778861277131387e+00 2.878656810317710146e+00
3.772425066283197737e+01 2.665713611647867687e+00 2.971048847346425159e+00
3.831045814047543985e+01 2.820889318294162784e+00 3.105244236732125795e+00
3.871504965622612815e+01 2.898356401384083014e+00 3.187109603199568486e+00
3.867622904776884241e+01 2.870023142947018435e+00 3.162843212151170480e+00
3.844405248730507907e+01 2.793791848290118285e+00 3.101767177459219038e+00
3.829703860153686890e+01 2.745472520559025575e+00 3.066625848200242643e+00
3.811852334516694185e+01 2.688637487080393740e+00 3.009038107221498226e+00
3.805157731541814314e+01 2.664741832561901891e+00 2.990821462274749543e+00
3.818233496607199129e+01 2.698692311149058387e+00 3.015891115804610667e+00
3.860440165370961552e+01 2.826017840291196848e+00 3.107867478542218898e+00
3.961755718330113041e+01 3.050408933626926888e+00 3.272581225003370342e+00
4.043107109153822165e+01 3.285169415359726841e+00 3.453697254302790842e+00
4.146729092706601705e+01 3.544623196872331850e+00 3.682711319822046470e+00
4.208681975463982639e+01 3.710398597941850340e+00 3.808632543926661729e+00
4.187996000539253316e+01 3.665932683233721345e+00 3.772182402372713739e+00
4.096453287197231674e+01 3.449826989619376949e+00 3.599306835033478702e+00
3.976995236597312555e+01 3.135565991102323480e+00 3.344212016357344996e+00
3.901686851211072593e+01 2.964628364714870123e+00 3.200787534265042922e+00
3.925945939873275847e+01 3.011689435132341774e+00 3.235282883206758608e+00
3.980199860692940206e+01 3.161933222486855488e+00 3.349363007234979595e+00
4.013757695591605312e+01 3.273861951197591491e+00 3.427672673347413657e+00
4.054312901631240607e+01 3.334937985889542933e+00 3.506257583247202714e+00
4.076453174852829164e+01 3.404445468026783050e+00 3.561452388442007955e+00
4.052152518761515410e+01 3.339959780703725123e+00 3.506729429739810389e+00
3.998800723497955545e+01 3.243006560913135328e+00 3.396733024760706598e+00
3.980866624724756520e+01 3.195703950029209484e+00 3.359075180874488975e+00
3.986595627555835364e+01 3.215819215386689578e+00 3.391346110636768163e+00
4.002986675953803797e+01 3.278007459668359491e+00 3.399805644182806841e+00
3.993499752842313200e+01 3.247725025839212520e+00 3.371483620186042529e+00
3.974733182042870538e+01 3.203753426504291735e+00 3.325545993798589173e+00
3.983851053790500174e+01 3.209308857232732848e+00 3.346947602570439884e+00
3.977515391183211335e+01 3.187693794095178390e+00 3.339409293129016465e+00
3.929187075899878323e+01 3.075046061205230608e+00 3.247326203208556361e+00
3.958962836471486924e+01 3.117175212330921763e+00 3.323456387902754550e+00
4.024742731317125788e+01 3.276591920190536023e+00 3.450141553947782214e+00
4.006606974340538585e+01 3.241523614793511143e+00 3.388520648901271581e+00
3.864590167617848948e+01 2.920207387767941309e+00 3.110692940277715479e+00
3.684227407540556243e+01 2.476739091358468592e+00 2.739653080483530179e+00
3.521245450051678461e+01 2.085640138408304534e+00 2.420381521592594343e+00
3.485733945984811299e+01 1.985513189232912312e+00 2.339836201860423515e+00
3.552148586707410516e+01 2.150142677391812196e+00 2.485170538803756823e+00
3.649917426863793679e+01 2.383077562575832253e+00 2.689642969487260338e+00
3.709107760751359706e+01 2.578068125645980313e+00 2.799004628589403687e+00
3.715842807711320006e+01 2.603834314474452682e+00 2.836707410236821936e+00
3.659806542938030560e+01 2.478008583112389474e+00 2.724110232328225578e+00
3.608425268503123107e+01 2.367001078506268730e+00 2.630943018918797449e+00
3.589956410371635087e+01 2.322877814227295001e+00 2.576472835123354344e+00
3.613890823709162703e+01 2.372191389924954041e+00 2.623140700130319303e+00
3.643078461331056417e+01 2.441687637621893892e+00 2.690412528647822654e+00
3.665980429604996971e+01 2.497652001977261449e+00 2.732075450501056046e+00
3.713440884375140172e+01 2.625921224104615259e+00 2.824371994787219897e+00
3.799928661304093680e+01 2.833719049116973032e+00 3.001657079944277218e+00
3.879954949894396066e+01 3.042112299465240532e+00 3.135549139441872857e+00
3.907109153821956937e+01 3.111664719363681275e+00 3.204169100795398517e+00
3.934620612951062668e+01 3.175566215791129299e+00 3.267385296364535119e+00
3.961006381162090406e+01 3.265643958118006562e+00 3.331348582213633946e+00
3.935259852604143305e+01 3.177667056127263745e+00 3.245798319327731107e+00
3.836768637936457793e+01 2.922122859839122899e+00 3.037129825192109056e+00
3.726567204421876056e+01 2.642042645935379408e+00 2.834561632139486864e+00
3.656745157956230940e+01 2.478688266750550540e+00 2.705202669303015117e+00
3.646580236372624029e+01 2.456910304228643316e+00 2.667881858625803293e+00
3.652127802992854555e+01 2.482654024176515595e+00 2.683626926706511373e+00
3.647906462050060838e+01 2.464111580461061379e+00 2.673476609895295120e+00
3.648424931469914156e+01 2.460162674695546503e+00 2.685306475531389125e+00
3.665030557677616230e+01 2.507291151754819758e+00 2.710572731766503374e+00
3.688643666022558421e+01 2.562867927919830979e+00 2.744315373208106923e+00
3.694741720217498937e+01 2.580601491933671721e+00 2.767829056756392347e+00
3.728941603379319503e+01 2.658635914258751676e+00 2.842672898036219920e+00
3.767090954028670069e+01 2.757493371680222793e+00 2.938862175886397310e+00
3.789157079944277484e+01 2.809991911202983861e+00 2.984951467217903165e+00
3.830002696265672313e+01 2.878336628769154526e+00 3.003847795802812914e+00
3.788720060216599705e+01 2.801043679503887329e+00 2.941535972677841393e+00
3.697919943378420982e+01 2.578495034377387363e+00 2.757819170448928325e+00
3.615631600233676579e+01 2.384504336493955989e+00 2.612996000539252961e+00
3.573216532602345552e+01 2.289258751628993949e+00 2.524777558082056395e+00
3.569743967105559079e+01 2.284714420527569345e+00 2.515099087763447816e+00
3.602594593987327443e+01 2.384622298117107686e+00 2.605513863299330435e+00
3.665340066507886263e+01 2.571984676223430633e+00 2.725121331955242088e+00
3.703628162494944576e+01 2.690519255830674528e+00 2.823226081876601068e+00
3.709244820923021280e+01 2.699119219880465437e+00 2.826691906709207558e+00
3.676605401518896343e+01 2.631471037612906017e+00 2.724273131712577900e+00
3.609936862445513128e+01 2.469768121152204010e+00 2.616371949849458645e+00
3.501862670201770555e+01 2.203028805104929599e+00 2.389020581494630147e+00
3.372480676762683771e+01 1.898923740619242295e+00 2.121579112928593691e+00
3.288663888015098991e+01 1.704854401653709717e+00 1.980070102907473206e+00
3.305839100346020842e+01 1.743293039140789924e+00 2.009234709926751350e+00
3.356117152743450305e+01 1.829258976317799767e+00 2.104339864287961159e+00
3.362879724082146282e+01 1.858277535613175768e+00 2.106204781377791768e+00
3.378714105963241110e+01 1.897480115040668602e+00 2.141531478901721020e+00
3.396117939154271426e+01 1.936463622882308000e+00 2.172398103626477450e+00
3.381506426099851836e+01 1.908877454725205647e+00 2.108490989978879071e+00
3.308830831797959604e+01 1.753111939963150956e+00 1.989456477778277055e+00
3.208139351997483146e+01 1.523098009257178864e+00 1.807217004448838260e+00
3.116848290118186426e+01 1.346430818316631361e+00 1.660096391497775548e+00
3.048620972453152334e+01 1.231058733653889403e+00 1.552846807172066690e+00
3.026167258347189204e+01 1.182419224374241740e+00 1.509633532557407953e+00
3.063948681076708880e+01 1.248112614029569079e+00 1.571192648182267559e+00
3.154966746056711457e+01 1.429071361164786724e+00 1.715594526580685786e+00
3.252293510987282588e+01 1.638368983957219305e+00 1.888604907203523142e+00
3.373663663326293261e+01 1.921673482227115537e+00 2.130302655821687097e+00
3.472313283602210987e+01 2.172235204242124684e+00 2.343161596189277773e+00
3.448217094324360943e+01 2.125112344403001785e+00 2.282478766907832579e+00
3.373028355727317518e+01 1.965403541095582574e+00 2.159613310564867827e+00
3.323168786231070015e+01 1.852722104884734655e+00 2.051167258347188938e+00
3.248508628050150548e+01 1.706387902754684660e+00 1.917303284950343745e+00
3.175688109468386244e+01 1.569619826540241680e+00 1.818794095178178249e+00
3.155557677616501167e+01 1.524097874443895106e+00 1.768008807801195292e+00
3.173522109378510692e+01 1.550234799802273855e+00 1.787337662337662447e+00
3.244051925583067231e+01 1.710370511841100116e+00 1.898283377522131943e+00
3.355379050015728382e+01 1.961522041971868857e+00 2.116023682200152578e+00
3.444431087943198833e+01 2.169235608681975513e+00 2.284338066777513276e+00
3.481654720711814122e+01 2.271008403361344463e+00 2.353873635015503396e+00
3.514815979867883300e+01 2.349301217813328346e+00 2.423942839167752883e+00
3.514893497505953945e+01 2.350497685705298156e+00 2.444473778816339316e+00
3.465640026063901757e+01 2.249320316361838934e+00 2.350913359996404939e+00
3.422631218262706199e+01 2.147435177279467755e+00 2.253010830000449438e+00
3.399456814811485827e+01 2.081432840515885285e+00 2.197052082865231792e+00
3.400998741742686349e+01 2.102564822720532245e+00 2.214195838763312718e+00
3.480643621084797701e+01 2.298015997842987268e+00 2.394935514312677149e+00
3.607816361838852970e+01 2.642295420842133424e+00 2.650665078865770852e+00
3.719254707230485479e+01 2.914432885453646538e+00 2.854328629847660892e+00
3.761149620275917727e+01 3.021058958342695444e+00 2.947052082865231792e+00
3.727994540062014295e+01 2.934997528423133772e+00 2.879111805149867642e+00
3.623832179930796116e+01 2.700585314339639442e+00 2.693900822361030123e+00
3.506796274659596691e+01 2.430071226351503189e+00 2.500219071585853658e+00
3.427127241270839875e+01 2.243416617984092198e+00 2.344886082775356151e+00
3.399629263470093576e+01 2.163635240192333775e+00 2.271924010245809367e+00
3.391468004314025109e+01 2.156484518941266249e+00 2.256549678695007444e+00
3.402714802498539370e+01 2.199546128611872486e+00 2.279984721161191885e+00
3.411160292994203047e+01 2.211100750460611941e+00 2.285006515975374075e+00
3.375908304498270240e+01 2.107687727497415953e+00 2.223278883746011569e+00
3.285951332404619762e+01 1.917696490360850214e+00 2.057818047004898343e+00
3.204488158899923889e+01 1.748736125466229252e+00 1.908006785601941369e+00
3.143391902215431699e+01 1.617882982069833275e+00 1.786208601087493797e+00
3.121796499348402421e+01 1.575832472026243547e+00 1.736608547162180383e+00
3.155306026153776955e+01 1.651597537410686156e+00 1.811328809598705902e+00
3.193749719138992660e+01 1.746107266435986238e+00 1.894373792297667780e+00
3.201568327865905417e+01 1.783793196422954308e+00 1.936559115624859606e+00
3.211127151395317725e+01 1.789331775490945020e+00 1.951916595515211350e+00
3.251294207522581559e+01 1.881802453601761460e+00 2.024154046645396221e+00
3.283056778861276825e+01 1.955904821821776940e+00 2.079674650608906550e+00
3.264474452882757305e+01 1.905091448344043537e+00 2.012655596998157659e+00
3.236415876511032508e+01 1.826495304003954434e+00 1.952736709657124869e+00
3.202476070642160266e+01 1.749421426324540452e+00 1.895463533006785495e+00
3.147118927785017917e+01 1.648064305936278284e+00 1.796375769559160673e+00
3.122117804340987846e+01 1.598863074641621251e+00 1.762206219386150075e+00
3.123543454815080977e+01 1.603626477328899513e+00 1.768587381476654841e+00
3.163366737069159385e+01 1.698720397249809055e+00 1.851784029119669217e+00
3.218320001797510344e+01 1.828860153687143386e+00 1.953450096616186515e+00
3.219944501864917186e+01 1.838628499528153437e+00 1.973666471936368128e+00
3.181131757515840519e+01 1.760700804385925577e+00 1.895075944816429159e+00
3.151694715319282736e+01 1.691923560868197507e+00 1.841414640722599305e+00
3.165254684761605120e+01 1.726160517683009044e+00 1.877831078955646493e+00
3.204053386060306252e+01 1.809980676762683593e+00 1.961881544061474747e+00
3.273401339145284084e+01 1.980873365388936325e+00 2.082219251336898225e+00
3.339257066462948842e+01 2.140587785916505670e+00 2.202798499078775674e+00
3.350947625039320599e+01 2.165163124073158585e+00 2.216313530759897343e+00
3.321516761784928207e+01 2.087752213184739247e+00 2.152838943063856370e+00
3.252495730912686156e+01 1.945855614973261982e+00 2.055537455623960952e+00
3.182242281939513617e+01 1.776614389071136557e+00 1.923622657619197485e+00
3.116890980991326998e+01 1.634976182986563664e+00 1.812806138498179953e+00
3.101450366242753631e+01 1.605648676582932532e+00 1.774013616141643768e+00
3.103727587291601253e+01 1.623561991641576441e+00 1.777749067541455119e+00
3.089086864692400880e+01 1.593071720666876301e+00 1.756358693209904231e+00
3.041693816564058750e+01 1.478368085201995141e+00 1.675476340268727826e+00
3.030212218577270633e+01 1.439794634431312614e+00 1.649187749966296579e+00
3.040277715364220512e+01 1.466189951916595513e+00 1.664191344987192789e+00
3.048404147755358906e+01 1.487630881229497160e+00 1.657141733698827224e+00
3.061381611468116759e+01 1.519873724891025901e+00 1.683980811575967351e+00
3.037544376039185678e+01 1.472335190760796220e+00 1.635375005617220046e+00
2.927791758414595691e+01 1.267722329573540696e+00 1.468414371096032012e+00
2.789648024985395125e+01 1.030821686963555583e+00 1.252106457556284580e+00
2.731458679728575945e+01 9.486192872871073156e-01 1.184306610344672661e+00
2.757411921988046544e+01 9.908944861367007251e-01 1.229991461825371779e+00
2.823483912281490049e+01 1.116843796342066319e+00 1.336100750460612163e+00
2.914749696670111945e+01 1.269963600413427374e+00 1.478328764660944650e+00
3.040852356985574900e+01 1.536877050285354818e+00 1.691283197771087154e+00
3.148789489057655189e+01 1.766902215431627177e+00 1.876842448209230296e+00
3.179470183795443461e+01 1.848778816339369913e+00 1.937547746371275803e+00
3.175701590796746387e+01 1.852239023951826713e+00 1.941024805644182782e+00
3.174636004134274003e+01 1.852154765649575374e+00 1.939114950793151548e+00
3.159244259201006599e+01 1.822478991596638620e+00 1.912478092841414679e+00
3.138607715813598276e+01 1.750415674291106782e+00 1.872944097425066179e+00
3.153129353345616437e+01 1.786320945490495582e+00 1.898008133734777392e+00
3.224569720936502648e+01 1.939974385476115559e+00 2.028894980452073948e+00
3.254985282883206565e+01 2.008116883116882967e+00 2.079163483575248161e+00
3.262230935154810396e+01 2.036292859389745136e+00 2.105322877814227223e+00
3.281551925583067231e+01 2.079023053071495930e+00 2.107030512739855421e+00
3.271069631060980498e+01 2.045364669932144164e+00 2.094931020536556776e+00
3.242730193681750706e+01 1.993371680222891351e+00 2.047106008178672720e+00
3.208928571428571530e+01 1.921240956275558354e+00 1.960825506673257612e+00
3.156396328584909838e+01 1.820625308947108278e+00 1.895553408529186967e+00
3.118247539657574308e+01 1.726182986563609356e+00 1.829303914079000615e+00
3.116004021929627399e+01 1.723301352626612104e+00 1.826338021839752024e+00
3.110932233856109264e+01 1.717790859659371838e+00 1.812480339729474643e+00
3.075717319013166673e+01 1.633352806363187026e+00 1.748539522760976128e+00
3.047317215656315881e+01 1.574186626522266597e+00 1.715173235069428870e+00
3.050065721475755964e+01 1.586117602121062342e+00 1.712769064845189426e+00
3.050188738597043070e+01 1.607137239922707073e+00 1.725857187794904046e+00
3.071800993124522705e+01 1.653984855974475421e+00 1.766475306700220127e+00
3.138942502134543489e+01 1.789432885453646760e+00 1.881931649665213646e+00
3.140035613175751550e+01 1.797285759223475443e+00 1.877791758414595780e+00
3.050677436750101279e+01 1.615102458095537763e+00 1.723233945984810944e+00
2.984315036174897884e+01 1.490675414550847178e+00 1.605749786545634272e+00
3.005425111220958811e+01 1.529276951422280151e+00 1.655608232597852059e+00
3.086731564283467222e+01 1.706314878892733589e+00 1.794319866984226852e+00
3.204630274569721138e+01 1.978991596638655537e+00 1.988243158225857288e+00
3.292843099806767526e+01 2.165668673886667062e+00 2.143300903249000022e+00
3.305993573900148164e+01 2.172853098458634946e+00 2.178065878757920348e+00
3.260867074102367980e+01 2.073579966746056602e+00 2.101772794679368950e+00
3.232287781422729722e+01 2.002887251157147386e+00 2.037393834539163340e+00
3.247598076663820876e+01 2.047763222936233252e+00 2.067648182267559420e+00
3.297545274794409664e+01 2.148114860917629265e+00 2.158186536646744091e+00
3.330285804161236740e+01 2.231626072889048462e+00 2.233378645575877286e+00
3.404601626746955390e+01 2.403996090414775466e+00 2.384251561587201529e+00
3.563779041028175953e+01 2.767390913584685030e+00 2.652867029164606816e+00
3.724963488069024464e+01 3.163500426908731455e+00 2.915472071181413938e+00
3.859708241585403954e+01 3.455753156877724219e+00 3.118669392890846215e+00
3.922200377477194166e+01 3.593043634566126077e+00 3.220874713521772126e+00
3.895798881049746143e+01 3.514262121961083896e+00 3.199523659731272396e+00
3.817577405293668136e+01 3.348587830854266922e+00 3.061396216240507062e+00
3.731902440120433084e+01 3.153395047858715827e+00 2.943108794319866828e+00
3.638895317485282987e+01 2.981631690109198818e+00 2.808621309486361461e+00
3.564499168651417449e+01 2.837505055498135142e+00 2.681554172471127373e+00
3.562149485462634146e+01 2.844751269491753831e+00 2.686109738012852244e+00
3.599593874983148112e+01 2.942715588909360580e+00 2.762689300319058017e+00
3.602895676987372298e+01 2.956764256504740729e+00 2.748151934570619570e+00
3.567743675010110849e+01 2.863383588729609297e+00 2.670538803756796753e+00
3.522002089605895492e+01 2.749134948096885633e+00 2.602688401563834297e+00
3.505527906349705347e+01 2.712246663371230770e+00 2.564912596054464533e+00
3.501527883880824987e+01 2.705539702512020916e+00 2.540196827394059387e+00
3.514448613670067090e+01 2.732873095762369253e+00 2.583747135217723478e+00
3.548146879072484694e+01 2.796971194895070401e+00 2.645632049611288394e+00
3.558379207297892322e+01 2.819513099357390029e+00 2.675712263515031886e+00
3.537025906619332005e+01 2.768879476924459571e+00 2.621264548600188871e+00
3.549370309621174613e+01 2.806840650698782191e+00 2.655332988810497508e+00
3.612554487035455963e+01 2.963853188334157007e+00 2.759251561587201529e+00
3.725221318473913357e+01 3.234681840650698970e+00 2.940755179076978365e+00
3.810941221408349122e+01 3.422049835977171828e+00 3.073495708443805263e+00
3.796051094234485390e+01 3.389104839796881485e+00 3.050066283197771178e+00
3.750214577809733640e+01 3.279951017840291083e+00 2.986423178897227526e+00
3.730636880420617274e+01 3.242849278748932917e+00 2.948546263425156244e+00
3.713976767177459237e+01 3.202495169190671120e+00 2.913635240192333775e+00
3.661405765514761868e+01 3.081241855030782517e+00 2.830028535478362528e+00
3.604697119489507173e+01 2.957837145553408487e+00 2.717139262121960996e+00
3.582528198445153578e+01 2.896075810003145623e+00 2.655411629892598935e+00
3.554839235159304422e+01 2.840021570125376371e+00 2.606530580146497300e+00
3.569324360760347048e+01 2.874292230261088488e+00 2.651378465824832720e+00
3.615115377701882693e+01 2.971335325574079977e+00 2.744101918842403176e+00
3.635781130634072156e+01 3.009420078191704651e+00 2.764531748528288535e+00
3.678918572776704110e+01 3.060379499393340197e+00 2.815586662472475687e+00
3.724516919067092147e+01 3.198400215701253657e+00 2.898491214667685334e+00
3.741335999640497789e+01 3.233373028355727374e+00 2.911506313755448883e+00
3.700842583022513566e+01 3.142851525636992882e+00 2.851250393205410294e+00
3.683709499842717605e+01 3.106968723318204173e+00 2.841976362737608230e+00
3.681940637217454082e+01 3.112625264009347248e+00 2.851812115220419663e+00
3.640437244416483509e+01 3.016559565002471466e+00 2.757088931829416278e+00
3.623346852109828120e+01 2.979682514717116870e+00 2.736462499438277796e+00
3.686860760346919363e+01 3.128679279198310237e+00 2.855193681750775259e+00
3.737897699186626710e+01 3.228727587291601253e+00 2.941760661483844963e+00
3.758137105109423715e+01 3.275299959556015050e+00 2.989434008897676520e+00
3.762357884330202751e+01 3.305093695232103723e+00 2.992186446771222030e+00
3.726772232957353737e+01 3.218155978969127862e+00 2.917982968588504811e+00
3.679502763672314103e+01 3.133116883116882967e+00 2.842768390778771526e+00
3.641939850806632961e+01 3.039741832561901891e+00 2.768418864872152163e+00
3.619631622702556939e+01 2.977008717925672787e+00 2.733041612366871931e+00
3.613965532737159236e+01 2.979339864287961159e+00 2.748595694962476799e+00
3.647768840156383163e+01 3.062806138498180175e+00 2.814480070102907572e+00
3.685481171078056661e+01 3.148165415898979802e+00 2.894227744573765193e+00
3.705457129375814418e+01 3.195130993573900291e+00 2.923611423178897439e+00
3.702489551970521120e+01 3.181408124747225230e+00 2.902288455489147712e+00
3.681088504920684557e+01 3.106766503392801138e+00 2.843650294342336071e+00
3.666533164067766393e+01 3.061648991147261079e+00 2.818518851390823698e+00
3.656584505459937873e+01 3.035394104165730411e+00 2.782624814631735166e+00
3.688723992270705310e+01 3.115203568058239281e+00 2.871264548600188871e+00
3.769252460342426048e+01 3.308834763852064764e+00 3.001342515615871953e+00
3.813634678470318562e+01 3.404900462858940546e+00 3.086449018109917564e+00
3.827470453422010621e+01 3.452388442007819247e+00 3.092481912551116707e+00
3.843796903788253161e+01 3.495528692760526468e+00 3.133616815710241532e+00
3.847887925223565020e+01 3.516357345077068430e+00 3.113153282703455815e+00
3.797029052262616489e+01 3.409090909090909172e+00 3.011453511886037937e+00
3.774610726643598468e+01 3.356446321844245517e+00 2.986704039904731989e+00
3.787991506763133032e+01 3.413697029613984579e+00 3.017638071271289135e+00
3.787558980811576248e+01 3.421611692805464511e+00 3.017851525636992882e+00
3.765665303554576582e+01 3.387970161326562923e+00 2.989310430054374912e+00
3.747508762863434129e+01 3.332224868557048580e+00 2.930683503347863095e+00
3.724743854761155859e+01 3.265655192558306830e+00 2.893660405338605912e+00
3.707328225407810152e+01 3.232766368579517380e+00 2.872258796566755201e+00
3.734643643553678061e+01 3.294550173010380778e+00 2.931087943198670054e+00
3.798770952231159725e+01 3.431801330157731478e+00 3.017525726868287350e+00
3.832662450006740329e+01 3.510262661214218483e+00 3.075349391093335605e+00
3.843746910528917482e+01 3.544920909540286491e+00 3.089740709117871909e+00
3.852987237675819188e+01 3.576360490720352114e+00 3.108075315687772289e+00
3.829308969577135713e+01 3.515391183211252546e+00 3.061828742192064023e+00
3.813494809688581455e+01 3.487484833505594573e+00 3.043589628364714805e+00
3.808466274210218927e+01 3.472818271693704162e+00 3.046589223924863976e+00
3.792263402687277818e+01 3.431054239877769252e+00 3.013161146811665692e+00
3.767763897002651419e+01 3.365574304588145438e+00 2.980963240911338019e+00
3.793192490900103309e+01 3.431026153777018806e+00 3.041151754819575004e+00
3.818049251786275988e+01 3.488720621938615096e+00 3.063575697658742492e+00
3.808688716128162355e+01 3.478559070687098576e+00 3.048369882712443246e+00
3.778552330022917971e+01 3.420488248775446216e+00 3.004870129870129691e+00
3.703320900552734685e+01 3.280288051049296882e+00 2.895221992540331524e+00
3.635785062688177049e+01 3.135908641531478747e+00 2.798819260324450831e+00
3.636146249943827513e+01 3.133768480654293587e+00 2.792713342021300615e+00
3.678951714375590143e+01 3.226896373522671002e+00 2.858901047049835942e+00
3.712149485462634146e+01 3.299055183570754668e+00 2.908546038736349981e+00
3.723126657079944124e+01 3.317822316092212453e+00 2.936210847975553762e+00
3.720427582797825039e+01 3.322046465645081437e+00 2.920078191704489345e+00
3.721686963555475813e+01 3.337285983912281484e+00 2.924734867208915734e+00
3.739969329977980550e+01 3.352682784343683942e+00 2.945597222846357610e+00
3.730576214442996275e+01 3.360063811620904950e+00 2.932666382060845844e+00
3.719301891879746336e+01 3.341212420797195826e+00 2.914427268233496626e+00
3.688884083044982987e+01 3.269295151215566353e+00 2.872505954253359306e+00
3.666417449332674039e+01 3.199102368220015258e+00 2.838870039994607630e+00
3.677811418685121225e+01 3.223812519660270492e+00 2.850885273895654493e+00
3.698133397744124551e+01 3.272929492652675965e+00 2.893576147036354573e+00
3.686002449107985512e+01 3.261004134274030353e+00 2.866624724756212661e+00
3.664967083089920408e+01 3.221065699006875338e+00 2.846773468745787294e+00
3.658479755538579070e+01 3.217566170853368046e+00 2.851879521862220823e+00
3.660650249404574907e+01 3.239119444569271700e+00 2.841010200871792346e+00
3.669344582752886907e+01 3.273738372354289439e+00 2.850188738597043248e+00
3.724661843346964218e+01 3.384886307464161970e+00 2.929009571743135698e+00
3.811729879117422115e+01 3.557166449467487723e+00 3.051054913944187152e+00
3.855603177099716561e+01 3.648322698063182656e+00 3.130280186941086562e+00
3.860703612996000800e+01 3.636813013975643827e+00 3.132746146586977254e+00
3.841403968004313896e+01 3.595279288185862399e+00 3.079612861187255746e+00
3.824214712623017220e+01 3.537242169595110841e+00 3.051532377656945183e+00
3.795069204152249398e+01 3.467774007998921437e+00 3.016464072259919860e+00
3.758119691726957967e+01 3.377690648451894262e+00 2.957831528333258575e+00
3.759527928818586417e+01 3.387605042016806678e+00 2.966145014155394666e+00
3.769950119085066831e+01 3.395384891924684290e+00 2.981103671415090250e+00
3.761288927335640153e+01 3.389559834629038981e+00 2.978626477328899291e+00
3.776295330966610919e+01 3.429857771985799886e+00 3.008717925672943050e+00
3.817570102907473029e+01 3.537303959016761645e+00 3.067945894935514506e+00
3.833240461960185286e+01 3.591684267289803500e+00 3.092824562980272418e+00
3.855390284456028382e+01 3.637189367725699896e+00 3.121253314159888603e+00
3.903741630341976077e+01 3.739243023412573752e+00 3.210471621803801856e+00
3.952232283287646908e+01 3.834039230665528208e+00 3.274367501011099524e+00
3.965343998561991867e+01 3.850947063317305741e+00 3.280175706646295097e+00
3.924325933581989290e+01 3.753050150541500152e+00 3.215240641711230030e+00
3.846321282523704355e+01 3.591347234080798145e+00 3.124241675279737507e+00
3.750325237046690319e+01 3.404305037523030819e+00 2.975396575742596639e+00
3.701603716352851592e+01 3.289691277580550910e+00 2.904080348717026805e+00
3.707097919381656226e+01 3.327248011504067016e+00 2.904012942075225645e+00
3.748113175751583981e+01 3.440502404170224349e+00 2.975823484474003688e+00
3.809240888868916386e+01 3.573158675234799908e+00 3.060132341706736092e+00
3.833772974430414138e+01 3.604575787534264997e+00 3.094593987327551421e+00
3.841426436884914608e+01 3.610451399811261286e+00 3.082275423538399117e+00
3.842825124702287098e+01 3.605311643373926955e+00 3.101109962701658063e+00
3.843373365388936236e+01 3.616804475801015606e+00 3.084657124882038470e+00
3.834745876960409561e+01 3.601564957533815559e+00 3.065502404170224349e+00
3.833265177728845430e+01 3.613136431043005636e+00 3.060548015997842874e+00
3.839007661888284417e+01 3.612383723542893055e+00 3.084078551206578922e+00
3.824891587651103464e+01 3.579230890217049321e+00 3.067642565047409509e+00
3.793766009077427981e+01 3.528153507392261634e+00 3.026024580955376742e+00
3.789349188873410412e+01 3.524693299779805056e+00 3.019081696849863050e+00
3.800902125556104494e+01 3.540191210173909031e+00 3.019929897092526794e+00
3.802901294207522653e+01 3.537270255695861287e+00 3.032467532467532312e+00
3.831481148609176302e+01 3.601199838224059757e+00 3.079601626746955478e+00
3.853420325349391362e+01 3.645295016402283039e+00 3.109766098952950308e+00
3.825987507302386348e+01 3.586656855255470955e+00 3.055037523030602831e+00
3.778132161955691259e+01 3.510448029479171339e+00 3.005488024086639953e+00
3.768321125241540415e+01 3.510953579292679816e+00 2.974913494809688697e+00
3.799546690333887256e+01 3.582691097829506344e+00 3.034658248326068453e+00
3.824997191389925177e+01 3.628724216959510862e+00 3.065244012043319977e+00
3.829559497595829498e+01 3.628392800970655863e+00 3.062171392621219734e+00
3.810333999910124447e+01 3.600829101694153600e+00 3.020221992540331524e+00
3.790468700849323369e+01 3.536848964184604149e+00 3.011959061699545970e+00
3.794404125286478546e+01 3.556026153777018806e+00 3.018402013211701984e+00
3.820098413697029827e+01 3.599806767626836823e+00 3.057290028310789776e+00
3.803584348177773933e+01 3.578764660944591558e+00 3.037815126050420034e+00
3.757575383094414434e+01 3.495742147126230215e+00 2.963875657214757542e+00
3.716951085246932962e+01 3.411371500471846563e+00 2.903125421291511188e+00
3.712384846986923037e+01 3.384026872781197959e+00 2.896940861906259990e+00
3.707349009122365402e+01 3.361659102143531364e+00 2.883128117557183234e+00
3.671962207342830453e+01 3.280776749202354736e+00 2.813541994337842134e+00
3.594877656945131150e+01 3.129667909944726656e+00 2.723239563204961300e+00
3.561869186177144542e+01 3.059211117602121277e+00 2.652249134948096998e+00
3.577956904687008688e+01 3.119815305801465044e+00 2.682070956724936117e+00
3.603237203972498293e+01 3.193013301577315222e+00 2.720801689659821054e+00
3.642804902709747239e+01 3.258734777333393229e+00 2.800324675324675106e+00
3.673362018604233015e+01 3.329933042735810922e+00 2.852896238709387688e+00
3.664977755808205728e+01 3.313789152024446238e+00 2.822849728126544555e+00
3.621538668943513528e+01 3.221301622253179175e+00 2.747876690783265019e+00
3.577510897407091051e+01 3.126511032220374631e+00 2.687294971464521787e+00
3.555763829596009629e+01 3.065513638610524616e+00 2.629724082146227548e+00
3.543405945265806878e+01 3.010886172650878656e+00 2.602929942030288046e+00
3.513488630746416419e+01 2.935885049206848674e+00 2.556908057340583351e+00
3.480427919831033989e+01 2.857030512739855421e+00 2.511588325169640257e+00
3.466993214398058853e+01 2.840628229901586366e+00 2.488389205949759653e+00
3.463146542039275744e+01 2.843088572327326702e+00 2.493225632498988986e+00
3.458716240506898032e+01 2.838577944546802900e+00 2.508274165281085821e+00
3.446108951602030857e+01 2.806368804206174516e+00 2.488821731901316614e+00
3.453093964858670972e+01 2.812626387453377230e+00 2.499460746865591165e+00
3.475936390599020598e+01 2.864113827349121344e+00 2.537146676852559235e+00
3.470707320361299253e+01 2.856412618523345159e+00 2.530119534444793761e+00
3.438305509369523350e+01 2.796325214577809692e+00 2.460303105199299178e+00
3.432499550622387829e+01 2.773238439760931318e+00 2.439513773423807930e+00
3.453782636049071897e+01 2.847408214622747291e+00 2.494955736305217275e+00
3.465572619422100331e+01 2.895581494629937414e+00 2.510942344852379549e+00
3.477732215881005118e+01 2.915269851256010458e+00 2.529361209724531712e+00
3.480491394418729811e+01 2.877409787444389355e+00 2.536483844874848348e+00
3.455493641306789954e+01 2.810093021165685379e+00 2.497882308003415375e+00
3.433497730643059498e+01 2.758268548060935466e+00 2.461173774322563457e+00
3.456995685974924726e+01 2.823147440794499641e+00 2.501095357929267848e+00
3.513183615692265960e+01 2.963954298296858969e+00 2.619540062014110493e+00
3.552166561811890233e+01 3.090746191524738062e+00 2.692137015233901032e+00
3.552209814407046196e+01 3.116714600278613911e+00 2.695091673032849577e+00
3.519125511167033693e+01 3.049218082955106990e+00 2.636352401923335975e+00
3.470633734777333501e+01 2.928324270884824720e+00 2.549914618253718679e+00
3.412604480294791642e+01 2.789820473644002874e+00 2.466279827438996985e+00
3.405121781332854169e+01 2.761234440300184279e+00 2.440109198759717657e+00
3.434664427268233311e+01 2.821349930346470192e+00 2.491551700894261590e+00
3.465935491843796257e+01 2.884043724441648138e+00 2.566665168741293357e+00
3.474122028490540259e+01 2.910736754594886122e+00 2.572377881633936880e+00
3.482637172516065505e+01 2.929908326967150423e+00 2.571597088033074296e+00
3.491694378286074141e+01 2.952843436839976743e+00 2.596520693839032834e+00
3.508327528872511891e+01 3.000342650429155711e+00 2.607103536601806493e+00
3.492986338920594847e+01 2.979474677571563479e+00 2.574467487529771059e+00
3.435794611962432299e+01 2.843543567159484198e+00 2.489507032759628036e+00
3.425894823169909387e+01 2.839959780703725123e+00 2.454663416168606282e+00
3.444340088976767333e+01 2.889958657259695141e+00 2.492641441603379526e+00
3.409244259201006599e+01 2.795926391947153089e+00 2.426948051948051965e+00
3.372834561632139838e+01 2.703236642250482991e+00 2.374382105783489738e+00
3.363998674336044559e+01 2.694574888779040833e+00 2.378769154720711931e+00
3.350358940367591032e+01 2.640037298341796568e+00 2.348570979193816743e+00
3.337018604233136898e+01 2.612951062778052336e+00 2.334791938165640790e+00
3.335372197007145445e+01 2.608580865501280766e+00 2.345077068260459363e+00
3.332099042825686297e+01 2.592729070237720812e+00 2.342571788073517958e+00
3.312823551880645567e+01 2.519407495618568138e+00 2.281214892374062053e+00
3.267407203523120529e+01 2.438204961128836779e+00 2.197192513368984024e+00
3.266066373073293505e+01 2.428857906799083199e+00 2.219537815126050528e+00
3.302758055093695333e+01 2.530467802094099827e+00 2.293426728980362039e+00
3.332065339504785584e+01 2.589712623017121462e+00 2.363434143710960278e+00
3.357442254976857043e+01 2.653136655731811455e+00 2.385661483844874642e+00
3.368435716532602697e+01 2.667185323327192048e+00 2.411607423718150400e+00
3.372344740035051558e+01 2.666443850267379734e+00 2.387621893677256857e+00
3.364970453422010621e+01 2.636987147800296416e+00 2.362080393654788057e+00
3.365836628769154970e+01 2.637936458005662121e+00 2.372241944906304578e+00
3.388895317485282987e+01 2.689508156203658018e+00 2.423594571518446816e+00
3.422751988495932807e+01 2.755532961847840578e+00 2.476227924324810203e+00
3.458835325574079889e+01 2.866765155259964892e+00 2.513402687278119885e+00
3.476943558171932125e+01 2.895300633622432951e+00 2.564564328405158911e+00
3.447316653934301200e+01 2.838420662382600046e+00 2.484575113467847096e+00
3.402799060800791153e+01 2.744180559924504603e+00 2.425240417022423767e+00
3.373777692895340152e+01 2.668668269446816232e+00 2.380903698377746736e+00
3.368549746101648878e+01 2.666241630341976254e+00 2.378954522985664788e+00
3.373803532108030367e+01 2.662938704893722086e+00 2.377578304048892477e+00
3.364346380263335590e+01 2.645424212465735003e+00 2.360024491079854236e+00
3.348688940816968795e+01 2.614332898934975002e+00 2.339560958073068964e+00
3.342571788073518491e+01 2.594582752887251154e+00 2.315008088797016139e+00
3.359437491574169599e+01 2.645053475935828846e+00 2.365057520334337138e+00
3.378444479396036826e+01 2.685435671594841089e+00 2.421151080753156659e+00
3.393602547971060091e+01 2.718869365928189286e+00 2.424740484429065646e+00
3.394024962926346944e+01 2.715392306655282528e+00 2.421628544465914690e+00
3.386859636902889292e+01 2.702540106951871746e+00 2.406928279333123477e+00
3.384602076124567560e+01 2.691344987192738181e+00 2.408972947467757031e+00
3.359976182986563487e+01 2.638009481867613193e+00 2.377544600727991675e+00
3.326886824248416019e+01 2.580264458724666365e+00 2.322147575607783399e+00
3.308963959915516995e+01 2.552256999056306874e+00 2.310677212061295283e+00
3.315727654698243043e+01 2.586965802363726308e+00 2.334331326113332938e+00
3.325022468880600712e+01 2.604884734642519906e+00 2.365113692535838030e+00
3.321820653395047884e+01 2.585471621803801856e+00 2.364900238170134283e+00
3.309763852064889988e+01 2.562822990158630354e+00 2.338875657214757542e+00
3.293661528782636339e+01 2.528715229407271003e+00 2.313929582528198470e+00
3.298747921628544333e+01 2.536315328270345670e+00 2.319305262211836638e+00
3.306368804206174161e+01 2.566575293218891662e+00 2.342217903204062424e+00
3.298610299734867368e+01 2.540612501685166169e+00 2.321540915831573404e+00
3.297892980721700695e+01 2.568226755943018969e+00 2.322248685570484916e+00
3.306906372174537978e+01 2.592459443670516173e+00 2.338819485013256649e+00
3.307167572911517794e+01 2.596329708353929622e+00 2.342144879342111352e+00
3.339154271334201951e+01 2.649614658697703629e+00 2.398553004089336138e+00
3.399078214173369616e+01 2.757487754460072882e+00 2.487664584550397517e+00
3.414355929537590129e+01 2.784562755583516847e+00 2.520817417876241251e+00
3.396596526311058994e+01 2.759094279422999119e+00 2.482120388262256672e+00
3.367272951961533067e+01 2.697686828742192233e+00 2.432907922527299593e+00
3.347392486406327095e+01 2.667022423942839282e+00 2.398294611962432210e+00
3.335247494719813233e+01 2.662596054464566375e+00 2.396586977036804011e+00
3.326999730373432840e+01 2.670134363905990238e+00 2.373657484384128047e+00
3.380108300004494026e+01 2.797420572507077541e+00 2.488540870893812151e+00
3.472581225003370520e+01 3.029187075899878678e+00 2.654276951422279929e+00
3.525916730328494708e+01 3.178666921313979987e+00 2.765520379274704510e+00
3.553701186356895647e+01 3.254634206623825854e+00 2.815288949804520602e+00
3.534530737428661240e+01 3.202489551970520765e+00 2.776912101739091199e+00
3.533059587471352359e+01 3.184744753516379756e+00 2.774305711589448720e+00
3.520688783534804145e+01 3.125286478227654818e+00 2.750836965802363920e+00
3.512516851660450357e+01 3.119978205185817810e+00 2.742141509010020961e+00
3.513167887475845674e+01 3.133448299105738410e+00 2.764009347054329879e+00
3.526670561272637627e+01 3.173869815305801367e+00 2.794999550622387918e+00
3.528527052532243147e+01 3.170420842133645056e+00 2.802380577899608927e+00
3.523973172156563294e+01 3.171881319372668706e+00 2.821776839077877241e+00
3.540156383408978513e+01 3.207651777288455630e+00 2.834780703725340523e+00
3.503859030243113182e+01 3.099655102682784324e+00 2.751089740709117937e+00
3.460306475531388770e+01 2.975430279063496997e+00 2.678155754280321599e+00
3.448818698602435973e+01 2.943024536017615489e+00 2.658849368624454979e+00
3.444234485237945620e+01 2.919269312002875871e+00 2.633819035635644568e+00
3.430530714959780880e+01 2.891761784927874945e+00 2.624011369253583581e+00
3.416715162000629391e+01 2.862119714195838771e+00 2.604199433784208928e+00
3.396121871208376319e+01 2.804256729429739803e+00 2.545858985305351929e+00
3.378001842448209402e+01 2.746213993618837890e+00 2.503044533321349796e+00
3.377247449782051802e+01 2.750977396306116152e+00 2.510363771176920000e+00
3.398877679414011510e+01 2.820574753965757520e+00 2.578573675459488790e+00
3.422391924684312414e+01 2.866310160427807396e+00 2.626814362108479628e+00
3.427752999595560368e+01 2.895008538174628221e+00 2.623056441828067964e+00
3.440871455534085044e+01 2.921920639913719420e+00 2.638509414460971758e+00
3.468513795892688734e+01 2.987260144699591002e+00 2.701882892194310770e+00
3.483045544420976825e+01 2.996433065204691548e+00 2.715555206039635294e+00
3.436804026423403258e+01 2.865467577405293564e+00 2.590482182177683779e+00
3.414921583606705013e+01 2.794005302655821588e+00 2.546622927245764778e+00
3.425982451804251383e+01 2.793449197860962574e+00 2.561025479710600905e+00
3.411082775356131691e+01 2.762228688266750609e+00 2.536483844874848348e+00
3.396769536691682134e+01 2.732698961937716220e+00 2.496932997798049669e+00
3.428555138632993504e+01 2.821501595290522690e+00 2.557211387228688348e+00
3.468320001797510344e+01 2.916028175976272951e+00 2.645070327596279025e+00
3.465150204466813477e+01 2.919342335864827387e+00 2.639245270300633717e+00
3.459857659641397021e+01 2.892991956140745113e+00 2.618023412573585507e+00
3.430060553633217779e+01 2.844004179211791605e+00 2.566036040084482828e+00
3.373776007729294690e+01 2.717476295330966796e+00 2.478609625668449112e+00
3.345738776794139824e+01 2.664528378196198144e+00 2.422589089111580662e+00
3.357877589538489360e+01 2.716083224733743862e+00 2.447709297622792324e+00
3.366628095088302786e+01 2.741753920819664625e+00 2.468397519435581611e+00
3.387704466813463000e+01 2.766666292185323339e+00 2.515267604367950494e+00
3.427315418145867909e+01 2.837106232867478539e+00 2.581949624769694029e+00
3.472051521143216490e+01 2.923133959466139409e+00 2.647828382689974447e+00
3.483899923605805782e+01 2.945209634656001274e+00 2.652310924369747802e+00
3.493400889767671913e+01 2.966706736170404035e+00 2.686452388442007955e+00
3.528912393834539074e+01 3.069069338965532801e+00 2.750988630746416419e+00
3.569186738866669373e+01 3.161916370826405309e+00 2.816777513144295142e+00
3.578156316002336723e+01 3.190199074282119351e+00 2.834629038781288024e+00
3.540862467981845185e+01 3.107019278299555154e+00 2.771744259201006422e+00
3.485344672628409768e+01 3.005471172426189774e+00 2.683391003460207536e+00
3.460199748348536986e+01 2.948619287287107316e+00 2.621640902350244939e+00
3.424396148833864828e+01 2.861535523300229311e+00 2.559868332359681808e+00
3.426750887520783806e+01 2.867439221677976047e+00 2.582893317754909379e+00
3.480360513189232563e+01 2.981957488877903906e+00 2.679385925493191767e+00
3.504056194670381785e+01 3.042050510043589728e+00 2.710741248371006051e+00
3.483866220284905069e+01 2.993601986249045055e+00 2.665612501685166169e+00
3.446093223385611282e+01 2.900878533231474599e+00 2.611625398822630562e+00
3.418954747674470696e+01 2.845155709342560346e+00 2.563491439356491153e+00
3.362025906619332005e+01 2.717583022513818225e+00 2.449933716802228822e+00
3.294737788163394043e+01 2.555548690064261219e+00 2.341616860648002341e+00
3.278724778681526431e+01 2.505869995056846378e+00 2.307149597807037100e+00
3.260958073068799479e+01 2.453371455534085310e+00 2.273901271738641761e+00
3.239040241765155059e+01 2.393559295375904394e+00 2.242506628319777207e+00
3.263579629712847918e+01 2.434042600997618155e+00 2.296740888868916475e+00
3.288570080438592669e+01 2.504016312407316036e+00 2.336566979733069704e+00
3.263963285849099094e+01 2.452910843481777903e+00 2.299993259335820106e+00
3.245798881049746143e+01 2.417966116928054632e+00 2.265615872017256116e+00
3.252119938884644768e+01 2.434430189187974491e+00 2.267840291196692615e+00
3.281087943198669876e+01 2.468515481058733751e+00 2.311974789915966166e+00
3.247769963600413234e+01 2.418780613849818018e+00 2.259656001438008488e+00
3.236834359412213757e+01 2.419774861816384348e+00 2.245433200017975306e+00
3.274726441378690822e+01 2.496000539253134587e+00 2.313772300363996060e+00
3.302363164517143446e+01 2.573495708443805263e+00 2.350357255201545925e+00
3.295939873275513321e+01 2.550341526985125729e+00 2.333056217139262145e+00
3.295841010200872034e+01 2.548566485417696370e+00 2.337392711095133357e+00
3.299399519165955041e+01 2.547628409652630932e+00 2.334859344807441506e+00
3.273764211566980009e+01 2.492371815036174887e+00 2.312098368759268219e+00
3.273064867658293053e+01 2.500528018694108567e+00 2.311059183031501263e+00
3.282364175616771007e+01 2.532383274165280973e+00 2.329461196243203247e+00
3.268891834808789554e+01 2.500235923246303837e+00 2.299145059093155918e+00
3.255782928144520127e+01 2.467639194715319118e+00 2.277603019817552532e+00
3.272918258212375520e+01 2.513840830449827202e+00 2.317726823349660847e+00
3.273020491619107730e+01 2.513374601177369438e+00 2.321703815215925726e+00
3.229992585269401673e+01 2.426397564373342863e+00 2.243040264234035686e+00
3.218058239338515847e+01 2.403748932728171361e+00 2.213701523390104509e+00
3.257228800611153474e+01 2.483771850986383978e+00 2.289017211162539756e+00
3.292805464431761919e+01 2.550386464746326354e+00 2.354952141284321065e+00
3.320624747225092932e+01 2.604356715948411338e+00 2.403260234575113508e+00
3.356257021525187412e+01 2.681205904821821751e+00 2.467762773558621170e+00
3.399893834539163606e+01 2.755184694198534956e+00 2.520991551700894284e+00
3.396652698512560420e+01 2.767581899069788243e+00 2.512037702781647397e+00
3.369861367006695474e+01 2.724997753111940035e+00 2.451899743854760949e+00
3.364018896328585129e+01 2.709174043949130528e+00 2.456034017885229126e+00
3.375156158720172783e+01 2.746837505055498063e+00 2.479856648541769459e+00
3.410901339145284084e+01 2.813766683143845704e+00 2.555880106053116219e+00
3.461916370826405398e+01 2.931065474318069519e+00 2.609547027367096650e+00
3.465573742866130402e+01 2.928981485642385252e+00 2.632774232687727700e+00
3.457341145014155614e+01 2.908282029389295698e+00 2.609007774232687815e+00
3.463749269761380134e+01 2.916780883476385089e+00 2.625331415988855444e+00
3.475674066418010710e+01 2.953657933761740129e+00 2.616394418730058735e+00
3.458289893497506284e+01 2.940317035905271048e+00 2.597767716712353181e+00
3.469890014829461222e+01 2.972953084977306482e+00 2.622326203208556361e+00
3.476172313845324169e+01 2.983794319866984068e+00 2.646278029928549103e+00
3.437999370871343530e+01 2.895356805823933843e+00 2.583011279378061520e+00
3.378327079494899721e+01 2.783708938120702747e+00 2.503005212780299082e+00
3.369133936997258871e+01 2.765795623062059061e+00 2.468942389790140801e+00
3.381013234170673343e+01 2.793252595155709450e+00 2.501084123488967581e+00
3.390987170269177398e+01 2.814974385476115781e+00 2.537916236013121996e+00
3.390627668179570975e+01 2.826618882847256486e+00 2.543499752842313555e+00
3.370153462454500470e+01 2.773345166943782747e+00 2.493203163618388452e+00
3.320231541814586507e+01 2.679998202489552117e+00 2.432290028310789776e+00
3.286986024356266256e+01 2.585381746281400162e+00 2.353974744978205358e+00
3.269212578079360298e+01 2.555790230530714968e+00 2.335466004583651500e+00
3.281458679728575589e+01 2.575141553947782214e+00 2.345863479081472303e+00
3.284574551745831883e+01 2.597969936637756661e+00 2.358811171527434691e+00
3.273834426818855547e+01 2.586802902979373542e+00 2.338313935199748173e+00
3.286802341257358506e+01 2.611052442367321369e+00 2.366899968543567212e+00
3.292773446276906668e+01 2.642121287017480835e+00 2.372416078730957611e+00
3.298013189232912623e+01 2.645575877409787502e+00 2.392289803621983513e+00
3.369347391362962441e+01 2.788961038961038863e+00 2.483024760706421752e+00
3.395858985305351752e+01 2.838561092886352277e+00 2.526440255246483524e+00
3.308455039769918926e+01 2.683699950568462889e+00 2.430941895474767467e+00
3.186441715723722723e+01 2.444411989394688511e+00 2.238175751584055906e+00
3.093368871612816307e+01 2.272575607783220430e+00 2.100048308093290572e+00
3.055764953040039700e+01 2.178211926481822491e+00 2.033141598885543466e+00
3.065493978339999259e+01 2.201433514582303630e+00 2.059520064710376186e+00
3.087663461106367535e+01 2.258723542893092961e+00 2.083162944322114019e+00
3.087475284231339501e+01 2.273648496831887744e+00 2.084370646654383652e+00
3.100184244820923141e+01 2.294527704129780243e+00 2.076158270794949079e+00
3.077644025524648441e+01 2.258049476475081807e+00 2.035219970341077822e+00
3.036194558037118441e+01 2.166404529726329020e+00 1.980277940053026597e+00
3.038750954927425596e+01 2.160759223475486657e+00 1.971773468745787072e+00
3.091835370511840964e+01 2.270323102503033486e+00 2.068316631465420219e+00
3.136343976093111152e+01 2.349683188783534771e+00 2.153597267784118863e+00
3.115037298341796657e+01 2.306778861277131387e+00 2.105525097739630702e+00
3.107981508111265967e+01 2.295050105603738899e+00 2.108642654922931570e+00
3.154402777153642035e+01 2.394531074461870190e+00 2.201371725160652382e+00
3.185796858850492086e+01 2.465830449826989401e+00 2.244815305801465044e+00
3.166160742371814862e+01 2.442086460252550051e+00 2.214504785871568071e+00
3.126040309171797205e+01 2.368596369028895143e+00 2.128072619422100242e+00
3.084097649755089066e+01 2.276434638026333612e+00 2.043977216555071141e+00
3.029967869500741529e+01 2.182745023142946827e+00 1.981468790724846052e+00
3.017352154765649530e+01 2.139458724666337019e+00 1.958213499303464777e+00
3.028537163528513076e+01 2.171196018514357728e+00 1.984569496247696962e+00
3.032646160068305363e+01 2.185997393609850459e+00 1.993102053655686934e+00
3.018978339999101124e+01 2.158804430863254353e+00 1.974728126544735618e+00
3.014749134948096909e+01 2.148064305936278284e+00 1.956483395497236266e+00
3.012160719902934503e+01 2.144525457241720279e+00 1.965864153147890203e+00
3.006299712398328339e+01 2.122095897182402435e+00 1.948692311149058609e+00
2.994579382555161118e+01 2.100250528018694052e+00 1.937244416483170806e+00
2.976107154091583240e+01 2.089583426953669054e+00 1.919297398103626540e+00
2.985250303329888055e+01 2.089712623017121462e+00 1.928526490810227756e+00
2.999530962117467325e+01 2.121607199029344137e+00 1.950607783220239977e+00
3.015190648451894262e+01 2.138093740169864532e+00 1.975761695052352440e+00
3.033939244146856495e+01 2.172746371275783073e+00 2.015408034871702725e+00
3.010353098458634946e+01 2.141188828472565309e+00 1.972936233316856081e+00
2.974780928414146430e+01 2.053914079000584092e+00 1.904866759538039744e+00
2.978736574843841112e+01 2.069456927155889137e+00 1.898418190805734040e+00
3.022446411719768022e+01 2.169971464521637472e+00 1.997202624365254087e+00
3.054126971644272714e+01 2.234709926751449416e+00 2.043022289129555524e+00
3.072616051768300949e+01 2.253156877724351581e+00 2.067457196782456208e+00
3.083408978564687786e+01 2.301161641127039026e+00 2.094200781917044729e+00
3.078222599200107723e+01 2.275614523884419871e+00 2.066710106502493982e+00
3.042682447310475169e+01 2.201641351727857021e+00 1.995287152294072719e+00
3.034881813688042129e+01 2.199276502044668291e+00 1.986541140520379223e+00
3.053876443625578574e+01 2.226446995910663862e+00 2.031411495079315177e+00
3.060015503527614200e+01 2.252819844515346226e+00 2.032113647598076778e+00
3.018436839976632413e+01 2.143216644946748684e+00 1.975334786320945391e+00
2.981094683862849948e+01 2.076972767716712465e+00 1.895929762279243258e+00
2.993106547431806774e+01 2.102885004269087421e+00 1.922330696984676290e+00
3.023806902440120581e+01 2.172746371275783073e+00 1.973570979193816521e+00
3.043099245045611667e+01 2.220166943782860614e+00 2.000567339235159281e+00
3.067907697838493775e+01 2.297521682469779503e+00 2.051380712712892684e+00
3.103764099222576789e+01 2.371410596324091014e+00 2.108300004493776303e+00
3.104557812429784747e+01 2.374567474048443039e+00 2.113383588729609297e+00
3.086701231294657077e+01 2.336207477643463815e+00 2.071024131577764660e+00
3.109015076618882745e+01 2.391452837819620036e+00 2.121096031995686193e+00
3.152118815440614696e+01 2.481963106098054261e+00 2.194344582752887352e+00
3.129317395407360891e+01 2.415168741293308940e+00 2.135745742147126425e+00
3.092126342515615889e+01 2.337808385386240140e+00 2.086168157102413101e+00
3.122540219296274699e+01 2.399698916999954967e+00 2.119540062014110493e+00
3.138624567474048277e+01 2.433694333348312533e+00 2.138644227744573634e+00
3.115575428032175509e+01 2.387576955916056232e+00 2.098582213634116567e+00
3.106274434907652804e+01 2.393564912596054306e+00 2.105115040668673831e+00
3.099289421651013399e+01 2.377960275019098457e+00 2.094110906394643479e+00
3.039628364714869946e+01 2.245421965577675039e+00 2.012880285804161229e+00
2.957760751359367291e+01 2.076264997977800952e+00 1.892952635599694400e+00
2.928720846627421182e+01 2.004156742911068267e+00 1.840313665573181101e+00
2.986153552330022976e+01 2.098099132701208624e+00 1.902822091403406191e+00
3.018480092571788020e+01 2.193816564058778784e+00 1.986866939289084533e+00
3.012025906619332360e+01 2.179655552060396406e+00 1.978205185817642597e+00
3.021934682964094776e+01 2.211623151934570597e+00 1.996736395092796545e+00
3.051783467397654093e+01 2.277434503213049855e+00 2.029956635060441439e+00
3.043907001303195159e+01 2.273277760301981587e+00 2.018441333752752254e+00
3.054466251741338212e+01 2.295381521592594343e+00 2.013133060710915245e+00
3.097404282568642486e+01 2.384167303284950190e+00 2.099823619287287002e+00
3.115530490270974795e+01 2.411129960005392370e+00 2.125393205410506248e+00
3.099735990652945716e+01 2.375634745876960441e+00 2.100025839212690482e+00
3.135106502494045699e+01 2.455522850851570738e+00 2.154063497056576626e+00
3.195279288185862754e+01 2.587280366692131572e+00 2.247275648227205380e+00
3.213547611557991956e+01 2.632257448433918956e+00 2.273508066328135513e+00
3.164932818047005014e+01 2.544471531928279351e+00 2.203264728351233437e+00
3.135747427313171087e+01 2.473497955331865228e+00 2.149064171122994527e+00
3.144388397070057906e+01 2.497848604682514573e+00 2.169977081741787828e+00
3.154864512649979602e+01 2.531068844650159466e+00 2.194063721745382445e+00
3.141342740304677861e+01 2.510346919516469821e+00 2.162405068979463607e+00
3.124833168561542251e+01 2.460595200647103908e+00 2.125702152518761601e+00
3.106704152249135120e+01 2.437985889542983120e+00 2.091959511077158052e+00
3.066371949849458645e+01 2.359861591695501915e+00 2.031799083269671513e+00
3.021254437603918674e+01 2.265340628229901565e+00 1.966656181189053054e+00
3.054069675998741573e+01 2.335606435087403732e+00 2.030434098773199025e+00
3.092403271469015280e+01 2.441125915606884522e+00 2.124797780074596520e+00
3.094738349885408724e+01 2.433570754505010481e+00 2.114726104345481694e+00
3.060284568372803804e+01 2.377100840336134446e+00 2.048499078775895210e+00
3.050078079360086392e+01 2.356671010650249531e+00 2.023401339145283639e+00
3.068312137689300201e+01 2.383420213004987964e+00 2.047268907563025042e+00
3.101039185727767133e+01 2.434666112434278329e+00 2.090886622028490738e+00
3.136673145193906365e+01 2.495714061025479769e+00 2.142862760077293149e+00
3.151727856918168413e+01 2.528675908866220290e+00 2.165174358513458852e+00
3.140540039545229689e+01 2.489540736080528394e+00 2.147440794499618111e+00
3.097062193861501811e+01 2.442266211297352996e+00 2.062643239113827409e+00
3.085050892014559665e+01 2.405905945265806700e+00 2.053155754280321599e+00
3.089949669707455016e+01 2.414994607468655907e+00 2.069271558890935836e+00
3.087033209005527468e+01 2.405372309351548221e+00 2.069473778816339316e+00
3.097139711499573167e+01 2.424914618253718679e+00 2.093397519435581611e+00
3.141355098189008288e+01 2.510358153956770089e+00 2.161995011908506736e+00
3.156772120612951227e+01 2.537579202804116196e+00 2.161950074147306111e+00
3.118049251786275988e+01 2.446389250887520905e+00 2.106041881993439002e+00
3.091154001707634791e+01 2.386105244236732315e+00 2.059025749337167976e+00
3.079811710780568745e+01 2.358384262796027642e+00 2.049706781108165288e+00
3.063344829910573708e+01 2.344936637756707132e+00 2.036753471442052543e+00
3.041595515211432144e+01 2.313367860513189100e+00 2.003140026063901402e+00
3.039830022918258123e+01 2.331264323911382608e+00 1.997230710466004533e+00
3.041473059812160074e+01 2.338679054509504418e+00 2.005431851885139061e+00
3.027302498539522801e+01 2.299588819485013147e+00 1.978019817552689519e+00
3.001683480878982735e+01 2.241012447759852755e+00 1.944299644991686504e+00
3.011149058553902691e+01 2.254375814496921926e+00 1.966600008987552162e+00
3.058719049116972855e+01 2.365523749606794457e+00 2.040269851256010458e+00
3.088513908237091599e+01 2.424482092302161718e+00 2.093015548465375630e+00
3.077156450815620303e+01 2.399378735451399791e+00 2.066457331595739966e+00
3.042730755403765741e+01 2.320529816204556894e+00 2.003903968004313807e+00
3.014151462724127128e+01 2.270823035096391607e+00 1.958988675684177450e+00
3.007163640857412545e+01 2.268160472745247791e+00 1.936120972453152289e+00
3.027747382375410012e+01 2.314384577360355966e+00 1.978295061340044070e+00
3.009915517008942487e+01 2.278333258437064579e+00 1.949107985440165391e+00
2.969655215027187367e+01 2.172459893048128254e+00 1.890340628229901565e+00
2.923957443940143008e+01 2.066850537006246213e+00 1.828174852828831964e+00
2.915891677526625614e+01 2.059615557452927792e+00 1.819945625308947212e+00
2.980111108614568849e+01 2.177700759448164103e+00 1.885678335505325043e+00
3.045306250842583040e+01 2.339684536916371016e+00 1.992579652181728278e+00
3.108029254482541504e+01 2.466071990293443594e+00 2.071782456298027153e+00
3.157447310474992008e+01 2.563294836651238029e+00 2.168915427133420337e+00
3.212374735990653107e+01 2.677526625623511514e+00 2.250887520783714457e+00
3.234404349975284276e+01 2.704185952455848696e+00 2.259886307464161970e+00
3.228857906799083111e+01 2.687654473554127676e+00 2.268913180245360373e+00
3.205975037073653056e+01 2.649552869276052824e+00 2.218841279827438839e+00
3.153698377746820825e+01 2.574669707455174539e+00 2.172976677301936999e+00
3.052560890666427085e+01 2.389048667595380593e+00 2.045111895025389703e+00
2.988570642160607704e+01 2.257133869590616904e+00 1.950405563294836719e+00
2.971399361883791101e+01 2.206500247157686445e+00 1.907433829146631954e+00
2.963371230845279314e+01 2.183053970251202180e+00 1.894250213454365728e+00
2.972766031546308341e+01 2.197990158630297231e+00 1.912219700714510306e+00
2.961283871837505188e+01 2.165809104390419293e+00 1.883616815710241310e+00
2.957174875297712546e+01 2.157540556329483827e+00 1.898957443940142875e+00
3.010221655507122662e+01 2.290421516200062957e+00 1.978660180649800093e+00
3.056513166764031908e+01 2.398120478137779177e+00 2.048645126499797797e+00
3.042130274569720783e+01 2.370073697928369416e+00 2.036938839707005844e+00
3.015227160382869798e+01 2.312367995326472858e+00 1.996489237406192441e+00
3.026839077877140127e+01 2.341184334696445379e+00 2.015525996494854422e+00
3.045925830225138142e+01 2.382470902799622703e+00 2.048077787264638516e+00
3.037289915966386644e+01 2.355446456657529275e+00 2.028395047858715827e+00
3.036704039904731900e+01 2.376921089291331501e+00 2.032181054239877938e+00
3.067272390239518387e+01 2.440693389655327561e+00 2.084314474452882759e+00
3.100372983417966211e+01 2.517553812969037796e+00 2.127331146362288372e+00
3.091557318114411501e+01 2.489709252685031071e+00 2.097335190760796220e+00
3.093580640812474769e+01 2.482227115445108545e+00 2.097138588055543096e+00
3.120073697928369327e+01 2.532658517952635524e+00 2.122387992630207165e+00
3.123778816339369868e+01 2.552268233496607142e+00 2.146693704219655885e+00
3.106900193232373297e+01 2.526350379724082273e+00 2.103929807217004289e+00
3.130874488832966307e+01 2.566783130364445054e+00 2.127993978339999259e+00
3.170221992540331613e+01 2.654602750190985461e+00 2.203590527119938969e+00
3.178769716442726789e+01 2.662275872916011199e+00 2.215779894845638864e+00
3.159508268548060883e+01 2.617703231025030330e+00 2.176571698197995897e+00
3.158590414775535749e+01 2.600374106861996104e+00 2.191631465420392555e+00
3.167460567114546421e+01 2.623820383768480813e+00 2.201068395272547384e+00
3.139068327865905772e+01 2.536343414371096117e+00 2.148176650339280069e+00
3.106808070821911727e+01 2.464459848110367002e+00 2.092313395946614030e+00
3.121184784074057461e+01 2.505858760616546110e+00 2.121281400260639050e+00
3.130795286028850200e+01 2.531372174538264463e+00 2.120905046510582981e+00
3.097891857277670269e+01 2.450663955421740869e+00 2.053217543701972847e+00
3.070615197950838038e+01 2.407630431851885078e+00 2.028799487709522342e+00
3.047775019098548555e+01 2.396452163753201692e+00 2.009846986923111700e+00
3.026510470498359595e+01 2.349896643149238518e+00 1.981935019997303815e+00
3.041601694153597180e+01 2.370500606659776022e+00 1.992411135577225600e+00
3.089934503213049766e+01 2.483564013840830587e+00 2.056374421426324428e+00
3.122139711499573167e+01 2.549088886891655026e+00 2.093858131487889462e+00
3.117291488788028531e+01 2.517003325394328694e+00 2.064951916595515247e+00
3.125766750550487671e+01 2.530097065564193670e+00 2.084286388352132313e+00
3.152159821147710517e+01 2.583668494135622051e+00 2.121663371230845474e+00
3.172066125915607060e+01 2.623292365074371801e+00 2.148041837055677750e+00
3.162791533725789606e+01 2.595964589044173820e+00 2.122730643059362876e+00
3.124789354244371609e+01 2.508863973396845193e+00 2.045218622208241577e+00
3.083244955736305215e+01 2.420701703141149519e+00 1.988647598076663803e+00
3.073082842762773481e+01 2.400552734462769067e+00 1.982609086415314747e+00
3.090861344537815114e+01 2.452893991821327280e+00 2.016750550487574678e+00
3.095734844740034930e+01 2.471981305891340686e+00 2.027709747000404406e+00
3.101527883880824987e+01 2.500477463712758031e+00 2.034045971329708546e+00
3.130231878847795812e+01 2.544791713476834527e+00 2.085095268053745343e+00
3.143759830135262590e+01 2.546813912730867546e+00 2.061115355233002155e+00
3.102727160382869798e+01 2.462931964229542192e+00 2.007167572911517706e+00
3.093486271513953056e+01 2.467970610704174561e+00 2.030816069743405450e+00
3.120601716622477895e+01 2.517020177054779317e+00 2.073344043499752765e+00
3.164435132341706591e+01 2.592903204062373401e+00 2.131549678695007444e+00
3.163494809688581455e+01 2.578927560328944324e+00 2.123567608861726352e+00
3.152162629757785339e+01 2.552897362153417671e+00 2.109912146676852451e+00
3.136660225587561257e+01 2.518463802633352788e+00 2.085651372848604801e+00
3.100464544106412745e+01 2.444080573405833068e+00 2.039680043140250643e+00
3.070321417336988290e+01 2.389812609535792998e+00 1.993315508021390459e+00
3.077453601761560265e+01 2.407714690154136417e+00 2.014284590841684430e+00
3.117774007998921348e+01 2.500044937761200625e+00 2.077281714824967374e+00
3.149972475621264678e+01 2.567844784972812544e+00 2.117394283916775422e+00
3.138310003145643279e+01 2.539595784837999304e+00 2.079949894396261101e+00
3.118876668314384659e+01 2.491641576416662840e+00 2.050611153552329924e+00
3.120378712982519076e+01 2.503999460746865413e+00 2.058997663236417530e+00
3.110371635285130054e+01 2.484136970296139779e+00 2.041516874129330805e+00
3.079780254347728530e+01 2.433048353031051825e+00 2.008549409068440372e+00
3.058000044937761075e+01 2.410158180919426574e+00 1.976795263559969484e+00
3.068253718599739344e+01 2.428627600772929274e+00 1.999724756212645449e+00
3.068035208735900810e+01 2.413146542039275477e+00 1.989248640632723664e+00
3.058901047049835853e+01 2.408489866534849089e+00 1.993995191659551525e+00
3.065144587246663477e+01 2.408933626926706317e+00 1.992113422909270737e+00
3.098619287287107227e+01 2.485827753561317355e+00 2.044280546443176139e+00
3.138069586123219423e+01 2.563710510942344811e+00 2.113091493281804567e+00
3.190812474722509151e+01 2.644986069294027686e+00 2.174027097470004222e+00
3.211090077742326798e+01 2.694164831708084407e+00 2.214201455983463074e+00
3.158176425650474073e+01 2.557638295960095398e+00 2.126516649440524986e+00
3.107964656450815610e+01 2.475610030108299942e+00 2.055852019952365772e+00
3.109497595829775918e+01 2.479817328000719190e+00 2.052071630791354018e+00
3.101377904102817595e+01 2.470251202085111952e+00 2.041376443625578574e+00
3.099248977665932614e+01 2.449445018649170969e+00 2.026737967914438610e+00
3.145079315148519328e+01 2.548824877544600742e+00 2.117416752797375512e+00
3.184999775311193915e+01 2.650137060171662284e+00 2.180250977396306133e+00
3.144792836920864687e+01 2.554082595605086770e+00 2.109580730687997008e+00
3.060697995775850444e+01 2.390851795263559953e+00 1.990428256864243073e+00
3.055185817642565027e+01 2.373460881678874923e+00 1.977087359007774214e+00
3.100693726688536245e+01 2.448888913854311955e+00 2.038000494315373334e+00
3.113397631779984565e+01 2.444440075495438958e+00 2.033484249314699177e+00
3.124616905585763860e+01 2.473104749921358980e+00 2.065463083629173635e+00
3.157002426639104797e+01 2.541556194670381519e+00 2.107794454680267826e+00
3.184283579742057313e+01 2.607030512739855421e+00 2.149328180470048810e+00
3.162263515031681038e+01 2.569614209320091547e+00 2.118427852424392022e+00
3.115083359547027442e+01 2.457618073967554828e+00 2.046645396126364869e+00
3.095543859254932073e+01 2.418606480025164984e+00 2.018795218622208232e+00
3.121152204197186819e+01 2.473205859884060498e+00 2.064783399991012569e+00
3.131159281894575841e+01 2.512745472520558909e+00 2.064008223610299897e+00
3.086133330337482761e+01 2.400344897317215676e+00 1.990967509998651908e+00
3.063534130229631813e+01 2.347885678335505322e+00 1.952068260459263849e+00
3.081558104525232622e+01 2.393093066103446631e+00 1.983962836471486968e+00
3.070587673572102716e+01 2.357749516919067201e+00 1.949231564283467444e+00
3.037599986518671713e+01 2.296482496742012103e+00 1.898451894126634620e+00
3.011079966746056868e+01 2.250623511436660174e+00 1.864978879252235711e+00
2.994817552689524831e+01 2.219206399137195085e+00 1.841588774547252116e+00
2.968836224329303874e+01 2.160658113512784695e+00 1.813013975643733344e+00
2.959940794499618022e+01 2.141070866849413612e+00 1.804846537545499396e+00
2.971971194895070312e+01 2.179936413067900869e+00 1.843403136655731744e+00
2.977123870938749661e+01 2.198366512380353299e+00 1.863872286882667595e+00
2.993661528782635983e+01 2.248831618208780636e+00 1.863091493281804789e+00
3.004949332674246065e+01 2.271401608771851155e+00 1.899968543567159385e+00
3.002928818586257975e+01 2.244613085876061565e+00 1.856058733653889403e+00
2.968958118006560909e+01 2.191069743405383630e+00 1.814508156203658018e+00
2.949668584011144645e+01 2.158349436031096857e+00 1.789404799352896314e+00
2.930561047948591025e+01 2.120596099402327628e+00 1.756662023098009229e+00
2.923349660719902943e+01 2.110417696490360928e+00 1.765947288006111560e+00
2.942983530310520024e+01 2.147423942839167932e+00 1.797235204242124684e+00
2.983972385745742173e+01 2.244287287107356477e+00 1.856637307329348952e+00
3.014386262526400984e+01 2.307812429784747987e+00 1.906512605042016917e+00
3.029110119983822358e+01 2.348733878578169065e+00 1.938541994337842134e+00
3.005737990383319058e+01 2.301403181593493219e+00 1.905040893362692778e+00
2.970366355098189004e+01 2.223688940816968440e+00 1.855216150631375571e+00
2.952538983507841763e+01 2.182632678739945042e+00 1.812530894710825402e+00
2.951836830989079985e+01 2.192839167752662632e+00 1.810553633217993008e+00
2.961887723003640005e+01 2.221481373297982120e+00 1.812485956949624777e+00
2.974646676852559324e+01 2.239125061789421611e+00 1.836600683053970284e+00
2.991459578483799930e+01 2.266295555655417182e+00 1.874679818451444824e+00
2.997563811620905128e+01 2.289281220509594039e+00 1.863462229811710724e+00
3.008966768525592173e+01 2.311817507751763756e+00 1.889430638565586573e+00
3.064400867298791198e+01 2.430981216015818180e+00 1.967279692625713450e+00
3.132219813058913260e+01 2.568007684357165310e+00 2.076725610030108360e+00
3.162751089740709176e+01 2.650013481328360232e+00 2.120826405428481554e+00
3.201791893227879626e+01 2.723132836022109426e+00 2.177616501145912764e+00
3.243211589448613807e+01 2.815558576371725241e+00 2.221222981171078192e+00
3.240628791623601046e+01 2.817429110681705762e+00 2.206472161056935999e+00
3.179986406327236637e+01 2.705028535478362528e+00 2.126376218936772755e+00
3.094485013256639405e+01 2.507139486810767259e+00 2.035854716218037819e+00
3.016814586797285713e+01 2.361338920594975743e+00 1.915399047319462644e+00
2.996035366018065105e+01 2.305554307284411131e+00 1.870601716622477761e+00
3.029508380892464103e+01 2.376466094459174005e+00 1.925116838179121936e+00
3.102697950838089369e+01 2.517166224778681460e+00 2.010801914348627317e+00
3.180271761110861561e+01 2.675105603738821891e+00 2.119646789196962366e+00
3.202650204466813477e+01 2.743360445782591306e+00 2.159523435042466133e+00
3.215171549903384118e+01 2.781428346739765356e+00 2.194462544376039048e+00
3.213950366242753631e+01 2.781456432840515802e+00 2.171740888868916475e+00
3.201009414460971669e+01 2.751477328899474273e+00 2.170965712488203803e+00
3.176136925358378704e+01 2.694147980047634228e+00 2.112743225632498945e+00
3.156392396530804945e+01 2.656051992989709287e+00 2.098520424212465763e+00
3.142603806228373742e+01 2.618146991416887559e+00 2.075540376578438817e+00
3.156375544870354588e+01 2.662978025434772800e+00 2.102783894306385459e+00
3.202465397923875656e+01 2.782782096795937576e+00 2.180155484653754527e+00
3.240798993394149363e+01 2.867866130409383096e+00 2.234833505594751468e+00
3.234923381117152985e+01 2.850615647328450297e+00 2.215296813912730922e+00
3.235531726059407731e+01 2.865209185278389636e+00 2.214780029658922178e+00
3.262714577809733640e+01 2.912624140565316821e+00 2.240029434233586692e+00
3.276336898395722130e+01 2.932969711948950842e+00 2.264733968453691570e+00
3.282751763807127077e+01 2.948877679414011688e+00 2.278687143306520557e+00
3.290272098144070156e+01 2.980772255426234807e+00 2.293100930211656951e+00
3.275135936727632213e+01 2.958078686019862680e+00 2.271879072484608741e+00
3.224737114096975432e+01 2.865754055632948383e+00 2.206359816653934214e+00
3.151935694063721627e+01 2.721178043409877123e+00 2.116855030782366587e+00
3.116509010021120574e+01 2.651170628679279329e+00 2.069692850402192974e+00
3.107313058913404902e+01 2.636167033658383119e+00 2.052037927470453216e+00
3.079447714914843104e+01 2.570659012268008858e+00 2.018396395991551628e+00
3.032256324989889151e+01 2.492074102368219801e+00 1.972840740574304697e+00
3.020917966116928000e+01 2.466970745517458319e+00 1.964150901002112093e+00
3.046631353075989779e+01 2.526120073697928348e+00 2.005106053116433529e+00
3.080633510088527416e+01 2.585224464117197751e+00 2.033776344762503907e+00
3.123886105244236688e+01 2.665528243382914830e+00 2.095312991506763201e+00
3.179517368444703962e+01 2.769564777782770992e+00 2.174527030063362343e+00
3.232605154361209543e+01 2.870421965577675039e+00 2.233041612366871931e+00
3.285744056981081229e+01 2.940968633442681668e+00 2.265464207073203617e+00
3.318039702512020739e+01 3.027507527075000926e+00 2.341628095088302608e+00
3.409975621264548806e+01 3.212471352177234341e+00 2.460488473464252035e+00
3.489839572192513373e+01 3.360153687143306644e+00 2.548925987507302260e+00
3.471558329214038707e+01 3.332685480609355988e+00 2.519356940637217601e+00
3.422086347908147275e+01 3.245000674066417901e+00 2.465734957084438239e+00
3.395243337976901898e+01 3.192721206129510492e+00 2.435952455848649834e+00
3.371571248820383460e+01 3.161399586572597009e+00 2.405754280321754202e+00
3.376447557632678809e+01 3.191996584730148800e+00 2.419836651238035152e+00
3.426355996944231919e+01 3.305121781332854169e+00 2.497084662742102168e+00
3.460582842762773481e+01 3.352890621489237333e+00 2.528226531254212706e+00
3.452328899474228052e+01 3.338370107401249065e+00 2.507403496157821543e+00
3.444840021570125543e+01 3.318917674021480302e+00 2.492332494495124173e+00
3.451579000584190737e+01 3.323883296634161599e+00 2.503527614254257738e+00
3.442951512155664062e+01 3.304857771985799886e+00 2.477452478317530016e+00
3.441924122590212676e+01 3.279726329034287513e+00 2.464173369882712628e+00
3.449742169595111108e+01 3.277339010470498248e+00 2.474419179436480487e+00
3.470252887251157148e+01 3.314047544151350166e+00 2.528748932728171361e+00
3.512438210578348929e+01 3.394531074461870190e+00 2.572793555925043663e+00
3.546583606704714242e+01 3.449624769693973914e+00 2.605794724306834897e+00
3.567055565541724604e+01 3.497882308003415375e+00 2.617124657349570782e+00
3.569414236282748476e+01 3.488804880240866435e+00 2.594290657439446424e+00
3.545168067226890685e+01 3.449136071540915616e+00 2.550313440884375282e+00
3.505072911517547851e+01 3.374016986473733937e+00 2.514829461196243177e+00
3.502913652091852725e+01 3.374410191884240184e+00 2.513048802408663907e+00
3.544146856603604334e+01 3.470498359771716057e+00 2.588909360535657900e+00
3.582924774187750216e+01 3.563940816968498737e+00 2.631134004403900661e+00
3.581417674021480479e+01 3.548105873365388963e+00 2.612821866714600372e+00
3.575478025434772889e+01 3.500314564328405265e+00 2.606850761695052476e+00
3.573332809059452586e+01 3.500735855839661959e+00 2.603974744978205358e+00
3.577167123533905624e+01 3.483974070911787013e+00 2.598233945984810944e+00
3.584603761290612312e+01 3.489933941491035085e+00 2.618630072349795501e+00
3.607686042331371112e+01 3.539584550397699036e+00 2.666831438457736070e+00
3.671921201635734633e+01 3.700164022828382748e+00 2.737052307554037611e+00
3.705578461331056417e+01 3.787337662337662447e+00 2.759116748303599653e+00
3.598130589134049018e+01 3.562530894710825624e+00 2.642598750730238422e+00
3.531307014784523091e+01 3.449079899339414723e+00 2.565390059767222564e+00
3.526190850671819277e+01 3.447422819395137950e+00 2.556357569765874249e+00
3.510770457915786835e+01 3.426841324765200092e+00 2.541443850267379734e+00
3.487445512964544037e+01 3.384465015952905276e+00 2.512071406102547755e+00
3.474941580910439143e+01 3.351435761470363595e+00 2.489546353300678749e+00
3.473743427852424048e+01 3.346144340088976765e+00 2.468206533950478399e+00
3.465010335685076370e+01 3.319602974879791280e+00 2.449866310160427663e+00
3.461239495798319155e+01 3.305784613310565057e+00 2.446849862939828313e+00
3.458969015413651960e+01 3.290634970565766260e+00 2.448579966746056602e+00
3.465397362153417760e+01 3.299021480249853866e+00 2.454758908911157889e+00
3.454132027142407679e+01 3.288062283737024138e+00 2.443692985215476732e+00
3.428804543207657218e+01 3.234215611378241206e+00 2.414365478811845378e+00
3.400433087673572174e+01 3.198321574619152674e+00 2.370236597312721738e+00
3.369648474363007296e+01 3.155406012672448579e+00 2.331151979508380823e+00
3.336582707949489901e+01 3.094004179211791605e+00 2.313300453871387941e+00
3.339314362108479628e+01 3.104087089381207143e+00 2.327349121466768533e+00
3.386213656585628939e+01 3.209567249359636776e+00 2.384543657035006703e+00
3.433819597357659603e+01 3.269868107670875990e+00 2.424841594391767607e+00
3.450977958028131098e+01 3.280771131982204825e+00 2.427582797825012406e+00
3.470621376893003429e+01 3.309368399766323687e+00 2.451062778052397473e+00
3.470862917359457356e+01 3.303548959690828291e+00 2.438491439356491153e+00
3.417602682784343671e+01 3.203495034377387363e+00 2.409242574034961670e+00
