7.861605545617173618e+01 8.394426431127012478e+00 8.424530411449016043e+00
7.772612924865832440e+01 8.274988819320213906e+00 8.364853533094812832e+00
7.752266882826475580e+01 8.286449016100178255e+00 8.368291592128802137e+00
7.715675313059034579e+01 8.243515205724508021e+00 8.313170840787119431e+00
7.632826475849731196e+01 8.212432915921288767e+00 8.236974508050089128e+00
7.585238707513417467e+01 8.140792710196780746e+00 8.112868962432916220e+00
7.529114490161002493e+01 8.075022361359570411e+00 7.816804561717352051e+00
7.494465563506261674e+01 7.953125000000000000e+00 7.704802101967799466e+00
7.518652169051878786e+01 7.918688506261180926e+00 7.751146019677996435e+00
7.517106440071556506e+01 7.926319320214669339e+00 7.729483452593918003e+00
7.507723054561716935e+01 7.885789355992844030e+00 7.660386851520572193e+00
7.486538461538461320e+01 7.826168381037566846e+00 7.584721601073344921e+00
7.463095371198568273e+01 7.777197003577817291e+00 7.557999776386404633e+00
7.449080389087656329e+01 7.790753577817531195e+00 7.508553220035778075e+00
7.427767218246869163e+01 7.718610241502683600e+00 7.427716905187835117e+00
7.411387522361359004e+01 7.686717352415026738e+00 7.360409212880143492e+00
7.398454271019677719e+01 7.664663461538461675e+00 7.367229427549195186e+00
7.358860688729875221e+01 7.611862701252236185e+00 7.336678220035778075e+00
7.301355657423971479e+01 7.463942307692307487e+00 7.154209525939177361e+00
7.255215787119857396e+01 7.346629025044722816e+00 7.044163685152057042e+00
7.243976408765652764e+01 7.303499552772808379e+00 7.013808139534884134e+00
7.229416368515205704e+01 7.295141994633273619e+00 7.010705500894454545e+00
7.181127012522361497e+01 7.197925983899820856e+00 6.910163237924865420e+00
7.165798300536673082e+01 7.211538461538461675e+00 6.783458184257602497e+00
7.170276162790698038e+01 7.222467576028622105e+00 6.838271466905188056e+00
7.146162231663684850e+01 7.181322674418604279e+00 6.732027057245080215e+00
7.120879919499105881e+01 7.138332960644007130e+00 6.695326475849731729e+00
7.118336314847942958e+01 7.112868962432916220e+00 6.711566413237925133e+00
7.130036896243291267e+01 7.139786449016099823e+00 6.728952370304114083e+00
7.120424306797853831e+01 7.111443425760286097e+00 6.678303890876565063e+00
7.084173747763864526e+01 7.052269677996422459e+00 6.578264758497316400e+00
7.009632155635063100e+01 6.999916144901609627e+00 6.384811046511628341e+00
6.982261851520571838e+01 6.857921511627907307e+00 6.304897137745975044e+00
6.960825693202146169e+01 6.852079606440071302e+00 6.183474955277280749e+00
6.911817978533095186e+01 6.698904293381037434e+00 6.178164132379248663e+00
6.895619968694096258e+01 6.691916368515205882e+00 6.122037119856887699e+00
6.907362477638640996e+01 6.718917710196779858e+00 6.123909883720930480e+00
6.903412902504472015e+01 6.716234347048300357e+00 6.131093470483005348e+00
6.880802772808586099e+01 6.632938282647584671e+00 6.055484123434704991e+00
6.841552996422181820e+01 6.538182021466905525e+00 5.960029069767442067e+00
6.834841793381038144e+01 6.556238819320214795e+00 5.935878801431127449e+00
6.841223166368514796e+01 6.611639087656529412e+00 5.968638193202147058e+00
6.805900603756708733e+01 6.525687611806797683e+00 5.929589669051878786e+00
6.754648367620751515e+01 6.443649373881932263e+00 5.794163685152057042e+00
6.732943872987478073e+01 6.430288461538461675e+00 5.734682468694096258e+00
6.705962097495527985e+01 6.419303443649373442e+00 5.694432021466905525e+00
6.691184033989266311e+01 6.383301654740607844e+00 5.602470930232557933e+00
6.676148814847942958e+01 6.344197227191413546e+00 5.548356440071556150e+00
6.654287790697674154e+01 6.282116502683362746e+00 5.515345483005366312e+00
6.647895237030411408e+01 6.250838550983900177e+00 5.544834525939177361e+00
6.655148703041145097e+01 6.263249105545616757e+00 5.589165921288014260e+00
6.645706618962432799e+01 6.297657647584973262e+00 5.492005813953488413e+00
6.615250447227191444e+01 6.259056350626117649e+00 5.387047182468694295e+00
6.561826364042933335e+01 6.141239937388193404e+00 5.282815295169946523e+00
6.514915026833631373e+01 6.030523255813953654e+00 5.194655635062611410e+00
6.472171288014311585e+01 5.963383273703040999e+00 5.093274821109122996e+00
6.440376229874776470e+01 5.874189400715563281e+00 4.935515429338103388e+00
6.411745304114489841e+01 5.845958184257602497e+00 4.876285778175312835e+00
6.404503018783542245e+01 5.842492173524150623e+00 4.921679338103756685e+00
6.385431574239714081e+01 5.815854203935598932e+00 4.887438506261180926e+00
6.327020907871198574e+01 5.788796958855098040e+00 4.797042710196779858e+00
6.294624888193202139e+01 5.688170840787119431e+00 4.759307915921287879e+00
6.288886404293381105e+01 5.677549194991055259e+00 4.742173524150268271e+00
6.272204830053667024e+01 5.647165697674418894e+00 4.722243962432916220e+00
6.250254360465116577e+01 5.576028622540250446e+00 4.647333407871198752e+00
6.240071556350626025e+01 5.573317307692307487e+00 4.639059704830053477e+00
6.218224508050089128e+01 5.562500000000000000e+00 4.587712432915921568e+00
6.198046176207513724e+01 5.528287119856887699e+00 4.446137075134168448e+00
6.162172965116278789e+01 5.446919722719141710e+00 4.365831842576028521e+00
6.130523255813953654e+01 5.397389311270125667e+00 4.350458407871198752e+00
6.103175313059033869e+01 5.326867173524150623e+00 4.292654293381037434e+00
6.048253018783542245e+01 5.267050536672630123e+00 4.204410778175312835e+00
6.014467799642218182e+01 5.192615161001788771e+00 4.176431127012522282e+00
5.989590787119856685e+01 5.194907200357781640e+00 4.148144007155635471e+00
5.978717576028622460e+01 5.139674642218246881e+00 4.032871198568872551e+00
5.938215563506260963e+01 5.125475178890877004e+00 3.949686940966010695e+00
5.886239378354203922e+01 5.014199463327369877e+00 3.870360017889087789e+00
5.856898479427549375e+01 4.909855769230769162e+00 3.821192978533094919e+00
5.830676990161001783e+01 4.842659883720930480e+00 3.792151162790697860e+00
5.806375782647585027e+01 4.771690518783541890e+00 3.762382602862254011e+00
5.783581171735241355e+01 4.748630366726296792e+00 3.659129025044722816e+00
5.772668828264758645e+01 4.737086314847942958e+00 3.722998658318425580e+00
5.747434033989266311e+01 4.689903846153845812e+00 3.600849731663684938e+00
5.727571556350626025e+01 4.655271690518783423e+00 3.612226073345259358e+00
5.719381708407870946e+01 4.662734794275491979e+00 3.609794275491950089e+00
5.708762857781753297e+01 4.660722271914132797e+00 3.547517889087656418e+00
5.671011292486583244e+01 4.515345483005366312e+00 3.501481440071556150e+00
5.622319432021466667e+01 4.470846377459749554e+00 3.450469588550983957e+00
5.578848949016100534e+01 4.369186046511628341e+00 3.394761851520572637e+00
5.547224396243291267e+01 4.332876788908765597e+00 3.341290250447227272e+00
5.507309369409659894e+01 4.233089221824687165e+00 3.234347048300536542e+00
5.484115049194991087e+01 4.187611806797852942e+00 3.190742397137745989e+00
5.465482446332737254e+01 4.164104427549195186e+00 3.164383944543828431e+00
5.453971936493739037e+01 4.146634615384614975e+00 3.149457737030411320e+00
5.448714221824686632e+01 4.130450581395348486e+00 3.174949686940966131e+00
5.442072898032200357e+01 4.136991279069767380e+00 3.149290026833631462e+00
5.424522025939177183e+01 4.125363372093023173e+00 3.108145125223613636e+00
5.389638305008944741e+01 4.051598837209302140e+00 3.044527057245080659e+00
5.369225178890876293e+01 3.982586091234347148e+00 2.946500447227191621e+00
5.336423859570661676e+01 3.990412567084078876e+00 2.876816860465116310e+00
5.294401274597495188e+01 3.921092352415026738e+00 2.811381932021467023e+00
5.261393112701252051e+01 3.883972495527728164e+00 2.778762298747763815e+00
5.233419051878354367e+01 3.835084973166368538e+00 2.740328711985688948e+00
5.207776162790697327e+01 3.833994856887298575e+00 2.736946556350626114e+00
5.206090675313058824e+01 3.829662343470483066e+00 2.740356663685151961e+00
5.172134950805008913e+01 3.769426431127012478e+00 2.672238372093023173e+00
5.157812500000000000e+01 3.744297853309481283e+00 2.625922406082289662e+00
5.132773367620751515e+01 3.701391994633273619e+00 2.573121645796064616e+00
5.127946109123434582e+01 3.683307245080500891e+00 2.572953935599284314e+00
5.099002124329159358e+01 3.669918381037567290e+00 2.517693425760286097e+00
5.054052996422182531e+01 3.613288237924865864e+00 2.441189624329159091e+00
5.034688059033989305e+01 3.568537567084078876e+00 2.391826923076922906e+00
5.007010286225402496e+01 3.586762075134168004e+00 2.378913237924865864e+00
4.997081842576028521e+01 3.552101967799642157e+00 2.370667486583184047e+00
4.978874105545617113e+01 3.551347271914132353e+00 2.319040697674418450e+00
4.952837097495527985e+01 3.522668828264758467e+00 2.267805232558139483e+00
4.929427549194991087e+01 3.529405187835420232e+00 2.255702146690518717e+00
4.923395572450804991e+01 3.457932692307692513e+00 2.248742173524150179e+00
4.905844700357781818e+01 3.419331395348837344e+00 2.272361359570661765e+00
4.872051095706618895e+01 3.382546958855098485e+00 2.196137075134168004e+00
4.854058586762074867e+01 3.325609347048300357e+00 2.232865608228980392e+00
4.831568649373881641e+01 3.247120974955277184e+00 2.144314624329159091e+00
4.817903063506260963e+01 3.238120527728086007e+00 2.114797629695885473e+00
4.787653734347048129e+01 3.175341010733452762e+00 2.043632602862254011e+00
4.757435152057244920e+01 3.117788461538461675e+00 1.995332066189624332e+00
4.720784883720930480e+01 3.108061270125223707e+00 1.974703711985688726e+00
4.702758832737030303e+01 3.073429114490160874e+00 1.950777057245080437e+00
4.696533989266547593e+01 3.048412343470483066e+00 1.948596824686940954e+00
4.684481216457960784e+01 3.020376788908765597e+00 1.910386851520572415e+00
4.666049865831842425e+01 3.005366726296959001e+00 1.851185152057245098e+00
4.643886963327370410e+01 2.973306127012522282e+00 1.829634391771019608e+00
4.629528175313058824e+01 2.920924642218246881e+00 1.804366055456171791e+00
4.608240161001788948e+01 2.925704382826475936e+00 1.820382379248658422e+00
4.589794834525939393e+01 2.899793157423971479e+00 1.802605098389982174e+00
4.569004360465116577e+01 2.874580724508049911e+00 1.772025939177102050e+00
4.540032423971377540e+01 2.860912343470483066e+00 1.765652951699463236e+00
4.536594364937388235e+01 2.852554785330948306e+00 1.711454606440071524e+00
4.522763864042934046e+01 2.845063729874776293e+00 1.675676431127012478e+00
4.493870192307691980e+01 2.795728980322003565e+00 1.655131932021466801e+00
4.466558586762074867e+01 2.762773926654740642e+00 1.604679114490161096e+00
4.460143671735241355e+01 2.760705500894454545e+00 1.617425089445438280e+00
4.434914467799642068e+01 2.699155858676207664e+00 1.590088327370304144e+00
4.417478197674418539e+01 2.708966905187835561e+00 1.530914579606440062e+00
4.404463886404293049e+01 2.694348166368515152e+00 1.518559928443649287e+00
4.405847495527728341e+01 2.706143783542039216e+00 1.542849955277280749e+00
4.414660666368515507e+01 2.711873881932021391e+00 1.533458184257602941e+00
4.388059033989266311e+01 2.687360241502683156e+00 1.483089221824686943e+00
4.363570550089445277e+01 2.673300536672629679e+00 1.467212656529516934e+00
4.360445550089445277e+01 2.681406529516994652e+00 1.490272808586762032e+00
4.346553555456171836e+01 2.668436940966010695e+00 1.420728980322003565e+00
4.317251788908765775e+01 2.608592352415026738e+00 1.392972942754919563e+00
4.298552101967799643e+01 2.556881708407871212e+00 1.403370974955277184e+00
4.268014870304114794e+01 2.504667933810375668e+00 1.388081395348837122e+00
4.232169610912343671e+01 2.439260957066189839e+00 1.350430456171735294e+00
4.211954941860464885e+01 2.409296735241502674e+00 1.285834078711985740e+00
4.200651274597495188e+01 2.395041368515205882e+00 1.286532871198568850e+00
4.193207737030411408e+01 2.379975402504472370e+00 1.299278846153846256e+00
4.177686158318425669e+01 2.345455053667262924e+00 1.303639311270125223e+00
4.172383720930232442e+01 2.349340339892665330e+00 1.277476520572450758e+00
4.159087097495527985e+01 2.361415474060823083e+00 1.246422182468694073e+00
4.153751118067978609e+01 2.346293604651162656e+00 1.295617173524150179e+00
4.141899597495527985e+01 2.374636627906976827e+00 1.269510286225402407e+00
4.123239042933810339e+01 2.337237254025044564e+00 1.241586538461538547e+00
4.109307915921287702e+01 2.313925536672629679e+00 1.232893559928443628e+00
4.102904181574239573e+01 2.287203711985688948e+00 1.198037790697674465e+00
4.086597160107334759e+01 2.239014982110912211e+00 1.164048524150268271e+00
4.066203600178890554e+01 2.216989042933810161e+00 1.154321332737030303e+00
4.065633385509838860e+01 2.222495527728086007e+00 1.143867397137745989e+00
4.044566189624329411e+01 2.235129695885509804e+00 1.124329159212880125e+00
4.033656641323792513e+01 2.225011180679785205e+00 1.095287343470483066e+00
4.025743515205724776e+01 2.221573121645795901e+00 1.128801431127012478e+00
4.023144007155634938e+01 2.241111359570661765e+00 1.135509838998211007e+00
4.006101855992844207e+01 2.203152951699463458e+00 1.102135509838998217e+00
3.990032423971377540e+01 2.178862924865831996e+00 1.085252683363148396e+00
3.986767665474060607e+01 2.171288014311270054e+00 1.088690742397137701e+00
3.965817866726296614e+01 2.150575805008944741e+00 1.078404516994633244e+00
3.952510062611806774e+01 2.106887298747763815e+00 1.044974284436493761e+00
3.936538461538461320e+01 2.108396690518783423e+00 1.039831171735241533e+00
3.936286896243291267e+01 2.118934481216458110e+00 1.038880813953488413e+00
3.932840451699463102e+01 2.138808139534883690e+00 1.073820438282647505e+00
3.921738036672629590e+01 2.064568425760286097e+00 1.023227862254024956e+00
3.896402616279069520e+01 2.041033094812164439e+00 1.011572003577817513e+00
3.883799194991055259e+01 2.000782647584973262e+00 9.635230322003577319e-01
3.841723501788909090e+01 1.952621869409660205e+00 9.725514311270124779e-01
3.811868291592129054e+01 1.917151162790697638e+00 9.183251341681574198e-01
3.788573345259391800e+01 1.873239042933810383e+00 8.884727191413237524e-01
3.782222719141324063e+01 1.868682915921288101e+00 8.619745080500894607e-01
3.775975514311269876e+01 1.863148479427549242e+00 8.587041592128801248e-01
3.773744968694096258e+01 1.870164355992844474e+00 8.729315742397137923e-01
3.755126341681574331e+01 1.837069543828264706e+00 8.351408765652951205e-01
3.747210420393560071e+01 1.841206395348837122e+00 8.304449910554562164e-01
3.729860800536672372e+01 1.836203041144901515e+00 8.097607334525939171e-01
3.712349060822897684e+01 1.806071109123434715e+00 7.896634615384615641e-01
3.702470930232558288e+01 1.733983676207513369e+00 7.843526386404293671e-01
3.694876453488372192e+01 1.755646243291592024e+00 7.664076475849731507e-01
3.674085979427549375e+01 1.723250223613595811e+00 7.678890876565295232e-01
3.664649485688730124e+01 1.722551431127012478e+00 7.554785330948121658e-01
3.651825245974955436e+01 1.680344364937388146e+00 7.842967352415026738e-01
3.638975849731663459e+01 1.667486583184257576e+00 7.613763416815741980e-01
3.629913908765652764e+01 1.667822003577817513e+00 7.498881932021467245e-01
3.614842352415026738e+01 1.674586314847942736e+00 7.613204382826476158e-01
3.604972607334526202e+01 1.659380590339892603e+00 7.455836314847942292e-01
3.594711538461538680e+01 1.637662119856887255e+00 7.325581395348836899e-01
3.572945550089445277e+01 1.634838998211091132e+00 7.084358228980321970e-01
3.538824910554561853e+01 1.603421288014311274e+00 6.674306797853309936e-01
3.527118738819320498e+01 1.573876341681574198e+00 6.610856440071556372e-01
3.535275044722719429e+01 1.602610688729874777e+00 6.590172182468694295e-01
3.523297741502683067e+01 1.585560152057245098e+00 6.544051878354203433e-01
3.504707066189624243e+01 1.553108228980321970e+00 6.386683810375670678e-01
3.492310487477638503e+01 1.533486135957066177e+00 6.256708407871198752e-01
3.473893112701252051e+01 1.518364266547405972e+00 6.018839445438283198e-01
3.443353085867620678e+01 1.447227191413237968e+00 6.042318872987477718e-01
3.432259056350626025e+01 1.466150491949910650e+00 5.954550536672629235e-01
3.448250223613595722e+01 1.496114713774597593e+00 6.297238372093023617e-01
3.481985129695885206e+01 1.504136851520572415e+00 6.520292933810375446e-01
3.502395460644007130e+01 1.550368962432915998e+00 6.603309481216458332e-01
3.504813282647585027e+01 1.557971824686940954e+00 6.497372540250446749e-01
3.486644677996422104e+01 1.516771019677996435e+00 6.336929785330948084e-01
3.475925201252236008e+01 1.508748881932021391e+00 5.896690518783541668e-01
3.458064065295170053e+01 1.488763416815742424e+00 5.929673524150268493e-01
3.443663349731663459e+01 1.460867620751341578e+00 5.717520125223614080e-01
3.426526162790697327e+01 1.408150715563506239e+00 5.503969141323792336e-01
3.414104427549195009e+01 1.424726073345259358e+00 5.309425313059034091e-01
3.404324127906976827e+01 1.404516994633273619e+00 5.167989713774597815e-01
3.399731663685152228e+01 1.392665474060822861e+00 5.091122540250446749e-01
3.399879807692308020e+01 1.402448568872987522e+00 5.401665921288014705e-01
3.385476296958854903e+01 1.382658765652951649e+00 5.229483452593918225e-01
3.392360800536672372e+01 1.384922853309481283e+00 5.244018336314848483e-01
3.391279069767441712e+01 1.385789355992844474e+00 5.328152951699463014e-01
3.379257043828264528e+01 1.387158989266547460e+00 5.565183363148479279e-01
3.375363372093023173e+01 1.414132379248658422e+00 5.431294722719141044e-01
3.375150939177102316e+01 1.410582513416815731e+00 5.381820214669051916e-01
3.371212544722719429e+01 1.414523703041144831e+00 5.285386851520572637e-01
3.364708184257602852e+01 1.368487254025044786e+00 5.205165474060823305e-01
3.351909101073345454e+01 1.376621198568872995e+00 5.135845259391771389e-01
3.341662008050089128e+01 1.344951923076923128e+00 5.083575581395348708e-01
3.316435599284436364e+01 1.285442754919499109e+00 4.909995527728086007e-01
3.305654628801431016e+01 1.290865384615384581e+00 4.845147584973166222e-01
3.304709861359570766e+01 1.300229203935599376e+00 4.202538014311270054e-01
3.289764087656529767e+01 1.280970483005366756e+00 4.159212880143112745e-01
3.296033653846154010e+01 1.207737030411448975e+00 4.786449016100178810e-01
3.290228085867620678e+01 1.256009615384615419e+00 4.878689624329159424e-01
3.300709973166368627e+01 1.290474060822897950e+00 4.692810822898031975e-01
3.303281529516994652e+01 1.269901610017889038e+00 4.713215563506261141e-01
3.279609235241503029e+01 1.231775491949910650e+00 4.636627906976744096e-01
3.258936158318425669e+01 1.214361583184257576e+00 4.596936493738819074e-01
3.250640093917710516e+01 1.204830053667262924e+00 4.424754025044722594e-01
3.243476073345259181e+01 1.194991055456171791e+00 4.382546958855098596e-01
3.234330277280858468e+01 1.183922182468694073e+00 4.129025044722718918e-01
3.240496422182468450e+01 1.182776162790697638e+00 4.253689624329159424e-01
3.240678108228980392e+01 1.172685599284436497e+00 4.428387745974955436e-01
3.271237701252236008e+01 1.221349508050089350e+00 4.642497763864043003e-01
3.267808027728085563e+01 1.303723166368515152e+00 4.552493291592129010e-01
3.261152728085867381e+01 1.236275715563506239e+00 4.635509838998211340e-01
3.216544610912343671e+01 1.177996422182468583e+00 4.492956171735241755e-01
3.189087656529516934e+01 1.168772361359570633e+00 4.228253577817531195e-01
3.178496757602862388e+01 1.123798076923076872e+00 4.103868515205724710e-01
3.172098613595706595e+01 1.118151833631484848e+00 4.069487924865831663e-01
3.169448792486583244e+01 1.131149373881932041e+00 3.916033094812164661e-01
3.156247204830053832e+01 1.110213550983899733e+00 3.713383273703040888e-01
3.149963662790697683e+01 1.107837656529516934e+00 3.736024150268336119e-01
3.143464892665474153e+01 1.111024150268336230e+00 3.653566636851520721e-01
3.144362142218246703e+01 1.103672853309481283e+00 3.590395796064400624e-01
3.148862365831842425e+01 1.138137298747763815e+00 3.570550089445438391e-01
3.154514199463327273e+01 1.122288685152057264e+00 3.568872987477638703e-01
3.154419163685152228e+01 1.131149373881932041e+00 3.639311270125223374e-01
3.168107110912343316e+01 1.163461538461538547e+00 3.806741949910554812e-01
3.176456283542039216e+01 1.199155858676207442e+00 3.762019230769230727e-01
3.157172406082289839e+01 1.142917039355992870e+00 3.770404740608229166e-01
3.128642106440071657e+01 1.092576028622540329e+00 3.387186940966010473e-01
3.121022473166368627e+01 1.046930903398926693e+00 3.476911896243291555e-01
3.109615384615384670e+01 1.017637522361359625e+00 3.569711538461538547e-01
3.097308251341681640e+01 1.015513193202146613e+00 3.565239266547405861e-01
3.084187723613595722e+01 1.003298300536672683e+00 3.369018336314847928e-01
3.072900827370304100e+01 9.999161449016100711e-01 3.293828264758497104e-01
3.075374552772808556e+01 9.830612701252235963e-01 3.245751341681574198e-01
3.076355657423971479e+01 9.849340339892665996e-01 3.282927101967799688e-01
3.079284995527727986e+01 1.000111806797853387e+00 3.424362701252235963e-01
3.068322338998211052e+01 9.906920840787120097e-01 3.367620751341681706e-01
3.061532871198568984e+01 9.750391323792486631e-01 3.180064847942755124e-01
3.060593694096601070e+01 9.646690518783541668e-01 3.226744186046511809e-01
3.060456730769230660e+01 9.795673076923077094e-01 3.097607334525939171e-01
3.057152839892665597e+01 1.001034212880143048e+00 3.229539355992844252e-01
3.056417710196780035e+01 9.871701699463327762e-01 3.179505813953488191e-01
3.058888640429337968e+01 9.940462880143112745e-01 3.091457960644007352e-01
3.054139646690518717e+01 9.817195885509838460e-01 3.193481663685152072e-01
3.055646243291592157e+01 9.863036672629695856e-01 3.292989713774597260e-01
3.051501006261180748e+01 9.803779069767442067e-01 3.085029069767442067e-01
3.051067754919499109e+01 9.974284436493738859e-01 3.109626565295169898e-01
3.049712097495527630e+01 9.878410107334525403e-01 3.194320214669051916e-01
3.043107110912343316e+01 9.653119409660106953e-01 3.104036225402504456e-01
3.035403622540250623e+01 9.585196779964222369e-01 3.128074686940965909e-01
3.026814065295170053e+01 9.526218694096600936e-01 2.939959749552772950e-01
3.025718358676207487e+01 9.568425760286225490e-01 3.067978533094812277e-01
3.027378689624329056e+01 9.602806350626118537e-01 3.077202593917710005e-01
3.025550648479427451e+01 9.908877459749553251e-01 3.015708855098390151e-01
3.015627795169946168e+01 9.889311270125223929e-01 3.060152057245080770e-01
3.017271355098390018e+01 9.835923524150268493e-01 3.059033989266547460e-01
3.011127571556350802e+01 9.609514758497316178e-01 2.911169499105545344e-01
3.015529964221824599e+01 9.362701252236136362e-01 2.766100178890876782e-01
3.008438618067978609e+01 9.496589892665474597e-01 3.036952146690518606e-01
3.003533094812164705e+01 9.658989266547406416e-01 2.997260733452594139e-01
3.001123658318425669e+01 9.640541144901609849e-01 2.887969588550983735e-01
3.002311605545617113e+01 9.851576475849731507e-01 3.106272361359570522e-01
3.007197562611806774e+01 9.874496869409660205e-01 3.044778622540250668e-01
3.020633944543828164e+01 9.851017441860464574e-01 3.018504025044722594e-01
3.027862254025044564e+01 9.931518336314848483e-01 3.369577370304114305e-01
3.027099172629695900e+01 9.927605098389982174e-01 3.229539355992844252e-01
2.999561158318425669e+01 9.416927549194991087e-01 2.787063953488372325e-01
2.979810487477638503e+01 9.346768783542039882e-01 2.772808586762074978e-01
2.974085979427549020e+01 9.418325134168157309e-01 2.540250447227191399e-01
2.983583966905187879e+01 9.591066636851520721e-01 2.676654740608229166e-01
2.984140205724508021e+01 9.457737030411449419e-01 2.577426207513416889e-01
2.975807804114490196e+01 9.524262075134167782e-01 2.541927549194991087e-01
2.950578600178890909e+01 9.054394007155635027e-01 2.424530411449015987e-01
2.927957289803219965e+01 8.754751788908765597e-01 2.415026833631484793e-01
2.922626900715563636e+01 8.535330948121645500e-01 2.472886851520572360e-01
2.921589892665474153e+01 8.608005366726296792e-01 2.399932915921287879e-01
2.938014311270125134e+01 8.537008050089445188e-01 2.489937388193202150e-01
2.960850849731663814e+01 8.816245527728086007e-01 2.823960196779964349e-01
2.964459414132379322e+01 9.163685152057244876e-01 2.668828264758497104e-01
2.961823568872987522e+01 8.744409660107334004e-01 2.821165026833631351e-01
2.954874776386404278e+01 8.884447674418605168e-01 2.467296511627906919e-01
2.951154405187835295e+01 8.835252683363148396e-01 2.436829159212880180e-01
2.941835308586762210e+01 8.878018783542039882e-01 2.548356440071556372e-01
2.935750223613595722e+01 8.609961985688729946e-01 2.542766100178890931e-01
2.939811605545617113e+01 8.751956618962433154e-01 2.589445438282647616e-01
2.941810152057244920e+01 8.836370751341681151e-01 2.598389982110912433e-01
2.941142106440071657e+01 8.729874776386403745e-01 2.436270125223613525e-01
2.937502795169946168e+01 8.565239266547406416e-01 2.697898032200357621e-01
2.927191413237924777e+01 8.594029516994633466e-01 2.520125223613595700e-01
2.925427661001788948e+01 8.556574239713774510e-01 2.690910107334525958e-01
2.924932915921288057e+01 8.347495527728086007e-01 2.537734794275491867e-01
2.928781864937388235e+01 8.396690518783541668e-01 2.551151610017888816e-01
2.943940071556350802e+01 8.467408318425759806e-01 2.764982110912343471e-01
2.939023367620751515e+01 8.480825134168157309e-01 2.619912790697674354e-01
2.933933363148479501e+01 8.645460644007155748e-01 2.649262075134168337e-01
2.921413796958855258e+01 8.640429338103756685e-01 2.454997763864043003e-01
2.920086091234346881e+01 8.583128354203936050e-01 2.521802325581395388e-01
2.912813059033989305e+01 8.537287567084078654e-01 2.639758497316636587e-01
2.904125670840787166e+01 8.403119409660106953e-01 2.495807245080500780e-01
2.904967016994633155e+01 8.618627012522361852e-01 2.301822450805008913e-01
2.911320438282647416e+01 8.805903398926654413e-01 2.491334973166368649e-01
2.922118179785330838e+01 8.731551878354203433e-01 2.588606887298747772e-01
2.926182356887298752e+01 8.867117620751341356e-01 2.415865384615384637e-01
2.941253913237924777e+01 9.154181574239713681e-01 2.777560375670840576e-01
2.938137298747763992e+01 9.151386404293381238e-01 2.609850178890876782e-01
2.926419946332736899e+01 8.808698568872987966e-01 2.478756708407871268e-01
2.909313506261180748e+01 8.545114042933810161e-01 2.403287119856887255e-01
2.887413349731663814e+01 8.384391771019678030e-01 2.514255366726296792e-01
2.882351296958855258e+01 8.190127459749553251e-01 2.333966905187835339e-01
2.881543492844365062e+01 8.167207066189624554e-01 2.271634615384615363e-01
2.883779628801431016e+01 8.095930232558139483e-01 2.394901610017889093e-01
2.873895907871198574e+01 8.066580948121645500e-01 2.315518783542039327e-01
2.879662343470483066e+01 8.246030858676207664e-01 2.129919499105545622e-01
2.875069879248658467e+01 8.236527280858676470e-01 2.216010733452593862e-01
2.878097048300536542e+01 8.127795169946332443e-01 2.229148032200357898e-01
2.882597271914132264e+01 8.235968246869409537e-01 2.347663237924865753e-01
2.878742732558139394e+01 8.192363595706618762e-01 2.215172182468694018e-01
2.876039803220035651e+01 8.172238372093023617e-01 2.319711538461538547e-01
2.891972271914132264e+01 7.988595706618962788e-01 2.543604651162790775e-01
2.879159212880142960e+01 8.126118067978532755e-01 2.402728085867620877e-01
2.875514311270125134e+01 8.221433363148479279e-01 2.468694096601073418e-01
2.885110129695885561e+01 8.430791592128801248e-01 2.480992844364937333e-01
2.887198121645796078e+01 8.332122093023255349e-01 2.528510733452594139e-01
2.886826364042933690e+01 8.484458855098390151e-01 2.416703935599284481e-01
2.881954382826475936e+01 8.475234794275492423e-01 2.407479874776386475e-01
2.873336873881931908e+01 8.426878354203936050e-01 2.238651610017889093e-01
2.859257602862254188e+01 8.490049194991055037e-01 2.294275491949910595e-01
2.844979874776386453e+01 8.296343917710197191e-01 2.215451699463327484e-01
2.828580612701252406e+01 8.043660554561716802e-01 2.173524150268336397e-01
2.829153622540250623e+01 8.011795617173523842e-01 2.083519677996422126e-01
2.846710084973166488e+01 8.190966010733452540e-01 2.092464221824686943e-01
2.855254919499105526e+01 8.111583184257602497e-01 2.120415921288014427e-01
2.852132714669052049e+01 8.068537567084078654e-01 2.167095259391771112e-01
2.855011739713774688e+01 8.020460644007155748e-01 2.183586762075134247e-01
2.849863036672629590e+01 7.850793828264758245e-01 2.381484794275491867e-01
2.847143336314847772e+01 7.691469141323792336e-01 2.265764758497316733e-01
2.852680567978532977e+01 7.974340339892665996e-01 2.259615384615384637e-01
2.862745974955277362e+01 8.211091234347048795e-01 2.409995527728085729e-01
2.864121198568873083e+01 8.144007155635062389e-01 2.451084525939176972e-01
2.858698568872987522e+01 8.170002236135956997e-01 2.301542933810375724e-01
2.867903063506261319e+01 8.198233452593918225e-01 2.311605545617173574e-01
2.857365272808586809e+01 8.219197227191413768e-01 2.357446332737030414e-01
2.850539467799642068e+01 7.909212880143112745e-01 2.091625670840787099e-01
2.857317754919499109e+01 8.014870304114489752e-01 1.982893559928443628e-01
2.870094476744186096e+01 7.868123881932020947e-01 2.156753130590339795e-01
2.854304561717352584e+01 7.807468694096600936e-01 2.246198568872987411e-01
2.851336091234346881e+01 7.892162343470483510e-01 2.102526833631484793e-01
2.852065630590339751e+01 8.067699016100179366e-01 2.021187388193202150e-01
2.837963998211091265e+01 7.815015652951698977e-01 1.959134615384615363e-01
2.841505478533094831e+01 7.906976744186046124e-01 2.018392218246869430e-01
2.837754360465116221e+01 7.971545169946332443e-01 2.077929338103756685e-01
2.836845930232558288e+01 7.961482558139535426e-01 2.049418604651162823e-01
2.828493962432915865e+01 7.627180232558139483e-01 2.017274150268336397e-01
2.825377347942755080e+01 7.476800089445437836e-01 1.947674418604651292e-01
2.831761516100178966e+01 7.731999105545617201e-01 2.181630143112701370e-01
2.832197562611806774e+01 7.788461538461538547e-01 2.112868962432915831e-01
2.835962656529516934e+01 8.030802772808586232e-01 1.909101073345259303e-01
2.830895013416815686e+01 7.963159660107334004e-01 1.773814847942754847e-01
2.824203376565295187e+01 7.899709302325581550e-01 1.843973613595706607e-01
2.829603644901609982e+01 8.010677549194991087e-01 1.947674418604651292e-01
2.835741838103756862e+01 8.143168604651163101e-01 2.048859570661896168e-01
2.833810375670840642e+01 8.273982558139535426e-01 2.006932021466905081e-01
2.830106775491949733e+01 8.102359123434704768e-01 2.014758497316636865e-01
2.819451587656529412e+01 8.109067531305903520e-01 1.859347048300536709e-01
2.812936046511627808e+01 7.985521019677996879e-01 1.913573345259391711e-01
2.806018000894454545e+01 8.047573792486583111e-01 1.973110465116278966e-01
2.804352079606439929e+01 7.850793828264758245e-01 1.944879248658318294e-01
2.809724396243291622e+01 8.016547406082289440e-01 2.045784883720930258e-01
2.816167262969588592e+01 8.181182915921287879e-01 2.011683810375670955e-01
2.820410330948121569e+01 8.471880590339893047e-01 2.166256708407871268e-01
2.820435487477638503e+01 8.228980322003577319e-01 2.130199016100178810e-01
2.813330165474060962e+01 8.158821556350626114e-01 2.023144007155635027e-01
2.823266994633273796e+01 8.182860017889087567e-01 1.989601967799642102e-01
2.823708631484794296e+01 8.269789803220035651e-01 2.069264311270125334e-01
2.812924865831842425e+01 8.083911001788909312e-01 2.074016100178890931e-01
2.814453823792486631e+01 7.806630143112701647e-01 1.977582737030411375e-01
2.812256820214669162e+01 7.950860912343470366e-01 1.818817084078712121e-01
2.814643895348837077e+01 7.828152951699463014e-01 1.841178443649373886e-01
2.809506372987477718e+01 7.454997763864043003e-01 2.179673524150268216e-01
2.807865608228980392e+01 7.652895796064400624e-01 2.031809033989266655e-01
2.815669722719141177e+01 7.792654293381037212e-01 2.163182021466905081e-01
2.805554002683363279e+01 7.912567084078712121e-01 2.049977638640429201e-01
2.798974172629695900e+01 7.785666368515206104e-01 2.033765652951699532e-01
2.793540362254024956e+01 7.804114490161001561e-01 1.921120304114490029e-01
2.793054002683363279e+01 7.706842576028622993e-01 1.802325581395348708e-01
2.795863148479427451e+01 7.750447227191413768e-01 1.841457960644007075e-01
2.785507043828264884e+01 7.790697674418605168e-01 2.044107781753130570e-01
2.789954159212880214e+01 7.733396690518783423e-01 1.918884168157423964e-01
2.782577705724508021e+01 7.544163685152057708e-01 1.984570661896243315e-01
2.787089110017889126e+01 7.412231663685151517e-01 1.824686940966010751e-01
2.788634838998211052e+01 7.603980322003577319e-01 1.921120304114490029e-01
2.791888416815742247e+01 7.718023255813953876e-01 1.849843470483005237e-01
2.795360017889087700e+01 7.696500447227191399e-01 1.896522808586762199e-01
2.782759391771019608e+01 7.657647584973166222e-01 1.852918157423971424e-01
2.778826587656529412e+01 7.685319767441860517e-01 1.836985688729874666e-01
2.773669499105545455e+01 7.731160554561716802e-01 1.842296511627906919e-01
2.777079606440071657e+01 7.763584525939176695e-01 1.597160107334525958e-01
2.775600961538461675e+01 7.698457066189624554e-01 1.736080053667262979e-01
2.776235465116279144e+01 7.702929338103756685e-01 1.677381484794275568e-01
2.780006149373881996e+01 7.627180232558139483e-01 1.815742397137745934e-01
2.776847607334525847e+01 7.791256708407870990e-01 1.800927996422182487e-01
2.779542151162790731e+01 7.680567978533094919e-01 1.807636404293380961e-01
2.781241614490161140e+01 7.931294722719141044e-01 2.051375223613595700e-01
2.773356440071556506e+01 7.970986135957066621e-01 1.964724955277280805e-01
2.784634950805008913e+01 7.854148032200357621e-01 2.000782647584973262e-01
2.780120751341681640e+01 7.907256261180679591e-01 2.037119856887298630e-01
2.778175313059033869e+01 8.070773703041145275e-01 2.046623434704830102e-01
2.780285666368515152e+01 8.145125223613596255e-01 1.988204382826475880e-01
2.766133720930232442e+01 7.806630143112701647e-01 2.072338998211091243e-01
2.757985800536672727e+01 8.036672629695885695e-01 1.745304114490160985e-01
2.761812388193202139e+01 7.862813059033989527e-01 1.798971377459749610e-01
2.761535666368515152e+01 7.676654740608228611e-01 1.897640876565295232e-01
2.755271690518783601e+01 7.394342576028622993e-01 1.843414579606439951e-01
2.758869074239713726e+01 7.392665474060823305e-01 1.823848389982110907e-01
2.754184369409660249e+01 7.397696779964222369e-01 1.868291592128801526e-01
2.753927213774597504e+01 7.473445885509838460e-01 1.823568872987477718e-01
2.747473166368515152e+01 7.388193202146690064e-01 1.873881932021466967e-01
2.745496981216458110e+01 7.320270572450805480e-01 1.992676654740608289e-01
2.746710084973166488e+01 7.403566636851520721e-01 2.017833184257602774e-01
2.757683922182468805e+01 7.588886404293381238e-01 2.007491055456171736e-01
2.764322450805008913e+01 7.565966010733452540e-01 2.010845259391771112e-01
2.753932804114490196e+01 7.628298300536672238e-01 1.870527728085867591e-01
2.757717464221824599e+01 7.560096153846154188e-01 1.745583631484794174e-01
2.757804114490161140e+01 7.641435599284436275e-01 1.839780858676207387e-01
2.760593694096601070e+01 7.719979874776385920e-01 1.868291592128801526e-01
2.764534883720930125e+01 7.858340787119857396e-01 1.923915474060823028e-01
2.764490161001788948e+01 7.625503130590339795e-01 1.727415026833631351e-01
2.758774038461538325e+01 7.830668604651163101e-01 1.760118515205724432e-01
2.764560040250447059e+01 7.624385062611807040e-01 1.727974060822898006e-01
2.760135286225402496e+01 7.876788908765652852e-01 1.786672629695885417e-01
2.792467016994633155e+01 7.966793381037566846e-01 1.874440966010733345e-01
2.804368850626118004e+01 8.205500894454382799e-01 2.200357781753130570e-01
2.799192195885509804e+01 8.192084078711985295e-01 2.085755813953488469e-01
2.796947674418604635e+01 8.194040697674418450e-01 1.989042933810375724e-01
2.790585867620751515e+01 8.047853309481216577e-01 2.047182468694096480e-01
2.784084302325581461e+01 7.949742844364937611e-01 2.040753577817531195e-01
2.772934369409660249e+01 8.101520572450805480e-01 1.980657423971377562e-01
2.778949575134168271e+01 8.167766100178890376e-01 2.069264311270125334e-01
2.780732893559928343e+01 8.025771466905188278e-01 1.961370751341681706e-01
2.767005813953488413e+01 8.078041144901609849e-01 1.866894007155635027e-01
2.749712097495527630e+01 7.604259838998210785e-01 1.726576475849731784e-01
2.756068313953488413e+01 7.621030858676207664e-01 1.698065742397137645e-01
2.755693761180679857e+01 7.768056797853309936e-01 1.590731216457960673e-01
2.756551878354203922e+01 7.591122540250446749e-01 1.693872987477638703e-01
2.753234011627906952e+01 7.556462432915921346e-01 1.723781305903399064e-01
2.761921399821109091e+01 7.552549194991055037e-01 1.666200805008944408e-01
2.753046735241502674e+01 7.682804114490161540e-01 1.791983452593917669e-01
2.737832625223613547e+01 7.439344812164579990e-01 1.782200357781753008e-01
2.746363483899821034e+01 7.391547406082289440e-01 1.702538014311270054e-01
2.756157759391771123e+01 7.498602415026833778e-01 1.824407423971377562e-01
2.758992061717352584e+01 7.523479427549194520e-01 2.011683810375670955e-01
2.757541368515205704e+01 7.683083631484793896e-01 1.882267441860465129e-01
2.772884056350626025e+01 7.851911896243292110e-01 2.018671735241502618e-01
2.777294834525939038e+01 7.939680232558139483e-01 1.945158765652951760e-01
2.771852638640429234e+01 7.877347942754919785e-01 1.996869409660107231e-01
2.749896578711985740e+01 7.562611806797853164e-01 1.870807245080500780e-01
2.742075693202146525e+01 7.421455724508050356e-01 1.735800536672629790e-01
2.738520237030411408e+01 7.456115831842575759e-01 1.793381037567084169e-01
2.730383497316636721e+01 7.453320661896243315e-01 1.805679785330948084e-01
2.710470706618962566e+01 7.476241055456172013e-01 1.739713774597495544e-01
2.710934704830053832e+01 7.365831842576028299e-01 1.674865831842576036e-01
2.713841681574239573e+01 7.378410107334525403e-01 1.682133273703041165e-01
2.720463439177101961e+01 7.583575581395348708e-01 1.701699463327370210e-01
2.740244856887298752e+01 7.761068872987477718e-01 1.730769230769230727e-01
2.747221601073345099e+01 7.872037119856887255e-01 1.973669499105545622e-01
2.744387298747763992e+01 7.748490608228980614e-01 1.906585420393560049e-01
2.739255366726296970e+01 7.570158765652951205e-01 1.887578264758497382e-01
2.732544163685152228e+01 7.812779516994633466e-01 1.626788908765652852e-01
2.728452034883720856e+01 7.593358676207513369e-01 1.612813059033989249e-01
2.731437276386404278e+01 7.518448121645796567e-01 1.659492397137745934e-01
2.730746869409660249e+01 7.396019677996422681e-01 1.731328264758497382e-01
2.728214445438282709e+01 7.633050089445437836e-01 1.658653846153846090e-01
2.733147920393560071e+01 7.742341234347048795e-01 1.677661001788908757e-01
2.744082625223613547e+01 7.676095706618962788e-01 1.633497316636851604e-01
2.744172070661896257e+01 7.805232558139535426e-01 1.575357781753130570e-01
2.732099731663685205e+01 7.750167710196780302e-01 1.542374776386404300e-01
2.728482781753130482e+01 7.272193649373881463e-01 1.532871198568873106e-01
2.711219812164579679e+01 7.243403398926654413e-01 1.542933810375670955e-01
2.701076140429337968e+01 6.957737030411449419e-01 1.641323792486583111e-01
2.713841681574239573e+01 7.285889982110912433e-01 1.535945885509839015e-01
2.719096601073345099e+01 7.341513864042933379e-01 1.493459302325581273e-01
2.721928108228980392e+01 7.323345259391771389e-01 1.592967352415026738e-01
2.714613148479427451e+01 7.277783989266547460e-01 1.441748658318425802e-01
2.708413461538461675e+01 7.444376118067979053e-01 1.386683810375670955e-01
2.718504025044722638e+01 7.331730769230768718e-01 1.520572450805008913e-01
2.723965787119857040e+01 7.519007155635062389e-01 1.607222719141323808e-01
2.708519677996422104e+01 7.423971377459749332e-01 1.602191413237924744e-01
2.708821556350626025e+01 7.379248658318425802e-01 1.442866726296958835e-01
2.722045505366726204e+01 7.476241055456172013e-01 1.639926207513416889e-01
2.714766882826475936e+01 7.441301431127012034e-01 1.694711538461538547e-01
2.717933810375670944e+01 7.539132379248658644e-01 1.677940518783541946e-01
2.720055344364937255e+01 7.600067084078712121e-01 1.575916815742397226e-01
2.716290250447227095e+01 7.760509838998210785e-01 1.720986135957066065e-01
2.716754248658318360e+01 7.656250000000000000e-01 1.565295169946332721e-01
2.718859011627906952e+01 7.754639982110912433e-01 1.433922182468694018e-01
2.719121757602862388e+01 7.633329606440071302e-01 1.649988819320214739e-01
2.729195550089445277e+01 7.797685599284436275e-01 1.495136404293380961e-01
2.724454941860465240e+01 7.773367620751341356e-01 1.514982110912343471e-01
2.722478756708407843e+01 7.601185152057244876e-01 1.611694991055456216e-01
2.724351520572450980e+01 7.719420840787120097e-01 1.733564400715563447e-01
2.718512410554561853e+01 7.679170393559928698e-01 1.772417262969588625e-01
2.710107334525939038e+01 7.659045169946332443e-01 1.640205724508050078e-01
2.713495080500894474e+01 7.758273703041145275e-01 1.584861359570661765e-01
2.713590116279069875e+01 7.830668604651163101e-01 1.622875670840787099e-01
2.716991838103756862e+01 7.998378801431127449e-01 1.646075581395348708e-01
2.712963998211091265e+01 7.996981216457960118e-01 1.695270572450804925e-01
2.712091905187835295e+01 7.899429785330948084e-01 1.591010733452593862e-01
2.710794946332736899e+01 7.706842576028622993e-01 1.644398479427549298e-01
2.711633497316636721e+01 7.495248211091234403e-01 1.596042039355992925e-01
2.709615384615384670e+01 7.529908318425759806e-01 1.691357334525939171e-01
2.712181350626118004e+01 7.484626565295170453e-01 1.541256708407871268e-01
2.708539244186046346e+01 7.488539803220035651e-01 1.630143112701252228e-01
2.710096153846154010e+01 7.569879248658318849e-01 1.648870751341681706e-01
2.712460867620751515e+01 7.446332737030411097e-01 1.516379695885509971e-01
2.704816077817531195e+01 7.321388640429338235e-01 1.486750894454382799e-01
2.696712880143112656e+01 7.516491502683363413e-01 1.523088103756708445e-01
2.687458072450804991e+01 7.484906082289802809e-01 1.426934257602862355e-01
2.695933027728085918e+01 7.574072003577817513e-01 1.469420840787119820e-01
2.697582177996422104e+01 7.634727191413237524e-01 1.492341234347048240e-01
2.702306015205724421e+01 7.597551431127012034e-01 1.638808139534883856e-01
2.700008385509838860e+01 7.701252236135956997e-01 1.493179785330948084e-01
2.691885621645796078e+01 7.731719588550983735e-01 1.544051878354203988e-01
2.692637522361359714e+01 7.708799194991055037e-01 1.433363148479427640e-01
2.690485241502683422e+01 7.731440071556350269e-01 1.425257155635062667e-01
2.686616726296959001e+01 7.667710196779964349e-01 1.482558139534883856e-01
2.694247540250447059e+01 7.563450357781753564e-01 1.541256708407871268e-01
2.696573121645796078e+01 7.570158765652951205e-01 1.491502683363148396e-01
2.694814959749552941e+01 7.592520125223614080e-01 1.563059033989266655e-01
2.695550089445438147e+01 7.672182468694096480e-01 1.428611359570661765e-01
2.709559481216458110e+01 7.728365384615384359e-01 1.486750894454382799e-01
2.693861806797853475e+01 7.451923076923077094e-01 1.700022361359570799e-01
2.686465787119857040e+01 7.681965563506261141e-01 1.620080500894454378e-01
2.703454830053667379e+01 7.702370304114489752e-01 1.588774597495527796e-01
2.702314400715563636e+01 7.774765205724507577e-01 1.625391323792486631e-01
2.701470259391771123e+01 7.638360912343470366e-01 1.581227638640429201e-01
2.703969141323792513e+01 7.805232558139535426e-01 1.693313953488372048e-01
2.700662455277280927e+01 7.489937388193201873e-01 1.490105098389982174e-01
2.696508832737030303e+01 7.676934257602862077e-01 1.421902951699463291e-01
2.688268671735241355e+01 7.691748658318425802e-01 1.443425760286225490e-01
2.686110800536672727e+01 7.682245080500894607e-01 1.484235241502683267e-01
2.690753577817531195e+01 7.359402951699463014e-01 1.416871645796064505e-01
2.684221265652951871e+01 7.342352415026833778e-01 1.513305008944543784e-01
2.684984347048300535e+01 7.288685152057244876e-01 1.547965116279069742e-01
2.687167374776386453e+01 7.246757602862253789e-01 1.568649373881932096e-01
2.690286784436493761e+01 7.456954382826476158e-01 1.625391323792486631e-01
2.678452034883720856e+01 7.401330500894454101e-01 1.668995974955277406e-01
2.673588439177101961e+01 7.263808139534884134e-01 1.625111806797853442e-01
2.686566413237924777e+01 7.345706618962433154e-01 1.704494633273702930e-01
2.686119186046511587e+01 7.226352862254025178e-01 1.655579159212880180e-01
2.682409995527727986e+01 7.344029516994633466e-01 1.580389087656529634e-01
2.681132602862254188e+01 7.447450805008944963e-01 1.601352862254025178e-01
2.678488372093023173e+01 7.359961985688729946e-01 1.470818425760286319e-01
2.681498770125223530e+01 7.394342576028622993e-01 1.373266994633273730e-01
2.677781194096601070e+01 7.466178443649373886e-01 1.407368067978533033e-01
2.681593805903398930e+01 7.452202593917710560e-01 1.330221377459749610e-01
2.676509391771019608e+01 7.446053220035777631e-01 1.227079606440071580e-01
2.671461314847942603e+01 7.354092128801431594e-01 1.210029069767441928e-01
2.668339110017889126e+01 7.381205277280858956e-01 1.416033094812164661e-01
2.675925201252236008e+01 7.546958855098390151e-01 1.505199016100178810e-01
2.674969253130590374e+01 7.635286225402504456e-01 1.623714221824686943e-01
2.677378689624329056e+01 7.500838550983899289e-01 1.590731216457960673e-01
2.672515093917710161e+01 7.669387298747764037e-01 1.448457066189624276e-01
2.671480881037567201e+01 7.688394454382826426e-01 1.430847495527728108e-01
2.675081059928443494e+01 7.630813953488372325e-01 1.460755813953488469e-01
2.668490049194991087e+01 7.567084078711985295e-01 1.373266994633273730e-01
2.654466681574239573e+01 7.564009391771019386e-01 1.407368067978533033e-01
2.656442866726296970e+01 7.443537567084078654e-01 1.422182468694096480e-01
2.648714221824686987e+01 7.511460196779964349e-01 1.355936940966010751e-01
2.651059369409660249e+01 7.323904293381037212e-01 1.467743738819320132e-01
2.649482893559928343e+01 7.532703488372093359e-01 1.487868962432915831e-01
2.658382714669052049e+01 7.494130143112701647e-01 1.553555456171735183e-01
2.662441301431126917e+01 7.614322450805008913e-01 1.437835420393560049e-01
2.671715675313059180e+01 7.703488372093023617e-01 1.427493291592128732e-01
2.666251118067978609e+01 7.556741949910554812e-01 1.418269230769230727e-01
2.665580277280858823e+01 7.524317978533094919e-01 1.328264758497316733e-01
2.661974508050089483e+01 7.394901610017888816e-01 1.283262522361359459e-01
2.651783318425760427e+01 7.199239713774597815e-01 1.328823792486583111e-01
2.643523591234346881e+01 7.093582289803219698e-01 1.349787567084078654e-01
2.634620974955277362e+01 7.128242397137746211e-01 1.269007155635062667e-01
2.634780299642218182e+01 6.691077817531305705e-01 1.282703488372093081e-01
2.629441525044722638e+01 6.728253577817531195e-01 1.261460196779964349e-01
2.627082401610017826e+01 6.745024597495528074e-01 1.382211538461538547e-01
2.628306686046511587e+01 6.813506261180679591e-01 1.325749105545617201e-01
2.628580612701252406e+01 6.893448121645796567e-01 1.224284436493738859e-01
2.634047965116279144e+01 6.765429338103756685e-01 1.125055903398926721e-01
2.627630254919499109e+01 7.029013864042933379e-01 1.123099284436493706e-01
2.623535330948121569e+01 6.884224060822897728e-01 1.275715563506261141e-01
2.626249440966010695e+01 6.980657423971377007e-01 1.267050536672629790e-01
2.630428220035778253e+01 6.814624329159212346e-01 1.346992397137745934e-01
2.624770796064400713e+01 6.741949910554562164e-01 1.309816636851520444e-01
2.622713550983899822e+01 6.623155187835420010e-01 1.315686493738819351e-01
2.629444320214669162e+01 6.956618962432915554e-01 1.244130143112701231e-01
2.627817531305903387e+01 6.971433363148479279e-01 1.252795169946332721e-01
2.634126229874776470e+01 6.908542039355992648e-01 1.331618962432915831e-01
2.646785554561717291e+01 6.897361359570661765e-01 1.137913685152057292e-01
2.649234123434704813e+01 6.808195438282647061e-01 1.135677549194991087e-01
2.643791927549195009e+01 6.979259838998210785e-01 1.118906529516994625e-01
2.643054002683363279e+01 6.870248211091234403e-01 1.077258497316636865e-01
2.640105098389982174e+01 6.839780858676207664e-01 1.068034436493738859e-01
2.629108899821109091e+01 6.839780858676207664e-01 1.100458407871198613e-01
2.632871198568873083e+01 6.672070661896243315e-01 1.252795169946332721e-01
2.629405187835420321e+01 6.654740608228980614e-01 1.245807245080500919e-01
2.633712544722719073e+01 6.866894007155635027e-01 1.144063059033989249e-01
2.631727974060822817e+01 6.975905635062611410e-01 1.191021914132379261e-01
2.626758161896243138e+01 6.939847942754919785e-01 1.230433810375670817e-01
2.616485912343470588e+01 6.989042933810375446e-01 1.298076923076923184e-01
2.618101520572450980e+01 6.874720483005366534e-01 1.289970930232558211e-01
2.621483676207513369e+01 6.925872093023255349e-01 1.315127459749552696e-01
2.617827593917710161e+01 7.157032647584973262e-01 1.225402504472271892e-01
2.612662119856887344e+01 6.968079159212879903e-01 1.205556797853309520e-01
2.612555903398926560e+01 7.035722271914132131e-01 1.150771466905187862e-01
2.616385286225402496e+01 7.011404293381037212e-01 1.211985688729874805e-01
2.612466457960643851e+01 6.999385062611807040e-01 1.302828711985688781e-01
2.614629919499105526e+01 7.029572898032200312e-01 1.280467352415026738e-01
2.623110465116279144e+01 6.908542039355992648e-01 1.336650268336314895e-01
2.621861024150268449e+01 6.733843917710197191e-01 1.319879248658318294e-01
2.614727750447227095e+01 6.581227638640428923e-01 1.412399373881932096e-01
2.597772249552772905e+01 6.757043828264758245e-01 1.372148926654740697e-01
2.604863595706618895e+01 6.044555008944544339e-01 1.384727191413237801e-01
2.579287790697674509e+01 5.999552772808586232e-01 1.150491949910554534e-01
2.561370751341681640e+01 5.925480769230768718e-01 1.155523255813953459e-01
2.560291815742397148e+01 6.080333184257602497e-01 1.230992844364937333e-01
2.568694096601073440e+01 6.166983452593918225e-01 1.227918157423971424e-01
2.575673635957066310e+01 6.252236135957066621e-01 1.241894007155635027e-01
2.589931797853309448e+01 6.250279516994633466e-01 1.362645348837209225e-01
2.599689736135957219e+01 6.382211538461538547e-01 1.371030858676207387e-01
2.591393671735241355e+01 6.540418157423971701e-01 1.300592576028622438e-01
2.596539579606439929e+01 6.540697674418605168e-01 1.215898926654740558e-01
2.595013416815742247e+01 6.353700805008944963e-01 1.071947674418604612e-01
2.593017665474060962e+01 6.406529516994633466e-01 1.138193202146690480e-01
2.597973501788908735e+01 6.447059481216458332e-01 1.024709302325581411e-01
2.597297070661896257e+01 6.437555903398927137e-01 1.216178443649373886e-01
2.589557245080500891e+01 6.613372093023255349e-01 1.173971377459749610e-01
2.598127236135957219e+01 6.493459302325581550e-01 1.082289803220035790e-01
2.596293604651162923e+01 6.560263864042933379e-01 1.068313953488372048e-01
2.590993962432915865e+01 6.743906529516994208e-01 9.794275491949910872e-02
2.594216793381037434e+01 6.575916815742397503e-01 1.136516100178890931e-01
2.594974284436493761e+01 6.718190966010733067e-01 1.228197674418604612e-01
2.604852415026833512e+01 6.836426654740608289e-01 1.310934704830053754e-01
2.597967911449016043e+01 6.597439624329158869e-01 1.193817084078711982e-01
2.596346712880142960e+01 6.556909660107334004e-01 1.299194991055456216e-01
2.584439288908765775e+01 6.573401162790697416e-01 1.033374329159212901e-01
2.580598725402504456e+01 6.790306350626118537e-01 1.090954830053667279e-01
2.595938618067978609e+01 6.693313953488372325e-01 1.092631932021466967e-01
2.603644901610017826e+01 7.046623434704829547e-01 1.097942754919499081e-01
2.605556797853309448e+01 6.995471824686940732e-01 1.113875223613595700e-01
2.594487924865831729e+01 6.958016547406081775e-01 1.115272808586762060e-01
2.595477415026833512e+01 6.867173524150268493e-01 1.118627012522361297e-01
2.596109123434704813e+01 6.721824686940965909e-01 1.143504025044722733e-01
2.585769789803219965e+01 6.632938282647584671e-01 1.108564400715563447e-01
2.569543828264758645e+01 6.594085420393559493e-01 1.040082737030411514e-01
2.564093246869409626e+01 6.432245080500894607e-01 1.029181574239713820e-01
2.562986359570662032e+01 6.233508497316636587e-01 1.038405635062611826e-01
2.553295505366726204e+01 6.230154293381037212e-01 1.091513864042933796e-01
2.558223389982110874e+01 6.363763416815741980e-01 1.042318872987477579e-01
2.580131932021467023e+01 6.378298300536672238e-01 1.115552325581395388e-01
2.576937052772808556e+01 6.369912790697674909e-01 1.207513416815742396e-01
2.577806350626118004e+01 6.332457513416815953e-01 1.340563506261180649e-01
2.573951811270125134e+01 6.485353309481216577e-01 1.176487030411449003e-01
2.576154405187835295e+01 6.561102415026833778e-01 1.178164132379248691e-01
2.576758161896243138e+01 6.517497763864043003e-01 1.156082289803219976e-01
2.577292039355992870e+01 6.762634168157424241e-01 1.166144901610017826e-01
2.581115831842576114e+01 6.515261627906976383e-01 1.213942307692307682e-01
2.574407423971377540e+01 6.527001341681574198e-01 1.179002683363148535e-01
2.567615161001788948e+01 6.440630590339893047e-01 1.148535330948121658e-01
2.572378130590339751e+01 6.474452146690519161e-01 1.017162343470482955e-01
2.565233676207513369e+01 6.643280411449016265e-01 1.121422182468694156e-01
2.576453488372093048e+01 6.617564847942755124e-01 1.128130590339892630e-01
2.570840787119857040e+01 6.543772361359571077e-01 1.037008050089445466e-01
2.570882714669052049e+01 6.698065742397137923e-01 9.629360465116279522e-02
2.571567531305903387e+01 6.485353309481216577e-01 1.106048747763864054e-01
2.569909995527727986e+01 6.633217799642218138e-01 9.531529516994632911e-02
2.570446668157423886e+01 6.565015652951698977e-01 1.055735688729874805e-01
2.565222495527727986e+01 6.617005813953488191e-01 1.050704382826475880e-01
2.563559369409660249e+01 6.764590787119857396e-01 1.001229874776386336e-01
2.566379695885509804e+01 6.892609570661896168e-01 9.763528622540250390e-02
2.565054785330947951e+01 6.715116279069767158e-01 9.662902504472271892e-02
2.550955948121645633e+01 6.541256708407870990e-01 9.092687835420393272e-02
2.564151945438282709e+01 6.673747763864043003e-01 1.074463327370304144e-01
2.562511180679785383e+01 6.790026833631485070e-01 1.076699463327370349e-01
2.564219029516994652e+01 6.783597942754919785e-01 1.162231663685152072e-01
2.560314177101967914e+01 6.683251341681574198e-01 1.200525491949910595e-01
2.571732446332736899e+01 6.778007602862253789e-01 1.281026386404293393e-01
2.580447786225402496e+01 6.784436493738819074e-01 1.205836314847942708e-01
2.574759615384615330e+01 6.779964221824686943e-01 1.078097048300536709e-01
2.565924083184257753e+01 6.837824239713774510e-01 1.103812611806797850e-01
2.564780858676207487e+01 6.616446779964222369e-01 1.073624776386404300e-01
2.561650268336314795e+01 6.657815295169946523e-01 1.090116279069767435e-01
2.557507826475849555e+01 6.612813059033989527e-01 1.076419946332737021e-01
2.570552884615384670e+01 6.413237924865832218e-01 1.004863595706618901e-01
2.565233676207513369e+01 6.596880590339893047e-01 9.794275491949910872e-02
2.565096712880142960e+01 6.566413237924866309e-01 1.095147584973166360e-01
2.568070773703040999e+01 6.599675760286225490e-01 1.102974060822898006e-01
2.566469141323792513e+01 6.581227638640428923e-01 9.506372987477638981e-02
2.566838103756708378e+01 6.610017889087657084e-01 1.049027280858676192e-01
2.554265429338103743e+01 6.585699910554562164e-01 9.716010733452594417e-02
2.554880366726296970e+01 6.700860912343470366e-01 1.085923524150268354e-01
2.558298859570662032e+01 6.612813059033989527e-01 1.116111359570661904e-01
2.571715675313059180e+01 6.613931127012522282e-01 1.057692307692307682e-01
2.564652280858676292e+01 6.552157871198568406e-01 1.038405635062611826e-01
2.563701923076922995e+01 6.438394454382826426e-01 1.007938282647584949e-01
2.563475514311270231e+01 6.590451699463327762e-01 9.702034883720930813e-02
2.557365272808586809e+01 6.575078264758497104e-01 9.998322898032199757e-02
2.556666480322003565e+01 6.417151162790697416e-01 1.055176654740608289e-01
2.556099060822898039e+01 6.732446332737029859e-01 1.055176654740608289e-01
2.550187276386404278e+01 6.575916815742397503e-01 1.027224955277280805e-01
2.553983117173524064e+01 6.639087656529516490e-01 1.065239266547406138e-01
2.547970706618962566e+01 6.496533989266547460e-01 1.074183810375670817e-01
2.554516994633273796e+01 6.713718694096600936e-01 1.001509391771019664e-01
2.544132938282647416e+01 6.585979427549194520e-01 9.735576923076923184e-02
2.533947338998211052e+01 6.530635062611807040e-01 1.012131037567084030e-01
2.548781305903398930e+01 6.552996422182468805e-01 9.771914132379248830e-02
2.551855992844365062e+01 6.427772808586762476e-01 9.841793381037566846e-02
2.554885957066189661e+01 6.557468694096600936e-01 1.140429338103756685e-01
2.551464669051878431e+01 6.754248658318425802e-01 1.115272808586762060e-01
2.560630031305903387e+01 7.049418604651163101e-01 1.063003130590339934e-01
2.554516994633273796e+01 6.999105545617173574e-01 9.299530411449015432e-02
2.553178108228980392e+01 6.853197674418605168e-01 9.484011627906976938e-02
2.561692195885509804e+01 6.811270125223614080e-01 9.606999105545617479e-02
2.561094029516994652e+01 6.959414132379249107e-01 1.033653846153846090e-01
2.549988819320214617e+01 6.814903846153845812e-01 1.093190966010733484e-01
2.550254360465116221e+01 6.844253130590339795e-01 1.009056350626118120e-01
2.549860241502683422e+01 6.857110912343470366e-01 9.542710196779964626e-02
2.547428443649373975e+01 6.617564847942755124e-01 9.668492844364937056e-02
2.547663237924865953e+01 6.731607781753130570e-01 1.003466010733452540e-01
2.543260845259391800e+01 6.598278175313059268e-01 9.925648479427549853e-02
2.549986024150268449e+01 6.611974508050089128e-01 9.634950805008944685e-02
2.546561940966010695e+01 6.551598837209302584e-01 9.928443649373881741e-02
2.538646019677996435e+01 6.620639534883721034e-01 9.061940966010732790e-02
2.539020572450804991e+01 6.618123881932020947e-01 8.723725402504471649e-02
2.543777951699463458e+01 6.705053667262970141e-01 7.625223613595706607e-02
2.556004025044722638e+01 6.793381037567084446e-01 7.709078711985688226e-02
2.547048300536672727e+01 6.594923971377459893e-01 9.668492844364937056e-02
2.551464669051878431e+01 6.729651162790697416e-01 1.089836762075134108e-01
2.536415474060822817e+01 6.575078264758497104e-01 9.196109123434705046e-02
2.540476855992844207e+01 6.565854203935599376e-01 8.142330053667262701e-02
2.539045728980321925e+01 6.427493291592129010e-01 8.698568872987477718e-02
2.538606887298747594e+01 6.253074686940965909e-01 9.922853309481216577e-02
2.557549754025044564e+01 6.522249552772808601e-01 1.012969588550983874e-01
2.544787008050089483e+01 6.453208855098390151e-01 1.032535778175313057e-01
2.543274821109123351e+01 6.542654293381037212e-01 1.058530858676207526e-01
2.532787343470483066e+01 6.648032200357781862e-01 9.967576028622540663e-02
2.537097495527727986e+01 6.442866726296958557e-01 9.509168157423970869e-02
2.542508944543828164e+01 6.667039355992844252e-01 9.822227191413238079e-02
2.541899597495527630e+01 6.611415474060823305e-01 9.989937388193202705e-02
2.535138081395348664e+01 6.504639982110912433e-01 7.848837209302325646e-02
2.534668492844365062e+01 6.377180232558139483e-01 8.684593023255814115e-02
2.535462321109123351e+01 6.616446779964222369e-01 9.215675313059033813e-02
2.533047294275491979e+01 6.502124329159212346e-01 8.751677101967800243e-02
2.530872652057244920e+01 6.455724508050089128e-01 9.534324686940966187e-02
2.535982222719141177e+01 6.580389087656529634e-01 9.707625223613595977e-02
2.532119297853309448e+01 6.770181127012522282e-01 9.981551878354204266e-02
2.531057133273703030e+01 6.663126118067979053e-01 9.017218246869410092e-02
2.537986359570662032e+01 6.791144901610017826e-01 9.338662790697674354e-02
2.536359570661896257e+01 6.705053667262970141e-01 9.802661001788909312e-02
2.530249329159212834e+01 6.433642665474060829e-01 9.931238819320215017e-02
2.517687835420393583e+01 6.171735241502683822e-01 9.252012522361359459e-02
2.518573904293381105e+01 6.224563953488372325e-01 8.726520572450804925e-02
2.521486471377459893e+01 6.386963327370304144e-01 9.321891771019677475e-02
2.518940071556350802e+01 6.370192307692307265e-01 8.779628801431127449e-02
2.522325022361359714e+01 6.200245974955277406e-01 9.338662790697674354e-02
2.527647025939177183e+01 6.215060375670841131e-01 9.704830053667262701e-02
2.526948233452593939e+01 6.243850626118068181e-01 9.833407871198568406e-02
2.530257714669052049e+01 6.566133720930232842e-01 9.050760286225402462e-02
2.534878130590339751e+01 6.527839892665474597e-01 9.855769230769230449e-02
2.532887969588551158e+01 6.417430679785330883e-01 9.707625223613595977e-02
2.524893783542039216e+01 6.495415921288014705e-01 9.084302325581394832e-02
2.523588439177101961e+01 6.312052772808586232e-01 8.265317531305903243e-02
2.527417822003577896e+01 6.435040250447227050e-01 8.430232558139534593e-02
2.528960755813953654e+01 6.359850178890876782e-01 8.393895348837208947e-02
2.520046958855098396e+01 6.296679338103756685e-01 8.514087656529517600e-02
2.513400044722719073e+01 6.271243291592129010e-01 9.140205724508050633e-02
2.518889758497316578e+01 6.398703041144901960e-01 9.906082289803219698e-02
2.511007379248658467e+01 6.312891323792486631e-01 8.997652057245079937e-02
2.511608340787119786e+01 6.497931574239713681e-01 8.321220930232557655e-02
2.509780299642218182e+01 6.201643559928443628e-01 9.402951699463327206e-02
2.503440854203935473e+01 6.170896690518783423e-01 9.931238819320215017e-02
2.507314959749552941e+01 6.428052325581394832e-01 8.315630590339892492e-02
2.500637298747763992e+01 6.163908765652951205e-01 8.033318425760285764e-02
2.507996981216458110e+01 6.113036672629695856e-01 8.525268336314847928e-02
2.506043157423971479e+01 6.208351967799642379e-01 8.994856887298748049e-02
2.513274262075134047e+01 6.052940518783541668e-01 8.519677996422182764e-02
2.503088662790697683e+01 6.297797406082289440e-01 7.697898032200357898e-02
2.503499552772808556e+01 6.403734347048301023e-01 7.904740608228980059e-02
2.508312835420393583e+01 6.407088550983899289e-01 7.985800536672629790e-02
2.502364713774597504e+01 6.437835420393559493e-01 8.268112701252236518e-02
2.497355769230769340e+01 6.164188282647584671e-01 7.532983005366726548e-02
2.495935822898032086e+01 6.326867173524149957e-01 7.600067084078712676e-02
2.500332625223613547e+01 6.134279964221824866e-01 7.602862254025044564e-02
2.495927437388193226e+01 6.036728533094811722e-01 7.423971377459749610e-02
2.495088886404293405e+01 5.870974955277280527e-01 8.653846153846153633e-02
2.495192307692307665e+01 5.988372093023255349e-01 7.681127012522361019e-02
2.489286113595706595e+01 5.971880590339893047e-01 7.734235241502683544e-02
2.489115608228980392e+01 5.963495080500894607e-01 8.536449016100178255e-02
2.492086873881931908e+01 5.992285330948121658e-01 1.015485241502683406e-01
2.491877236135957219e+01 5.960979427549194520e-01 9.215675313059033813e-02
2.486026945438282709e+01 5.859235241502683822e-01 7.110912343470482400e-02
2.490613819320214617e+01 5.877683363148479279e-01 7.714669051878354777e-02
2.505305232558139394e+01 5.693202146690519161e-01 9.674083184257602219e-02
2.486085644007155793e+01 5.760006708407870990e-01 8.276498211091234958e-02
2.475181686046511587e+01 5.746869409660106953e-01 7.686717352415026183e-02
2.475209637745975044e+01 5.735968246869409537e-01 7.015876565295170453e-02
2.482354092128801426e+01 5.999552772808586232e-01 7.354092128801431594e-02
2.472389311270125134e+01 5.908709749552772950e-01 7.826475849731663603e-02
2.465082737030411408e+01 5.978309481216458332e-01 7.614042933810376279e-02
2.467757714669052049e+01 6.168940071556350269e-01 7.499440966010732790e-02
2.469373322898032086e+01 6.194935152057244876e-01 6.856551878354204266e-02
2.479897137745975044e+01 6.139870304114489752e-01 7.060599284436493150e-02
2.474060822898032086e+01 6.099899373881931819e-01 6.797853309481216577e-02
2.476003466010733334e+01 6.092911449016100711e-01 8.142330053667262701e-02
2.478287119856887344e+01 6.159716010733452540e-01 8.460979427549195075e-02
2.469708743291592157e+01 6.007658765652951205e-01 7.664355992844365528e-02
2.468993179785330838e+01 6.346712880143112745e-01 6.395348837209302584e-02
2.467307692307692335e+01 6.177325581395348708e-01 6.962768336314847928e-02
2.465286784436493761e+01 6.104651162790697416e-01 7.630813953488371770e-02
2.465703264758497326e+01 6.037008050089445188e-01 7.988595706618963066e-02
2.462388193202146525e+01 5.943928890876565285e-01 7.435152057245079937e-02
2.460529405187835295e+01 5.953991502683363413e-01 6.719588550983900122e-02
2.458030523255813904e+01 5.766435599284436275e-01 6.121422182468694295e-02
2.454891547406082353e+01 5.723110465116278966e-01 6.987924865831843246e-02
2.463724284436493761e+01 5.554561717352415329e-01 7.510621645796064505e-02
2.458788014311270231e+01 5.494465563506261141e-01 7.124888193202146003e-02
2.459422517889087700e+01 5.794387298747764037e-01 7.177996422182468528e-02
2.467659883720930125e+01 5.786560822898032530e-01 7.647584973166368649e-02
2.467355210196780035e+01 5.805847495527728386e-01 7.225514311270125889e-02
2.458226185152057397e+01 5.864546064400715242e-01 7.574910554561717357e-02
2.456649709302325491e+01 5.866782200357781862e-01 7.600067084078712676e-02
2.447408877459749377e+01 5.823177549194991087e-01 8.206618962432915554e-02
2.444191636851520499e+01 5.566580948121645500e-01 7.560934704830053754e-02
2.450234794275491979e+01 5.747707960644007352e-01 7.471489266547405583e-02
2.454257043828264884e+01 5.810040250447227050e-01 8.393895348837208947e-02
2.448289355992844207e+01 5.860353309481216577e-01 6.621757602862253511e-02
2.451006261180679857e+01 5.737645348837209225e-01 5.506484794275492284e-02
2.457890764758497326e+01 5.780690966010733067e-01 5.928555456171735044e-02
2.461342799642218182e+01 5.672517889087657084e-01 5.679785330948121380e-02
2.462150603756708378e+01 5.715283989266547460e-01 6.364601967799642102e-02
2.458002571556350802e+01 5.721712880143112745e-01 6.350626118067978498e-02
2.463475514311270231e+01 5.824016100178890376e-01 6.644118962432915554e-02
2.455959302325581461e+01 5.806686046511627675e-01 6.834190518783542223e-02
2.461806797853309448e+01 5.839948568872987966e-01 6.971153846153846367e-02
2.459939624329159358e+01 5.763360912343470366e-01 6.283542039355992370e-02
2.458393895348837077e+01 5.861191860465115866e-01 6.532312164579606728e-02
2.463293828264758645e+01 5.965731216457960118e-01 7.409995527728086007e-02
2.465379025044722638e+01 5.805288461538461453e-01 7.485465116279069187e-02
2.461594364937388235e+01 5.896131484794275845e-01 7.915921288014311774e-02
2.460224731663685205e+01 5.797461985688729946e-01 7.868403398926654413e-02
2.456420505366726204e+01 5.852526833631485070e-01 7.010286225402503901e-02
2.461001788908765775e+01 5.822059481216458332e-01 7.865608228980322525e-02
2.471578711985688770e+01 5.962936046511627675e-01 7.049418604651162823e-02
2.474315183363148307e+01 6.119465563506261141e-01 8.265317531305903243e-02
2.470569655635062745e+01 5.851967799642218138e-01 7.552549194991055315e-02
2.457136068872987522e+01 5.787958407871198752e-01 6.976744186046511531e-02
2.454405187835420321e+01 5.650156529516994208e-01 8.136739713774597538e-02
2.460495863148479501e+01 5.694040697674418450e-01 6.328264758497316456e-02
2.454715451699463458e+01 5.617732558139535426e-01 6.638528622540250390e-02
2.445807245080500891e+01 5.438003130590339795e-01 6.048747763864043003e-02
2.452716905187835295e+01 5.490552325581394832e-01 6.454047406082290272e-02
2.434559481216458110e+01 5.609906082289802809e-01 6.688841681574239639e-02
2.434545505366726204e+01 5.394398479427549020e-01 8.382714669051878620e-02
2.436851520572450980e+01 5.476576475849731507e-01 8.673412343470482400e-02
2.433013752236135829e+01 5.278678443649373886e-01 8.642665474060823305e-02
2.434763528622540107e+01 5.346601073345259580e-01 7.099731663685152072e-02
2.429424754025044564e+01 5.227247316636851604e-01 6.806238819320215017e-02
2.426735800536672727e+01 5.263025491949910872e-01 7.029852415026834056e-02
2.421475290697674509e+01 5.261627906976744651e-01 6.454047406082290272e-02
2.421117508944543673e+01 5.328711985688729946e-01 6.518336314847943125e-02
2.428991502683363279e+01 5.570494186046511809e-01 6.761516100178890931e-02
2.434743962432915865e+01 5.448624776386403745e-01 7.267441860465116699e-02
2.432094141323792513e+01 5.635621645796063950e-01 5.612701252236135946e-02
2.425637298747763992e+01 5.583631484794275845e-01 6.196891771019678169e-02
2.434011627906976827e+01 5.662734794275492423e-01 6.386963327370304144e-02
2.433013752236135829e+01 5.684816636851520721e-01 6.006820214669052194e-02
2.428192084078711943e+01 5.632546958855098040e-01 5.797182468694096757e-02
2.426126453488372192e+01 5.583351967799642379e-01 5.226967799642218138e-02
2.432862813059033869e+01 5.471545169946332443e-01 5.171064400715563725e-02
2.442984123434704813e+01 5.631987924865832218e-01 6.194096601073345587e-02
2.445234235241502674e+01 5.722551431127012034e-01 7.004695885509838738e-02
2.437404964221824599e+01 5.799698121645796567e-01 7.418381037567084446e-02
2.444144118962432799e+01 5.819823345259391711e-01 7.169610912343470088e-02
2.433992061717352584e+01 5.725626118067979053e-01 6.031976744186046818e-02
2.431205277280858823e+01 5.735409212880142604e-01 5.612701252236135946e-02
2.430853085867620678e+01 5.813953488372093359e-01 5.671399821109123635e-02
2.433908206618962566e+01 5.660219141323792336e-01 6.526721824686941564e-02
2.431537902504472370e+01 5.772025939177102272e-01 5.531641323792486908e-02
2.427501677101967914e+01 5.887745974955277406e-01 5.811158318425760361e-02
2.435031864937388235e+01 5.891938729874776071e-01 6.442866726296958557e-02
2.427920952593917647e+01 5.786560822898032530e-01 7.250670840787119820e-02
2.425374552772808556e+01 5.309704830053667557e-01 7.231104651162791053e-02
2.415373434704829947e+01 5.598166368515206104e-01 6.238819320214668979e-02
2.422464780858676292e+01 5.394118962432915554e-01 5.503689624329159008e-02
2.411848725402504456e+01 5.500335420393559493e-01 5.651833631484794174e-02
2.408421847048300535e+01 5.457289803220035651e-01 6.168940071556350963e-02
2.408801990161001783e+01 5.321444543828264262e-01 5.825134168157423964e-02
2.407105322003577896e+01 5.353588998211090688e-01 6.085084973166368649e-02
2.415739601967799643e+01 5.431015205724507577e-01 6.915250447227191954e-02
2.408351967799642068e+01 5.286784436493738859e-01 6.448457066189623721e-02
2.413109347048300535e+01 5.505925760286225490e-01 6.054338103756708167e-02
2.414884279964221747e+01 5.424027280858676470e-01 6.490384615384615918e-02
2.416007938282647416e+01 5.491670393559928698e-01 7.119297853309480839e-02
2.410630031305903387e+01 5.458966905187835339e-01 6.484794275491949367e-02
2.413813729874776470e+01 5.664691413237924467e-01 7.287008050089445466e-02
2.414110017889087700e+01 5.892777280858676470e-01 9.176542933810376279e-02
2.410780970483005348e+01 5.557356887298747772e-01 8.242956171735241200e-02
2.414431462432915865e+01 5.672238372093023617e-01 8.505702146690519161e-02
2.419982669946332621e+01 5.656026386404293671e-01 9.112254025044722039e-02
2.404296176207513369e+01 5.581674865831842691e-01 9.316301431127012311e-02
2.396738036672629590e+01 5.509279964221824866e-01 8.768448121645795734e-02
2.405472942754919430e+01 5.570773703041145275e-01 7.695102862254024623e-02
2.398770125223613547e+01 5.392162343470483510e-01 7.759391771019677475e-02
2.381599396243291622e+01 5.068202146690519161e-01 7.186381932021466967e-02
2.381140988372093048e+01 4.964780858676207664e-01 6.350626118067978498e-02
2.386345594812164705e+01 5.225849731663685382e-01 6.867732558139534593e-02
2.383978085867620678e+01 5.278398926654740420e-01 6.940406976744185885e-02
2.379326923076922995e+01 5.332625223613596255e-01 7.141659212880142882e-02
2.386806797853309448e+01 5.417318872987477718e-01 7.695102862254024623e-02
2.401405970483005348e+01 5.811158318425759806e-01 9.196109123434705046e-02
2.395645125223613547e+01 5.613819320214669117e-01 8.310040250447227328e-02
2.385084973166368627e+01 5.318649373881931819e-01 8.022137745974955436e-02
2.396542374776386453e+01 5.252683363148479279e-01 8.679002683363148951e-02
2.400399709302325491e+01 5.337377012522361852e-01 9.115049194991055315e-02
2.386485353309481283e+01 5.424306797853309936e-01 8.975290697674419282e-02
2.393218917710196791e+01 5.306350626118068181e-01 7.706283542039356338e-02
2.397819767441860606e+01 5.703823792486583111e-01 8.474955277280858679e-02
2.411141547406082353e+01 5.645125223613596255e-01 8.916592128801431594e-02
2.409889311270125134e+01 5.600122987477638148e-01 8.651050983899821745e-02
2.404754584078711943e+01 5.546455724508050356e-01 8.600737924865832496e-02
2.396866614490161140e+01 5.481328264758497104e-01 9.011627906976743541e-02
2.391156082289803209e+01 5.341569767441860517e-01 8.869074239713774233e-02
2.389054114490161140e+01 5.132491055456172013e-01 8.980881037567084446e-02
2.384953600178890909e+01 5.220818425760286319e-01 8.718135062611806485e-02
2.384492397137745812e+01 5.069040697674418450e-01 8.564400715563506850e-02
2.383715339892665597e+01 5.178890876565295232e-01 7.110912343470482400e-02
2.366075022361359714e+01 4.809089892665474042e-01 6.904069767441860239e-02
2.374821109123434582e+01 4.882882379248658089e-01 6.725178890876565285e-02
2.372185263864042781e+01 5.168828264758497104e-01 7.546958855098390151e-02
2.380911784436493761e+01 5.135286225402504456e-01 7.790138640429337957e-02
2.377333966905187879e+01 5.200693202146690064e-01 7.955053667262969308e-02
2.381099060822898039e+01 5.185599284436493983e-01 9.143000894454382521e-02
2.377557580500894474e+01 5.195941413237924467e-01 9.011627906976743541e-02
2.375483564400715508e+01 5.021522808586762476e-01 7.686717352415026183e-02
2.367251788908765775e+01 5.027113148479427363e-01 7.535778175313058436e-02
2.366091793381037434e+01 4.853253577817531195e-01 6.996310375670840298e-02
2.355414244186046346e+01 4.849619856887298908e-01 7.605657423971377840e-02
2.357071779964221747e+01 4.589948568872987411e-01 6.398144007155634472e-02
2.357812500000000000e+01 4.752906976744186163e-01 6.392553667262969308e-02
2.363654405187835295e+01 4.756261180679785538e-01 7.728644901610018381e-02
2.360529405187835295e+01 4.858564400715563725e-01 8.841122540250447026e-02
2.353345818425760427e+01 4.818313953488372325e-01 7.488260286225402462e-02
2.351931462432915865e+01 4.978197674418604612e-01 7.616838103756708167e-02
2.347199239713774688e+01 4.727191413237925022e-01 6.755925760286225767e-02
2.327722495527727986e+01 4.499944096601073418e-01 4.662343470483005375e-02
2.326772137745975044e+01 4.326084525939177250e-01 4.871981216457960812e-02
2.339314065295170053e+01 4.538237924865831663e-01 5.017330053667262701e-02
2.339470594812164705e+01 4.716569767441860517e-01 6.034771914132379400e-02
2.347196444543828164e+01 4.752627459749552696e-01 6.054338103756708167e-02
2.345960979427549020e+01 4.737813059033989527e-01 6.034771914132379400e-02
2.345060934704829947e+01 4.731384168157424241e-01 6.870527728085867869e-02
2.343319543828264884e+01 4.670449463327370210e-01 7.124888193202146003e-02
2.343420169946332621e+01 4.330277280858676470e-01 6.236024150268336397e-02
2.338743850626118004e+01 4.399877012522361297e-01 5.554002683363148257e-02
2.328692419499105526e+01 4.317978533094812277e-01 5.092799642218246575e-02
2.320334861359570766e+01 4.150827370304114305e-01 5.296847048300536848e-02
2.323856775491949733e+01 4.135174418604651292e-01 5.159883720930232703e-02
2.327803555456171836e+01 4.307077370304114305e-01 5.693761180679785677e-02
2.328698009838998217e+01 4.324127906976744096e-01 4.891547406082289579e-02
2.319088215563506239e+01 4.376118067978533310e-01 4.707066189624329461e-02
2.320974955277280927e+01 4.377795169946332998e-01 4.581283542039356338e-02
2.326791703935599287e+01 4.338383273703040888e-01 4.804897137745974683e-02
2.329600849731663814e+01 4.436773255813953321e-01 5.721712880143112884e-02
2.332851632379248485e+01 4.508609123434704768e-01 5.816748658318425524e-02
2.331051542933810339e+01 4.297573792486583111e-01 5.690966010733452402e-02
2.326310934704829947e+01 4.404069767441860517e-01 5.758050089445438530e-02
2.331174530411448842e+01 4.469476744186046679e-01 5.199016100178890931e-02
2.327543604651162923e+01 4.602247316636851604e-01 5.749664579606440090e-02
2.316972271914132264e+01 4.253130590339892492e-01 4.735017889087656667e-02
2.319527057245080570e+01 4.331115831842575759e-01 3.941189624329159008e-02
2.321914132379248485e+01 4.394845706618962233e-01 4.469476744186046818e-02
2.325279516994633155e+01 4.226576475849731507e-01 3.977526833631484654e-02
2.342265764758497326e+01 4.328879695885509693e-01 5.034101073345259580e-02
2.336968917710196791e+01 4.530411449016100156e-01 4.366055456171735044e-02
2.335403622540250623e+01 4.524821109123434715e-01 4.735017889087656667e-02
2.334975961538461675e+01 4.465563506261180926e-01 4.726632379248658228e-02
2.314277728085867736e+01 4.390652951699463569e-01 3.941189624329159008e-02
2.325556238819320143e+01 4.358228980322003676e-01 3.815406976744185885e-02
2.331395348837209269e+01 4.554449910554561609e-01 3.927213774597495405e-02
2.331154964221824599e+01 4.642218246869409537e-01 4.539355992844364834e-02
2.332233899821109091e+01 4.511683810375670678e-01 4.349284436493738859e-02
2.330327593917710161e+01 4.480936940966010473e-01 4.134056350626118259e-02
2.327417822003577896e+01 4.644174865831842691e-01 5.011739713774597538e-02
2.333860688729874866e+01 4.563953488372092804e-01 5.637857781753130570e-02
2.331890093917710161e+01 4.519789803220035651e-01 5.185040250447227328e-02
2.331507155635062745e+01 4.513640429338103832e-01 5.000559033989266516e-02
2.335526610017889126e+01 4.519789803220035651e-01 4.600849731663685105e-02
2.325872093023255971e+01 4.554449910554561609e-01 4.818872987477638981e-02
2.316320997316636721e+01 4.421958855098390151e-01 4.570102862254025317e-02
2.320130813953488413e+01 4.442363595706618762e-01 4.134056350626118259e-02
2.327043269230769340e+01 4.513640429338103832e-01 4.609235241502683544e-02
2.321036449016100178e+01 4.529572898032200312e-01 4.312947227191413213e-02
2.317159548300536542e+01 4.440127459749552696e-01 4.259838998211091382e-02
2.323071332737030303e+01 4.595818425760286319e-01 4.572898032200357898e-02
2.324471712880142960e+01 4.406585420393560049e-01 4.821668157423971562e-02
2.319468358676207487e+01 4.603924418604651292e-01 4.290585867620751170e-02
2.322084637745975044e+01 4.414411896243291555e-01 4.849619856887298769e-02
2.324661784436493761e+01 4.575413685152057153e-01 5.101185152057245015e-02
2.331526721824686987e+01 4.540194543828264817e-01 5.467352415026833362e-02
2.333695773703040999e+01 4.640541144901609849e-01 6.487589445438282643e-02
2.339028957960643851e+01 4.759894901610017826e-01 6.168940071556350963e-02
2.343375447227191444e+01 4.833128354203935495e-01 5.375111806797853303e-02
2.330173859570662032e+01 4.823065742397137923e-01 6.618962432915921623e-02
2.324368291592128699e+01 4.512522361359570522e-01 5.819543828264758800e-02
2.330087209302325491e+01 4.648367620751341911e-01 5.797182468694096757e-02
2.322923188729874866e+01 4.589110017889087567e-01 5.727303220035778047e-02
2.325218023255813904e+01 4.689736135957066065e-01 4.751788908765652852e-02
2.326408765652951871e+01 4.698680679785330883e-01 4.860800536672629790e-02
2.324502459749552941e+01 4.755143112701252228e-01 4.690295169946332582e-02
2.324787567084078788e+01 4.745080500894454656e-01 3.558251341681574476e-02
2.321329941860465240e+01 4.581842576028622438e-01 3.586203041144901682e-02
2.324703711985688770e+01 4.742844364937388035e-01 3.798635957066189700e-02
2.328396131484794296e+01 4.738931127012522282e-01 4.835644007155635166e-02
2.334391771019678075e+01 4.765485241502683267e-01 4.416368515205724293e-02
2.325872093023255971e+01 4.709861359570661765e-01 4.139646690518783423e-02
2.324030076028622460e+01 4.724116726296959112e-01 3.628130590339892492e-02
2.322260733452593939e+01 4.848222271914132131e-01 3.988707513416815675e-02
2.318436940966010695e+01 4.546064400715563725e-01 4.371645796064400902e-02
2.290211314847942603e+01 4.391771019677996324e-01 3.614154740608228888e-02
2.269286672629695900e+01 4.217631932021466690e-01 3.510733452593917808e-02
2.269985465116279144e+01 4.181294722719141599e-01 3.468805903398926999e-02
2.283648255813953654e+01 4.336985688729874666e-01 4.025044722719141321e-02
2.287628577817531195e+01 4.522864490161001561e-01 3.787455277280858679e-02
2.286303667262969697e+01 4.425872093023255904e-01 3.264758497316636726e-02
2.283175872093023173e+01 4.368012075134168337e-01 3.359794275491950061e-02
2.286021355098390018e+01 4.322730322003577874e-01 3.466010733452593723e-02
2.285451140429337968e+01 4.602806350626117982e-01 2.797965116279069880e-02
2.295896690518783601e+01 4.435375670840787099e-01 3.281529516994633605e-02
2.300721153846154010e+01 4.439847942754919230e-01 3.695214669051878620e-02
2.295536113595706595e+01 4.457737030411448864e-01 4.036225402504472343e-02
2.294624888193202139e+01 4.369409660107334559e-01 3.194879248658318710e-02
2.288011516100178966e+01 4.345371198568873106e-01 3.879695885509838738e-02
2.309612589445438147e+01 4.451028622540250668e-01 4.377236135957066065e-02
2.300860912343470588e+01 4.754863595706618762e-01 3.485576923076923184e-02
2.296953264758497326e+01 4.703152951699463569e-01 3.547070661896243454e-02
2.290910107334525847e+01 4.756540697674418450e-01 3.731551878354204266e-02
2.301000670840787166e+01 4.709861359570661765e-01 4.086538461538461592e-02
2.309964780858676292e+01 4.774709302325581550e-01 4.550536672629695856e-02
2.307753801431126917e+01 4.677996422182468805e-01 4.844029516994633605e-02
2.315379025044722638e+01 4.822227191413238079e-01 4.558922182468694295e-02
2.316642441860465240e+01 4.830333184257603052e-01 5.098389982110912433e-02
2.310621645796064527e+01 4.754863595706618762e-01 4.880366726296958557e-02
2.304732222719141177e+01 4.701475849731663881e-01 5.003354203935599098e-02
2.297979092128801426e+01 4.593302772808586787e-01 5.238148479427549159e-02
2.291840898926654901e+01 4.541312611806798127e-01 6.118627012522361019e-02
2.286320438282647416e+01 4.555008944543828542e-01 5.308027728085867869e-02
2.285778175313059180e+01 4.520628354203935495e-01 5.042486583184257326e-02
2.281644118962432799e+01 4.249776386404293116e-01 4.807692307692307959e-02
2.275338215563506239e+01 4.119521466905187723e-01 4.111694991055456216e-02
2.269406864937388235e+01 4.050201252236135807e-01 4.058586762075134385e-02
2.256658094812164705e+01 3.956842576028622438e-01 3.544275491949910872e-02
2.253242397137745812e+01 4.043492844364937611e-01 4.041815742397137506e-02
2.254575693202146525e+01 4.015820661896243315e-01 3.250782647584973123e-02
2.249745639534883779e+01 4.032312164579606173e-01 3.577817531305903243e-02
2.249768000894454545e+01 4.017218246869409537e-01 3.639311270125223513e-02
2.255341569767441712e+01 3.827985241502683267e-01 3.804226296958854864e-02
2.255590339892665597e+01 3.923021019677996324e-01 4.284995527728086007e-02
2.250810599284436364e+01 3.860688729874776626e-01 3.790250447227191261e-02
2.253706395348837077e+01 4.011348389982111184e-01 4.284995527728086007e-02
2.249561158318425669e+01 4.015541144901609849e-01 4.120080500894454656e-02
2.250536672629695900e+01 4.132379248658318294e-01 4.019454382826476158e-02
2.244585755813953654e+01 4.200022361359570522e-01 3.577817531305903243e-02
2.243090339892665597e+01 4.121757602862253789e-01 5.447786225402504595e-02
2.256479203935599287e+01 4.338662790697674354e-01 4.785330948121645916e-02
2.250986694991055614e+01 4.279964221824686943e-01 4.539355992844364834e-02
2.244842911449016043e+01 4.257602862254025178e-01 3.985912343470483093e-02
2.243434145796064527e+01 4.267944991055456216e-01 3.977526833631484654e-02
2.230087209302325491e+01 4.134056350626117982e-01 3.773479427549195075e-02
2.233718135062611765e+01 3.910442754919499220e-01 3.479986583184257326e-02
2.238514646690518717e+01 3.959917262969588347e-01 3.985912343470483093e-02
2.239364378354203922e+01 4.028678443649373886e-01 3.751118067978533033e-02
2.237941636851520499e+01 4.006037567084078654e-01 3.591793381037566846e-02
2.238005925760286274e+01 3.980881037567083891e-01 3.292710196779963933e-02
2.235252683363148307e+01 3.945382379248658089e-01 2.948904293381037628e-02
2.241882826475849555e+01 4.073960196779964349e-01 3.231216457960643662e-02
2.239467799642218182e+01 4.048524150268336119e-01 4.005478533094811860e-02
2.241877236135957219e+01 4.169275491949910317e-01 4.257043828264758800e-02
2.249591905187835295e+01 3.986750894454382799e-01 4.346489266547406277e-02
2.244255925760286274e+01 4.023088103756708445e-01 4.399597495527728108e-02
2.234503577817531195e+01 3.810096153846153633e-01 4.092128801431126756e-02
2.231297517889087700e+01 3.788852862254025178e-01 4.148032200357781862e-02
2.237533542039356149e+01 3.770684257602862077e-01 3.647696779964221953e-02
2.236538461538461675e+01 3.785219141323792336e-01 3.868515205724507716e-02
2.229897137745975044e+01 3.875223613595706884e-01 4.175983899821109069e-02
2.223624776386404278e+01 3.727359123434704768e-01 4.511404293381037628e-02
2.205869856887298752e+01 3.443369856887298908e-01 3.700805008944543784e-02
2.211393112701252406e+01 3.453432468694096480e-01 2.901386404293380961e-02
2.223213886404293405e+01 3.295784883720930258e-01 3.496757602862254205e-02
2.220393559928443494e+01 3.617788461538461453e-01 3.004807692307692388e-02
2.211040921288014260e+01 3.538126118067978498e-01 2.635845259391771112e-02
2.206898479427549020e+01 3.501509391771019941e-01 2.633050089445438183e-02
2.206328264758497326e+01 3.529740608228980059e-01 2.104762969588551066e-02
2.234310711091234225e+01 3.445885509838998439e-01 2.470930232558139414e-02
2.226696668157423886e+01 3.517721377459749332e-01 3.094253130590339865e-02
2.221813506261180748e+01 3.690183363148479279e-01 3.320661896243291833e-02
2.221508832737030303e+01 3.675368962432916109e-01 3.144566189624329461e-02
2.218543157423971479e+01 3.759783094812164661e-01 3.136180679785331021e-02
2.218629807692307665e+01 3.659436493738819074e-01 3.158542039355993064e-02
2.223459861359570766e+01 3.732669946332737299e-01 3.043940071556350616e-02
2.221807915921288057e+01 3.796399821109123218e-01 2.985241502683363274e-02
2.220446668157423886e+01 3.653007602862253789e-01 3.158542039355993064e-02
2.212080724508050267e+01 3.670058139534883579e-01 2.680567978533094850e-02
2.207102526833631373e+01 3.770125223613595700e-01 2.493291592128801457e-02
2.218744409660107308e+01 3.891435599284436275e-01 2.236135957066189700e-02
2.217251788908765775e+01 3.829103309481216577e-01 2.719700357781753078e-02
2.212511180679785383e+01 3.632323345259391711e-01 2.845483005366726201e-02
2.208978085867620678e+01 3.674809928443649176e-01 3.088662790697674354e-02
2.212555903398926560e+01 3.588159660107334559e-01 2.842687835420393619e-02
2.208502906976744029e+01 3.668381037567083891e-01 2.442978533094812207e-02
2.208128354203935473e+01 3.631764311270125334e-01 2.278063506261180510e-02
2.203317866726296970e+01 3.629528175313059268e-01 2.828711985688730016e-02
2.203211650268336186e+01 3.483061270125223374e-01 3.222830948121645916e-02
2.204162008050089483e+01 3.521075581395348708e-01 3.150156529516994625e-02
2.204217911449016043e+01 3.578376565295169898e-01 2.384279964221824519e-02
2.199653398926654901e+01 3.702202593917710005e-01 2.244521466905187793e-02
2.196721265652951871e+01 3.791927549194991087e-01 2.496086762075134038e-02
2.199030076028622460e+01 3.731831395348837455e-01 2.166256708407871337e-02
2.200352191413237790e+01 3.535610465116278966e-01 2.278063506261180510e-02
2.203217240608228877e+01 3.592631932021466690e-01 2.658206618962432807e-02
2.190795505366726204e+01 3.543436940966010473e-01 2.451364042933810300e-02
2.194893224508050267e+01 3.394174865831842691e-01 2.250111806797853303e-02
2.194362142218246703e+01 3.586203041144901404e-01 1.886739713774597538e-02
2.194814959749552941e+01 3.601017441860465129e-01 1.523367620751341599e-02
2.187284771914132264e+01 3.534492397137746211e-01 1.760957066189624415e-02
2.184852974060822817e+01 3.419890429338103832e-01 1.746981216457960812e-02
2.184210084973166488e+01 3.586203041144901404e-01 2.001341681574239639e-02
2.182189177101967914e+01 3.494521466905187723e-01 2.205389087656529565e-02
2.175304673524150445e+01 3.578656082289803364e-01 1.830836314847942778e-02
2.180554002683363279e+01 3.606887298747764037e-01 1.601632379248658228e-02
2.184637745974955436e+01 3.599619856887298908e-01 1.719029516994633258e-02
2.181389758497316578e+01 3.644063059033989527e-01 1.520572450805009017e-02
2.179497428443649198e+01 3.543716457960643940e-01 1.531753130590339865e-02
2.184551095706618895e+01 3.647137745974955436e-01 1.721824686940965840e-02
2.185406417710196791e+01 3.778790250447227050e-01 1.981775491949910525e-02
2.193076364042933690e+01 3.798915474060822750e-01 2.286449016100178949e-02
2.193431350626118004e+01 3.748881932021466690e-01 2.289244186046511531e-02
2.184458855098390018e+01 3.805344364937388035e-01 2.317195885509839084e-02
2.185434369409660249e+01 3.785778175313059268e-01 2.373099284436493844e-02
2.190398591234346881e+01 3.916871645796064505e-01 2.510062611806797989e-02
2.193347495527727986e+01 3.765652951699463569e-01 2.591122540250447373e-02
2.191642441860465240e+01 3.645181127012522282e-01 2.306015205724508063e-02
2.165708855098390018e+01 3.412063953488372325e-01 1.987365831842576036e-02
2.168129472271914082e+01 3.491167262969588347e-01 1.302549194991055488e-02
2.177454159212880214e+01 3.422685599284436275e-01 1.296958855098389977e-02
2.174988819320214617e+01 3.647976296958855280e-01 1.682692307692307612e-02
2.173621981216458110e+01 3.676207513416815953e-01 1.540138640429338131e-02
2.170435487477638503e+01 3.600458407871198752e-01 1.092911449016100225e-02
2.172389311270125134e+01 3.765093917710196636e-01 1.215898926654740593e-02
2.169775827370304100e+01 3.755310822898031975e-01 1.182356887298747702e-02
2.175765876565295187e+01 3.628969141323792336e-01 1.582066189624329114e-02
