3.749558940187212386e+01 1.197493257179121029e+00 1.703537997778835411e+00
3.663081072505156044e+01 1.163430112644772363e+00 1.656957004600983607e+00
3.632275107091861344e+01 1.151832460732984398e+00 1.639092495636998326e+00
3.596006663493574251e+01 1.119292400444232838e+00 1.601348564175789413e+00
3.508924321751546671e+01 1.062541646834840536e+00 1.519133745835316462e+00
3.451827701094716616e+01 1.014580358559416196e+00 1.448929081389814355e+00
3.387141043947326580e+01 9.481516738061240845e-01 1.329240044423290579e+00
3.360464858004124977e+01 9.070125337141043964e-01 1.269141678565762321e+00
3.396430271299381332e+01 9.106615897191813191e-01 1.296652387751864088e+00
3.424296366809456060e+01 9.328732349674757618e-01 1.341440583848960921e+00
3.419397112486117862e+01 8.993653815643344318e-01 1.342963668094558249e+00
3.388521339044899605e+01 8.375852768522925595e-01 1.276043154053625228e+00
3.374215452958908656e+01 8.337775662382992392e-01 1.288069173409487567e+00
3.364469300333174573e+01 8.403300015865461381e-01 1.275916230366492155e+00
3.348267491670632978e+01 8.207520228462636958e-01 1.235951134380453675e+00
3.336879263842614307e+01 8.212597175947961015e-01 1.213707758210375909e+00
3.343879105188005951e+01 8.533872759003648945e-01 1.251404093288910113e+00
3.320653656988735491e+01 8.395208630810725436e-01 1.229509757258448355e+00
3.233695065841662597e+01 7.713469776297001701e-01 1.116024115500555247e+00
3.178326193875932049e+01 7.204347136284309228e-01 1.068126289068697554e+00
3.176555608440425260e+01 7.385054735840076434e-01 1.070696493733142907e+00
3.170417261621449967e+01 7.296842773282563588e-01 1.069903220688561030e+00
3.126411232746311342e+01 6.725210217356814013e-01 1.001776931619863475e+00
3.110055529113120798e+01 6.789782643185784394e-01 9.701412026019355928e-01
3.139898461050293577e+01 7.208789465333967916e-01 1.030810725051562793e+00
3.130863081072505238e+01 7.150404569252736264e-01 1.033793431699190801e+00
3.118132635253054019e+01 7.264477233063620920e-01 1.007044264635887698e+00
3.140858321434237510e+01 7.501507218784705389e-01 1.040932889100428360e+00
3.167498016817388518e+01 7.847850230049182585e-01 1.082468665714739098e+00
3.184715214976995057e+01 8.053149293986990864e-01 1.094954783436458801e+00
3.152906552435348075e+01 7.778042202125972082e-01 1.045042043471362758e+00
3.071899095668729274e+01 7.123591940345866957e-01 9.765825797239410244e-01
3.037385372045057963e+01 6.583848960812311857e-01 9.186101856258924725e-01
2.999146438204029863e+01 6.064731080437886224e-01 8.616373155640171255e-01
2.942511502459146300e+01 5.558781532603521702e-01 8.028081865778200488e-01
2.934033000158654758e+01 5.470886879263842095e-01 7.874186895129303698e-01
2.979290813898143853e+01 5.983182611454862521e-01 8.519911153419006400e-01
2.996519117880374594e+01 6.194986514358241658e-01 8.678565762335396228e-01
2.977712200539425780e+01 5.960653656988735838e-01 8.314770744090115295e-01
2.937858162779628657e+01 5.676185943201650375e-01 7.892432175154687757e-01
2.952200539425670200e+01 5.842931937172775037e-01 8.211327939076630278e-01
3.000371251784864413e+01 6.420117404410597972e-01 8.925432333809296681e-01
2.969257496430271459e+01 6.313025543392035699e-01 8.737109313025543944e-01
2.903123909249563539e+01 5.831032841504045772e-01 7.968745042043471338e-01
2.892198952879581242e+01 5.871172457559892255e-01 7.823417420276058687e-01
2.881875297477391840e+01 6.001586546089163754e-01 7.878470569570046322e-01
2.878760907504362976e+01 5.923687133111217307e-01 7.823258765667142622e-01
2.874121846739647879e+01 5.890369665238774921e-01 7.835316515944787952e-01
2.867033158813263682e+01 5.853244486752340325e-01 7.693479295573536492e-01
2.884588291289862028e+01 6.040456925273679500e-01 8.113755354593050750e-01
2.934593050928129543e+01 6.597493257179121162e-01 8.369982547993018995e-01
2.967674123433285871e+01 7.189909566872917379e-01 9.079485959067110645e-01
2.950936062192606713e+01 7.220688561002697181e-01 8.914167856576233895e-01
2.881083610978899046e+01 6.722989052831984669e-01 8.202443280977312901e-01
2.815467237823258628e+01 6.138981437410756525e-01 7.504997620180866580e-01
2.777536093923528426e+01 5.925590988418213412e-01 7.079327304458195025e-01
2.738876725368871945e+01 5.496112962081548536e-01 6.751070918610185823e-01
2.717902586070125182e+01 5.470252260828176727e-01 6.779628748215135170e-01
2.742244962716166867e+01 5.882595589401872216e-01 7.197842297318737259e-01
2.747494843725210245e+01 5.952720926542915958e-01 7.287958115183246210e-01
2.693244486752340094e+01 5.585752816119308184e-01 6.745676661907028526e-01
2.658940187212438389e+01 5.447881960970966109e-01 6.476122481358083105e-01
2.687801047120418829e+01 5.777724892908139287e-01 6.699508170712359378e-01
2.694997620180866349e+01 6.060606060606060774e-01 6.969855624305886233e-01
2.681366016182770196e+01 5.889893701412025617e-01 6.823258765667142844e-01
2.692384578772013271e+01 5.924797715373631979e-01 7.003173092178327508e-01
2.694309059178169008e+01 5.902110106298588121e-01 6.947485324448675614e-01
2.669788989370141152e+01 5.702998572108519681e-01 6.576868158019990585e-01
2.640447405997144159e+01 5.604315405362525482e-01 6.230366492146597324e-01
2.619627161669046345e+01 5.614945264159924010e-01 6.309852451213707747e-01
2.601012216404886601e+01 5.629858797398064052e-01 6.158654608916388495e-01
2.545381564334443780e+01 5.330953514199587850e-01 5.874662858956052336e-01
2.507420276059019670e+01 5.238933841028081684e-01 5.590988418213549416e-01
2.502241789623988666e+01 5.493415833729969888e-01 5.657464699349515902e-01
2.500560050769474785e+01 5.587498016817388224e-01 5.561002697128351047e-01
2.462368713311121837e+01 5.256861811835633613e-01 5.313342852609868050e-01
2.406720609233698127e+01 4.787244169443122255e-01 4.910518800571156417e-01
2.380729811201015522e+01 4.529271775345073969e-01 4.657147390131683440e-01
2.347910518800571111e+01 4.240996350943995186e-01 4.420434713628431100e-01
2.328408694272568624e+01 4.142154529589084366e-01 4.409646200222116508e-01
2.334220212597175959e+01 4.245755989211486559e-01 4.439155957480565018e-01
2.339925432333809141e+01 4.262890686974456500e-01 4.659368554656512784e-01
2.314670791686498319e+01 4.091067745518007226e-01 4.328891004283674238e-01
2.309676344597810527e+01 4.130414088529271721e-01 4.468665714739012973e-01
2.342352847850230191e+01 4.519752498810090668e-01 4.796604791369189491e-01
2.353468189750912387e+01 4.676185943201650042e-01 4.835316515944788063e-01
2.295525940028557699e+01 4.175471997461526197e-01 4.409328891004283824e-01
2.232481358083452250e+01 3.653815643344439090e-01 3.805489449468507090e-01
2.184064731080437838e+01 3.455656036807869258e-01 3.540377597969220913e-01
2.140964620022211662e+01 3.233380929716008212e-01 3.215928922735205586e-01
2.096336665080120554e+01 2.756782484531175581e-01 2.855306996668253161e-01
2.084570839282881138e+01 2.673964778676820586e-01 2.798032682849436736e-01
2.084329684277328099e+01 2.788196097096620751e-01 2.819451055053149302e-01
2.104042519435189718e+01 2.893384102808186364e-01 3.044423290496588996e-01
2.119160717118832338e+01 2.962557512295732054e-01 3.039029033793431700e-01
2.125205457718546853e+01 3.006822148183404542e-01 3.061716642868475557e-01
2.125419641440583973e+01 3.081707123591940212e-01 3.172774869109947771e-01
2.099552594002855699e+01 2.984293193717277304e-01 3.106457242582896794e-01
2.087207678883071438e+01 2.908932254481992885e-01 2.992701887989845932e-01
2.064632714580358552e+01 2.898461050293510977e-01 2.745359352689195620e-01
2.026343011264477312e+01 2.737902586070125599e-01 2.586228779946057599e-01
2.005622719339996962e+01 2.628589560526733426e-01 2.564810407742345033e-01
1.983309535141995994e+01 2.514199587498016641e-01 2.350943994923052616e-01
1.981678565762335253e+01 2.491353323814056719e-01 2.434396319213073256e-01
1.990621926066952341e+01 2.676344597810566550e-01 2.605743296842773504e-01
1.975115024591464419e+01 2.616690464858004161e-01 2.498968745042043360e-01
1.963604632714580234e+01 2.566555608440425074e-01 2.443439631921307253e-01
1.947981913374583485e+01 2.529430429953989923e-01 2.372045057908932220e-01
1.960863081072505310e+01 2.614945264159924121e-01 2.449785816277962880e-01
1.932408376963350705e+01 2.583531651594478951e-01 2.442170395049976239e-01
1.894705695700460168e+01 2.414881802316357351e-01 2.179121053466603342e-01
1.874773917182294269e+01 2.336347770902744703e-01 2.044423290496588941e-01
1.872165635411708706e+01 2.377597969221005858e-01 2.274155164207520285e-01
1.875874980168173778e+01 2.491670633031889681e-01 2.257020466444550344e-01
1.868422973187371028e+01 2.508805330794859345e-01 2.268284943677613963e-01
1.864884975408535794e+01 2.594478819609709608e-01 2.286847532920831261e-01
1.869155957480564823e+01 2.749167063303188940e-01 2.369823893384102875e-01
1.870698080279231945e+01 2.729969855624305719e-01 2.406314453434872380e-01
1.873472949389179831e+01 2.812470252260828030e-01 2.489449468507060059e-01
1.849977788354751596e+01 2.639536728541964083e-01 2.365857528161193213e-01
1.843171505632238549e+01 2.568618118356338353e-01 2.174837379025860717e-01
1.829289227352054681e+01 2.477074409011581768e-01 2.154688243693479166e-01
1.821515151515151487e+01 2.468189750912264113e-01 2.104553387275900356e-01
1.789190861494526530e+01 2.333016024115500686e-01 1.937331429478026390e-01
1.763295256227193519e+01 2.163890211010629783e-01 1.824210693320640897e-01
1.745295890845629216e+01 1.995081707123591841e-01 1.765349833412660774e-01
1.739254323338093045e+01 2.014754878629224089e-01 1.727431381881643635e-01
1.745184832619387549e+01 2.045851181976836297e-01 1.854196414405838433e-01
1.748118356338251544e+01 2.115024591464381987e-01 1.964937331429477962e-01
1.746089163890211182e+01 2.224496271616690501e-01 2.019831826114548701e-01
1.735770268126288940e+01 2.225448199270188832e-01 1.847532920831350123e-01
1.721600825003966406e+01 2.178169125813104734e-01 1.753609392352847851e-01
1.719427256861811770e+01 2.251626209741393048e-01 1.807393304775503640e-01
1.724707282246549411e+01 2.363636363636363591e-01 1.976201808662541581e-01
1.705597334602570214e+01 2.269871489766777661e-01 1.875614786609550999e-01
1.688096144693003353e+01 2.148183404727907475e-01 1.797556719022687655e-01
1.700805965413295340e+01 2.180707599555767040e-01 1.868475329208313385e-01
1.711624623195303840e+01 2.355227669363794962e-01 1.991749960336347824e-01
1.678529271775344966e+01 2.175630652070442705e-01 1.862287799460574378e-01
1.660288751388227979e+01 2.124385213390448945e-01 1.741234332857369560e-01
1.674115500555291192e+01 2.187529747739171693e-01 1.690623512613041446e-01
1.652633666508011956e+01 1.951610344280501341e-01 1.491194669205140322e-01
1.627640805965413406e+01 1.801523084245597317e-01 1.366174837379025842e-01
1.633779152784388344e+01 1.721402506742820970e-01 1.362843090591781825e-01
1.674758051721402552e+01 1.963033476122481302e-01 1.558305568776773009e-01
1.696236712676503089e+01 2.080437886720609142e-01 1.694113914009202082e-01
1.668824369347929704e+01 2.047755037283832957e-01 1.480564810407742349e-01
1.659522449627161578e+01 2.040774234491511963e-01 1.511978422973187242e-01
1.674953196890369611e+01 2.127082341742027594e-01 1.681104236078058145e-01
1.670756782484531300e+01 2.187688402348088312e-01 1.680786926860225183e-01
1.654093288910042858e+01 2.149452641599238489e-01 1.642392511502459018e-01
1.635532286212914599e+01 2.099000475963826717e-01 1.529589084562906487e-01
1.588897350468031178e+01 1.907821672219577880e-01 1.405838489608123021e-01
1.538280184039346388e+01 1.656036807869268601e-01 1.262732032365540269e-01
1.518434079009995230e+01 1.574171029668411936e-01 1.235443439631921242e-01
1.527551959384420144e+01 1.726638108837061647e-01 1.425194351895922584e-01
1.531630969379660456e+01 1.786926860225289682e-01 1.364588291289861866e-01
1.521967317150563304e+01 1.800888465809931671e-01 1.348405521180390254e-01
1.535529113120736078e+01 2.028557829604950014e-01 1.525781373948913167e-01
1.554450261780104725e+01 2.188481675392670023e-01 1.723465016658733973e-01
1.565168967158495938e+01 2.372362367126764904e-01 1.701570680628272381e-01
1.577770902744724779e+01 2.637315564017134739e-01 1.910836109788989490e-01
1.574332857369506655e+01 2.725051562747897727e-01 1.825479930191972189e-01
1.563560209424083780e+01 2.554497858162779744e-01 1.705219736633349081e-01
1.553255592574964261e+01 2.408852927177534409e-01 1.825797239409804873e-01
1.538925908297636092e+01 2.222909725527526525e-01 1.700618752974774051e-01
1.518495954307472573e+01 2.136442963668094552e-01 1.419958749801681630e-01
1.530986831667459924e+01 2.233222275107091814e-01 1.515151515151515194e-01
1.537093447564651782e+01 2.235443439631921436e-01 1.574012375059495594e-01
1.538910042836744374e+01 2.269554180548944977e-01 1.594954783436458856e-01
1.546178010471204267e+01 2.353641123274631264e-01 1.646041567507535996e-01
1.562709820720291987e+01 2.537680469617642487e-01 1.646676185943201642e-01
1.544981754719974631e+01 2.405045216563541088e-01 1.654450261780104625e-01
1.526961764239251096e+01 2.277645565603680922e-01 1.548627637632873366e-01
1.541175630652070438e+01 2.513406314453434653e-01 1.677296525464064825e-01
1.546634935744883421e+01 2.629858797398064163e-01 1.745200698080279222e-01
1.516392194193241316e+01 2.407900999524036079e-01 1.669522449627161564e-01
1.490239568459463726e+01 2.233856893542757460e-01 1.511185149928605531e-01
1.524480406155798740e+01 2.403934634301126416e-01 1.702046644455021407e-01
1.559960336347770848e+01 2.824052038711724610e-01 1.915278438838648178e-01
1.539988894177375833e+01 2.704267808979851084e-01 1.719339996826907691e-01
1.515644930985245153e+01 2.554180548944947060e-01 1.579406631762652613e-01
1.503414247183880725e+01 2.484213866412819383e-01 1.569094082183087324e-01
1.442432175154688245e+01 2.102966841186736380e-01 1.358083452324289897e-01
1.397950182452800227e+01 1.830874186895129208e-01 1.237664604156750725e-01
1.380658416627002971e+01 1.631286688878312019e-01 1.092971600825003997e-01
1.392836744407425087e+01 1.716960177693162004e-01 1.168173885451372351e-01
1.391454862763763245e+01 1.659844518483261921e-01 1.123433285736950699e-01
1.386206568300809217e+01 1.645565603680786970e-01 1.116293828335713084e-01
1.380026971283515813e+01 1.630493415833730031e-01 1.112010153894970599e-01
1.379535141995875058e+01 1.620339520863081084e-01 1.085356179597017356e-01
1.373609392352847891e+01 1.666825321275583194e-01 1.134856417578930660e-01
1.362140250674282171e+01 1.591781691258131182e-01 1.097096620656830140e-01
1.344569252736791931e+01 1.606219260669522475e-01 1.072029192448040597e-01
1.347483737902586043e+01 1.607647152149769831e-01 1.033793431699190912e-01
1.338895763921942006e+01 1.596541329525622832e-01 1.013009677931143854e-01
1.327372679676344625e+01 1.576868158019990585e-01 9.847691575440266354e-02
1.312378232587656690e+01 1.495319689036966604e-01 9.401872124385213247e-02
1.300366492146596897e+01 1.451213707758210458e-01 8.795811518324607448e-02
1.295600507694748593e+01 1.400126923687133040e-01 9.371727748691099924e-02
1.285616373155640169e+01 1.387910518800571091e-01 9.287640805965413637e-02
1.274031413612565444e+01 1.284309059178169177e-01 8.365857528161192713e-02
1.268059654132952474e+01 1.320958273837855024e-01 8.719657306044741041e-02
1.247848643503093768e+01 1.300491829287640788e-01 8.248453117563064874e-02
1.199119466920514121e+01 1.043630017452007036e-01 6.533396795176900362e-02
1.178012057750277641e+01 9.479612882754244463e-02 5.134063144534348894e-02
1.211895922576550788e+01 1.092495636998254832e-01 6.552435348246866964e-02
1.219076630176106590e+01 1.145962240203077936e-01 7.610661589719180942e-02
1.201686498492781219e+01 1.006346184356655543e-01 6.811042360780580895e-02
1.183731556401713547e+01 9.896874504204347667e-02 6.277962874821513273e-02
1.158039029033793454e+01 8.789465333967952376e-02 5.326035221323179719e-02
1.114813580834523243e+01 6.739647786768206139e-02 4.385213390448992887e-02
1.100296684118673696e+01 6.738061240679041330e-02 4.282087894653339999e-02
1.143474535935268932e+01 7.897826431857846163e-02 5.162620974139298796e-02
1.235557670950341169e+01 1.253371410439473310e-01 8.292876408059654536e-02
1.295755989211486536e+01 1.615103918768840130e-01 1.062192606695224473e-01
1.302400444232904952e+01 1.635887672536887327e-01 1.092971600825003997e-01
1.295667142630493451e+01 1.601142313184197863e-01 1.092495636998254832e-01
1.288541964144058305e+01 1.574171029668411936e-01 1.193241313660161895e-01
1.272819292400444269e+01 1.608123115976519135e-01 1.138664128192923980e-01
1.245917816912581344e+01 1.485007139457401315e-01 1.000634618435665563e-01
1.210228462636839630e+01 1.270347453593526910e-01 7.482151356496906380e-02
1.188946533396795147e+01 1.222116452482944621e-01 7.296525464064730626e-02
1.179447881960970967e+01 1.134380453752181495e-01 6.190702839917499450e-02
1.175695700460098436e+01 1.156592099000475909e-01 5.848008884658099232e-02
1.195583055687767704e+01 1.233063620498175417e-01 7.315564017134697228e-02
1.202100587022052913e+01 1.283515786133587189e-01 8.000951927653497664e-02
1.211511978422973179e+01 1.276534983341266194e-01 8.645089639854038055e-02
1.213810883706171673e+01 1.355227669363794907e-01 8.270664762811359705e-02
1.227907345708392839e+01 1.496271616690464934e-01 8.484848484848485362e-02
1.246722195779787334e+01 1.688719657306044786e-01 1.015230842455973337e-01
1.263612565445026092e+01 1.766619070283991788e-01 1.024115500555291131e-01
1.259290813898143746e+01 1.772806600031730795e-01 1.054259876249405009e-01
1.252062509915912969e+01 1.730445819451054967e-01 1.005870220529906378e-01
1.243479295573536447e+01 1.724258289703315961e-01 1.030461684911946757e-01
1.227770902744724779e+01 1.673806124067904189e-01 9.224178962398857373e-02
1.196379501824528013e+01 1.540060288751388118e-01 8.619704902427414994e-02
1.186019355862287838e+01 1.407900999524036301e-01 7.689988894177375578e-02
1.172687609075043547e+01 1.305092812946216096e-01 6.698397588449944706e-02
1.164428050134856463e+01 1.247025226082817684e-01 6.915754402665397205e-02
1.167386958591147028e+01 1.261304140885292635e-01 7.312390924956370386e-02
1.200582262414723189e+01 1.540060288751388118e-01 9.322544819927018611e-02
1.262895446612724015e+01 1.974456607964461263e-01 1.265587815326035259e-01
1.264937331429478107e+01 1.953672854196414344e-01 1.247342535300650507e-01
1.218305568776773029e+01 1.627478978264318699e-01 1.007298112010153873e-01
1.177283833095351362e+01 1.434079009995240239e-01 8.738695859114707643e-02
1.156696811042360729e+01 1.278597493257179196e-01 7.951768998889417739e-02
1.146182770109471605e+01 1.257496430271299315e-01 7.396477867682056673e-02
1.143728383309535168e+01 1.287482151356496851e-01 7.474218626051086500e-02
1.161841980009519304e+01 1.326035221323179358e-01 7.753450737743931842e-02
1.194808821196255799e+01 1.580834523242900247e-01 9.390766301761066526e-02
1.282067269554180555e+01 2.084404251943519082e-01 1.293193717277486832e-01
1.318587973980644179e+01 2.545454545454545192e-01 1.504680310963033563e-01
1.286258924321751529e+01 2.275741710296683984e-01 1.370934475646517492e-01
1.197931143899730344e+01 1.660796446136760252e-01 1.029985721085197592e-01
1.143674440742503506e+01 1.358876725368871885e-01 7.137870855148342741e-02
1.119366968110423599e+01 1.210217356814215495e-01 6.449309852451214076e-02
1.093988576868158091e+01 1.095668729176582645e-01 5.641757893066793456e-02
1.078402348088211937e+01 1.010153894970648863e-01 4.997620180866254452e-02
1.070534666032048143e+01 9.566872917658257591e-02 5.786133587180707777e-02
1.060709186101856183e+01 8.526098683166745407e-02 5.197524988100904464e-02
1.040736157385371996e+01 7.504363001745201212e-02 4.737426622243376406e-02
1.046246231953038297e+01 8.132635253054101843e-02 4.613676027288592801e-02
1.076217674123433277e+01 9.354275741710296743e-02 5.007139457401237753e-02
1.084359828653022362e+01 9.622402030778993975e-02 5.998730763128668625e-02
1.098713311121688108e+01 1.041408852927177553e-01 6.871331112168808930e-02
1.160385530699666745e+01 1.388386482627320395e-01 8.727590036490559533e-02
1.190126923687133065e+01 1.568459463747421956e-01 1.034428050134856419e-01
1.146224020307789893e+01 1.284150404569252835e-01 8.023163572901792495e-02
1.086371569094082190e+01 9.405045216563541477e-02 5.521180390290338080e-02
1.065659209900047522e+01 8.822782801840393929e-02 4.929398699032207232e-02
1.048721243852133966e+01 8.264318578454704634e-02 4.202760590195145363e-02
1.021927653498334188e+01 7.198159606536569388e-02 4.339203553863239804e-02
9.970363319054419193e+00 6.192289386006663565e-02 3.152467079168649877e-02
9.797318737109312892e+00 5.711565920990004791e-02 2.759003649056004925e-02
9.690322068856099591e+00 5.034110740917023541e-02 2.679676344597810636e-02
9.796842773282563144e+00 5.348246866571473856e-02 3.501507218784705860e-02
1.000874186895129370e+01 5.840076154212280046e-02 4.215452958908456199e-02
9.930969379660478324e+00 5.946374742186260470e-02 2.831984769157544143e-02
9.730667935903538179e+00 5.416468348405521077e-02 2.652705061082024501e-02
9.760320482310010703e+00 5.448199270188799209e-02 3.060447405997144057e-02
9.854672378232587349e+00 6.054259876249405009e-02 3.677613834681897620e-02
9.939393939393939448e+00 6.769792162462319463e-02 4.125019831826114841e-02
9.949547834364588894e+00 7.003014437569411721e-02 4.156750753609392279e-02
9.993003331746788120e+00 7.293352371886403784e-02 4.272568618118356004e-02
1.004188481675392630e+01 8.016817388545137424e-02 4.631128034269395288e-02
1.010141202601935539e+01 8.370617166428684364e-02 5.268919562113279220e-02
9.989354275741710865e+00 7.783595113438045165e-02 4.480406155798825896e-02
1.015976519117880450e+01 8.692686022528954559e-02 4.743772806600031477e-02
1.033041408852927212e+01 9.528795811518324388e-02 5.935268919562113055e-02
1.021999048072346561e+01 9.162303664921465918e-02 5.078534031413612509e-02
9.988783119149610812e+00 7.629700142789147543e-02 5.013485641757892824e-02
9.838743455497382939e+00 7.093447564651753079e-02 3.847374266222433614e-02
9.870855148342059238e+00 7.499603363477709561e-02 4.028240520387117024e-02
9.936506425511661078e+00 7.964461367602729269e-02 4.353482468665714755e-02
1.003983817229890541e+01 8.599079803268284972e-02 4.886561954624781684e-02
9.947437728066001128e+00 8.334126606377915969e-02 5.032524194827859426e-02
9.912406790417261249e+00 7.927970807551959487e-02 4.554973821989528882e-02
9.899650959860384347e+00 7.864508963985403223e-02 4.264635887672536818e-02
9.919324131366016317e+00 8.562589243217515189e-02 4.604156750753609501e-02
9.830477550372838991e+00 7.601142313184197641e-02 3.677613834681897620e-02
9.731730921783277921e+00 7.358400761542123469e-02 3.734729493891797425e-02
9.816991908614944862e+00 7.391718229414565022e-02 4.223385689354276079e-02
1.003092178327780459e+01 9.081389814374107861e-02 5.346660320482309742e-02
1.027509122640012684e+01 1.064255116611137614e-01 6.458829128986197377e-02
1.063353958432492519e+01 1.170236395367285354e-01 7.250515627478978931e-02
1.124856417578930667e+01 1.526098683166746128e-01 9.149611296208154387e-02
1.142827225130890056e+01 1.826114548627637557e-01 9.303506266857052009e-02
1.094904013961605571e+01 1.532920831350150781e-01 8.158019990480723516e-02
1.044900840869427228e+01 1.240044423290496550e-01 6.869744566079644121e-02
1.033079485959067156e+01 1.139457401237505968e-01 6.360463271458036139e-02
1.056171664286847545e+01 1.254481992701887982e-01 6.093923528478502327e-02
1.087478978264318563e+01 1.493733142947802628e-01 7.931143899730287716e-02
1.075137236236712646e+01 1.394256703157226718e-01 7.401237505949548323e-02
1.021099476439790621e+01 1.074567666190702903e-01 5.675075360939235009e-02
9.610090433127082221e+00 8.235760748849754731e-02 4.429636680945581162e-02
9.338219895287958039e+00 6.693637950182453056e-02 3.315881326352530800e-02
9.356830080913850267e+00 7.139457401237506162e-02 4.048865619546247741e-02
9.706092336982388602e+00 8.403934634301125917e-02 4.843725210217356830e-02
1.030583848960812254e+01 1.069649373314294771e-01 6.950658416627003566e-02
1.053484055211803927e+01 1.254799301919720667e-01 7.463112803426939779e-02
1.031788037442487749e+01 1.081865778200856720e-01 6.985562430588608540e-02
1.019993653815643420e+01 1.026971283515786121e-01 6.439790575916230775e-02
1.034175789306679327e+01 1.150404569252736764e-01 7.160082500396636185e-02
1.026450896398540458e+01 1.200222116452482890e-01 7.055370458511819876e-02
1.002822465492622506e+01 1.037442487704267752e-01 5.640171346977630035e-02
1.006557194986514325e+01 1.065841662700301451e-01 5.135649690623512315e-02
1.021088370617166419e+01 1.160241155005552888e-01 6.047913691892749244e-02
1.015222909725527600e+01 1.127558305568776842e-01 5.897191813422179851e-02
1.011412026019355892e+01 1.070918610185625924e-01 5.413295256227193541e-02
1.008894177375852763e+01 1.138664128192923980e-01 6.065365698873552425e-02
9.955846422338568757e+00 1.010629858797398029e-01 5.183246073298429513e-02
9.610851975249881107e+00 7.947009360621926088e-02 4.518483261938759099e-02
9.565603680786926688e+00 7.796287482151356696e-02 4.896081231159764985e-02
9.954894494685071038e+00 1.007139457401237531e-01 5.789306679359035313e-02
1.006319213073139807e+01 1.042202125971759541e-01 6.655560844042519852e-02
9.820450579089323284e+00 9.325717912105346841e-02 5.153101697604315495e-02
9.641948278597492816e+00 8.697445660796446210e-02 4.859590671108995896e-02
9.642424242424242564e+00 8.892590829763605265e-02 5.492622560685388178e-02
9.458194510550532286e+00 8.256385848008884754e-02 4.899254323338093214e-02
9.239441535776613534e+00 7.009360621926066792e-02 3.745835316515944841e-02
9.170458511819768788e+00 7.058543550690148105e-02 3.656988735522766903e-02
9.512327463112804082e+00 8.757734412184674244e-02 5.235602094240837667e-02
9.748167539267015513e+00 9.944470886879264171e-02 5.811518324607330144e-02
1.012373472949389175e+01 1.264635887672536929e-01 6.779311438997302763e-02
1.072471838806917255e+01 1.711724575598921050e-01 9.900047596382674508e-02
1.106523877518641896e+01 1.956369982547992992e-01 1.113120736157385410e-01
1.082879581151832404e+01 1.765508488021577116e-01 9.465333967951769512e-02
1.039014754878629176e+01 1.482151356496906325e-01 8.643503093764873246e-02
9.983071553228620942e+00 1.271458035855941582e-01 7.383785498968745142e-02
9.758591147072822380e+00 1.126447723306362031e-01 6.855465651277169170e-02
9.722703474535935086e+00 1.037442487704267752e-01 5.819451055053149330e-02
9.740996350943994742e+00 1.059495478343645825e-01 6.024115500555290992e-02
9.689782643185784750e+00 1.045375218150087215e-01 5.264159923845787570e-02
9.611074091702363376e+00 9.436776138346819609e-02 5.084880215770268275e-02
9.639504997620180760e+00 9.552594002855782640e-02 5.373631603998096223e-02
9.769316198635570103e+00 1.080596541329525567e-01 5.919403458670474683e-02
9.836316039980960824e+00 1.122798667301285053e-01 6.379501824528002740e-02
9.806235126130413704e+00 1.111692844677137915e-01 6.439790575916230775e-02
9.857591623036649153e+00 1.133111216880850342e-01 6.117721719815960579e-02
1.003821989528795733e+01 1.257655084880215657e-01 7.670950341107408976e-02
1.007239409804854802e+01 1.379025860701253436e-01 8.248453117563064874e-02
1.019834999206726955e+01 1.398223068380136380e-01 8.689512930350626330e-02
1.033588767253688800e+01 1.437886720609233560e-01 8.700618752974774439e-02
1.047325083293669756e+01 1.516420752022846208e-01 8.770426780897985775e-02
1.062094240837696368e+01 1.658733936220847249e-01 9.157544026653974267e-02
1.053220688561002660e+01 1.667301285102332220e-01 9.346343011264476863e-02
1.028446771378708569e+01 1.476122481358083383e-01 8.273837854989687934e-02
1.010848802157702764e+01 1.383150880533079441e-01 7.801047120418848346e-02
9.673488814850070838e+00 1.236395367285419711e-01 6.488973504680310700e-02
9.199904807234650761e+00 9.141678565762335895e-02 4.850071394574012595e-02
9.077772489290813596e+00 8.075519593844200650e-02 4.572425828970331368e-02
9.447009360621926533e+00 1.024432809773123954e-01 6.316039980961446476e-02
9.622671743614152007e+00 1.126606377915278373e-01 6.435030937648739124e-02
9.565587815326034971e+00 1.036173250832936737e-01 5.805172140250674379e-02
9.581596065365699744e+00 9.912739965095986039e-02 5.291131207361574051e-02
9.400936062192606357e+00 9.522449627161669317e-02 4.950023798191337254e-02
9.167999365381565013e+00 8.660955100745676427e-02 4.364588291289862171e-02
9.377978740282404857e+00 9.029033793431699706e-02 4.532762176741234050e-02
9.699460574329684448e+00 1.066000317309217793e-01 5.721085197524988092e-02
9.755608440425193706e+00 1.132635253054101176e-01 6.025702046644455107e-02
9.702411550055529688e+00 1.106298587973980618e-01 5.733777566238298928e-02
9.792463906076472213e+00 1.166270030144375691e-01 5.871807075995557484e-02
9.593558622877994324e+00 1.097096620656830140e-01 5.284785023004918286e-02
9.485070601300968463e+00 1.062668570521973638e-01 4.818340472790734463e-02
9.706933206409646075e+00 1.232587656671426252e-01 5.944788196097096356e-02
1.006165318102490858e+01 1.402030778994129701e-01 7.637632873234967423e-02
1.004783436458829193e+01 1.359987307631286557e-01 6.909408218308742133e-02
9.916182770109472244e+00 1.269712835157861264e-01 7.182294145644931016e-02
9.762858956052673065e+00 1.191654767570997919e-01 7.077582103760114707e-02
9.599587498016816767e+00 1.118990956687291732e-01 6.339838172298904728e-02
9.577391718229414153e+00 1.161193082659051218e-01 5.930509281294621404e-02
9.591051880057115397e+00 1.132635253054101176e-01 6.112962081548468929e-02
9.548326193875931622e+00 1.111216880850388750e-01 6.038394415357765943e-02
9.237617007774076683e+00 9.027447247342534897e-02 5.132476598445184779e-02
9.038997302871647932e+00 8.116769792162462083e-02 4.356655560844042291e-02
9.103458670474378067e+00 8.283357131524671235e-02 4.483579247977153431e-02
9.196525464064730926e+00 9.298746628589560359e-02 4.562906552435348068e-02
9.238124702522608089e+00 9.804854831032841500e-02 5.064255116611137558e-02
9.336189116293828860e+00 1.075360939235284752e-01 5.287958115183245822e-02
9.457559892114865363e+00 1.084721561161351711e-01 6.534983341266063783e-02
9.543947326669838915e+00 1.191337458353165096e-01 6.747580517214024631e-02
9.777026812628907493e+00 1.292876408059654147e-01 6.784071077264794414e-02
9.877486910994765168e+00 1.455338727590036463e-01 7.318737109313025457e-02
9.795748056481039967e+00 1.385689354275741747e-01 6.903062033952085674e-02
9.512105346660320038e+00 1.198318261145486230e-01 6.252578137394891600e-02
9.277693161986356074e+00 1.000793273044581905e-01 4.794542281453276211e-02
9.065254640647310680e+00 9.362208472156116623e-02 4.074250356972870107e-02
8.876693637950182847e+00 8.216722195779786742e-02 3.709344756465175058e-02
8.982262414723146904e+00 7.837537680469618129e-02 3.679200380771061735e-02
9.246866571473901786e+00 9.495478343645882835e-02 4.805648104077423627e-02
9.567904172616215064e+00 1.145962240203077936e-01 6.173250832936696963e-02
9.460669522449627777e+00 1.130731397747104516e-01 6.016182770109471806e-02
9.195176899888942046e+00 9.898461050293511088e-02 4.596224020307789621e-02
9.360050769474852927e+00 1.022052990639378128e-01 5.078534031413612509e-02
9.571061399333650854e+00 1.220212597175947961e-01 6.246231953038235835e-02
9.410598127875614338e+00 1.096303347612248152e-01 5.489449468507059948e-02
9.166333491987941784e+00 8.676820561637316187e-02 4.957956528637157134e-02
9.205029351102648860e+00 9.021101062985879826e-02 5.200698080279232000e-02
9.281675392670157621e+00 9.454228145327621402e-02 4.702522608281770738e-02
9.101681738854514592e+00 8.862446454069490553e-02 4.320165000793273202e-02
9.016960177693162493e+00 8.638743455497381596e-02 4.569252736792003833e-02
9.183468189750911392e+00 9.895287958115182858e-02 4.908773599873076515e-02
9.278946533396794649e+00 1.148659368554656446e-01 6.143106457242582946e-02
9.262446454069490187e+00 1.205140409328891021e-01 6.742820878946532981e-02
9.143217515468824885e+00 1.102649531968903640e-01 5.470410915437093347e-02
9.021021735681420850e+00 9.966682532127557614e-02 4.740599714421703942e-02
9.042805013485642363e+00 9.406631762652704898e-02 4.580358559416151248e-02
9.099809614469300811e+00 1.025067428208789461e-01 5.316515944788196418e-02
9.107663017610661882e+00 9.363795018245280044e-02 4.515310169760431563e-02
8.982817705854355239e+00 9.265429160717118806e-02 4.523242900206250749e-02
8.898810090433126874e+00 7.935903537997779367e-02 4.061557988259559271e-02
8.872362367126765292e+00 8.048548310328415556e-02 4.336030461684912268e-02
9.034967475805173009e+00 8.749801681738854364e-02 4.600983658575281271e-02
9.153958432492464325e+00 9.422497223544343270e-02 5.291131207361574051e-02
9.028779946057433392e+00 9.089322544819926353e-02 4.846898302395684366e-02
8.789988894177376721e+00 7.675709979374900627e-02 3.975884499444708869e-02
8.644597810566397200e+00 6.769792162462319463e-02 3.571315246707917196e-02
8.607837537680468998e+00 6.457242582897032568e-02 3.514199587498016697e-02
8.663065207044263971e+00 7.223544343963192449e-02 3.971124861177217219e-02
8.684658099317784874e+00 7.379025860701253492e-02 3.744248770426780726e-02
8.742138664128193071e+00 7.632873234967475773e-02 4.093288910042836709e-02
8.787386958591147490e+00 7.848643503093764850e-02 4.080596541329525873e-02
8.764239251150245380e+00 7.509122640012692862e-02 4.353482468665714755e-02
8.766508012057750321e+00 7.293352371886403784e-02 3.584007615421228032e-02
8.742011740441059331e+00 7.236236712676502592e-02 3.628430905917817001e-02
8.850436300174520099e+00 7.770902744724733635e-02 4.099635094399492474e-02
8.906473108043789111e+00 8.819609709662065700e-02 4.824686657147390229e-02
8.914501031254957297e+00 9.511343804537521207e-02 4.845311756306520945e-02
8.960875773441218328e+00 8.637156909408218175e-02 4.631128034269395288e-02
8.767095034110740315e+00 7.707440901158178759e-02 4.566079644613676297e-02
8.588291289861970768e+00 7.269554180548945532e-02 4.132952562271934027e-02
8.508408694272569406e+00 6.991908614945263611e-02 3.407900999524036273e-02
8.446961764239251380e+00 7.217198159606535990e-02 3.372996985562430605e-02
8.308297636046326318e+00 6.460415675075360797e-02 2.895446612724099714e-02
8.219689036966524753e+00 5.868633983817229949e-02 2.552752657464699496e-02
8.299048072346501215e+00 6.387434554973822620e-02 3.019197207678882972e-02
8.376804696176423093e+00 7.217198159606535990e-02 3.027129938124702505e-02
8.289941297794701569e+00 6.243058860859908299e-02 2.797080755195938476e-02
8.152927177534508019e+00 6.039980961446930058e-02 2.211645248294463045e-02
8.218245280025385568e+00 6.634935744883388442e-02 2.692368713311121819e-02
8.448135808345233144e+00 7.808979850864668226e-02 3.649056005076947717e-02
8.716960177693161782e+00 9.284467713787085408e-02 5.107091861018562412e-02
8.726463588767254365e+00 9.419324131366016428e-02 5.241948278597493432e-02
8.615817864508963808e+00 8.216722195779786742e-02 4.407425035697287025e-02
8.651039187688402521e+00 8.495954307472632083e-02 4.217039504997620314e-02
8.869443122322703488e+00 1.021577026812628963e-01 4.918292876408059816e-02
8.974662858956053313e+00 1.136918927494843662e-01 5.630652070442646040e-02
8.963890211010630438e+00 1.077423449151197893e-01 5.245121370775820968e-02
8.899444708868792020e+00 1.042995399016341390e-01 4.927812152943043117e-02
8.908535617959701725e+00 1.040139616055846400e-01 4.962716166904648785e-02
9.090274472473424794e+00 1.127875614786609526e-01 6.368396001903854631e-02
9.738029509757257784e+00 1.508646676185943225e-01 8.161193082659051745e-02
1.027548786292241800e+01 1.905600507694748535e-01 1.011264477233063674e-01
1.041135966999841322e+01 1.983499920672695538e-01 9.865143582421069535e-02
1.032352847850230049e+01 2.012375059495478402e-01 1.041884816753926718e-01
1.013563382516262124e+01 1.780897985086466739e-01 9.094082183087418003e-02
9.881849912739964381e+00 1.631921307313977387e-01 8.394415357766142616e-02
9.759955576709502978e+00 1.564493098524512016e-01 7.923211169284467836e-02
9.753212755830556802e+00 1.567507536093923626e-01 8.066000317309217349e-02
9.672251308900523981e+00 1.437886720609233560e-01 7.437728066000316718e-02
9.265968586387433703e+00 1.152467079168649905e-01 6.301761066158971525e-02
8.753085832143423062e+00 9.268602252895447036e-02 4.965889259082976320e-02
8.773821989528796550e+00 9.182928764080595940e-02 5.073774393146120859e-02
9.045993971124861588e+00 1.022370299857210812e-01 6.285895605267333153e-02
9.014532762176740377e+00 1.117721719815960718e-01 6.433444391559574316e-02
8.973250832936697563e+00 1.027605901951451628e-01 5.821037601142313445e-02
9.107107726479453547e+00 1.092019673171505667e-01 5.924163096937966333e-02
9.046089163890211893e+00 1.040932889100428388e-01 5.852768522925590883e-02
8.857004600983659159e+00 9.401872124385213247e-02 5.145168967158495615e-02
8.831334285260986405e+00 8.948119942884340261e-02 4.758051721402506429e-02
9.130921783277804238e+00 1.045692527367920038e-01 5.992384578772013554e-02
9.174535935268918863e+00 1.052514675551324830e-01 5.824210693320640980e-02
9.099508170712359956e+00 9.557353641123274290e-02 5.418054894494685192e-02
9.485848008884657290e+00 1.244328097731239036e-01 6.284309059178169732e-02
9.874996033634777959e+00 1.471362843090591732e-01 8.015230842455974003e-02
9.804870696493733107e+00 1.385372045057909063e-01 8.039029033793432255e-02
9.215976519117880628e+00 1.097413929874662825e-01 5.914643820402983032e-02
8.942424242424243275e+00 9.225765508488022182e-02 4.900840869427256635e-02
8.785403775979691687e+00 8.519752498810090335e-02 4.139298746628589792e-02
8.647072822465492692e+00 8.154846898302395286e-02 4.072663810883705993e-02
8.393701412026018716e+00 8.416627003014437447e-02 3.939393939393939087e-02
8.245438679993654318e+00 8.502300491829287155e-02 3.791845153101697924e-02
8.221703950499762215e+00 7.821672219577978369e-02 3.344439155957480703e-02
8.460034904013960855e+00 9.628748215135649047e-02 4.250356972870061867e-02
8.942043471362843832e+00 1.214183722037125157e-01 5.901951451689671502e-02
9.292924004442328467e+00 1.483261938759320997e-01 7.003014437569411721e-02
9.374869109947644219e+00 1.575757575757575635e-01 7.948595906711089509e-02
9.233666508012058571e+00 1.395208630810725048e-01 6.980802792321116890e-02
9.077915278438839053e+00 1.223861653181024939e-01 6.347770902744724608e-02
8.828129462160875462e+00 1.057591623036649164e-01 5.397429795335554475e-02
8.687593209582738396e+00 1.025067428208789461e-01 4.880215770268126613e-02
8.824972235443439672e+00 1.089005235602094196e-01 5.882912898619704900e-02
8.757956528637157234e+00 1.016817388545137174e-01 4.875456132000634962e-02
8.746390607647152038e+00 9.543074726320799339e-02 4.808821196255751163e-02
8.975551324765984162e+00 1.082341742027605885e-01 5.295890845629065702e-02
9.335237188640329364e+00 1.307313977471045441e-01 7.423449151197841767e-02
9.236300174520069461e+00 1.260669522449627267e-01 5.925749643027129754e-02
8.772996985562430794e+00 9.555767095034110870e-02 4.758051721402506429e-02
8.454212279866730739e+00 8.335713152467079390e-02 3.591940345867047218e-02
8.211296208154847065e+00 7.014120260193558443e-02 2.559098841821354914e-02
8.048342059336823340e+00 5.586228779946057765e-02 1.799143265111851492e-02
8.177566238299222690e+00 6.297001427891479874e-02 2.448040615579882492e-02
8.396335078534031382e+00 7.759796922100586913e-02 3.233380929716007934e-02
8.371600825003966406e+00 7.558305568776772787e-02 2.919244804061557966e-02
8.243518959225765386e+00 6.714263049341583078e-02 2.640012692368713318e-02
8.380501348564175501e+00 7.375852768522925262e-02 3.171505632238616479e-02
8.477074409011581935e+00 7.850230049182928271e-02 3.714104394732666709e-02
8.287831191496113803e+00 6.736474694589877910e-02 3.212755830556877912e-02
8.175836903062034366e+00 5.987624940504521903e-02 2.803426939552593894e-02
8.274932571791209668e+00 5.906711089957163152e-02 2.719339996826907954e-02
8.352863715690940438e+00 6.566714263049341915e-02 2.709820720291924653e-02
8.263921941932412807e+00 6.051086784071077473e-02 2.797080755195938476e-02
8.241583372996984735e+00 5.984451848326193674e-02 2.441694431223227074e-02
8.268586387434554652e+00 5.940028557829604705e-02 2.594002855782960582e-02
8.175947961288274612e+00 5.292717753450737472e-02 2.360780580675868670e-02
8.109027447247342479e+00 5.208630810725051880e-02 2.230683801364429647e-02
8.333587180707599629e+00 6.477867682056163978e-02 2.992225924163096837e-02
8.441361256544501757e+00 6.680945581469141525e-02 3.115976519117880442e-02
8.302728859273361905e+00 6.343011264477232958e-02 2.920831350150721734e-02
8.302887513882279080e+00 6.119308265905124694e-02 2.536887196573060430e-02
8.345073774393146238e+00 6.281135966999841502e-02 2.887513882278280181e-02
8.193415833729970288e+00 5.838489608123115931e-02 2.365540218943360321e-02
8.016071711883229867e+00 4.994447088687926223e-02 2.152943042995399126e-02
7.941853085832143222e+00 4.659685863874345885e-02 1.603998096144693131e-02
8.025686181183562695e+00 4.838965571949865180e-02 1.907028399174996031e-02
8.100587022052991415e+00 4.848484848484848481e-02 2.286212914485165684e-02
8.119165476757100208e+00 5.395843249246390361e-02 2.543233380929715848e-02
8.158940187212438744e+00 5.473584007615420882e-02 2.376646041567507389e-02
8.151419958749801964e+00 5.759162303664921295e-02 2.099000475963826856e-02
8.151689671584959385e+00 5.235602094240837667e-02 1.827701094716801394e-02
8.107266381088370721e+00 5.487862922417896527e-02 2.321116928446771352e-02
8.032111692844676298e+00 4.702522608281770738e-02 1.878470569570046128e-02
7.908932254481992885e+00 4.172616214501031345e-02 1.729335237188640503e-02
7.874297953355545054e+00 3.988576868158019706e-02 1.621450103125495965e-02
7.931001110582262648e+00 3.985403775979692170e-02 1.735681421545295922e-02
7.820863081072505274e+00 4.140885292717753213e-02 1.277169601776931632e-02
7.671648421386641381e+00 3.531651594478819878e-02 1.058226241472314845e-02
7.528113596699983923e+00 2.911312073615738433e-02 8.567348881485007187e-03
7.596604791369188980e+00 3.152467079168649877e-02 9.376487386958591227e-03
7.651689671584959385e+00 3.420593368237347109e-02 1.181976836427098276e-02
7.785974932571790852e+00 3.861653181024908565e-02 1.204188481675392587e-02
7.842440107885134459e+00 4.055211803902903506e-02 1.523084245597334553e-02
7.768031096303347205e+00 3.817229890528319597e-02 1.229573219102014954e-02
7.761970490242741327e+00 3.883864826273203397e-02 1.759479612882754174e-02
7.649182928764080458e+00 3.652229097255275253e-02 1.443756941139140090e-02
7.488957639219419704e+00 3.081072505156274774e-02 1.075678248453117505e-02
7.589481199428843361e+00 3.633190544185308651e-02 1.339044899254323261e-02
7.669744566079645054e+00 3.695065841662700107e-02 1.515151515151515194e-02
7.682024432809773096e+00 3.844201174044106079e-02 1.559574805648104162e-02
7.660177693161986490e+00 3.622084721561161236e-02 1.080437886720609156e-02
7.747247342535300341e+00 3.641123274631127837e-02 8.376963350785341170e-03
7.652308424559733702e+00 3.398381722989052972e-02 1.380295097572584520e-02
7.554069490718705815e+00 3.111216880850388791e-02 1.340631445343487202e-02
7.677026812628906960e+00 3.572901792797080617e-02 1.143899730287164900e-02
7.779295573536411545e+00 3.779152784388386394e-02 1.343804537521815085e-02
7.855830556877677395e+00 3.977471045533872984e-02 1.348564175789306735e-02
7.923258765667142711e+00 4.052038711724575276e-02 1.621450103125495965e-02
7.989195621132793690e+00 4.396319213073139609e-02 1.632555925749643033e-02
7.892654291607171579e+00 4.309059178169125787e-02 1.507218784705695661e-02
7.751848326193876204e+00 3.591940345867047218e-02 1.489766777724892827e-02
7.739108361097890132e+00 3.507853403141360932e-02 1.381881643661748288e-02
7.733365064255116827e+00 3.436458829128986175e-02 1.318419800095192718e-02
7.602284626368396303e+00 3.135015072187847390e-02 5.410122164048865485e-03
7.537680469617642487e+00 2.876408059654133112e-02 1.270823417420276040e-02
7.640488656195462802e+00 3.025543392035538737e-02 1.375535459305092870e-02
7.717055370458512087e+00 3.268284943677613602e-02 1.332698714897667842e-02
7.608757734412185059e+00 3.123909249563699975e-02 9.328891004283674723e-03
7.541884816753926302e+00 2.785974932571791060e-02 9.868316674599397417e-03
7.592844677137870590e+00 2.730445819451055023e-02 1.026495319689036886e-02
7.560352213231793961e+00 2.816119308265905077e-02 1.116928446771378765e-02
7.599397112486117933e+00 2.844677137870854980e-02 9.788989370141202087e-03
7.705061082024433183e+00 3.304775503728383385e-02 1.329525622719339960e-02
7.749595430747262981e+00 3.626844359828652886e-02 1.450103125495795682e-02
7.728779946057432682e+00 3.791845153101697924e-02 1.399333650642551122e-02
7.767079168649849485e+00 3.780739330477550508e-02 1.307313977471045476e-02
7.781373948913215877e+00 3.674440742503569390e-02 1.548468983023956920e-02
7.618213549103601601e+00 3.257179121053466880e-02 1.275583055687767690e-02
7.635173726796763205e+00 2.943042995399016218e-02 1.037601142313184129e-02
7.700793273044581611e+00 3.347612248135808238e-02 1.278756147866095573e-02
7.889973028716484649e+00 3.709344756465175058e-02 1.310487069649373358e-02
7.928145327621767713e+00 3.896557194986514233e-02 1.291448516579406583e-02
7.994748532444867273e+00 4.548627637632873116e-02 1.707123591940346019e-02
8.090845629065524847e+00 4.862763763287323432e-02 1.959384420117404532e-02
8.068316674599397942e+00 4.915119784229731587e-02 1.949865143582421231e-02
8.094336030461684928e+00 4.927812152943043117e-02 2.072029192448040721e-02
8.107821672219577280e+00 5.210217356814215300e-02 2.283039822306838149e-02
7.987561478660954783e+00 4.891321592892273334e-02 2.186260510867840678e-02
7.842408376963351024e+00 4.431223227034745277e-02 1.851499286054259993e-02
7.789401872124384951e+00 4.196414405838489597e-02 1.431064572425828907e-02
7.877486910994764280e+00 4.858004125019831781e-02 2.205299063937807280e-02
8.006441377122005321e+00 5.241948278597493432e-02 2.754244010788513275e-02
8.156385848008884665e+00 5.936855465651277169e-02 2.973187371093130235e-02
8.359209900047597230e+00 6.471521497699507519e-02 3.379343169919086370e-02
8.718721243852133540e+00 8.510233222275107035e-02 4.328097731239092388e-02
8.843820402982705886e+00 9.551007456766619219e-02 5.176899888941773747e-02
8.930017452006980605e+00 9.947643979057591013e-02 5.598921148659368602e-02
8.759812787561479297e+00 9.244804061557988784e-02 4.526415992384578979e-02
8.420085673488815203e+00 7.429795335554498226e-02 3.677613834681897620e-02
8.210376011423131004e+00 6.262097413929874901e-02 3.139774710455339041e-02
8.028002538473742788e+00 5.200698080279232000e-02 2.310011105822624283e-02
7.866888783119149409e+00 4.624781849912740217e-02 2.046644455021418355e-02
7.766666666666666607e+00 4.791369189274948676e-02 1.903855306996668148e-02
7.797239409804855192e+00 4.821513564969062693e-02 1.835633825162620927e-02
7.840710772647945248e+00 4.632714580358559403e-02 1.967317150563223718e-02
7.863604632714580767e+00 4.648580041250198469e-02 1.834047279073457160e-02
7.950848802157702622e+00 5.313342852609868189e-02 1.895922576550848962e-02
8.032619387593209481e+00 5.729017927970807278e-02 2.321116928446771352e-02
8.067459939711248751e+00 6.274789782643186431e-02 2.728859273361891255e-02
8.294082183087418514e+00 7.537680469617642764e-02 3.290496588925908433e-02
8.412755830556877257e+00 8.204029827066476599e-02 3.539584324924639064e-02
8.213136601618277410e+00 6.887196573060447302e-02 2.609868316674599301e-02
8.034396319213072957e+00 6.097096620656829863e-02 2.189433603046168561e-02
7.974139298746628413e+00 5.744883388862446344e-02 2.210058702205298931e-02
8.237886720609234104e+00 6.836427098207202568e-02 2.732032365540218791e-02
8.556734888148501028e+00 9.033793431699191356e-02 3.530065048389655763e-02
8.699650959860383281e+00 9.790575916230366549e-02 4.615262573377756916e-02
8.758686339838172685e+00 9.987307631286689025e-02 4.442329049658892692e-02
8.745184832619386839e+00 9.522449627161669317e-02 4.315405362525781552e-02
8.645137236236712042e+00 8.445184832619387350e-02 3.844201174044106079e-02
8.574948437252102096e+00 8.745042043471362714e-02 3.861653181024908565e-02
8.550436300174519388e+00 9.071870537839124560e-02 4.288434079009995070e-02
8.548960812311596769e+00 9.424083769633508079e-02 4.109154370934475775e-02
8.484213866412819272e+00 8.621291448516579803e-02 3.658575281611931018e-02
8.564921465968586389e+00 9.536728541964144268e-02 4.137712200539425678e-02
8.761082024432809590e+00 1.050452165635411689e-01 4.972235443439632085e-02
8.767348881485007794e+00 1.087894653339679524e-01 4.721561161351737340e-02
8.633396795176899730e+00 1.022528954466127293e-01 4.407425035697287025e-02
8.677359987307632139e+00 1.081548468983023897e-01 4.704109154370934159e-02
8.782135491036013875e+00 1.150721878470569587e-01 5.270506108202443335e-02
8.797969221005869755e+00 1.126765032524194854e-01 5.695700460098365725e-02
8.788196097096621529e+00 1.144058384896081276e-01 5.874980168173885714e-02
8.820149135332380652e+00 1.130096779311439009e-01 5.088053307948595810e-02
8.741916547675710802e+00 1.046485800412502026e-01 4.577185467237823019e-02
8.667015706806282083e+00 1.040932889100428388e-01 4.475646517531334245e-02
8.728875138822782986e+00 1.060923369823893320e-01 4.862763763287323432e-02
9.110629858797398839e+00 1.231953038235760745e-01 6.685705219736633176e-02
9.259098841821355563e+00 1.305568776772965123e-01 6.498492781215294001e-02
8.896573060447405368e+00 1.024274155164207473e-01 5.410122164048865312e-02
8.502617801047120949e+00 8.865619546247818783e-02 4.055211803902903506e-02
8.247929557353641528e+00 7.096620656830081308e-02 3.558622877994605666e-02
7.538346818975091068e+00 4.248770426780897752e-02 2.103760114231318507e-02
6.878549896874504022e+00 2.719339996826907954e-02 1.015389497064889818e-02
6.610376011423132248e+00 1.499286054259876301e-02 4.870696493733142791e-03
6.576217674123433277e+00 1.478660955100745758e-02 4.505790893225448436e-03
6.756449309852451179e+00 1.726162145010312621e-02 7.250515627478978410e-03
7.039203553863239371e+00 2.874821513564968997e-02 1.036014596224020361e-02
7.301999048072346454e+00 3.147707440901158227e-02 1.445343487228304032e-02
7.457226717436141961e+00 3.806124067904172875e-02 1.841980009519276693e-02
7.508123115976519379e+00 4.012375059495478652e-02 2.114865936855465575e-02
7.466396953831508476e+00 3.764873869585911442e-02 1.899095668729176498e-02
7.482928764080596373e+00 3.620498175471997121e-02 1.837220371251784695e-02
7.574599397112486088e+00 4.304299539901634136e-02 2.368713311121688203e-02
7.671965730604473954e+00 4.664445502141837535e-02 3.004918292876408020e-02
7.650531492939870226e+00 5.234015548151673553e-02 2.939869903220688682e-02
7.713676027288593140e+00 4.877042678089798383e-02 2.186260510867840678e-02
7.623655402189433161e+00 4.583531651594478784e-02 2.413136601618277172e-02
7.499571632555925405e+00 3.891797556719022583e-02 2.225924163096937997e-02
7.552165635411708600e+00 4.145644930985244864e-02 1.638902110106298451e-02
7.703680786926859980e+00 4.715214976995081575e-02 2.160875773441218312e-02
7.869903220688560630e+00 5.830556877677296745e-02 2.844677137870854980e-02
7.623909249563699753e+00 4.908773599873076515e-02 2.351261304140885369e-02
7.453625257813739857e+00 3.768046961764238978e-02 1.953038235760748767e-02
7.339219419324131799e+00 3.693479295573536686e-02 1.829287640805965509e-02
7.304458194510550229e+00 3.887037918451530932e-02 1.339044899254323261e-02
7.585562430588608684e+00 4.653339679517690120e-02 1.743614151991115455e-02
7.951229573219102065e+00 6.060606060606060774e-02 2.290972552752657335e-02
7.999428843407900835e+00 5.992384578772013554e-02 2.365540218943360321e-02
7.848389655719498315e+00 5.709979374900840676e-02 2.319530382357607584e-02
7.868221481834047459e+00 5.746469934951610459e-02 2.348088211962557487e-02
7.833349198794224755e+00 5.613200063461843553e-02 2.157702681262890776e-02
7.564223385689354373e+00 4.851657940663176016e-02 1.521497699508170785e-02
7.237188640330001199e+00 3.341266063779152473e-02 1.167697921624623152e-02
7.065238775186418962e+00 2.931937172774869149e-02 9.439949230525147145e-03
6.953101697604315845e+00 2.521021735681421710e-02 9.931778518165953334e-03
6.785356179597017423e+00 2.340155481516737954e-02 5.806758686339837799e-03
6.862747897826431576e+00 2.292559098841821449e-02 9.535141995874980153e-03
7.243407900999524252e+00 3.817229890528319597e-02 1.405679834999206713e-02
7.425448199270189065e+00 4.700936062192606624e-02 1.907028399174996031e-02
7.554164683484055232e+00 5.016658733936221054e-02 2.043471362843090472e-02
7.596747580517214438e+00 5.021418372203712704e-02 2.035538632397271286e-02
7.549817547199745960e+00 4.750118990956687243e-02 1.711883230207837669e-02
7.577407583690305870e+00 4.954783436458828905e-02 1.910201491353323913e-02
7.678089798508646702e+00 6.032048231001110872e-02 2.381405679834999040e-02
7.780818657782008430e+00 6.431857845470410895e-02 2.487704267808979811e-02
7.614612089481199497e+00 5.518007298112009851e-02 2.325876566714263002e-02
7.575646517531334112e+00 5.113438045375218177e-02 2.292559098841821449e-02
7.652213231794383397e+00 5.579882595589402000e-02 2.484531175630651928e-02
7.567602728859273320e+00 4.807234650166587048e-02 1.984769157544026552e-02
7.690798032682849339e+00 5.540218943360304682e-02 2.490877359987307693e-02
7.784118673647469677e+00 6.089163890211010677e-02 3.062033952086308172e-02
7.772695541805489050e+00 5.814691416785657679e-02 2.325876566714263002e-02
7.638743455497381873e+00 5.535459305092813032e-02 1.999048072346501503e-02
7.625051562747898082e+00 5.598921148659368602e-02 1.980009519276534902e-02
7.621339044899253956e+00 5.644930985245121685e-02 2.203712517848643512e-02
7.546168491194669592e+00 5.578296049500237885e-02 2.173568142154529495e-02
7.496224020307789893e+00 5.195938442011740349e-02 1.978422973187371134e-02
7.546025702046644135e+00 5.782960495002379547e-02 2.256068538791052014e-02
7.363033476122481602e+00 4.729493891797556526e-02 1.999048072346501503e-02
7.056972870061875014e+00 3.896557194986514233e-02 1.564334443915595813e-02
7.256671426304934336e+00 4.151991115341900629e-02 1.891162938283356965e-02
7.363414247183881045e+00 4.716801523084245690e-02 2.202125971759479744e-02
7.416515944788196535e+00 4.840552118039029295e-02 2.341742027605902068e-02
7.350230049182928660e+00 4.737426622243376406e-02 2.225924163096937997e-02
7.522100587022053197e+00 4.788196097096620446e-02 2.497223544343963111e-02
7.625940028557829820e+00 4.851657940663176016e-02 2.141837220371251710e-02
7.555227669363794973e+00 5.005552911312073638e-02 2.183087418689512796e-02
7.496065365698873606e+00 4.842138664128192715e-02 2.057750277645565770e-02
7.531318419800094865e+00 5.159447881960971261e-02 1.683325400602887420e-02
7.492035538632396907e+00 4.707282246549262389e-02 1.599238457877201480e-02
7.419609709662065455e+00 4.190068221481833832e-02 1.815008726003490558e-02
7.439727114072663738e+00 4.207520228462637013e-02 1.807075995557671025e-02
7.561066158971917694e+00 5.008726003490401174e-02 1.815008726003490558e-02
7.710693320640964465e+00 5.946374742186260470e-02 2.311597651911788051e-02
7.838600666349357482e+00 6.733301602411549680e-02 2.665397429795335685e-02
7.854624781849913084e+00 6.749167063303189440e-02 2.935110264953197032e-02
7.723211169284467381e+00 5.827383785498968516e-02 2.414723147707440939e-02
7.520180866254164265e+00 5.099159130572743226e-02 2.124385213390448876e-02
7.490179279708075732e+00 4.848484848484848481e-02 1.880057115659209896e-02
7.711074091702363908e+00 5.684594637474218309e-02 2.492463906076471461e-02
7.926209741392987063e+00 7.526574646993494655e-02 2.781215294304299410e-02
7.711185149928605043e+00 5.878153260352213250e-02 2.459146438204029908e-02
7.606838013644296126e+00 5.692527367920038189e-02 2.081548468983024022e-02
7.579866730128510532e+00 5.349833412660637971e-02 1.919720767888307214e-02
7.546930033317467590e+00 5.487862922417896527e-02 1.841980009519276693e-02
7.558432492463905916e+00 5.491036014596224063e-02 1.656354117087101285e-02
7.625464064731080072e+00 4.799301919720767862e-02 1.661113755354592936e-02
7.621323179438363127e+00 4.712041884816754039e-02 1.778518165952720775e-02
7.696525464064730926e+00 4.291607171188323300e-02 1.692844677137870721e-02
7.684531175630652022e+00 4.424877042678089512e-02 2.135491036014596292e-02
7.643503093764874023e+00 4.069490718705378457e-02 1.703950499762018136e-02
7.549167063303189096e+00 3.875932095827383517e-02 1.543709344756465096e-02
7.421846739647786961e+00 4.307472632079961672e-02 1.480247501189909526e-02
7.488005711565921096e+00 3.917182294145644950e-02 1.808662541646834793e-02
7.493082659051245820e+00 4.180548944946850531e-02 2.000634618435665618e-02
7.557052197366333601e+00 4.253530065048389402e-02 2.003807710613993501e-02
7.691559574805648225e+00 5.199111534190067885e-02 2.014913533238140569e-02
7.938140567983499984e+00 5.738537204505790579e-02 2.370299857210851971e-02
7.943471362843090411e+00 6.100269712835158092e-02 2.765349833412660691e-02
7.852705061082024152e+00 5.484689830239568298e-02 2.492463906076471461e-02
7.831762652705061001e+00 4.942091067745518068e-02 2.214818340472790581e-02
7.903268284943677280e+00 5.379977788354751989e-02 2.536887196573060430e-02
7.949151197842297734e+00 6.059019514516896660e-02 3.149293986990322342e-02
7.858242106933206017e+00 5.498968745042043249e-02 2.719339996826907954e-02
7.709693796604791594e+00 4.946850706013009719e-02 2.329049658892590885e-02
7.585546565127716967e+00 4.658099317785181770e-02 1.718229414564493088e-02
7.492384578772012915e+00 4.145644930985244864e-02 1.891162938283356965e-02
7.368665714739012884e+00 3.698238933841028336e-02 1.632555925749643033e-02
7.504077423449150963e+00 3.940980485483103202e-02 1.918134221799143099e-02
7.658289703315880992e+00 4.838965571949865180e-02 2.441694431223227074e-02
7.667888307155322991e+00 5.448199270188799209e-02 2.443280977312390842e-02
7.560764715214976839e+00 5.086466761859431696e-02 2.018086625416468452e-02
7.779866730128509822e+00 5.821037601142313445e-02 2.833571315246707911e-02
8.090782167221957977e+00 7.672536887196572397e-02 4.163096937966048044e-02
8.103680786926860335e+00 7.769316198635570214e-02 3.771220053942567207e-02
8.238616531810249555e+00 8.622877994605743224e-02 3.625257813739489465e-02
8.071188323020784594e+00 7.847056957004601430e-02 3.325400602887514101e-02
7.901189909566872949e+00 7.280660003173092254e-02 2.522608281770585478e-02
7.679200380771061596e+00 6.325559257496429777e-02 2.379819133745835272e-02
7.743756941139140260e+00 6.314453434872283055e-02 2.533714104394732547e-02
8.042820878946534080e+00 6.836427098207202568e-02 3.360304616849119769e-02
8.029906393780740004e+00 7.147390131683326042e-02 2.479771537363160278e-02
7.917452006980802537e+00 6.377915278438839319e-02 2.417896239885768822e-02
7.840726638108836966e+00 6.214501031254957703e-02 2.402030778994129756e-02
8.046517531334284712e+00 6.930033317467872156e-02 3.342852609868316588e-02
8.347913691892749455e+00 8.640330001586546405e-02 4.010788513406314537e-02
8.346279549420911437e+00 8.751388227828017785e-02 4.002855782960494657e-02
8.136760272885927847e+00 7.639219419324130844e-02 3.014437569411391321e-02
8.052244962716166299e+00 7.291765825797238976e-02 2.622560685387910484e-02
8.187926384261462687e+00 7.750277645565603613e-02 3.111216880850388791e-02
8.179692210058702173e+00 7.510709186101856283e-02 2.973187371093130235e-02
8.098937014120259903e+00 6.630176106615896792e-02 2.843090591781691212e-02
8.139346343011265361e+00 7.041091543709344924e-02 3.158813263525305642e-02
8.261589719181342772e+00 7.382198952879581721e-02 3.644296366809456067e-02
8.330747263207996411e+00 7.713787085514833830e-02 3.833095351419958663e-02
8.472806600031731250e+00 8.603839441535776622e-02 4.345549738219895569e-02
8.559685863874346268e+00 9.614469300333174095e-02 3.948913215928923082e-02
8.262890686974456500e+00 8.384896081231159315e-02 3.390448992543233092e-02
7.904712041884816465e+00 6.838013644296367377e-02 1.824528002538473859e-02
8.016325559257495570e+00 7.602728859273362449e-02 2.822465492622560843e-02
8.308027923211168897e+00 9.167063303188957568e-02 3.690306203395208456e-02
8.329842931937172068e+00 9.247977153736315625e-02 3.541170871013803179e-02
8.262033952086307309e+00 8.797398064413770868e-02 3.485641757893066794e-02
8.405473584007616239e+00 9.449468507060129752e-02 3.590353799777883798e-02
8.637997778835474705e+00 1.176106615897191815e-01 4.585118197683642899e-02
8.796557194986514006e+00 1.228303982230683766e-01 5.249881009043312619e-02
8.961177217198159184e+00 1.302871648421386752e-01 6.276376328732349852e-02
9.116039980961446076e+00 1.421862605108678290e-01 6.631762652705061600e-02
9.104410598127875787e+00 1.382198952879581111e-01 6.408059654132952643e-02
8.998603839441535968e+00 1.307948595906711087e-01 6.132000634618435531e-02
8.943503093764874734e+00 1.266698397588449931e-01 6.482627320323655629e-02
8.994256703157226696e+00 1.298429319371727786e-01 5.422814532762176842e-02
8.995922576550848149e+00 1.359194034586704847e-01 5.711565920990004791e-02
8.889227352054577480e+00 1.264953196890369613e-01 5.419641440583849307e-02
8.872679676344597866e+00 1.190702839917499589e-01 5.868633983817229949e-02
8.888973504680311777e+00 1.233856893542757405e-01 5.900364905600507387e-02
8.894272568618118768e+00 1.213549103601459650e-01 5.798825955894018613e-02
8.911058226241472369e+00 1.256227193399968300e-01 6.100269712835158092e-02
8.921926066952245549e+00 1.211327939076630167e-01 5.600507694748532717e-02
8.878391242265587735e+00 1.188798984610502929e-01 5.644930985245121685e-02
8.712835157861336555e+00 1.106298587973980618e-01 5.846422338568935118e-02
8.550547358400761411e+00 1.024591464382040296e-01 4.973821989528795506e-02
8.462192606695223773e+00 9.503411074091702715e-02 4.307472632079961672e-02
8.586784071077264713e+00 1.001110582262414728e-01 4.767570997937490423e-02
8.647881960970966730e+00 1.070759955576709443e-01 4.620022211645248567e-02
8.662081548468982817e+00 1.104712041884816781e-01 4.734253530065048177e-02
8.830636204981754389e+00 1.134380453752181495e-01 5.589401872124385301e-02
8.835871807075996287e+00 1.197842297318737065e-01 5.698873552276693955e-02
8.661462795494209388e+00 1.077106139933365070e-01 4.994447088687926223e-02
8.598429319371728496e+00 1.052197366333492007e-01 4.845311756306520945e-02
8.557988259558939603e+00 1.032524194827859759e-01 3.887037918451530932e-02
8.415833729969856236e+00 9.098841821354911041e-02 3.417420276059019574e-02
8.378089798508646879e+00 8.670474377280659728e-02 3.350785340314136468e-02
8.399190861494526317e+00 8.791051880057115797e-02 3.482468665714739259e-02
8.385260986831667651e+00 9.265429160717118806e-02 3.333333333333333287e-02
8.269109947643979552e+00 8.499127399650960313e-02 2.771696017769316109e-02
8.318721243852133185e+00 8.967158495954306863e-02 3.068380136442963591e-02
8.263445978105664835e+00 8.854513723623670673e-02 3.196890369665238846e-02
7.986593685546565347e+00 7.464699349516103200e-02 3.453910836109788662e-02
7.898016817388545441e+00 6.714263049341583078e-02 3.041408852927177456e-02
8.172838330953513974e+00 7.177534507377439366e-02 3.691892749484372571e-02
8.080533079485958226e+00 7.642392511502459074e-02 3.982230683801364635e-02
7.775043630017451690e+00 6.209741392987466052e-02 2.717753450737743839e-02
7.693273044581944831e+00 5.819451055053149330e-02 2.744724734253529974e-02
7.942503569728700974e+00 7.293352371886403784e-02 3.303188957639219270e-02
7.841964144058384711e+00 6.607964461367603348e-02 2.611454862763763415e-02
7.646707916864984966e+00 6.314453434872283055e-02 2.276693637950182383e-02
7.797080755195938018e+00 7.025226082817705164e-02 2.681262890686974404e-02
8.075218150087259517e+00 8.714897667777249390e-02 3.729969855624305775e-02
8.128335713152466724e+00 8.472156116135173831e-02 3.434872283039822061e-02
8.076471521497699868e+00 8.502300491829287155e-02 3.647469458987783603e-02
8.156607964461366933e+00 8.500713945740123734e-02 3.668094558146914319e-02
8.184515310169761193e+00 8.618118356338251573e-02 3.495161034428050095e-02
8.041694431223227468e+00 7.548786292241789486e-02 3.587180707599555568e-02
8.054957956528637553e+00 7.253688719657305772e-02 3.090591781691258075e-02
8.167793114389972686e+00 8.335713152467079390e-02 3.169919086149452364e-02
8.143645882912899481e+00 8.326193875932096089e-02 3.288910042836744319e-02
8.117753450737744458e+00 7.851816595272093080e-02 3.128668887831191625e-02
8.016722195779786730e+00 7.290179279708075555e-02 2.779628748215135642e-02
7.910978898937013781e+00 7.150563223861652884e-02 2.792321116928446825e-02
7.898651435824210587e+00 7.109313025543391451e-02 3.093764873869585957e-02
7.826669839758844560e+00 6.527050610820243903e-02 2.594002855782960582e-02
7.630699666825321081e+00 5.578296049500237885e-02 2.024432809773123870e-02
7.482976360463271526e+00 4.924639060764714887e-02 2.067269554180549071e-02
7.779581151832460684e+00 6.049500237981913359e-02 3.068380136442963591e-02
8.116357290179280426e+00 7.874028240520386523e-02 4.061557988259559271e-02
8.166508012057750676e+00 8.053307948595907206e-02 3.584007615421228032e-02
8.015024591464381842e+00 7.634459781056639194e-02 3.452324290020625241e-02
8.179993653815643029e+00 8.315088053307947979e-02 3.614151991115342050e-02
8.173742662224338318e+00 8.891004283674440456e-02 3.934634301126447437e-02
7.913453910836110161e+00 7.607488497540854100e-02 2.513089005235602177e-02
7.911835633825162972e+00 7.214025067428209148e-02 2.570204664445501982e-02
8.024353482468665533e+00 7.723306362049817131e-02 2.747897826431857857e-02
8.052705061082024329e+00 8.077106139933365458e-02 2.960495002379819052e-02
8.052911312073614880e+00 7.778835475170553515e-02 2.827225130890052493e-02
8.308218308741869507e+00 8.340472790734571040e-02 3.585594161510392147e-02
8.334110740917022753e+00 8.694272568618117980e-02 2.995399016341424719e-02
8.350214183722037831e+00 8.586387434554973441e-02 3.355544978581628118e-02
8.367904172616213998e+00 8.472156116135173831e-02 3.582421069332063918e-02
8.270950341107409898e+00 7.536093923528477956e-02 3.109630334761224676e-02
8.213644296366808817e+00 7.344121846739647130e-02 3.268284943677613602e-02
8.279755671902268688e+00 7.114072663810883101e-02 3.238140567983499585e-02
8.308979850864668393e+00 7.418689512930350116e-02 3.314294780263366685e-02
8.334840552118038204e+00 7.789941297794701625e-02 3.033476122481357923e-02
8.404283674440742757e+00 8.264318578454704634e-02 3.457083928288116892e-02
8.544661272409962649e+00 8.971918134221798513e-02 3.920355386323972485e-02
8.673821989528795129e+00 1.000475963826749221e-01 4.320165000793273202e-02
8.676582579723941535e+00 1.002697128351578565e-01 4.589877835951134549e-02
8.618261145486275865e+00 9.249563699825480434e-02 3.782325876566713929e-02
8.730652070442646462e+00 1.016976043154053655e-01 3.688719657306045036e-02
9.110677455180072215e+00 1.206092336982389351e-01 5.589401872124385301e-02
9.580913850547357669e+00 1.544978581627796388e-01 6.941139140092020265e-02
9.305314929398699419e+00 1.377756623829922145e-01 5.833729969855624281e-02
8.837141043947326580e+00 1.107885134063144594e-01 4.507377439314612377e-02
8.807139457401238047e+00 1.035697287006187572e-01 4.036173250832936904e-02
8.763763287323497408e+00 1.002379819133745881e-01 3.956845946374742268e-02
8.498318261145486829e+00 8.618118356338251573e-02 3.276217674123433482e-02
8.316230366492145976e+00 7.712200539425670409e-02 3.033476122481357923e-02
8.366317626527051132e+00 7.440901158178644947e-02 3.566555608440424852e-02
8.137410756782484711e+00 6.958591147072822058e-02 3.000158654608916370e-02
7.885863874345549362e+00 5.741710296684118808e-02 1.656354117087101285e-02
7.967364746945898801e+00 6.274789782643186431e-02 2.035538632397271286e-02
8.098524512137077025e+00 6.884023480882119073e-02 2.589243217515468931e-02
8.065714739013168710e+00 6.922100587022053664e-02 2.711407266381088421e-02
7.961859432016500371e+00 6.474694589877835749e-02 2.609868316674599301e-02
7.915183246073298484e+00 6.041567507536094173e-02 2.408376963350785174e-02
7.848310328415040615e+00 5.571949865143582120e-02 2.205299063937807280e-02
7.724385213390449145e+00 5.351419958749801392e-02 2.016500079327304337e-02
7.842693955259400163e+00 5.306996668253212424e-02 2.171981596065365727e-02
8.040488656195462269e+00 6.252578137394891600e-02 2.660637791527844034e-02
7.995938442011740754e+00 6.314453434872283055e-02 2.700301443756941006e-02
7.937950182452800263e+00 6.038394415357765943e-02 2.489290813898143578e-02
8.190766301761065904e+00 7.628113596699984122e-02 3.317467872441694221e-02
8.374186895129303920e+00 8.689512930350626330e-02 3.160399809614469063e-02
8.186403300015864914e+00 7.231477074409010941e-02 2.471838806917341091e-02
8.050356972870062577e+00 6.349357448833888029e-02 2.329049658892590885e-02
8.147977153736315259e+00 6.841186736474694219e-02 2.955735364112327401e-02
8.341551642075202722e+00 7.006187529747738563e-02 2.912898619704902548e-02
8.412390924956369531e+00 7.880374424877042983e-02 2.809773123909249659e-02
8.411359669998413224e+00 8.078692686022528879e-02 2.906552435348246782e-02
8.411629382833570645e+00 8.413453910836109217e-02 3.058860859907980290e-02
8.372695541805489583e+00 8.545137236236712008e-02 3.207996192289386261e-02
8.212771696017769685e+00 7.202919244804061039e-02 2.240203077899412948e-02
8.163192130731397711e+00 7.399650959860383514e-02 2.335395843249246303e-02
8.355830556877677395e+00 8.402348088211962496e-02 2.795494209106774708e-02
8.320736157385372422e+00 7.521815008726003005e-02 3.019197207678882972e-02
8.286498492781214864e+00 7.277486910994764024e-02 2.657464699349516152e-02
8.575932095827383250e+00 8.210376011423131670e-02 3.622084721561161236e-02
8.715040456925272849e+00 9.351102649531968514e-02 3.355544978581628118e-02
8.364635887672536185e+00 7.716960177693162060e-02 2.752657464699349507e-02
8.112597175947961148e+00 6.814215452958909125e-02 2.152943042995399126e-02
8.310439473266697519e+00 7.735998730763128661e-02 2.519435189592257596e-02
8.287878787878787179e+00 8.137394891321593493e-02 2.271933999682690733e-02
8.099666825321275354e+00 6.776138346818974534e-02 1.770585435506901589e-02
8.219133745835316418e+00 7.102966841186736380e-02 2.173568142154529495e-02
8.483706171664286089e+00 8.933841028081865310e-02 3.196890369665238846e-02
8.549420910677454799e+00 8.538791051880056937e-02 3.085832143423766424e-02
8.397112486117721986e+00 7.182294145644931016e-02 2.503569728700618877e-02
8.469570046009836872e+00 7.728066000317308781e-02 2.766936379501824458e-02
8.644645406949072353e+00 8.454704109154370650e-02 3.458670474377281007e-02
8.559574805648104245e+00 7.899412977947009584e-02 2.938283357131524567e-02
8.554957956528637553e+00 8.004125019831825893e-02 2.839917499603363329e-02
8.976550848802157034e+00 1.066000317309217793e-01 3.923528478502300715e-02
9.176646041567508405e+00 1.198318261145486230e-01 4.448675234015548458e-02
9.084261462795494069e+00 1.196573060447406051e-01 4.013961605584642073e-02
9.179819133745835913e+00 1.228462636839600247e-01 4.786609551007457025e-02
9.276106615897191432e+00 1.286688878311914863e-01 5.162620974139298796e-02
9.099492305251468238e+00 1.206726955418054859e-01 4.910360145962239936e-02
8.989290813898143995e+00 1.055053149293986997e-01 4.207520228462637013e-02
9.046374742186261031e+00 1.137553545930509308e-01 3.779152784388386394e-02
8.903775979692209575e+00 1.051880057115659184e-01 3.544343963192130714e-02
8.335078534031413966e+00 7.924797715373631257e-02 2.605108678407107650e-02
8.147199746152626432e+00 6.734888148500714489e-02 1.868951293035062827e-02
8.474155164207520130e+00 8.489608123115977012e-02 2.647945422814532851e-02
8.442868475329207811e+00 8.361097889893701063e-02 2.460732984293193676e-02
8.329097255275264899e+00 7.590036490560050919e-02 2.494050452165635576e-02
8.674551800729810580e+00 9.617642392511502325e-02 3.534824686657147413e-02
9.226431857845470930e+00 1.396160558464223378e-01 4.786609551007457025e-02
9.161034428050134792e+00 1.315881326352530412e-01 4.393146120894812073e-02
8.861526257337775547e+00 1.143423766460415630e-01 3.799777883547517110e-02
9.170823417420276513e+00 1.356972870061875225e-01 4.515310169760431563e-02
9.422211645248294687e+00 1.527843883864826169e-01 5.521180390290338080e-02
9.062129144851658324e+00 1.289861970490242815e-01 4.743772806600031477e-02
8.880501348564175501e+00 1.113596699984134575e-01 3.806124067904172875e-02
9.227621767412342635e+00 1.330636204981754667e-01 5.272092654291607450e-02
9.804236078058067960e+00 1.816595272092654256e-01 7.134697762970014512e-02
9.792336982389338473e+00 1.784388386482627376e-01 7.036331905441853274e-02
9.774186895129304276e+00 1.733460257020466577e-01 7.361573853720450311e-02
9.658829128986196721e+00 1.743772806600031866e-01 6.617483737902586649e-02
9.526336665080121335e+00 1.595748056481040844e-01 6.084404251943519026e-02
9.362462319530381549e+00 1.515468824369347878e-01 5.598921148659368602e-02
9.445137236236712752e+00 1.596382674916706212e-01 5.824210693320640980e-02
9.609820720291924800e+00 1.733460257020466577e-01 6.696811042360779898e-02
9.410931302554338629e+00 1.607012533714104463e-01 5.873393622084721599e-02
8.984848484848484418e+00 1.362525781373948863e-01 4.843725210217356830e-02
9.090433127082341969e+00 1.457083928288116781e-01 4.746945898778359707e-02
9.379961922893860660e+00 1.601935586228779851e-01 5.784547041091543662e-02
9.426241472314771386e+00 1.625575122957322038e-01 6.144693003331747061e-02
9.408837061716642580e+00 1.667301285102332220e-01 6.930033317467872156e-02
9.822481358083452463e+00 2.105505314929398686e-01 7.832778042202126478e-02
1.005410122164048836e+01 2.353006504838965618e-01 9.939711248611772521e-02
9.891972076788830393e+00 2.201808662541646922e-01 9.519276534983341087e-02
9.720514040932888733e+00 2.096620656830081031e-01 8.664128192924004657e-02
9.749516103442804393e+00 2.154053625257813798e-01 9.227352054577185603e-02
9.648881485007139602e+00 2.092971600825004053e-01 8.852927177534507253e-02
9.401507218784706410e+00 1.802633666508011989e-01 8.361097889893701063e-02
9.454783436458829016e+00 1.894177375852768574e-01 8.180231635729018347e-02
9.690734570839282469e+00 2.172774869109947715e-01 8.808503887037918978e-02
9.695589401872124924e+00 2.093288910042836737e-01 8.296049500237981378e-02
9.423972711407266445e+00 1.813739489132159266e-01 7.095034110740916500e-02
9.313025543392035033e+00 1.706171664286847411e-01 6.891956211327938953e-02
9.034967475805173009e+00 1.476915754402665371e-01 5.882912898619704900e-02
8.418768840234807982e+00 1.109630334761224774e-01 3.942567031572267316e-02
8.087720133269870715e+00 9.125813104870696135e-02 3.154053625257813992e-02
8.376439790575915367e+00 1.044899254323338050e-01 3.430112644772330410e-02
8.732730445819450793e+00 1.262573377756623927e-01 4.791369189274948676e-02
8.800079327304457522e+00 1.281770585435506871e-01 4.635887672536886939e-02
8.766999841345391786e+00 1.245914643820403012e-01 4.351895922576550640e-02
8.903807710613993009e+00 1.330636204981754667e-01 5.600507694748532717e-02
8.923465016658733262e+00 1.366809455814691487e-01 4.923052514675551466e-02
8.727605901951450917e+00 1.212914485165794004e-01 4.229731873710931150e-02
8.624877042678090078e+00 1.194669205140409390e-01 3.906076471521497534e-02
8.532317943836268626e+00 1.243376170077740706e-01 4.535935268919562280e-02
8.218546723782326424e+00 1.025067428208789461e-01 3.729969855624305775e-02
8.028050134856417941e+00 8.889417737585277035e-02 3.104870696493733026e-02
8.119673171505631615e+00 9.727114072663810285e-02 2.819292400444232960e-02
8.260034904013961565e+00 1.040615579882595565e-01 3.290496588925908433e-02
8.211581786450896203e+00 9.650959860383943878e-02 3.168332540060288943e-02
8.110566396953831969e+00 8.944946850706013419e-02 2.733618911629382905e-02
8.182008567348882266e+00 9.703315881326352033e-02 3.547517055370458250e-02
8.350150721878470961e+00 1.035855941615103915e-01 3.761700777407583907e-02
8.401808662541647266e+00 1.024908773599873119e-01 3.366650801205774840e-02
8.377359987307631428e+00 1.037918451531016917e-01 3.033476122481357923e-02
8.393749008408693868e+00 1.063461843566555626e-01 3.293669681104235969e-02
8.367983499920672585e+00 1.026971283515786121e-01 2.897033158813263481e-02
8.303125495795653066e+00 8.922735205457718588e-02 3.704585118197683408e-02
8.046723782325877039e+00 7.264794542281453882e-02 2.724099635094399605e-02
7.871981596065365849e+00 6.136760272885927181e-02 1.745200698080279222e-02
7.841868951293035295e+00 5.502141837220371479e-02 1.356496906235126094e-02
7.910487069649373204e+00 5.798825955894018613e-02 1.676979216246232002e-02
8.129446295414881618e+00 5.770268126289068711e-02 2.360780580675868670e-02
8.206885610026970923e+00 6.333491987942249657e-02 1.959384420117404532e-02
8.243376170077739928e+00 7.248929081389814122e-02 2.314770744090115934e-02
7.988370617166428822e+00 5.554497858162779633e-02 1.949865143582421231e-02
7.559907980326828536e+00 4.028240520387117024e-02 1.426304934158337256e-02
7.477106139933365370e+00 3.504680310963033396e-02 8.472156116135174178e-03
7.766190702839917748e+00 4.905600507694748286e-02 1.110582262414723173e-02
7.916436617483737948e+00 5.762335395843249525e-02 1.445343487228304032e-02
7.715754402665397471e+00 4.834205933682373529e-02 1.164524829446295442e-02
7.591289861970490271e+00 4.031413612565445254e-02 9.804854831032841500e-03
7.823211169284467914e+00 5.026178010471204355e-02 1.400920196731715063e-02
8.160304616849119341e+00 6.565127716960177107e-02 2.203712517848643512e-02
8.145708392828812094e+00 6.520704426463588832e-02 1.673806124067904119e-02
7.967174361415199080e+00 5.862287799460574184e-02 1.477074409011581817e-02
7.933269871489766700e+00 5.535459305092813032e-02 1.148659368554656550e-02
7.913739489132159299e+00 5.616373155640171089e-02 1.353323814056798385e-02
7.724416944312232580e+00 4.988100904331271152e-02 1.072505156274789796e-02
7.768316674599397231e+00 5.213390448992543530e-02 1.129620815484689775e-02
8.064556560368078664e+00 6.511185149928605531e-02 1.702363953672854369e-02
8.312549579565287061e+00 7.728066000317308781e-02 2.652705061082024501e-02
8.229335237188641017e+00 7.298112010153895435e-02 2.440107885134063306e-02
8.057750277645565617e+00 6.882436934792955652e-02 2.363953672854196553e-02
8.053894970648897811e+00 6.795176899888941136e-02 2.438521339044899192e-02
8.206679359035380372e+00 7.564651753133427858e-02 2.792321116928446825e-02
8.229573219102015003e+00 7.329842931937172179e-02 2.598762494050452232e-02
8.296811042360779709e+00 7.745518007298111962e-02 2.160875773441218312e-02
8.556354117087101585e+00 8.196097096620656719e-02 2.971600825003966467e-02
8.756639695383150013e+00 9.246390607647152204e-02 3.609392352847850399e-02
8.940853561795970350e+00 1.042202125971759541e-01 3.691892749484372571e-02
9.143709344756464574e+00 1.171981596065365672e-01 4.132952562271934027e-02
9.054228145327622101e+00 1.060288751388227813e-01 3.785498968745042159e-02
8.766555608440425473e+00 9.322544819927018611e-02 2.762176741234332808e-02
8.600967793114390858e+00 8.468983023956845602e-02 2.449627161669046607e-02
8.539282881167697070e+00 7.888307155322861475e-02 2.659051245438679920e-02
8.437521815008725667e+00 7.401237505949548323e-02 2.384578772013326922e-02
8.289465333967951821e+00 6.803109630334761015e-02 2.346501665873393719e-02
8.304838965571949672e+00 7.285419641440583904e-02 2.213231794383626813e-02
8.244232904965889119e+00 7.253688719657305772e-02 2.267174361415199083e-02
8.018752974773917686e+00 6.500079327304458809e-02 1.856258924321751644e-02
8.086244645406949871e+00 6.601618277010946889e-02 2.008567348881485151e-02
8.396128827542440831e+00 7.951768998889417739e-02 2.743138188164366206e-02
8.478010471204187937e+00 8.537204505790893516e-02 2.916071711883230083e-02
8.334935744883388509e+00 8.046961764239250747e-02 2.359194034586704902e-02
8.425289544661271890e+00 8.959225765508488371e-02 2.741551642075202438e-02
8.698905283198476113e+00 1.071711883230207774e-01 3.392035538632397207e-02
8.531175630652070296e+00 1.047596382674916698e-01 2.885927336189116413e-02
7.574726320799618939e+00 5.232429002062510132e-02 1.224813580834523304e-02
6.801792797080755015e+00 3.114389973028716327e-02 6.092336982389338559e-03
6.779279708075519828e+00 2.944629541488180333e-02 6.187529747739171568e-03
7.241186736474694463e+00 4.883388862446454148e-02 1.221640488656195421e-02
7.642027605901951404e+00 7.486910994764398031e-02 1.926066952244962632e-02
7.692035538632397085e+00 7.986673012851022713e-02 2.137077582103760059e-02
7.645168967158496365e+00 7.680469617642392277e-02 2.006980802792321036e-02
7.704569252736791718e+00 7.515468824369347933e-02 1.908614945264159798e-02
7.799095668729176367e+00 7.650325241948278954e-02 2.416309693796604707e-02
8.024512137077582707e+00 8.764080596541329315e-02 3.135015072187847390e-02
8.174409011581786899e+00 9.950817071235919242e-02 3.314294780263366685e-02
8.191321592892274239e+00 1.015389497064889679e-01 3.417420276059019574e-02
8.004775503728383867e+00 8.462636839600190530e-02 2.700301443756941006e-02
7.939600190385530887e+00 9.090909090909091161e-02 2.924004442329049616e-02
8.438505473584006822e+00 1.155322862129144895e-01 3.702998572108519987e-02
8.698127875614787285e+00 1.445343487228303858e-01 4.989687450420434572e-02
8.727748691099476375e+00 1.471997461526257378e-01 5.159447881960971261e-02
8.779470093606219550e+00 1.598127875614786531e-01 6.290655243534824803e-02
9.075598921148658960e+00 1.772647945422814453e-01 6.833254006028875727e-02
9.373266698397587859e+00 1.996668253212755817e-01 7.989846105029350942e-02
9.543947326669838915e+00 2.188164366174837339e-01 9.328891004283675070e-02
9.961161351737267466e+00 2.623671267650325434e-01 1.131366016182770162e-01
1.030128510233222272e+01 3.043471362843090389e-01 1.362049817547199837e-01
1.029414564493098538e+01 3.146120894811994528e-01 1.399016341424718368e-01
1.006649214659685931e+01 2.944946850706012809e-01 1.236236712676503230e-01
9.956750753609393101e+00 2.739647786768205640e-01 1.179279708075519628e-01
1.004380453752181523e+01 2.913850547358400878e-01 1.263207996192289295e-01
9.917515468824369407e+00 2.801999048072346676e-01 1.202601935586228715e-01
9.810249087735998685e+00 2.692051404093289135e-01 1.146120894811994279e-01
9.597985086466762183e+00 2.504838965571949960e-01 1.041884816753926718e-01
9.363731556401713618e+00 2.184673964778676702e-01 9.600190385530699144e-02
9.092686022528955192e+00 1.874345549738219985e-01 7.194986514358242546e-02
8.698016817388545263e+00 1.588132635253054203e-01 5.397429795335554475e-02
8.685895605267333508e+00 1.621450103125495756e-01 5.254640647310804269e-02
8.770315722671742975e+00 1.672219577978740213e-01 5.627478978264318504e-02
8.751546882436935348e+00 1.729969855624305941e-01 6.049500237981913359e-02
8.800904331270823278e+00 1.756306520704426499e-01 5.940028557829604705e-02
9.052276693637949734e+00 1.883071553228621298e-01 6.934792955735363806e-02
9.066539742979532690e+00 1.899412977947009251e-01 6.799936538156432786e-02
8.930287164842138026e+00 1.883864826273203286e-01 6.357290179279707909e-02
9.120022211645247623e+00 2.078058067586863455e-01 7.115659209900047910e-02
9.202379819133746253e+00 2.139616055846422227e-01 8.954466127240996720e-02
9.038902110106299403e+00 2.028716484213866356e-01 8.191337458353165069e-02
8.937569411391400820e+00 1.936538156433444402e-01 7.242582897033159051e-02
9.400713945740124089e+00 2.362843090591781603e-01 9.412977947009359969e-02
9.766745993971124307e+00 2.665714739013168577e-01 1.205457718546723844e-01
9.582738378549896296e+00 2.499603363477709006e-01 1.086784071077264852e-01
9.404648580041250483e+00 2.411708710138029399e-01 9.539901634142472497e-02
9.418213549103601423e+00 2.341900682214818341e-01 1.009043312708234191e-01
9.118610185625891873e+00 2.139140092019673201e-01 8.175471997461526696e-02
9.045391083610978100e+00 1.970648897350467943e-01 8.138981437410756914e-02
9.260986831667459285e+00 2.141519911153418887e-01 9.178169125813104290e-02
9.415532286212913604e+00 2.359987307631286613e-01 1.024591464382040296e-01
9.290337934316992730e+00 2.250198318261145414e-01 9.054418530858321379e-02
9.041599238457877163e+00 2.011581786450896414e-01 7.832778042202126478e-02
8.968713311121687681e+00 2.015230842455973392e-01 7.306044740599713927e-02
9.122544819927018267e+00 2.132317943836268548e-01 8.602252895446613201e-02
9.422513089005235543e+00 2.349040139616055956e-01 9.287640805965413637e-02
9.798683166745993489e+00 2.816436617483737970e-01 1.264794542281453271e-01
9.850991591305726658e+00 2.833888624464540595e-01 1.267333016024115577e-01
9.672870061875297409e+00 2.646517531334285356e-01 1.178962398857686805e-01
9.446739647786767335e+00 2.445978105663969560e-01 1.059654132952562305e-01
9.329890528319847220e+00 2.362684435982865261e-01 1.012375059495478347e-01
9.421116928446771510e+00 2.420117404410598028e-01 1.049182928764080536e-01
9.548770426780897935e+00 2.530382357607488530e-01 1.093923528478502327e-01
9.561129620815485453e+00 2.607488497540853545e-01 1.060923369823893320e-01
9.075662382992225830e+00 2.154370934475646482e-01 9.011581786450896525e-02
8.367951768998889150e+00 1.519435189592257540e-01 6.365222909725527789e-02
8.070395049976202273e+00 1.241313660161827703e-01 5.424401078851340957e-02
8.376027288592734266e+00 1.466920514040932766e-01 7.052197366333491646e-02
8.549246390607647683e+00 1.621767412343328441e-01 7.532920831350151114e-02
8.248944946850706117e+00 1.451531016976043142e-01 6.014596224020307691e-02
7.914516896715849903e+00 1.118673647469459048e-01 3.774393146120894743e-02
7.749087735998730686e+00 9.957163255592574314e-02 3.549103601459622365e-02
7.866920514040932844e+00 1.051880057115659184e-01 3.236554021894336164e-02
7.913104870696494153e+00 1.132793907663017657e-01 3.736316039980961540e-02
8.029002062509915660e+00 1.235602094240837723e-01 4.039346343011264440e-02
8.231572267174360746e+00 1.376011423131842104e-01 4.980168173885451272e-02
8.305140409328890527e+00 1.458194510550531453e-01 5.156274789782643031e-02
8.324813580834522497e+00 1.413136601618276977e-01 4.948437252102173833e-02
8.432048231001109784e+00 1.518641916547675830e-01 5.789306679359035313e-02
8.625828970331587797e+00 1.659527209265429237e-01 6.734888148500714489e-02
8.644090115817864017e+00 1.734570839282881249e-01 6.741234332857369560e-02
8.407583690306204005e+00 1.599397112486117822e-01 6.035221323179438407e-02
8.239330477550373288e+00 1.484848484848484973e-01 5.532286212914485496e-02
8.402490877359987564e+00 1.521815008726003504e-01 6.105029351102649743e-02
8.456258924321751635e+00 1.540536252578137422e-01 6.049500237981913359e-02
8.337696335078534915e+00 1.485483103284150341e-01 5.976519117880374488e-02
8.203728383309535133e+00 1.375376804696176458e-01 5.341900682214818091e-02
8.267888307155322636e+00 1.436300174520069861e-01 5.673488814850071588e-02
8.169062351261304755e+00 1.337775662382992281e-01 5.486276376328732413e-02
7.873742662224337607e+00 1.155640171346977579e-01 3.157226717436141528e-02
7.831032841504045550e+00 1.144217039504997618e-01 3.380929716008249791e-02
7.984927812152943005e+00 1.246231953038235696e-01 4.259876249405045168e-02
8.085768681580200123e+00 1.293193717277486832e-01 4.946850706013009719e-02
8.001602411550056360e+00 1.274631128034269534e-01 4.659685863874345885e-02
8.071204188481674535e+00 1.354593050928129538e-01 4.732666983975884756e-02
8.263699825479930539e+00 1.520545771854672490e-01 5.689354275741709960e-02
8.259622402030778687e+00 1.497382198952879606e-01 5.771854672378232826e-02
8.112739965095986605e+00 1.458035855941615111e-01 5.268919562113279220e-02
8.137109313025543855e+00 1.446295414881802188e-01 5.348246866571473856e-02
8.018911629382833084e+00 1.358559416151039201e-01 4.518483261938759099e-02
7.748468983023957257e+00 1.140092019673171475e-01 3.639536728541964417e-02
7.616182770109471534e+00 1.081865778200856720e-01 3.087418689512930192e-02
7.521259717594795724e+00 1.014437569411391349e-01 3.052514675551324871e-02
7.115278438838648079e+00 7.989846105029350942e-02 2.494050452165635576e-02
6.917325083293669685e+00 7.014120260193558443e-02 1.943518959225765466e-02
7.098968745042043338e+00 8.418213549103600868e-02 2.806600031730921777e-02
7.201665873393622519e+00 9.140092019673171087e-02 2.970014278914802353e-02
7.121910201491353121e+00 8.852927177534507253e-02 2.140250674282087942e-02
7.112882754244011174e+00 8.635570363319054754e-02 2.095827383785498974e-02
7.191448516579406203e+00 8.714897667777249390e-02 2.244962716166904598e-02
7.196398540377598074e+00 8.657782008567348198e-02 2.351261304140885369e-02
7.059098841821354497e+00 7.772489290813898444e-02 1.949865143582421231e-02
6.986197049024274186e+00 7.161669046485800993e-02 1.703950499762018136e-02
7.111581786450896558e+00 7.693161986355703807e-02 1.941932413136601698e-02
7.309344756465175230e+00 8.246866571473901453e-02 2.362367126765032438e-02
7.433301602411550135e+00 9.524036173250832737e-02 2.501983182611454762e-02
7.480929716008249741e+00 9.977788354751705724e-02 3.610978898937013820e-02
7.441297794700935775e+00 9.657306044740600337e-02 3.485641757893066794e-02
7.482230683801364357e+00 9.720767888307155213e-02 3.109630334761224676e-02
7.465683008091384742e+00 9.127399650959860944e-02 2.728859273361891255e-02
7.230572743138187874e+00 7.897826431857846163e-02 2.444867523401554957e-02
6.586863398381723300e+00 5.294304299539901587e-02 1.502459146438204010e-02
6.443296842773282407e+00 4.824686657147390229e-02 1.400920196731715063e-02
6.814850071394573661e+00 6.682532127558304946e-02 2.154529589084562893e-02
6.883309535141996172e+00 6.864984927812152471e-02 1.765825797239409939e-02
6.655671902268760931e+00 5.122957321910201478e-02 1.429478026336665139e-02
6.789893701412026417e+00 6.044740599714421708e-02 1.818181818181818094e-02
7.006647628113596760e+00 6.749167063303189440e-02 2.008567348881485151e-02
6.846374742186260853e+00 5.803585594161510264e-02 1.589719181342217832e-02
6.708392828811676978e+00 5.008726003490401174e-02 1.267650325241948331e-02
